# Steps Temp KinEng PotEng Epair Ebond Eangle Bonds
1000000 308.89212117283341286 12889.561599470036526 4569.3381697463410092 -3468.7142502157466879 -1167.34138407861019 9205.3938040406974324 15397
2000000 308.66852118055811616 12880.231138520983222 4533.8206200309532505 -3286.4935479476584987 -1170.8686602748425685 8991.1828282534534083 15400
3000000 308.51823767453851133 12873.960054296274393 4277.444317388327363 -3319.5998433671966268 -1291.594191010060058 8888.6383517655849573 15408
4000000 311.52799154192854303 12999.55214685489409 4508.6334352204994502 -3287.4291886516261911 -1138.3994306053086802 8934.4620544774334121 15358
5000000 308.64535865559292915 12879.264604343276005 4636.1327037744104018 -3251.3413775233943852 -1076.7860370906025764 8964.2601183884071361 15357
6000000 309.59821950554191972 12919.025924814990503 4676.1867869748793964 -3287.0433232653876985 -979.96920932680700389 8943.1993195670729619 15350
7000000 313.32582805368883783 13074.57291584091945 4489.8431039624811092 -3258.3847441075258757 -1059.3098497425817186 8807.537697812587794 15369
8000000 308.37115909441615713 12867.822706372824541 4377.9131891389261 -3399.9831834677438565 -1079.9927972962598233 8857.8891699029300071 15362
9000000 310.6989054553648657 12964.955744255013997 4288.103942873836786 -3316.6796093844677671 -1210.0108926845339283 8814.7944449428396183 15372
10000000 309.44028809128354851 12912.435705922889611 4272.6874297453596228 -3324.338610963197425 -1066.4787087056797645 8663.5047494142363576 15369
11000000 306.1691838784436186 12775.937892091973481 4312.5128199941636922 -3502.7105663115107745 -1141.9345294187519357 8957.1579157244268572 15398
12000000 310.11819930617730279 12940.723829071408545 4077.9798912317678514 -3571.002229203774732 -1158.9720474233056393 8807.9541678588502691 15398
13000000 309.9453492144291431 12933.511078235929745 4110.8216235255113133 -3399.7727223386973492 -1230.4234107017150563 8741.0177565659214451 15388
14000000 310.30402517637241999 12948.478037859773394 3920.9686681282714744 -3510.5437448845545987 -1307.8253071775197895 8739.3377201903458626 15387
15000000 310.40192444190290644 12952.563213644791176 4150.8330296119511331 -3520.661456524971527 -1147.3323517289661595 8818.8268378658904112 15386
16000000 311.45881976520456647 12996.665722061528868 4037.7289842281643359 -3510.4420515899009843 -1153.1646690044244679 8701.3357048224897881 15384
17000000 307.74512869091080347 12841.699484393302555 3789.4587050395248298 -3544.7701244388390478 -1243.872674926356467 8578.1015044047198899 15392
18000000 310.86897568694814709 12972.052496085088933 3646.6295034062568448 -3636.6038261887838416 -1348.2520740292754908 8631.4854036243159499 15412
19000000 307.23333323628980907 12820.343099472836911 3646.442095050487751 -3617.7132236189299874 -1314.9097297735800112 8579.0650484429970675 15422
20000000 309.99906322667686709 12935.75247587013655 3759.6502362952533076 -3632.5763493242948243 -1182.6164462998810905 8574.8430319194285403 15416
21000000 308.76986451617000284 12884.460029701844178 3821.2772247946913922 -3636.9356408721914704 -1063.2097409041130049 8521.4226065709954128 15398
22000000 309.50545525503559929 12915.155024784940906 3715.4515657280271625 -3706.4213204916304676 -1219.8148924868874019 8641.6877787065441225 15403
23000000 311.88748204948905141 13014.553096131399798 3895.647454972732703 -3570.1370540480747877 -1150.9301575277943357 8616.7146665485997801 15377
24000000 309.28641831024077646 12906.014972323348047 3842.1949467797912803 -3614.7588609671083759 -1295.134353169883525 8752.0881609167827264 15399
25000000 310.05324334028830435 12938.013323149792996 3703.7959380380943912 -3729.9181930294062113 -1294.1494669081516804 8727.8635979756527377 15411
26000000 310.4864731844335779 12956.091294001354981 3809.8317980749752678 -3598.2527130492708238 -1199.3484977111570515 8607.4330088354035979 15384
27000000 311.90377188098011629 13015.232844082405791 3725.127158696710012 -3690.77067159052649 -1202.0718802155165577 8617.9697105027535144 15409
28000000 309.61490019700318044 12919.721982711500459 3888.001846241680596 -3593.6303184719799901 -1188.5167271819755115 8670.1488918956365524 15386
29000000 309.90040022011226029 12931.635430424385049 3796.4486242962784672 -3652.1042740568791487 -1195.0644575326127779 8643.6173558857699391 15403
30000000 312.2243932991440829 13028.611850007977409 3418.6015609107439559 -3847.0996370952489087 -1369.805525126833345 8635.5067231328248454 15422
31000000 308.39291732911675581 12868.730641820980964 3646.3139124032613836 -3775.3741358062770814 -1198.8162904391583652 8620.5043386486959207 15392
32000000 311.04468539961760598 12979.384574211519066 3709.2536976289793529 -3654.6386670883048282 -1298.1028631563619911 8661.99522787364549 15399
33000000 309.85824260899670435 12929.876262455652977 3786.653746347707056 -3693.0347579396320725 -1153.8779598814012388 8633.5664641687399126 15402
34000000 309.94799784117003583 12933.621601085787916 3791.339578524303306 -3732.1952283084310693 -1144.606642042254407 8668.1414488749887823 15395
35000000 311.24391923380761682 12987.698275346854643 3753.2625129548632685 -3652.6591391504744024 -1196.8624071659962738 8602.7840592713346268 15380
36000000 310.74802092991728841 12967.00525245330391 3610.9399480530810251 -3680.228595878804299 -1203.9045882175598763 8495.0731321494458825 15399
37000000 307.60239090341696055 12835.743270626864614 3492.5870975188472585 -3815.3936074049056515 -1218.9688309162277164 8526.9495358399799443 15422
38000000 310.69293340028502826 12964.706540191360546 3642.0960827364528996 -3765.5673984192735588 -1239.3096405712208252 8646.9731217269472836 15420
39000000 309.2707813462835702 12905.36246746375582 3466.8379031294271044 -3789.8725514283291886 -1237.2022551370685051 8493.9127096948250255 15432
40000000 309.21138332652770941 12902.883885518633178 3595.8620888659734192 -3759.3610643878741939 -1222.8506635761596044 8578.0738168300085817 15407
41000000 308.197846758381786 12860.590666841415441 3458.8241281701275511 -3767.5394321418207255 -1356.2929942371492871 8582.6565545490993827 15437
42000000 308.96708012549561317 12892.689513623698076 3381.3474393919523209 -3775.851929286691302 -1327.5134757470073055 8484.7128444256504736 15425
43000000 309.37081567265499871 12909.536735835930813 3477.4992293125105789 -3853.6496512238450123 -1212.1610088233451279 8543.3098893597016286 15418
44000000 311.85682772518430284 13013.273941454626765 3560.2829940768269807 -3747.6284859276393036 -1236.7567355720927935 8544.6682155765593052 15392
45000000 308.51637679650036716 12873.882402907785945 3378.0106970263186668 -3766.4353310301708007 -1326.6458233381376886 8471.091851394627156 15426
46000000 310.54949753761871989 12958.721196892895023 3468.2729923250562933 -3758.1101610989585424 -1282.7922600358028831 8509.1754134598177188 15418
47000000 311.69439068872293319 13006.495710337710989 3715.2031322384823397 -3820.1809299832757461 -1184.3920516126020175 8719.7761138343594212 15390
48000000 311.23318638491241472 12987.250411165510741 3519.1132610033932906 -3785.9150195646207067 -1238.2886491816514081 8543.3169297496642685 15412
49000000 310.26353880432350252 12946.788607956277701 3432.2628532770381753 -3844.7707176822295878 -1219.3368250756871021 8496.3703960349557747 15418
50000000 308.75051658912400399 12883.652672438944137 3663.8073951561186732 -3751.8908737586311872 -1170.1914570758390255 8585.8897259905897954 15402
51000000 310.64081961995418624 12962.531917610489472 3442.9752661934844582 -3842.9394970824901065 -1249.9372450914447654 8535.8520083674193302 15418
52000000 314.8987149806312118 13140.206907594569202 3343.3932727270857868 -3877.7908688014531435 -1276.8643181612733315 8498.0484596898113523 15421
53000000 310.91315204004519046 12973.895902845746605 3384.0566473339886215 -3778.4944959247150109 -1214.3006664276872471 8376.851809686391789 15415
54000000 309.26735464391208552 12905.219476793961803 3379.134230159560957 -3817.1427952630219806 -1229.705817171183071 8425.9828425937648717 15409
55000000 307.88966106701485614 12847.730583399123134 3331.2892840932927356 -3920.6648833881795326 -1285.9210406910387974 8537.8752081725106109 15434
56000000 309.75063709665221268 12925.386060910401284 3400.0136372751589988 -3836.0276388046017928 -1247.0156235844435741 8483.0568996642050479 15405
57000000 309.5827968836316586 12918.382364097473328 3304.4772311469632768 -3832.3281306886105995 -1451.0478569037666148 8587.8532187393393542 15443
58000000 310.31127430443547155 12948.780532084476363 3446.0182844937908158 -3762.1408208556113095 -1254.8330553399232485 8462.9921606893258286 15410
59000000 308.46188950423925235 12871.608737566886703 3421.572175293933924 -3846.6923862662811189 -1314.0209901876530694 8582.2855517478674301 15413
60000000 311.11624550994702076 12982.370660249109278 3462.4394159447083439 -3840.6897021824534022 -1302.5225807369001814 8605.6516988640614727 15435
61000000 308.30883259515246664 12865.221923780869474 3679.5713891401528599 -3740.1076739110139897 -1125.3482377374882617 8545.0273007886553387 15414
62000000 305.93567954201211023 12766.194139105495196 3438.4392337400167889 -3810.0552348173318933 -1288.4287869652418976 8536.9232555225898977 15423
63000000 309.55115569860612368 12917.062029341383095 3390.5553106950510482 -3697.0187309314774211 -1361.1795274819919541 8448.753569108521333 15430
64000000 308.47111970245242674 12871.99389859978146 3522.1089320634005162 -3736.4170413725387334 -1148.2338508594436917 8406.7598242953845329 15408
65000000 312.2978591787524465 13031.677460671906374 3598.0482134917610892 -3639.3858120295071785 -1233.2521290968270478 8470.6861546180953155 15404
66000000 311.61184525236666332 13003.051224662163804 3495.1876000324077722 -3827.8988273393215422 -1229.0285516670908237 8552.1149790388190013 15420
67000000 307.73798908866888269 12841.401560501481072 3528.2097448994572915 -3737.2160528490967408 -1297.0627763393624718 8562.4885740879162768 15418
68000000 305.32404882814864777 12740.671792557652225 3322.6488374611058134 -3768.2801873998955671 -1363.3299713172777956 8454.2589961782796308 15435
69000000 309.80370088438587572 12927.600325742074347 3706.553632805165762 -3734.601586967377898 -1225.5795941559827043 8666.7348139285277284 15401
70000000 310.14939962347676783 12942.025767140361495 3412.309857108117285 -3880.6031443791353013 -1258.3360540970465991 8551.24905558429964 15423
71000000 308.14205685108839816 12858.26264551164968 3523.7264517691646688 -3816.9530356095692696 -1310.8999266214373165 8651.5794140001708001 15433
72000000 314.53392506738532575 13124.984822810420155 3540.6848634882030638 -3808.841603628525263 -1180.3305408974401871 8529.8570080141689687 15386
73000000 309.3118635790435178 12907.076761657444877 3377.447896850005236 -3764.7758758126192333 -1244.745612201865697 8386.9693848644910759 15410
74000000 306.80839260472612295 12802.61102386708626 3445.9845527441434569 -3795.6860571272991365 -1203.6884176456910609 8445.3590275171336543 15396
75000000 310.1817920496981742 12943.37744995943649 3516.470931051799198 -3844.083111658085727 -1237.8663215217559355 8598.4203642316406331 15427
76000000 307.31477184325365215 12823.741398973161267 3701.1819763377029631 -3741.5945754994390882 -1237.8631830835811343 8680.6397349207236402 15409
77000000 309.87990973613051437 12930.780396134474358 3521.4683632642054363 -3850.3322195387572719 -1288.7959142911777235 8660.5964970941422507 15437
78000000 310.76606384277209827 12967.758153614371622 3335.9070068772361992 -3750.9961097604018505 -1334.7973476560182462 8421.7004642936572054 15426
79000000 311.87083637685373105 13013.85849951306227 3490.6549672563955937 -3822.0729946618694157 -1183.1620912765595222 8495.8900531948238495 15398
80000000 311.11398607586261278 12982.27637777048767 3536.6544726942056514 -3784.1399204710842241 -1244.9436378075920402 8565.7380309728814609 15412
81000000 310.03262337508266455 12937.152885820774827 3575.7683622916192689 -3811.8314825686211407 -1288.3390334689831889 8675.9388783292233711 15422
82000000 310.88156498788481485 12972.577826965336499 3420.4650321048479782 -3923.3201048204200561 -1212.8870833475625659 8556.6722202728306002 15429
83000000 308.72823660513353161 12882.722965248647597 3347.8972538994948991 -3884.9612529860432915 -1227.3551647621391112 8460.2136716476779839 15405
84000000 306.51446205111358267 12790.345783943288552 3513.162404322072689 -3762.2084497613723215 -1295.3613060427314849 8570.7321601261774049 15424
85000000 310.97320549823785996 12976.401835161846975 3254.4534934918992803 -3910.8659939431404382 -1349.9737262606456625 8515.2932136956842442 15434
86000000 305.35686495062469703 12742.041155526525472 3517.5923253152559482 -3841.5521763004862805 -1258.201105417233066 8617.3456070329757495 15417
87000000 308.41734399026972824 12869.749926328482616 3424.5716912759721708 -3787.3199969559304918 -1341.0478077093425782 8552.9394959412456956 15437
88000000 308.67368984864054937 12880.446818562879344 3520.6175463514218791 -3814.9636941696203394 -1284.4145209412624808 8619.9957614623053814 15417
89000000 309.57498438357026771 12918.056361283270235 3418.3014681295144328 -3824.0565493691465235 -1275.9076741973012759 8518.2656916959622322 15417
90000000 310.28223706519065672 12947.568855715058817 3566.3691018464555782 -3811.6649242178600616 -1145.9176028299525569 8523.9516288942686515 15410
91000000 311.25160120822096133 12988.018831539840903 3753.2603179623274627 -3646.5560625828911725 -1189.0289629962876461 8588.8453435415067361 15394
92000000 310.6326377215868888 12962.190500410835739 3255.1110028414541375 -3849.2466886241300017 -1341.4949660754100478 8445.852657540994187 15423
93000000 306.61195571414430106 12794.414034601224557 3372.1241215869495136 -3887.264786698379794 -1321.998697269998047 8581.387605555326445 15440
94000000 309.79088250268432603 12927.065435697226349 3174.4891046056686719 -3865.1821813935302998 -1296.6513994184665535 8336.3226854176646157 15433
95000000 312.21643054268054129 13028.27957724054977 3357.2797718845095005 -3818.2181796077638865 -1264.0120750822552509 8439.5100265745295474 15425
96000000 310.12276925986321885 12940.914525743495687 3509.3970652306902593 -3842.7206104347833389 -1303.6733896337757415 8655.7910652992504765 15418
97000000 305.57495779452420948 12751.141812206187751 3519.6414336280549833 -3852.3342121576743011 -1246.6659786720024385 8618.6416244577321777 15410
98000000 308.1951712218461239 12860.479021089955495 3483.6394908306456273 -3847.3019965642279203 -1227.1579069270696891 8558.0993943219418725 15422
99000000 310.20805639306195189 12944.473417931594668 3247.1683137576542322 -3813.0415866618532164 -1440.5553099349731383 8500.7652103544805868 15440
100000000 310.57200406909436197 12959.660357538185053 3451.6298153049096982 -3862.7404969279441502 -1323.3864780396309015 8637.7567902724840678 15424
101000000 314.04570597830462475 13104.612240956117603 3620.6408896661873769 -3869.7440621351051959 -1132.8911765215275409 8623.2761283228192042 15414
102000000 311.75527156611360624 13009.036169499884636 3348.1514261848105889 -3837.4820994706637975 -1351.9653755032725257 8537.5989011587480491 15430
103000000 308.01952889205171005 12853.149754740385106 3399.651538632728716 -3860.5284439029333043 -1316.5889043002191556 8576.7688868358818581 15405
104000000 313.50886957933812482 13082.21093849801764 3334.6558993939270295 -3940.3557193561582608 -1345.5320471196878316 8620.5436658697726671 15430
105000000 309.82043629080823166 12928.298666804172171 3182.4369550976407481 -3896.6095261708646831 -1252.2210688484256025 8331.2675501169323979 15431
106000000 311.30293065130621244 12990.160725013853153 3461.8356030850814022 -3857.8810497881104311 -1245.9216331089701271 8565.6382859821605962 15408
107000000 307.40226454129287958 12827.392325764683847 3420.1836292967891495 -3852.5841307362779844 -1238.724384750720219 8511.4921447837878077 15418
108000000 310.77915442905703003 12968.304402310039222 3367.9704080210522079 -3814.4884305427985964 -1280.8963996002357817 8463.3552381640856765 15440
109000000 309.04358435748116563 12895.881909749095939 3210.8101427061546929 -3852.2524091379891615 -1303.5862312845260931 8366.6487831286704022 15411
110000000 309.76917081861279257 12926.15944273047171 3316.8533757190066353 -3860.6487940499573597 -1303.4777975333590803 8480.9799673023226205 15434
111000000 305.88108834124625446 12763.916137833111861 3256.8977605591007887 -3943.6120455368445619 -1347.4562588937110377 8547.9660649896559335 15427
112000000 308.74674464660341755 12883.495275463959842 3349.9566288875798818 -3928.9409870037661676 -1266.0080595773547429 8544.9056754687007924 15413
113000000 311.55917965867269004 13000.853575814682699 3449.729949507557194 -3851.1898977837790881 -1217.1792788751997705 8518.0991261665367347 15407
114000000 309.51131078000634034 12915.399366238265429 3403.4976683007384963 -3885.9032533533727474 -1204.1723669091888951 8493.5732885633005935 15414
115000000 303.82332683329951806 12678.04912506182518 3176.1991226025079413 -3865.5170827502006432 -1397.2869134594461684 8439.0031188121538435 15431
116000000 308.25850057293149575 12863.121651043644306 3251.479460495976582 -3839.4765959840683536 -1391.9790677056766981 8482.9351241857202695 15434
117000000 311.731240479812584 13008.033391682169167 3286.0954835531993012 -3887.5042050142114931 -1279.5643566374021702 8453.1640452048122825 15423
118000000 310.17711526101447816 12943.182295238113511 3315.4829604983215177 -3863.7480775073454424 -1376.027719712902126 8555.2587577185695409 15447
119000000 309.05072847929307045 12896.180022235161232 3387.9209920414305088 -3831.6329576558728149 -1276.7208123567238545 8496.2747620540267235 15422
120000000 308.51835944715270443 12873.965135667744107 3459.6086241006451019 -3812.3183580727636581 -1281.8162811685137967 8553.7432633419230115 15441
121000000 307.59812852625276491 12835.565408618571382 3203.9882370897239525 -3918.7613729783806775 -1390.7921773251400737 8513.5417873932456132 15432
122000000 310.39381264045903208 12952.224721474785838 3302.7777661562950016 -3872.9228493746982167 -1340.588608263170272 8516.2892237941632629 15438
123000000 309.2017856385452319 12902.483389740387793 3456.6003443733980021 -3967.0009855439393505 -1200.3955073401584741 8623.9968372574967361 15417
124000000 310.24213368583968986 12945.895407468698977 3104.9397360183002093 -3938.2013803673444272 -1403.6454254121485974 8446.7865417977918696 15443
125000000 309.21946086795799147 12903.220948074462285 3144.3127295922895428 -3992.43484534830759 -1286.8644647485411951 8423.612039689138328 15421
126000000 312.00179332183824954 13019.323118043465001 3272.9655605937446126 -3934.8246891750013674 -1338.8670367577592515 8546.657286526504322 15431
127000000 306.5846158358921798 12793.273186322172478 3331.9862813364507019 -3902.0391071320850642 -1248.7156420771934791 8482.7410305457306094 15415
128000000 312.09434710243527888 13023.185235509392442 3391.792197928468795 -3904.9121586211804242 -1215.2946085430635321 8511.9989650927127514 15412
129000000 309.351391392318817 12908.726192475460266 3401.0458317150105358 -3912.5469532229467404 -1262.1123674800369372 8575.705152417993304 15401
130000000 307.8080492987191974 12844.325058160426124 3423.5651805595070982 -3858.2106240173052356 -1281.8087805510670023 8563.5845851278791088 15404
131000000 307.5770222894071253 12834.684679971553123 3172.6494294684262059 -3938.7360457902955204 -1292.0652743227201427 8403.4507495814432332 15429
132000000 316.51036747931391346 13207.458523077137215 3183.2396729080969635 -3969.0587474968233437 -1379.1573844323188496 8531.4558048372400663 15437
133000000 311.34720813779011905 12992.008351904874871 3076.3010912382296738 -3951.9395532084004117 -1343.1674532315678334 8371.4080976781988284 15442
134000000 308.77566222762987991 12884.701958692179687 3268.9417644399281926 -3927.0796278288607937 -1367.8463992900785797 8563.8677915588668839 15448
135000000 311.17124530559760842 12984.665711515890507 3126.4240513403146906 -3959.1227116177824428 -1297.8005198008916068 8383.3472827589866938 15411
136000000 311.38353923199224482 12993.524388878937316 3348.2175356835359707 -3880.3029096103923621 -1307.5725083984225421 8536.0929536923504202 15431
137000000 314.13206561860278043 13108.215887106445734 3289.9680923272844666 -3945.2845914409413126 -1294.2357691177908237 8529.4884528860166029 15437
138000000 305.22251474365435797 12736.434941738778434 3230.8008997479696518 -3913.3465014858720679 -1298.9914827606030485 8443.1388839944447682 15426
139000000 309.88131255959933696 12930.838933657043526 3235.3104630024085964 -3912.976052401472316 -1392.8330782874572833 8541.1195936913391051 15437
140000000 308.58928069332250743 12876.92456295176089 3313.8865397376944202 -3836.0852032346510896 -1330.7113916721564237 8480.6831346445014788 15433
141000000 308.58873103265187865 12876.901626513479641 3307.883384874067815 -3914.5747560718000386 -1267.1606357507826033 8489.6187766966504569 15422
142000000 307.59288811930110796 12835.346735031322169 3371.5608737754510003 -3844.5813558818431375 -1183.9685691239847074 8400.1107987812792999 15407
143000000 310.17841608501663586 12943.236576490229709 3277.7204611874544753 -3868.1298711080262365 -1319.7930842533814939 8465.6434165488626604 15429
144000000 309.84934936545232631 12929.505161988445252 3118.5255676356291588 -3917.4903660279715041 -1431.9061852584234202 8467.9221189220224915 15448
145000000 310.17151447037781509 12942.948583430759754 3271.6159567232307381 -3849.9247633941940876 -1292.4819130067426158 8414.0226331241683511 15431
146000000 308.4664698749416516 12871.799868923984832 3410.2966695288077972 -3900.885899432662427 -1180.9249414565333609 8492.1075104180035851 15422
147000000 310.9499834508854974 12975.43281721254607 3157.2462864377612277 -3919.3211567972016383 -1335.299904566143141 8411.867347801106007 15435
148000000 310.28442718936497613 12947.660246004808869 3435.3571552829926077 -3881.741913832111095 -1226.0805371290550738 8543.1796062441590038 15416
149000000 309.13903338730523274 12899.864841216742207 3436.9496779968917508 -3891.1746283439879335 -1249.6749837495112843 8577.799290090391878 15393
150000000 311.24368688993172327 12987.688580017982531 3320.3703504860154681 -3884.2250530063438418 -1214.9687273648569317 8419.5641308572157868 15418
151000000 311.045041453411784 12979.399431752382952 3255.451235049727984 -3904.3316210899956786 -1364.9189291077148027 8524.701785247438238 15432
152000000 309.93765280412264929 12933.189919656801067 3141.5169746437118192 -3948.1507786102479258 -1321.3613286080164926 8411.0290818619760103 15417
153000000 309.65902660121855661 12921.563305187248261 3384.9560754674184864 -3833.5964155591195777 -1260.356660297785993 8478.9091513243238296 15396
154000000 310.38572103208952058 12951.887071928655132 3260.6429341445118553 -3886.7319073120547728 -1310.0453536707552757 8457.4201951273225859 15418
155000000 315.95238883594151957 13184.174989435588941 3296.5461468032290213 -3955.4683454921578232 -1304.8708120488970508 8556.8853043442850321 15400
156000000 311.51553457485221088 12999.032338049595637 3249.3970102114890324 -3954.6452877596916551 -1247.441378508723119 8451.4836764799038065 15421
157000000 313.80495605808255277 13094.566141641613285 3349.8048985443547281 -3911.8125788764837125 -1186.7936977794724953 8448.4111752003118454 15409
158000000 307.09113747877506739 12814.409503728438722 3105.2858258146020489 -3949.4848822502526673 -1395.5575236937502268 8450.3282317586053978 15450
159000000 308.95368158321451801 12892.130414429391749 3424.1123349058589156 -3931.8824444125966693 -1274.9053701430664205 8630.9001494615222327 15415
160000000 309.80292164118884557 12927.567809201507771 3145.9194357399173896 -3980.3115830703391111 -1317.0340275251196545 8443.2650463353766099 15419
161000000 307.93659337553015121 12849.688991659315434 3259.9827629868823351 -3877.0675643137601583 -1272.3112425803917631 8409.3615698810353933 15416
162000000 310.78822083847649083 12968.682728705205591 3115.5719911936666904 -3962.3606240093185988 -1320.7389640141702785 8398.6715792171562498 15434
163000000 310.61122482822224811 12961.296975490231489 3390.4737341530212689 -3928.1765079155838976 -1198.5530213885422199 8517.2032634571478411 15405
164000000 313.2619475609342885 13071.907287649310092 3202.8743718799673843 -3901.939911497542198 -1427.2015069489775669 8532.0157903264880588 15438
165000000 311.30271014539249563 12990.151523663726039 3108.2872518290832886 -3901.0065978590346276 -1293.0021635577700181 8302.2960132458883891 15405
166000000 306.87961150701090673 12805.582871852591779 3524.7005972118708996 -3826.5601729074978721 -1130.0800663909381001 8481.3408365103077813 15397
167000000 312.02062426008893681 13020.108902211854002 3302.6178908903875708 -3840.3831562180725996 -1312.2805083412940803 8455.281555449753796 15413
168000000 310.72298366581168239 12965.960488486045506 3272.664689017749879 -3944.253716190531577 -1336.5596190110402404 8553.4780242193210142 15424
169000000 309.19928076329546229 12902.378865404487442 3262.357457634648199 -3879.296282472168059 -1366.6957633022470873 8508.3495034090647096 15414
170000000 309.24703579231191952 12904.371604441839736 3298.9890426479100825 -3921.7383594175439612 -1319.1940423185146756 8539.9214443839700834 15425
171000000 308.55233536129350114 12875.382894840600784 3130.2549125782484225 -3943.7511779517221839 -1271.7681000632712767 8345.7741905932416557 15428
172000000 308.43170221167110867 12870.349071358499714 3092.9975724966643611 -3914.0990636405199439 -1391.9773515642973507 8399.0739877014821104 15464
173000000 310.22681114478007203 12945.256022960933478 3269.6329235750727094 -3940.0938806756903432 -1262.193120150258892 8471.9199244010233087 15425
174000000 309.69079319171396492 12922.888872907917175 3144.5875491445558509 -3942.5721122641020884 -1326.0930435467134885 8413.2527049553718825 15435
175000000 312.76314412656995501 13051.093038425811756 3225.7536685811437565 -3999.9292511909357017 -1296.2692076858684231 8521.9521274579474266 15418
176000000 307.2223872783277443 12819.886342599656928 3226.662917326681054 -3935.250021426161311 -1254.4538536421960089 8416.3667923950379191 15410
177000000 308.34362470504680687 12866.673741463870101 3221.8909640416150069 -3856.647250764477576 -1378.213972810447558 8456.7521876165410504 15440
178000000 308.87486417293268914 12888.841493167557928 3376.4294517320759041 -3994.9108251000952805 -1196.3932824418891414 8567.7335592740600987 15408
179000000 307.32228808775414564 12824.055039528699126 3205.1822997685558221 -4001.4686424979299773 -1297.0986441355803436 8503.7495864020675072 15439
180000000 309.55481939224341659 12917.214909268006522 3391.3279479577222446 -3874.0258451832878563 -1218.6994995387701692 8484.0532926797786786 15417
181000000 310.60506555528786521 12961.039959132564036 3214.2819959212033609 -3867.4699825988132034 -1328.6451992273223368 8410.3971777473379916 15416
182000000 314.65443503670121572 13130.013506180361219 3410.1099961601771611 -3837.7658701680475133 -1170.6846760875730524 8418.5605424157984089 15398
183000000 311.54971400740311083 13000.458589711914101 3371.4260707168787121 -3856.8034834004442928 -1245.9704855566201331 8474.2000396739440475 15415
184000000 310.37595682061231628 12951.479627398091907 3048.7946138061556667 -3916.2942172476818996 -1391.2074597431978873 8356.2962907970359083 15439
185000000 312.9586242575740016 13059.250103683683847 3345.692243733572468 -3860.5637090371556042 -1213.0299759703721065 8419.2859287411010882 15414
186000000 312.38344487661277071 13035.248811473655223 3362.5128559641493666 -3918.7540797445481076 -1281.8737741475995335 8563.1407098562958708 15436
187000000 310.89296693039261754 12973.053611325747625 3201.1604915932316544 -3948.2906764639228641 -1264.5376231109846685 8413.9887911681398691 15423
188000000 311.452435319658548 12996.399309620086569 3376.6316458612018323 -3853.5238360878724961 -1215.1107787814248695 8445.266260730499198 15431
189000000 307.49060916554520873 12831.078802039828588 3247.2908597916002691 -3861.1246193749393569 -1270.0693822344242108 8378.4848614009642915 15422
190000000 311.81798836670651554 13011.653238726172276 3394.6392488424799012 -3878.8240019051072522 -1248.3683702040630124 8521.8316209516488016 15421
191000000 307.28488281957629624 12822.494179036393689 3219.6941704845530694 -3829.8169037635530003 -1318.5485844401443956 8368.0596586882511474 15419
192000000 304.59389226835276077 12710.203556854483395 3340.2027387138173253 -3974.0354439623424696 -1246.1227774270269038 8560.3609601031857892 15441
193000000 312.62154286027310945 13045.184249824904327 3290.21899619299802 -3968.9414483150403612 -1227.2522136405095807 8486.4126581485470524 15428
194000000 310.36924705856466744 12951.19964003259156 3282.3816603566979211 -3957.2735126528355067 -1225.9171916460211378 8465.5723646555561572 15427
195000000 310.57401952126991773 12959.744459051908052 3296.7437123111440087 -3899.0221197264527291 -1273.0751464097284043 8468.8409784473260515 15427
196000000 309.61752066195242605 12919.831330415980119 3405.0943228624964831 -3947.0562332751992471 -1283.0379612865763193 8635.1885174242706853 15415
197000000 308.05065839132839756 12854.448737689397603 3345.0703087640868034 -3913.1942553614258031 -1216.9590377413092028 8475.2236018668208999 15413
198000000 308.06666759117706533 12855.116775342232359 3229.1373658721190623 -3858.2852111362908545 -1333.1222833184538104 8420.5448603268632723 15421
199000000 309.2029094336739945 12902.53028386796359 3167.298917031543624 -3991.522551174803084 -1287.6831127559723882 8446.5045809623188688 15415
200000000 310.56992605554580678 12959.57364544097436 3163.0000629692217444 -3958.047292582222326 -1361.6004995248986233 8482.647855076342239 15446
201000000 311.92370592684181929 13016.064659122184821 3463.5820737983467552 -3798.9213378334734443 -1192.744992272219406 8455.2484039040391508 15426
202000000 308.67481917367859978 12880.493943444498655 3376.4511174343633684 -3844.0041173982845066 -1216.0476893908398779 8436.5029242234886624 15409
203000000 306.02300675494558391 12769.83816047496839 3417.4356751183127017 -3878.3930933268893568 -1211.1980567006839919 8507.0268251458874147 15406
204000000 312.84504166331947772 13054.510488313397218 3399.2713537524341518 -3905.055623547911182 -1197.0548167797808219 8501.3817940801254736 15403
205000000 313.00488456874103349 13061.180470596682426 3244.9754280699698938 -3803.7135377462282122 -1332.03529269599494 8380.724258512193046 15441
206000000 313.67819146769306826 13089.276463192540177 3250.4226090033248511 -3911.8714400778294475 -1207.567917437756023 8369.8619665189107764 15414
207000000 309.5968091942997944 12918.967074839922134 3198.8291336669194607 -3971.7292071133624631 -1264.0315968730751592 8434.5899376533579925 15416
208000000 307.75260717222306539 12842.011549152932275 3411.109155265807658 -3838.8192725359558608 -1222.5404895306378421 8472.4689173324004514 15409
209000000 310.7478206996395329 12966.996897172211902 3206.6029747931693237 -3870.1578645618160408 -1352.0722824805234268 8428.8331218355087913 15428
210000000 305.02129794224265424 12728.038494633567097 3261.1601149787070426 -3953.7400948863969461 -1222.825864174933713 8437.7260740400379291 15434
211000000 312.69510654132852778 13048.25394158281415 3177.4469298758740479 -3966.1309272469088683 -1362.1561396785082252 8505.7339968012929603 15431
212000000 310.57960525459282053 12959.977542542255833 3162.7657292924186549 -3879.9759587661355908 -1253.4349633792990062 8296.1766514378541615 15425
213000000 310.80118237295152994 12969.223592280504818 3306.0305891293128298 -3863.2217715575288821 -1333.6690977046660009 8502.921458391509077 15433
214000000 310.48775049173991647 12956.14459394032383 3378.0033630867319516 -3900.7023736151977573 -1210.3784137109068979 8489.0841504128366068 15406
215000000 310.20010073777041271 12944.14144148442756 3243.6915972893611979 -3971.1085598422869225 -1234.4006275552242187 8449.2007846868709748 15404
216000000 311.70258609897433644 13006.837691366126819 3174.9638167470052394 -3993.4675965616743269 -1232.8724281894151318 8401.3038414980946982 15427
217000000 312.88665140948069165 13056.246794776141542 3077.9676782060801088 -4021.3730816499446519 -1185.0071508340374749 8284.347910690061326 15409
218000000 309.22179600177736347 12903.318389378868233 3204.1674278644031801 -3929.0421006757428586 -1306.0081365256655772 8439.2176650658111612 15419
219000000 312.66692339938015266 13047.077905292762807 2999.8657064976209767 -3957.684587901490886 -1357.3779826492373104 8314.9282770483478089 15433
220000000 308.64782624719543946 12879.367572893726901 3189.4420769670550726 -3942.3663484266116939 -1212.5959954816971731 8344.4044208753621206 15417
221000000 310.68275025893206021 12964.281614404173524 3072.2082699368211252 -3944.3821768534089642 -1339.7706358249283767 8356.3610826151580113 15442
222000000 308.51367133791063679 12873.769508558087182 3090.8375757966223318 -4064.6979965330606319 -1303.2967177254627131 8458.8322900551465864 15422
223000000 312.5763181396073378 13043.297096405041884 3309.2422290946406065 -3890.5497037795139477 -1225.0593065261375614 8424.8512394002918882 15428
224000000 311.48097721067989596 12997.590315920564535 3062.4909187456769359 -3985.4976659404396742 -1299.890922663820902 8347.879507349938649 15433
225000000 310.33040900901016812 12949.578991923357535 3252.232087169121769 -3885.708625488382495 -1248.826214552033889 8386.7669272095372435 15417
226000000 310.01489811419833131 12936.413239755449467 3194.3396803592022479 -3864.134681736170478 -1441.3772426323739637 8499.8516047277480538 15438
227000000 311.47012482807434708 12997.137463793536881 3121.5374096349346473 -3952.0931805150444234 -1312.2752286059562721 8385.905818755934888 15421
228000000 309.63710115181578431 12920.648392143821184 3123.6004068752772582 -3947.4376652120026847 -1444.0891417310031102 8515.1272138182830531 15448
229000000 308.70831499669827735 12881.891669202273988 3195.3116640574444318 -3947.9964205848291385 -1314.8078411473766209 8458.115925789648827 15419
230000000 309.93233806525029195 12932.968144320413558 3127.0209855451021213 -3864.0236566660641984 -1370.6187006608258798 8361.6633428719906078 15438
231000000 313.47992856053787136 13081.003277249939856 3303.1477518246028922 -3922.6408105909349615 -1293.0558075191277112 8518.844369934664428 15427
232000000 311.27612786761164898 12989.042288809792808 3096.6120559899873115 -3984.395670458218774 -1196.331349361197681 8277.339075809402857 15400
233000000 310.63199740060355225 12962.163780866398156 3018.6941236114689673 -3997.2212889981524313 -1345.1752105626601406 8361.0906231722819939 15445
234000000 309.52644100984633724 12916.030725914246432 3007.7630159030318282 -4021.489739120829654 -1249.475283169127124 8278.7280381929886062 15421
235000000 308.76691857372429695 12884.337100355254734 3156.8363530667397754 -3917.4584227261511842 -1249.3432749231874368 8323.6380507160793059 15408
236000000 305.55483827096702498 12750.302257486378949 3044.7941116922120273 -3958.6581083519658932 -1230.6422625693471673 8234.0944826135255425 15403
237000000 313.05503075050251027 13063.272988516331679 3304.2918638881501465 -3869.9782379716530158 -1176.4621645721558707 8350.7322664319599426 15405
238000000 311.92688533259405403 13016.197330509650783 3304.9470095694960037 -3857.6925661136692725 -1310.6711639258915056 8473.310739609056327 15436
239000000 311.15722428776024344 12984.08063743754974 3283.4513684350054064 -3904.558060861730155 -1248.6427887970276061 8436.6522180937627127 15427
240000000 308.83726248638350853 12887.272436458764787 3293.9766499246743479 -3867.1313560312837581 -1291.314320051777031 8452.4223260077342275 15412
241000000 308.23691850362735067 12862.221066688549399 3267.64512165073711 -3860.6595501178271661 -1288.7858610223984215 8417.0905327909640619 15409
242000000 313.28879359054326414 13073.027528434449778 3125.7755686850614438 -3816.5446047254299629 -1475.3668052508778601 8417.6869786613697215 15434
243000000 312.34137289290373474 13033.493216596159982 3096.7381081035305215 -3862.444282838017898 -1362.7227054075074193 8321.9050963490553841 15423
244000000 312.65005082749462417 13046.373840540854872 3299.0155816386672996 -3944.3747759335255978 -1209.6363424971418681 8453.0267000693347654 15416
245000000 310.09041435268721898 12939.564408532649395 3392.7075622218662829 -3878.4365579754053215 -1230.4859291120792477 8501.6300493093513069 15427
246000000 308.2034311805302309 12860.823695618602869 3302.1017356858942549 -3896.0330080493940841 -1214.7188112064891357 8412.8535549417774746 15408
247000000 310.47383316632789274 12955.563846776823993 3143.7024917576291045 -3967.7034717255464784 -1353.4345058700864683 8464.8404693532611418 15446
248000000 309.22268837591650481 12903.355626688102348 3183.0511170384729667 -3973.313098605029154 -1273.6515269343572072 8430.0157425778597826 15427
249000000 307.06618807036477392 12813.368405835251906 3311.7501521685503576 -3901.728076299184977 -1296.8764918968749953 8510.3547203646085109 15430
250000000 311.63234822553391723 13003.906780105300641 3003.3643791495824189 -4001.9152854345252308 -1405.081950224193406 8410.3616148083019652 15452
251000000 311.54392709750322865 13000.217111452961035 3177.9214895919135415 -3790.5877337452129723 -1320.1404790658743877 8288.6497024030013563 15405
252000000 313.25878348247448457 13071.775255844619096 3217.4119508420781131 -3938.6719742671102722 -1305.9004378663748867 8461.9843629755632719 15427
253000000 306.87737786135733131 12805.489665482893543 3509.7784439884253516 -3795.966213889512801 -1232.2142163780063129 8537.9588742559444654 15422
254000000 305.17196780665528877 12734.325700960347604 3431.8413403555687182 -3760.0019853567837345 -1282.4317788277751333 8474.2751045401273586 15422
255000000 310.98536132430956513 12976.909077846927175 3386.2374391063431176 -3882.2472598024064609 -1168.5228351007640413 8437.0075340095136198 15411
256000000 307.55477724423150221 12833.756430720695789 3060.0133383275938286 -3933.6090412929752347 -1399.1785034261931742 8392.8008830467624648 15436
257000000 306.52965949215860064 12790.979948232621609 3302.9534631127144166 -3850.8233886452580919 -1163.5574198285141847 8317.3342715864873753 15407
258000000 311.12574717420164916 12982.76714911468116 3176.2624141235173738 -3841.8150381500668118 -1351.689249662580778 8369.766701936165191 15422
259000000 311.43998080038318221 12995.879602957507814 3395.6951337154278008 -3925.9532350564372791 -1142.7287869003721426 8464.3771556722385867 15403
260000000 309.99302303937736269 12935.500428760700743 3408.1162518880464631 -3822.0605195166099293 -1175.7187953979441772 8405.8955668025992054 15405
261000000 309.88859895334996963 12931.142982917770496 3271.5286294244360761 -3963.132649362310076 -1237.6244351103350709 8472.285713897081223 15407
262000000 308.88443074640605346 12889.240690588369034 3064.3701133644972288 -3991.0043419361572887 -1375.7908192651939316 8431.1652745658484491 15437
263000000 310.79434321868433244 12968.938205589900463 3295.924466611842945 -3862.1654711717164901 -1388.552258770412891 8546.6421965539720986 15444
264000000 310.17598075006816316 12943.134953957047401 3099.1506381209801475 -3882.6846066120597243 -1310.2024977813398436 8292.0377425143815344 15429
265000000 313.02234064000447233 13061.908883820628034 3280.7962725241004591 -3932.309475169920006 -1299.3666518997265484 8512.4723995937474683 15416
266000000 314.0006468896374372 13102.731999087900476 3198.3760882538949772 -3845.4507782425589539 -1384.6276878849080276 8428.4545543813619588 15426
267000000 309.59242652454327072 12918.784193219044028 3280.7459862556233929 -3973.1309420294619486 -1224.1979532067057335 8478.0748814917915297 15413
268000000 308.36243646436651034 12867.458725326927379 3265.938587138870389 -3911.2045376134437902 -1213.4292875940250269 8390.5724123463405704 15418
269000000 310.69386660570421554 12964.745481322943306 3299.1272060812107156 -3904.7724409317829668 -1293.2641127042506923 8497.1637597172448295 15427
270000000 308.59557412842877966 12877.187177676818465 3447.1681819268296749 -3829.5435340724943671 -1170.3911052902105894 8447.1028212895344041 15401
271000000 308.69977549706436548 12881.535329888271008 3199.9045889615008491 -3928.9453675075556021 -1294.3774129280632224 8423.2273693971201283 15419
272000000 306.97434344296624431 12809.535880169207303 3361.5696700483149471 -3810.1600822505265569 -1277.0349365078386654 8448.7646888066810789 15426
273000000 313.8792987568396029 13097.668340530537535 3225.4106854340634527 -3886.1757004761675489 -1323.262991569798487 8434.8493774800299434 15431
274000000 309.99812103133137953 12935.713159603674285 3460.467526748574528 -3840.5564906512590824 -1191.9088676971614404 8492.9328850969959603 15402
275000000 313.64850904342250715 13088.037864310172154 3335.4098459986685157 -3870.195340056567602 -1242.0319619311285351 8447.6371479863646528 15405
276000000 310.71282582809982387 12965.536618578300477 3215.4608756330299002 -3923.7290892130104112 -1298.0183575196549555 8437.2083223656954942 15414
277000000 311.76417038996066822 13009.407502823971299 3298.6054215149706579 -3866.7431001308259511 -1225.7856248886796493 8391.1341465344758035 15398
278000000 311.18523985040138768 12985.249680917959267 3196.5210518820554171 -3897.5068871029616275 -1205.4014931701844944 8299.4294321552006295 15413
279000000 309.37521007701343478 12909.720107122502668 3192.4675811667821108 -3913.826839164359626 -1278.2841631310761841 8384.5785834622183756 15414
280000000 310.46431563512612684 12955.166695809573866 3152.9062106703040627 -3838.1576039019228119 -1308.5930749525300598 8299.6568895247564797 15422
281000000 311.90025483274359885 13015.086083427841004 3059.6823475477476677 -3918.1385372306040153 -1415.148965814037183 8392.9698505923897756 15437
282000000 308.75573647015596634 12883.870489513228677 3385.5813560100814357 -3814.6514055972324968 -1235.3183793123257601 8435.5511409196406021 15389
283000000 311.98905436551552839 13018.791542289407516 3362.27080643824047 -3777.2753717240793776 -1280.4685293268528312 8420.0147074891719967 15412
284000000 311.70228744163421197 13006.825228885154502 3290.1041000775439898 -3874.477465315257632 -1225.8302311155300686 8390.411796508331463 15418
285000000 309.80561551586674796 12927.680220173564521 3087.2916593968620873 -3903.3992903154703527 -1396.3515866351426666 8387.0425363474751066 15439
286000000 310.21556993067656549 12944.786945533223843 3239.5576831515832055 -3916.2979182593712721 -1289.9193764537089919 8445.7749778646630148 15432
287000000 309.87581015095457815 12930.60932716885327 3130.9949026740064255 -3936.6505665749205036 -1326.3768029145226137 8394.0222721634472691 15438
288000000 308.27395979493951472 12863.766739023212722 3415.4552706321292135 -3904.0364102147495942 -1195.9390877214941611 8515.430768568374333 15402
289000000 313.13936469101298599 13066.79210553689154 3257.7603853033306223 -3824.1153453002889364 -1292.3351948654558328 8374.2109254690749367 15417
290000000 313.0625216476452124 13063.585571368201272 3421.2289132894520662 -3886.8097979310155097 -1158.3212527200328168 8466.3599639405001653 15381
291000000 311.21734247321654721 12986.589270716202009 3210.4072192328071651 -3831.7640692877853326 -1317.9769517166619153 8360.1482402372548677 15426
292000000 309.55649944239166871 12917.285015005225432 3169.5045054060246912 -4016.1017812802883782 -1201.0541342192702814 8386.6604209055840329 15407
293000000 309.58638893645161261 12918.532254570287478 3126.6785076230617051 -3908.7098726408025868 -1346.038965661290149 8381.4273459251544409 15437
294000000 309.43454693932977762 12912.19613706797827 3266.3256393937990651 -3874.6672032726255566 -1276.0955617665504178 8417.08840443297413 15411
295000000 309.73868787159011617 12924.88743934660306 3479.5814219127360047 -3764.4489225871548115 -1221.9801466752796841 8466.0104911751714099 15423
296000000 310.3855967963517628 12951.881887775078212 3284.4866459651102559 -3871.476324735349408 -1250.9451157501575835 8406.9080864506158832 15418
297000000 307.90613581539952293 12848.418047628814747 3247.5193216043362554 -3887.4739663654991091 -1284.5171042596380175 8419.5103922294747463 15415
298000000 309.26701150240046445 12905.205158061473412 3502.2368416624904057 -3780.6087924438024856 -1271.6822861915443355 8554.5279202978381363 15424
299000000 310.90813619216783081 12973.686599740367456 3353.098029770150788 -3780.5825747522003439 -1327.7072382006160751 8461.3878427229683439 15415
300000000 312.43588382562603556 13037.437002810331251 3335.6736594519188657 -3866.2563397341905329 -1288.702820829204029 8490.6328200153147918 15433
301000000 307.99795945204539294 12852.249697385177569 3354.7640832631059311 -3947.2309918895271039 -1248.7390334671581513 8550.7341086197920959 15429
302000000 314.42643883022856244 13120.499598423126372 3250.6715328910881908 -3881.5464587142841992 -1316.6137370262706554 8448.8317286316432728 15430
303000000 313.03607649335418728 13062.48205845260054 3205.7721424902465515 -3978.0573010134435208 -1363.1321183255672622 8546.9615618292573345 15439
304000000 308.05410385590334954 12854.592511275168363 3285.2110205426970424 -3962.9863155744255891 -1253.8595936299175264 8502.0569297470410675 15427
305000000 314.54136576009727833 13125.29531071373458 3144.0285514319648428 -3931.8668353902739909 -1365.7926784686790143 8441.6880652909167111 15428
306000000 312.21073478563283743 13028.041902640617991 3322.6373649807078436 -3808.0296126407793054 -1216.1408141304477795 8346.8077917519349285 15400
307000000 309.04748459108947145 12896.044660100758847 3130.2744726501427976 -3908.9847116340379216 -1342.0709478682392728 8381.3301321524195373 15416
308000000 310.93891498523271366 12974.970948294358095 3256.4335145682703114 -3876.4648742520985252 -1274.487957761807138 8407.3863465821741556 15410
309000000 311.34031569081588486 12991.720741397011807 3506.5632034250679681 -3815.7778098321641664 -1158.3962165636771715 8480.7372298209102155 15385
310000000 310.32383515931741158 12949.304675957515428 3252.4619968370561764 -3881.4560031875671484 -1315.2052070062109124 8449.1232070308342372 15423
311000000 307.08102630300248848 12813.987580946890375 3419.1766907995333895 -3875.8526288073758224 -1156.1384689252124645 8451.1677885321223584 15396
312000000 310.86866045657745872 12972.039342038731775 2984.0500419587906435 -3954.3105656019115486 -1439.6853493376270308 8378.0459568983278587 15441
313000000 310.95482792616058987 12975.634969220303901 3222.9332021016216459 -3902.4117732627200894 -1305.6632930368223242 8431.008268401164969 15427
314000000 310.07037031061105381 12938.728003531245122 3371.699918893229551 -3851.9552096779279964 -1237.4523885290670933 8461.107517100224868 15419
315000000 311.65050159804133045 13004.664290566506679 3150.379940166745655 -3940.118825495510464 -1423.0172584072493009 8513.5160240695058746 15421
316000000 310.64193324955977005 12962.57838754745535 3033.6779873877298996 -3964.4821449283490438 -1414.2394601391354172 8412.399592455214588 15438
317000000 309.47435135351355484 12913.85710998824834 3031.2598897238462996 -3932.2851002711763613 -1433.0826219318955737 8396.6276119269168703 15460
318000000 313.61501127384485699 13086.640057325725138 3276.1982310884891376 -3874.858076034840451 -1224.6426487866849584 8375.6989559100147744 15418
319000000 308.10403347104397653 12856.675992224923903 3383.529240472055335 -3916.5430565960750755 -1242.4369539680587877 8542.5092510361901077 15402
320000000 312.46065039947990272 13038.470471317346892 3123.0754874295653281 -3954.1972670846416804 -1386.5769894461782314 8463.8497439603852399 15434
321000000 309.76595773843007464 12926.025366164252773 3321.0791514367565469 -3828.0672073849414119 -1239.7019279024355001 8388.8482867241327767 15415
322000000 311.06127721947285636 12980.076923641669055 2999.7568223043654143 -3985.6181922843879875 -1421.9350471814941557 8407.3100617702475574 15442
323000000 308.25655583450640052 12863.040500298749976 3278.0605752471014966 -3946.8769198767690796 -1174.4945909091732119 8399.4320860330444702 15412
324000000 304.13959664584922393 12691.246545622225312 3137.9478893334926397 -3926.8168918950073021 -1286.4552347670364725 8351.2200159955355048 15424
325000000 305.84048641595450135 12762.221886082314086 3197.6165205841880379 -3892.7574202323812642 -1282.8727770328096085 8373.2467178493789106 15410
326000000 309.24435934392005265 12904.259920640117343 3202.9476710103135702 -3975.9368974626986528 -1287.0560808280499714 8465.9406493010610575 15434
327000000 306.21881798962749599 12778.009042146271895 3038.9493847959956838 -3980.6525693196758766 -1378.5298354940573518 8398.1317896097280027 15441
328000000 309.63147691258240002 12920.413701864983523 3267.5593550465955559 -3962.8386595986548855 -1258.90019298806601 8489.2982076333173609 15401
329000000 313.58374176657559929 13085.335232072811777 3268.0525881482499244 -3957.1301364965156608 -1202.9366835368823558 8428.1194081816483958 15415
330000000 310.1500090672345209 12942.051198228817157 3094.7284779226838509 -3938.6591041228352879 -1460.4192874999735068 8493.8068695454931003 15445
331000000 310.67791881302559887 12964.080006090600364 3113.3564531097772488 -3960.8933765376355041 -1414.5863056696466629 8488.8361353170585062 15445
332000000 306.27063556854125181 12780.171304727809911 3081.988832222288238 -3918.6952772187951268 -1305.7328348199948778 8306.4169442610782426 15420
333000000 310.77011189155513193 12967.92707205084298 3279.6836759594712021 -3937.3046982342848423 -1350.3590730398982487 8567.3474472336529288 15445
334000000 309.9629927232840032 12934.247312923147547 3269.1562086433150398 -3827.187401995768596 -1287.2822937600649311 8383.6259043991485669 15428
335000000 308.93081525879989613 12891.176240214857899 3206.3581704101134164 -3831.0391857158679159 -1299.5105909745689132 8336.9079471005497908 15418
336000000 311.62630227668552152 13003.654492575878976 3218.0430711738877108 -3966.8187537491844523 -1318.7017961596934583 8503.5636210827651666 15430
337000000 309.15419498468463644 12900.497509808696122 3052.0177156951749566 -4006.331244072897789 -1317.6701930864196584 8376.0191528544928588 15409
338000000 310.90458453413913276 12973.538394875940867 3058.2224786945871529 -3970.3264400632760953 -1317.3691280760772315 8345.918046833940025 15424
339000000 307.61823376663522822 12836.404367324923442 3126.0027031903246097 -3909.5479382895273375 -1307.2457356754798639 8342.7963771553313563 15418
340000000 308.90090178334310167 12889.927999945439296 3134.1965433802952248 -3933.0968948159083993 -1292.8551379484547397 8360.1485761446565448 15421
341000000 311.01625299258205359 12978.198136498202075 3201.7376898792267639 -3875.8407098619691169 -1346.1338304631262872 8423.7122302043226227 15448
342000000 309.18604485158402895 12901.826552517120945 3164.4994845540932147 -3980.5595231632769355 -1285.1586211388180345 8430.217628856189549 15430
343000000 311.00488311406797948 12977.723690115662976 3095.2944657879224906 -4057.8595119021470055 -1303.5617557575615137 8456.715733447628736 15437
344000000 312.35089943122017075 13033.890743415533507 2962.0621056946488352 -3996.9546303179736242 -1339.1741473976137513 8298.1908834102359833 15431
345000000 306.04625917037594718 12770.808445634358577 3205.9859587922178434 -3903.9613265971056535 -1278.6808572144122991 8388.6281426037348865 15416
346000000 313.55360359949798976 13084.077615790572963 3233.3942528098555158 -3951.3546560788490751 -1302.4455123004458983 8487.1944211891495797 15411
347000000 311.21844463578719342 12986.635262152607538 3254.4022521647020767 -3926.4929662535514581 -1198.7078494723332369 8379.6030678905863169 15398
348000000 309.22022344253809933 12903.252769060984065 3090.487559838360994 -3985.9256263305669563 -1262.6104654036671491 8339.0236515725955542 15419
349000000 307.87963559870263452 12847.312237049325631 3108.4307784803818322 -3887.8939631609473508 -1405.6036410934680134 8401.9283827347971965 15431
350000000 307.62006788094311105 12836.480901906843428 3188.5061606552794728 -3902.3692296634731065 -1239.3199226414410532 8330.1953129601934052 15419
351000000 310.87630383784005517 12972.358287802833729 3352.2461537566423431 -3860.9345727165391509 -1273.2708585842906359 8486.4515850574716751 15410
352000000 307.87595989097792426 12847.158855794537885 3201.187269050337818 -3912.0134801863391658 -1334.9713755705070071 8448.1721248071844457 15404
353000000 310.38162427989374237 12951.716121178649701 3164.2965407964029509 -3930.3039189729533973 -1343.482024045109938 8438.0824838144671958 15429
354000000 311.19858986756560171 12985.8067552387256 3279.4631823067170444 -3885.6881261634739531 -1301.6358257148895063 8466.7871341850805038 15426
355000000 308.46536292669395607 12871.753677789125504 3271.7752664037739123 -3823.2989505673554049 -1307.6204739619938664 8402.6946909331236384 15428
356000000 311.78052995527292524 13010.090160652964187 3342.3502362867284319 -3875.363345773540459 -1172.0969658108729163 8389.810547871140443 15393
357000000 309.95742174834924754 12934.014845276133201 3359.5851839172100881 -3900.4211995682958332 -1280.5435575647197766 8540.5499410502252431 15422
358000000 309.48996331439872165 12914.508571510652473 3258.9897769736298869 -3924.0905953171813962 -1248.2978767052632065 8431.3782489960758539 15422
359000000 312.85756138400915916 13055.032915724057602 3291.3846379821793562 -3867.6085646773171902 -1274.6864653207185256 8433.6796679802137078 15423
360000000 308.22914219002018399 12861.896573875732429 3322.2663420648814281 -3960.3086682698549339 -1206.6717464659050165 8489.2467568006413785 15422
361000000 310.76775339555490518 12967.828655880946826 3332.8066374103336784 -3944.9313011741851369 -1176.6887222151362948 8454.4266607996560197 15402
362000000 310.53210269303616542 12957.995338557924697 3262.6257930540332381 -3905.4247541591998925 -1270.5951412317442646 8438.6456884449762583 15413
363000000 309.53412683811808392 12916.351442922421484 3300.4726168915954077 -3930.8814951493668559 -1215.7792346898909273 8447.1333467308541003 15413
364000000 310.06608972073729547 12938.549381536451619 3221.3928353359819994 -3913.2934691243744965 -1318.2781759725496613 8452.964480432905475 15421
365000000 306.07243925480696589 12771.900897619445459 3468.0391237847447883 -3881.3433390695608978 -1274.8143184835194006 8624.1967813378250867 15391
366000000 309.14289345040720036 12900.025915319058186 3343.1470448658637906 -3913.9977038836514112 -1273.8608319786171705 8531.0055807281332818 15423
367000000 307.76822521995120496 12842.663264669308774 3102.6528611670582904 -3893.358642407530624 -1233.3681128767557311 8229.3796164513441909 15411
368000000 311.3351011134987516 12991.503145638049318 3184.3551933459843895 -3897.0951448050491308 -1266.6214078212697132 8348.0717459723018692 15410
369000000 311.75013861020676131 13008.821979668504355 3063.4486673098049323 -4007.3783707223515194 -1321.4469835589372906 8392.2740215910926054 15436
370000000 307.9925480598650438 12852.023888864769106 3207.1119407660899014 -3960.8014804713861849 -1200.7793047522809502 8368.6927259897565818 15405
371000000 307.96938112098609963 12851.057170501680957 3137.4382184780829448 -4032.7201516088102835 -1271.8613305933588435 8442.0197006802518445 15434
372000000 308.51299595875894966 12873.741326093782845 2943.5635819537374118 -4079.7958218235507957 -1424.7406963708715466 8448.1001001481599815 15450
373000000 310.68444983855272312 12964.352535074245679 3032.5418289628341881 -3978.9866741724204076 -1315.8216716596414244 8327.3501747948957927 15426
374000000 308.99608227485265388 12893.899725749652134 3395.6899963556625153 -3856.3584623132005618 -1221.0343289617478604 8473.0827876306120743 15427
375000000 310.32053989573785202 12949.167170012935458 2990.4482113245712753 -3957.9792815166174478 -1390.9848919514081445 8339.4123847925966402 15428
376000000 309.24519839371987473 12904.294932812130355 3048.8534390771096696 -3990.3676501874997484 -1345.7024658682462359 8384.9235551328565634 15427
377000000 312.53635142684834136 13041.629351031415354 3343.1387918260952574 -3903.2934081917519507 -1103.5713585398291343 8350.0035585576770245 15406
378000000 311.82379146959675609 13011.895392692054884 3065.9460811291983191 -4022.139604567421884 -1381.5230967860886722 8469.6087824827081931 15434
379000000 310.47228366560045743 12955.499188652820521 3167.5986769802248091 -3936.8967164132973267 -1295.9675713763435851 8400.4629647698675399 15417
380000000 309.61933897270665739 12919.9072055415254 3075.2046220311590332 -3952.2417954874727002 -1341.5494673274226898 8368.9958848460537411 15431
381000000 309.62722188824596969 12920.236146678131263 3213.2701939686539845 -3862.5445801739897433 -1304.2612985630257754 8380.0760727056695032 15416
382000000 314.66739968448865739 13130.554499669082361 3220.9801880432737562 -3951.3892431340209441 -1312.9438376260213772 8485.3132688033147133 15414
383000000 309.34443551979842368 12908.435935323579542 3136.0911254976222153 -3974.0161672863873719 -1259.6632529893513492 8369.7705457733609364 15406
384000000 309.6686244212796737 12921.963806476916943 3067.1207593382505365 -3958.5572022335245492 -1279.3989300302566789 8305.0768916020315373 15416
385000000 309.55205487831693745 12917.09955063596135 2900.5311538802620817 -4100.2639312364899524 -1315.9755885040035537 8316.7706736207546783 15442
386000000 309.64082224673899191 12920.803667331960241 3309.7848251973232436 -3922.5075326660835344 -1173.9701866447708198 8406.2625445081794169 15402
387000000 309.73095674808001831 12924.56483224242038 3264.9047049434561814 -3907.0042809273281819 -1253.0133531023875548 8424.9223389731723728 15398
388000000 310.66907598497181198 12963.711009379127063 3149.9728615731014543 -3908.2822443396266863 -1357.5358097303940212 8415.7909156431232987 15433
389000000 311.13219189700248535 12983.036076827103898 3046.5088718978772704 -4055.7821190590111655 -1270.234607015837355 8372.5255979727262456 15416
390000000 311.328894832082824 12991.244167693546842 3174.9814208876173325 -3810.7689180651286733 -1298.8380037855031333 8284.5883427382486843 15410
391000000 309.49774923275424499 12914.833465113864804 3222.4109435354275774 -3988.5618587437475071 -1299.7669584242912606 8510.7397607034654357 15427
392000000 308.87889249662902103 12889.009588508512024 3281.2746052196798701 -3917.7855037848285065 -1223.9515567015423585 8423.0116657060516445 15417
393000000 312.69873175758533534 13048.405215911458072 3462.9242840506094581 -3898.8045503889570682 -1175.2947495798998716 8537.0235840194654884 15409
394000000 310.63672874876800734 12962.361212265368522 3224.3133553886673326 -3973.1153906187973917 -1342.8123043479174612 8540.2410503553837771 15415
395000000 308.69800539050777388 12881.461466244832991 3323.2965890567720635 -3940.0432606313479482 -1200.6799478191774142 8464.0197975072969712 15413
396000000 314.43617657602061399 13120.905938584053729 3344.4139812509188232 -3933.6750090246641776 -1195.7489181761461623 8473.8379084517291631 15423
397000000 307.71761496152970494 12840.551381591774771 3322.495766962577818 -3940.4400706987412377 -1321.378299857134607 8584.314137518453208 15418
398000000 305.02476278288503408 12728.183076750852706 3148.75654067088999 -3885.3466476802727811 -1265.3316406147951056 8299.434828965957422 15407
399000000 311.27797974536554193 12989.119564631178946 3307.5132565014273496 -3878.5893358254543273 -1269.6238593948567086 8455.7264517217372486 15415
400000000 310.55935129213509072 12959.132377907621049 3416.8576907458459573 -3863.6799717080803021 -1155.669023967195244 8436.2066864211210486 15402
401000000 305.99405923575073984 12768.630227976085735 2990.914408394482507 -3928.9047325508699942 -1376.0989886147976904 8295.9181295601501915 15443
402000000 307.08506163872897332 12814.155968888360803 3470.2398072725154634 -3934.1999453168218679 -1145.8326944814521084 8550.272447070788985 15403
403000000 310.0457491569479771 12937.70060317028765 3339.8322610270870427 -3802.5968222672299817 -1237.1834029167494009 8379.6124862110664253 15410
404000000 307.07019185763681435 12813.535477311463183 3260.4777228050065787 -3920.7082493411735413 -1307.3548447919301907 8488.540816938111675 15439
405000000 307.21348677548667183 12819.514939213902835 3216.5593291550803769 -3890.3030619732794548 -1329.2642772617975879 8436.1266683901558281 15420
406000000 312.67567499546453291 13047.443095043783615 3345.1240413965324478 -3817.8819104692761357 -1220.7695290997210122 8383.7754809655307326 15421
407000000 310.24353179947837589 12945.95374845778133 3313.8221446472862226 -3868.466549093841877 -1153.4214776175704174 8335.7101713586980622 15393
408000000 310.79917932938565173 12969.140008557713372 3208.1593781355290957 -3848.8465111350819825 -1330.9852778641682107 8387.9911671347799711 15431
409000000 304.57177685525698507 12709.280716937706529 3094.166340336355006 -3916.9177137028473226 -1359.8464297173879913 8370.9304837565905473 15426
410000000 310.18582999531298583 12943.545946807267683 3344.2278501705272902 -3930.8868119563126129 -1193.7773725416268462 8468.8920346684662945 15420
411000000 311.52239131479751677 12999.318458561705484 3224.4513273572679282 -3923.107454458077882 -1234.69087090119001 8382.2496527165349107 15405
412000000 313.00234761204512779 13061.074607554650356 3265.4908954070583604 -3880.7108873482175113 -1203.8487056730775748 8350.0504884283545834 15409
413000000 309.99123349297082086 12935.425753924208038 3168.6993842546216911 -3866.080243914588209 -1219.5684397295165127 8254.3480678987270949 15399
414000000 309.12876344886814195 12899.43629352959033 3125.4606713383818715 -3911.0538401205476475 -1424.9080078527272235 8461.4225193116581067 15431
415000000 307.35005716620190697 12825.213797627979147 3251.7937366017667955 -3993.0033494641584184 -1233.2138621713224893 8478.010948237246339 15421
416000000 311.96387248060153752 13017.740743533009663 3136.9254288326792448 -3956.9199933796176083 -1329.1474423822132849 8422.9928645945110475 15425
417000000 310.70035493971795404 12965.016228859754847 3283.8378643580267635 -3887.0838919068391988 -1350.3476312419697933 8521.2693875068362104 15417
418000000 309.4395342981154613 12912.404251370287966 3352.272081879853431 -3987.3590233143804653 -1196.3610158243759543 8535.9921210186093958 15406
419000000 310.68313971661712003 12964.297865834618278 3292.3815879024641617 -3962.300007984765216 -1223.7549395070882383 8478.436535394317616 15392
420000000 312.12723066102080338 13024.557412476511672 3326.3065721566872526 -3943.5917962836902007 -1218.3895455671754462 8488.2879140075528994 15413
421000000 311.01589193497858332 12978.183070156583199 3310.4194992751176869 -3985.2365478149745286 -1261.8303826798603495 8557.4864297699532472 15417
422000000 310.51639576695077949 12957.33991429346861 3287.8202832797633164 -3934.6637896540082693 -1310.9626096312495065 8533.4466825650215469 15425
423000000 308.88444562218717238 12889.24131133031733 3135.2461974039906636 -3921.545569026861358 -1297.4810273564903582 8354.2727937873423798 15421
424000000 308.02946897236347468 12853.564537988970187 3281.9174378137422536 -3893.9721831267274865 -1319.4719322093137635 8495.3615531497835036 15440
425000000 305.18498575150988472 12734.868918448266413 3280.6392177531006382 -3884.4124662757490114 -1215.9921567688261348 8381.0438407976762392 15406
426000000 306.45980271458421385 12788.064939477246298 3192.3925364526980957 -3946.4971281974894737 -1268.4604614534493976 8407.3501261036381038 15416
427000000 311.68551836489223206 13006.125482815843498 3278.9095973968701401 -3910.1964177888976337 -1150.6727468744838916 8339.7787620602503011 15407
428000000 313.14464858116491541 13067.012593606770679 3200.4444873710444881 -3848.0350440399870422 -1320.6566992039302022 8369.1362306149621872 15407
429000000 308.85085631425721431 12887.839684600561668 3163.3066230242020538 -3860.3779148063140383 -1405.5995212611094303 8429.2840590916239307 15422
430000000 308.67515803992921519 12880.508083777358479 3182.8237180328524119 -3942.5474702435421932 -1271.5719832386535018 8396.9431715150494711 15416
431000000 311.42959366828489465 12995.446164971086546 3295.4684226946801573 -3890.1410896975189644 -1211.6456070638382698 8397.255119456036482 15417
432000000 308.49368631630341042 12872.935566384052436 3070.5606934704037485 -3920.9290594888716441 -1350.8832823571431163 8342.3730353164173721 15433
433000000 305.66233565660201066 12754.787947081384118 3202.8263927986126873 -3948.798713189913542 -1217.3584161931951257 8368.9835221817211277 15418
434000000 313.21444295242014277 13069.924998248801785 3177.6535215496096498 -3915.6451771028177973 -1316.8317984724117196 8410.1304971248391666 15411
435000000 312.37099305261364179 13034.729217280533703 2972.7822901136978544 -4030.1737665285277217 -1327.4547516540767447 8330.4108082963030029 15439
436000000 309.81884532975271895 12928.232278608675188 3296.169727060769219 -3930.5558855343742835 -1296.5010867142855204 8523.2266993094290228 15426
437000000 312.29490015382788215 13031.553985414931958 3034.0974824346135392 -4050.6339767782455965 -1275.6766720681534935 8360.4081312810121744 15430
438000000 306.95099276371627184 12808.561494621790189 3160.4014899383737429 -4021.4187341490796825 -1260.9036114716877819 8442.7238355591416621 15416
439000000 307.0920127897067573 12814.446029018012268 3188.4209013043919185 -3949.4606503091526974 -1265.8611004655713259 8403.7426520791177609 15433
440000000 311.01203124528825583 12978.021969907762468 3012.2750251928264333 -3997.0617273778416347 -1315.5251157124257588 8324.8618682830929174 15423
441000000 309.27260141745034616 12905.438416048427825 3234.269320695082115 -3922.2442460118963936 -1297.4793346683982236 8453.9929013753771869 15408
442000000 311.85647068507847735 13013.259042756595591 3072.0302904141190083 -3872.2221825128458477 -1339.9672845722784587 8284.2197574992424052 15432
443000000 309.37634500919989478 12909.767465981229179 3014.5187126809005349 -3943.548766678971333 -1392.0747445844563117 8350.1422239443272701 15444
444000000 313.36493176428149354 13076.204649549561509 3308.8772702672295054 -3888.0469860596240324 -1181.4078069334764223 8378.33206326032996 15407
445000000 314.53667547498446311 13125.099592808561283 3145.7642848074860922 -3844.6904320765424927 -1337.8258209357588839 8328.280537819788151 15411
446000000 306.65468080883920265 12796.196882728985656 3268.3914792544574084 -3831.0069486996872001 -1258.9212211983613088 8358.3196491525050078 15408
447000000 311.00635722891428259 12977.785202510487579 3185.707646363193362 -4033.2947463454197532 -1227.7477155590031543 8446.7501082676171791 15418
448000000 310.61148155609242849 12961.307688323191542 3352.3733231640676422 -3907.545137578390495 -1301.4304710755782253 8561.3489318180363625 15417
449000000 311.56540408827873989 13001.113311053393772 3011.4863448509222508 -3968.7571593675747863 -1336.9483710821573368 8317.1918753006539191 15424
450000000 313.39100592939064427 13077.292681695067586 3154.1519175900939445 -3943.2900315941101326 -1266.5461401073948764 8363.9880892915989534 15424
451000000 313.26964046128739483 13072.228299763843097 3370.7979510995733108 -3833.4871536454220404 -1277.0764711447795889 8481.3615758897758496 15418
452000000 305.56272349124020593 12750.631294795750364 3226.8149100468408506 -3878.9446207613709703 -1307.3672613858620934 8413.126792194074369 15430
453000000 308.99665774669080065 12893.923739245619799 3196.3426331633586415 -3921.1046146360804414 -1276.5130764521363744 8393.9603242515768216 15431
454000000 309.76160174087715404 12925.843597530683837 3279.9978836457371472 -3836.1999655522704415 -1212.6244369790540532 8328.8222861770609597 15406
455000000 306.88658292559915708 12805.87377771638603 3378.4287793245389366 -3828.5061782784878233 -1230.484296180756246 8437.4192537837825512 15407
456000000 309.33929117699329936 12908.221270335610825 3319.135612584133014 -3815.7933321270138549 -1280.9199558924208304 8415.8489006035670172 15425
457000000 308.66747778608532826 12880.187599380915344 3279.3984542487260114 -3968.7190812354601803 -1306.2889897380118782 8554.4065252221989795 15425
458000000 312.15311324661610115 13025.637450323114535 3284.7041691152280691 -3887.8419003624317156 -1231.3313462472615356 8403.8774157249208656 15409
459000000 310.39399938366540255 12952.232513962508165 3304.4926731302684857 -3879.4034073799462021 -1237.4589405615897704 8421.3550210718040034 15403
460000000 306.69757939326558471 12797.986970298699816 3264.9794707846449455 -3873.3689971344865626 -1301.5038736536891975 8439.8523415728213877 15426
461000000 313.33294150433943059 13074.86974846972771 3212.1502255342757053 -3838.3549830822748845 -1329.9231362479681593 8380.4283448645182943 15409
462000000 306.8936563246957121 12806.168939059532931 3119.8290292308547578 -3949.705911631039271 -1231.4607205669387895 8300.9956614288330456 15409
463000000 307.95680412899832845 12850.532353253682231 3236.605485459704596 -3958.403444175461118 -1234.0527496237461946 8429.0616792589135002 15403
464000000 306.51229879508315435 12790.255514817117728 3315.2634220067720889 -3876.7232241841120413 -1339.3261687571800849 8531.3128149480635329 15423
465000000 311.753067035424408 13008.944178049896436 3157.8098639685995295 -3953.8750063802335717 -1255.5473657366896987 8367.2322360855232546 15393
466000000 310.69750374547214733 12964.897253200149862 2988.4762923389280331 -3911.64991306556567 -1351.9275266499466852 8252.0537320544390241 15415
467000000 311.06952502205211886 12980.421090915997411 3134.9871932188470964 -3877.7464240253580101 -1383.6526651443232367 8396.3862823885283433 15429
468000000 308.07808565886267615 12855.593232579865798 3251.2793242945340353 -3965.2610672610726397 -1211.7759715802549181 8428.3163631358620478 15421
469000000 309.70807729322302748 12923.61011011606206 3367.0337030145319659 -3853.7639522404415402 -1296.5509171813246212 8517.3485724362981273 15410
470000000 311.08324885906404234 12980.993764125902089 3227.7802640520367277 -3892.735984080894923 -1270.7712497923755564 8391.2874979253065248 15411
471000000 311.28384518931596858 12989.364319987256749 3180.6441375169442836 -4004.4285506168944266 -1339.283328504369365 8524.3560166382085299 15427
472000000 311.77221261722752388 13009.743091777680092 3418.7262591857625011 -3862.6841197747039587 -1115.2449096372401982 8396.6552885977071128 15391
473000000 313.0894023330474738 13064.707258282756811 3432.815914135624098 -3909.6098163652850417 -1154.0572115219324587 8496.4829420228415984 15403
474000000 309.57120651572739689 12917.898717054307781 3212.9587064647212173 -3975.6580513271364907 -1243.4530261155846347 8432.069783907443707 15430
475000000 307.59379278616017928 12835.384485295597187 3191.7550919194591188 -3862.8423419354503494 -1203.8898759673372751 8258.4873098222469707 15405
476000000 312.02805952477103801 13020.41916361238691 3099.0559006300891269 -3912.6218992633612288 -1290.4795673833530145 8302.1573672768026881 15419
477000000 307.16172390020011562 12817.354959325006348 3357.6427448938416092 -3878.5266987089348731 -1269.5409016257042367 8505.7103452284809464 15419
478000000 310.1853228990822231 12943.524786513251456 3659.2434188102515691 -3872.552596107384943 -1061.2944150415619333 8593.0904299591984454 15397
479000000 309.72012005077829144 12924.112634637394876 3337.3051527248476305 -3863.651018341830877 -1282.3547495362304289 8483.3109206029075722 15429
480000000 310.87526628445402821 12972.314992401736163 3351.8144134718490932 -3824.4804775884263108 -1271.1868335679664597 8447.4817246282418637 15419
481000000 313.50391988646782693 13082.004395932581247 3210.0170883634978054 -3898.1747250976427495 -1344.2845369095168735 8452.4763503706581105 15438
482000000 307.68810567801756406 12839.320007589285524 3369.4026783850626998 -3846.3916563183074686 -1306.8461752792595689 8522.6405099826297374 15422
483000000 310.90407424476808274 12973.517101337416534 3170.4369518736639293 -3867.941073927796424 -1318.3410974940993583 8356.7191232955592568 15409
484000000 307.96980062930128952 12851.074675895633845 3232.5356623785100965 -3851.5163854228981108 -1359.3144002303176876 8443.3664480317274865 15415
485000000 307.42914683804258402 12828.51407991812448 3210.1989612626657618 -3911.4934704372717533 -1215.933408863601926 8337.6258405635380768 15408
486000000 306.12927104848398585 12774.272395159190637 3177.1691560344506797 -3848.7861890644180676 -1373.1154771798971979 8399.070822278765263 15426
487000000 311.33640217004960959 12991.557436594039245 3316.4941939472691956 -3849.629258910846147 -1215.2607941139372087 8381.3842469720511872 15411
488000000 312.43376987485919472 13037.348791111942774 3165.175563239668918 -3924.7066661696039773 -1371.2469837402386474 8461.1292131495119975 15435
489000000 310.2327142108863427 12945.502348227870243 3299.3764967036440794 -3888.3392513879716716 -1292.1117222063069221 8479.8274702979215363 15422
490000000 310.87954015752927717 12972.493334115544712 3113.8093359563417835 -3876.9836683555972741 -1450.4617725211287507 8441.2547768330678082 15443
491000000 310.70511912565712009 12965.215030525207112 3330.1633254200041847 -3929.0885795461999805 -1284.148581810798305 8543.4004867770017881 15435
492000000 309.33876918704248737 12908.199488551084869 3169.2193162448465955 -3894.4668770345415396 -1286.3552538678800374 8350.0414471472686273 15418
493000000 305.68240768108148586 12755.625519742583492 3232.2285901766372263 -3883.289890887056572 -1330.6018914690571364 8446.1203725327504799 15428
494000000 312.90208172087130833 13056.890676363063903 3329.1506914368765138 -3927.6196222133580704 -1215.5943364120216756 8472.3646500622562598 15410
495000000 305.53776144284699967 12749.589669456807314 3373.0894657587250549 -3893.8577383374272358 -1212.2624050219046694 8479.2096091180574149 15392
496000000 310.78405841689203726 12968.509037679315952 3220.0570285659782712 -3859.5482410415825143 -1290.2466880637441591 8369.8519576713042625 15419
497000000 312.50584716291456289 13040.356458127809674 3292.1920454277478711 -3907.6469053633645672 -1206.6396243160568247 8406.4785751071703999 15409
498000000 310.67530159886001684 12963.970794035989456 3179.8037390421027339 -3931.429258149951238 -1287.6633697872177891 8398.8963669792719884 15425
499000000 306.35841401319953547 12783.83415525709097 3362.3922848545275883 -3811.4824203496782502 -1250.3889628440379056 8424.2636680482446536 15410
500000000 312.79365939609527913 13052.366390574703473 2918.271967045106976 -3941.342753030887252 -1324.586530360443021 8184.2012504364374763 15416
