# Fix print output for fix saveBond
1000000 125357 125370
2000000 251259 251244
3000000 377712 377709
4000000 503926 503890
5000000 629958 629941
6000000 755807 755795
7000000 881960 881957
8000000 1007825 1007835
9000000 1133628 1133612
10000000 1259950 1259967
11000000 1386592 1386567
12000000 1512505 1512502
13000000 1637773 1637765
14000000 1763881 1763864
15000000 1890355 1890345
16000000 2016192 2016210
17000000 2142692 2142687
18000000 2269356 2269337
19000000 2395561 2395593
20000000 2521010 2521010
21000000 2646779 2646797
22000000 2772277 2772282
23000000 2899312 2899304
24000000 3025289 3025267
25000000 3150901 3150890
26000000 3276412 3276417
27000000 3403111 3403099
28000000 3529697 3529696
29000000 3655636 3655635
30000000 3781892 3781881
31000000 3907615 3907624
32000000 4033699 4033694
33000000 4159776 4159770
34000000 4286585 4286557
35000000 4412584 4412587
36000000 4538589 4538605
37000000 4664369 4664353
38000000 4791169 4791155
39000000 4916995 4916988
40000000 5043098 5043102
41000000 5169598 5169597
42000000 5295896 5295897
43000000 5422910 5422911
44000000 5548690 5548683
45000000 5674754 5674768
46000000 5800470 5800429
47000000 5926713 5926704
48000000 6053029 6052999
49000000 6179750 6179726
50000000 6305129 6305120
51000000 6431668 6431654
52000000 6557651 6557622
53000000 6684051 6684054
54000000 6809667 6809651
55000000 6935831 6935824
56000000 7062016 7062010
57000000 7188045 7188046
58000000 7314350 7314353
59000000 7440359 7440370
60000000 7566548 7566561
61000000 7692475 7692481
62000000 7819102 7819097
63000000 7945700 7945691
64000000 8071446 8071432
65000000 8197273 8197258
66000000 8323144 8323156
67000000 8449484 8449479
68000000 8575448 8575433
69000000 8702152 8702134
70000000 8828242 8828223
71000000 8954792 8954786
72000000 9080790 9080793
73000000 9206917 9206890
74000000 9332832 9332831
75000000 9459192 9459196
76000000 9585975 9585982
77000000 9711938 9711918
78000000 9837447 9837432
79000000 9963401 9963402
80000000 10090004 10089972
81000000 10216258 10216237
82000000 10341537 10341536
83000000 10466750 10466747
84000000 10593197 10593166
85000000 10719517 10719517
86000000 10845774 10845767
87000000 10971692 10971704
88000000 11098301 11098281
89000000 11224931 11224920
90000000 11351172 11351173
91000000 11475912 11475910
92000000 11602498 11602512
93000000 11728652 11728643
94000000 11855054 11855043
95000000 11981360 11981362
96000000 12107762 12107760
97000000 12233178 12233169
98000000 12359420 12359402
99000000 12485352 12485338
100000000 12611485 12611470
101000000 12736974 12736968
102000000 12862280 12862279
103000000 12988038 12988057
104000000 13113901 13113899
105000000 13240044 13240026
106000000 13366464 13366473
107000000 13492291 13492293
108000000 13618672 13618649
109000000 13745076 13745058
110000000 13871333 13871329
111000000 13997876 13997888
112000000 14123515 14123498
113000000 14249434 14249408
114000000 14375217 14375208
115000000 14501641 14501639
116000000 14627264 14627261
117000000 14752754 14752738
118000000 14879405 14879406
119000000 15005363 15005343
120000000 15131108 15131105
121000000 15256857 15256858
122000000 15382849 15382862
123000000 15508221 15508204
124000000 15634114 15634113
125000000 15760141 15760134
126000000 15885704 15885682
127000000 16011082 16011062
128000000 16137337 16137305
129000000 16263821 16263817
130000000 16389184 16389169
131000000 16515730 16515731
132000000 16641851 16641840
133000000 16767609 16767616
134000000 16893595 16893582
135000000 17019997 17020000
136000000 17145758 17145735
137000000 17272278 17272279
138000000 17397312 17397330
139000000 17523396 17523420
140000000 17649776 17649794
141000000 17776250 17776257
142000000 17902233 17902227
143000000 18028220 18028256
144000000 18154662 18154661
145000000 18280460 18280438
146000000 18406165 18406166
147000000 18531637 18531628
148000000 18657502 18657493
149000000 18783231 18783216
150000000 18908743 18908762
151000000 19034820 19034810
152000000 19160423 19160422
153000000 19286529 19286520
154000000 19412907 19412889
155000000 19538926 19538938
156000000 19664381 19664365
157000000 19791090 19791084
158000000 19917106 19917102
159000000 20043341 20043330
160000000 20169822 20169808
161000000 20295757 20295723
162000000 20421925 20421923
163000000 20548479 20548483
164000000 20674480 20674472
165000000 20800782 20800779
166000000 20926644 20926628
167000000 21052778 21052775
168000000 21179489 21179492
169000000 21305497 21305485
170000000 21431962 21431926
171000000 21558902 21558913
172000000 21685134 21685134
173000000 21811224 21811215
174000000 21937269 21937270
175000000 22063646 22063642
176000000 22188763 22188749
177000000 22314035 22314028
178000000 22439976 22439968
179000000 22566178 22566192
180000000 22692746 22692742
181000000 22818436 22818445
182000000 22944167 22944152
183000000 23070883 23070881
184000000 23197784 23197781
185000000 23323685 23323678
186000000 23449406 23449394
187000000 23575607 23575601
188000000 23701058 23701048
189000000 23826644 23826659
190000000 23952301 23952304
191000000 24078063 24078079
192000000 24203888 24203899
193000000 24329716 24329711
194000000 24455547 24455533
195000000 24581300 24581303
196000000 24707715 24707691
197000000 24833126 24833123
198000000 24958944 24958930
199000000 25084901 25084913
200000000 25211334 25211330
201000000 25337388 25337400
202000000 25463496 25463518
203000000 25589253 25589236
204000000 25715176 25715187
205000000 25840702 25840703
206000000 25966929 25966938
207000000 26092416 26092428
208000000 26218449 26218445
209000000 26344584 26344607
210000000 26470636 26470633
211000000 26596016 26596003
212000000 26722581 26722554
213000000 26848725 26848710
214000000 26974961 26974957
215000000 27101442 27101444
216000000 27227286 27227284
217000000 27352851 27352878
218000000 27479008 27478999
219000000 27604742 27604740
220000000 27730919 27730906
221000000 27857021 27857014
222000000 27983144 27983149
223000000 28109059 28109068
224000000 28235164 28235161
225000000 28361436 28361421
226000000 28487507 28487485
227000000 28614099 28614090
228000000 28740848 28740835
229000000 28867210 28867192
230000000 28993455 28993438
231000000 29119282 29119284
232000000 29244788 29244771
233000000 29370068 29370106
234000000 29496061 29496071
235000000 29621533 29621515
236000000 29747598 29747590
237000000 29874114 29874120
238000000 30000650 30000668
239000000 30126789 30126798
240000000 30252847 30252866
241000000 30379122 30379127
242000000 30505138 30505116
243000000 30631800 30631775
244000000 30757810 30757816
245000000 30883393 30883387
246000000 31009500 31009481
247000000 31135977 31135967
248000000 31262289 31262284
249000000 31387672 31387681
250000000 31514366 31514366
251000000 31640296 31640302
252000000 31766121 31766108
253000000 31892125 31892107
254000000 32018237 32018204
255000000 32144887 32144884
256000000 32270701 32270705
257000000 32397405 32397397
258000000 32522888 32522885
259000000 32648169 32648165
260000000 32774265 32774245
261000000 32900336 32900349
262000000 33026588 33026582
263000000 33152544 33152549
264000000 33278311 33278305
265000000 33404329 33404310
266000000 33529609 33529584
267000000 33655801 33655775
268000000 33781855 33781857
269000000 33908136 33908116
270000000 34034945 34034933
271000000 34161117 34161107
272000000 34287202 34287208
273000000 34413122 34413110
274000000 34539481 34539481
275000000 34665130 34665112
276000000 34791374 34791363
277000000 34917828 34917821
278000000 35043698 35043704
279000000 35169065 35169093
280000000 35295522 35295498
281000000 35422180 35422187
282000000 35548620 35548614
283000000 35674522 35674508
284000000 35800867 35800865
285000000 35926231 35926241
286000000 36051746 36051735
287000000 36177764 36177726
288000000 36303650 36303640
289000000 36430026 36430023
290000000 36556616 36556636
291000000 36682353 36682347
292000000 36808569 36808574
293000000 36934653 36934653
294000000 37061030 37061038
295000000 37187259 37187258
296000000 37313276 37313286
297000000 37438901 37438896
298000000 37564710 37564732
299000000 37691041 37691049
300000000 37817598 37817607
301000000 37943450 37943447
302000000 38069178 38069161
303000000 38195496 38195485
304000000 38321921 38321914
305000000 38447824 38447818
306000000 38573885 38573851
307000000 38700509 38700509
308000000 38826952 38826954
309000000 38953280 38953299
310000000 39080028 39080019
311000000 39206551 39206544
312000000 39332427 39332411
313000000 39458753 39458738
314000000 39584636 39584643
315000000 39710635 39710624
316000000 39836915 39836893
317000000 39963612 39963585
318000000 40089100 40089088
319000000 40214848 40214853
320000000 40341640 40341626
321000000 40467344 40467343
322000000 40593034 40593036
323000000 40718895 40718894
324000000 40844697 40844695
325000000 40971356 40971336
326000000 41097469 41097475
327000000 41223602 41223599
328000000 41349758 41349775
329000000 41475036 41475046
330000000 41601156 41601162
331000000 41727004 41727014
332000000 41853295 41853281
333000000 41979842 41979844
334000000 42106170 42106164
335000000 42231365 42231366
336000000 42357275 42357274
337000000 42484129 42484111
338000000 42610247 42610247
339000000 42736569 42736549
340000000 42862841 42862835
341000000 42988561 42988545
342000000 43114799 43114809
343000000 43240865 43240839
344000000 43366912 43366933
345000000 43492619 43492589
346000000 43617555 43617553
347000000 43743792 43743772
348000000 43869329 43869326
349000000 43995321 43995310
350000000 44121222 44121189
351000000 44247017 44247004
352000000 44373200 44373196
353000000 44499796 44499766
354000000 44625956 44625932
355000000 44752213 44752209
356000000 44878001 44877988
357000000 45004117 45004090
358000000 45130282 45130277
359000000 45256923 45256929
360000000 45382843 45382854
361000000 45509308 45509274
362000000 45635267 45635258
363000000 45761758 45761761
364000000 45887902 45887906
365000000 46013660 46013661
366000000 46139354 46139322
367000000 46265103 46265100
368000000 46390828 46390816
369000000 46517124 46517109
370000000 46642792 46642785
371000000 46768764 46768739
372000000 46895580 46895562
373000000 47021854 47021853
374000000 47147836 47147844
375000000 47273683 47273672
376000000 47400011 47400010
377000000 47525399 47525390
378000000 47650679 47650667
379000000 47777237 47777224
380000000 47903837 47903804
381000000 48030435 48030429
382000000 48156327 48156324
383000000 48282045 48282054
384000000 48407911 48407902
385000000 48533252 48533219
386000000 48658969 48658970
387000000 48785179 48785171
388000000 48911365 48911389
389000000 49036833 49036813
390000000 49162478 49162497
391000000 49288111 49288101
392000000 49414044 49414050
393000000 49539926 49539916
394000000 49665446 49665428
395000000 49791133 49791134
396000000 49917613 49917603
397000000 50042895 50042910
398000000 50168633 50168616
399000000 50293947 50293971
400000000 50420356 50420326
401000000 50546754 50546763
402000000 50673114 50673121
403000000 50799254 50799240
404000000 50925278 50925263
405000000 51051238 51051239
406000000 51177058 51177075
407000000 51303838 51303826
408000000 51429644 51429630
409000000 51555824 51555817
410000000 51683525 51683512
411000000 51809910 51809885
412000000 51935236 51935252
413000000 52061144 52061142
414000000 52187237 52187213
415000000 52313194 52313178
416000000 52439762 52439750
417000000 52565837 52565839
418000000 52692011 52692006
419000000 52818693 52818696
420000000 52945064 52945059
421000000 53071708 53071698
422000000 53198342 53198344
423000000 53324665 53324660
424000000 53451293 53451285
425000000 53577546 53577555
426000000 53703187 53703184
427000000 53828477 53828495
428000000 53955204 53955182
429000000 54081922 54081926
430000000 54208403 54208394
431000000 54334546 54334518
432000000 54460452 54460432
433000000 54587534 54587523
434000000 54713593 54713571
435000000 54840045 54840032
436000000 54965517 54965516
437000000 55091679 55091676
438000000 55218057 55218056
439000000 55344012 55344017
440000000 55470250 55470218
441000000 55596316 55596329
442000000 55722579 55722581
443000000 55847939 55847930
444000000 55973725 55973736
445000000 56099482 56099469
446000000 56225558 56225542
447000000 56351693 56351686
448000000 56477868 56477860
449000000 56603651 56603636
450000000 56729689 56729691
451000000 56855866 56855885
452000000 56982908 56982900
453000000 57109117 57109123
454000000 57235793 57235780
455000000 57361371 57361363
456000000 57487634 57487648
457000000 57613148 57613157
458000000 57739536 57739563
459000000 57865980 57865979
460000000 57991732 57991721
461000000 58118689 58118688
462000000 58243991 58243963
463000000 58370010 58370017
464000000 58495449 58495447
465000000 58621927 58621930
466000000 58747942 58747937
467000000 58874448 58874469
468000000 59000559 59000543
469000000 59127296 59127292
470000000 59253872 59253874
471000000 59379909 59379908
472000000 59506289 59506288
473000000 59631385 59631381
474000000 59757716 59757697
475000000 59883520 59883526
476000000 60009678 60009696
477000000 60135592 60135606
478000000 60262142 60262137
479000000 60388102 60388101
480000000 60514210 60514196
481000000 60640423 60640401
482000000 60766318 60766326
483000000 60892688 60892712
484000000 61019500 61019504
485000000 61145600 61145601
486000000 61271692 61271691
487000000 61398218 61398195
488000000 61524270 61524271
489000000 61650698 61650697
490000000 61776849 61776857
491000000 61902719 61902733
492000000 62028845 62028833
493000000 62154882 62154856
494000000 62280584 62280589
495000000 62407120 62407130
496000000 62533244 62533230
497000000 62659005 62659009
498000000 62784789 62784794
499000000 62911246 62911258
500000000 63037172 63037167
