# Fix print output for fix saveBond
1000000 126837 126858
2000000 253503 253494
3000000 379589 379609
4000000 505940 505973
5000000 632280 632302
6000000 758377 758405
7000000 884483 884522
8000000 1010521 1010522
9000000 1136935 1136943
10000000 1262684 1262685
11000000 1388813 1388839
12000000 1514247 1514252
13000000 1640676 1640705
14000000 1766465 1766476
15000000 1892639 1892647
16000000 2018748 2018769
17000000 2145142 2145153
18000000 2271907 2271910
19000000 2397909 2397941
20000000 2524046 2524084
21000000 2650383 2650401
22000000 2776664 2776686
23000000 2902484 2902497
24000000 3028178 3028192
25000000 3153909 3153927
26000000 3279416 3279436
27000000 3405201 3405236
28000000 3531651 3531654
29000000 3657315 3657337
30000000 3783183 3783195
31000000 3909178 3909185
32000000 4034647 4034679
33000000 4160955 4160973
34000000 4287008 4287025
35000000 4413539 4413564
36000000 4539193 4539205
37000000 4665386 4665409
38000000 4791223 4791272
39000000 4917200 4917209
40000000 5042898 5042923
41000000 5169243 5169268
42000000 5295675 5295694
43000000 5421833 5421839
44000000 5547971 5547990
45000000 5674071 5674109
46000000 5800646 5800673
47000000 5927253 5927285
48000000 6053949 6053971
49000000 6179546 6179560
50000000 6305340 6305361
51000000 6432289 6432283
52000000 6558570 6558602
53000000 6685065 6685080
54000000 6811659 6811676
55000000 6937701 6937729
56000000 7064322 7064321
57000000 7190841 7190837
58000000 7317208 7317226
59000000 7442755 7442780
60000000 7568196 7568185
61000000 7694318 7694335
62000000 7820452 7820466
63000000 7946001 7946011
64000000 8072494 8072484
65000000 8198967 8198969
66000000 8325576 8325593
67000000 8451831 8451849
68000000 8577851 8577856
69000000 8704084 8704090
70000000 8830479 8830497
71000000 8957272 8957275
72000000 9084052 9084059
73000000 9210361 9210366
74000000 9336482 9336488
75000000 9462401 9462406
76000000 9588833 9588855
77000000 9715015 9715019
78000000 9840596 9840619
79000000 9966682 9966677
80000000 10092313 10092309
81000000 10218503 10218508
82000000 10344235 10344271
83000000 10470373 10470398
84000000 10596057 10596076
85000000 10721734 10721730
86000000 10847783 10847815
87000000 10974439 10974459
88000000 11100810 11100818
89000000 11226934 11226954
90000000 11353122 11353147
91000000 11478665 11478689
92000000 11604036 11604068
93000000 11729955 11729965
94000000 11855498 11855531
95000000 11981193 11981235
96000000 12106823 12106845
97000000 12232654 12232658
98000000 12358830 12358834
99000000 12484523 12484532
100000000 12610444 12610469
101000000 12736957 12736968
102000000 12862717 12862740
103000000 12989150 12989157
104000000 13115259 13115277
105000000 13240572 13240599
106000000 13366388 13366399
107000000 13491918 13491910
108000000 13617479 13617525
109000000 13743481 13743513
110000000 13869694 13869699
111000000 13995590 13995617
112000000 14121411 14121436
113000000 14247585 14247584
114000000 14374370 14374375
115000000 14501173 14501170
116000000 14627095 14627124
117000000 14753293 14753320
118000000 14879435 14879464
119000000 15005319 15005339
120000000 15131644 15131675
121000000 15258062 15258103
122000000 15383908 15383931
123000000 15510239 15510240
124000000 15636413 15636481
125000000 15762565 15762605
126000000 15888484 15888495
127000000 16014217 16014226
128000000 16139903 16139927
129000000 16266656 16266662
130000000 16392579 16392619
131000000 16518744 16518745
132000000 16644926 16644937
133000000 16770794 16770824
134000000 16896624 16896636
135000000 17022563 17022600
136000000 17148514 17148545
137000000 17273860 17273874
138000000 17398817 17398855
139000000 17523636 17523669
140000000 17649657 17649693
141000000 17775229 17775252
142000000 17901060 17901100
143000000 18026676 18026687
144000000 18152572 18152605
145000000 18278127 18278160
146000000 18403397 18403435
147000000 18528944 18528979
148000000 18654441 18654459
149000000 18780350 18780368
150000000 18906095 18906097
151000000 19032585 19032608
152000000 19157923 19157932
153000000 19282939 19282972
154000000 19408941 19408956
155000000 19534275 19534304
156000000 19660893 19660940
157000000 19787053 19787059
158000000 19913390 19913429
159000000 20039491 20039502
160000000 20165227 20165267
161000000 20291612 20291610
162000000 20417055 20417098
163000000 20542649 20542669
164000000 20668139 20668176
165000000 20793876 20793906
166000000 20919408 20919430
167000000 21045553 21045582
168000000 21171445 21171457
169000000 21297295 21297317
170000000 21422970 21423014
171000000 21549167 21549171
172000000 21675453 21675461
173000000 21801075 21801125
174000000 21926954 21926970
175000000 22053035 22053043
176000000 22178888 22178886
177000000 22305692 22305686
178000000 22432499 22432534
179000000 22558476 22558494
180000000 22684435 22684433
181000000 22810548 22810558
182000000 22937329 22937330
183000000 23063229 23063251
184000000 23189106 23189139
185000000 23314238 23314263
186000000 23440825 23440863
187000000 23566473 23566497
188000000 23692311 23692355
189000000 23818545 23818564
190000000 23944597 23944617
191000000 24070562 24070592
192000000 24196661 24196656
193000000 24322778 24322787
194000000 24449530 24449548
195000000 24575742 24575745
196000000 24702106 24702097
197000000 24828012 24828036
198000000 24954259 24954281
199000000 25079989 25080018
200000000 25206403 25206417
201000000 25332089 25332114
202000000 25458285 25458284
203000000 25584183 25584208
204000000 25710813 25710839
205000000 25837258 25837279
206000000 25963743 25963765
207000000 26089786 26089803
208000000 26215696 26215720
209000000 26341613 26341625
210000000 26468261 26468261
211000000 26593812 26593836
212000000 26719955 26719960
213000000 26846419 26846433
214000000 26973224 26973240
215000000 27098925 27098941
216000000 27224725 27224730
217000000 27350864 27350889
218000000 27476339 27476361
219000000 27601764 27601771
220000000 27727443 27727440
221000000 27853301 27853307
222000000 27978957 27978978
223000000 28105202 28105233
224000000 28231469 28231507
225000000 28357256 28357285
226000000 28483807 28483811
227000000 28609899 28609928
228000000 28735078 28735114
229000000 28861727 28861732
230000000 28988340 28988351
231000000 29114897 29114921
232000000 29241225 29241229
233000000 29367752 29367781
234000000 29493914 29493916
235000000 29619444 29619470
236000000 29745447 29745470
237000000 29871298 29871337
238000000 29997151 29997169
239000000 30123139 30123148
240000000 30249253 30249290
241000000 30375429 30375458
242000000 30501057 30501081
243000000 30627219 30627233
244000000 30753323 30753323
245000000 30878988 30879014
246000000 31005274 31005280
247000000 31130757 31130784
248000000 31256953 31256983
249000000 31383182 31383225
250000000 31509129 31509175
251000000 31634944 31634957
252000000 31760527 31760552
253000000 31886601 31886601
254000000 32012266 32012280
255000000 32138017 32138045
256000000 32264819 32264856
257000000 32390362 32390418
258000000 32516376 32516411
259000000 32642290 32642317
260000000 32767896 32767902
261000000 32893888 32893894
262000000 33020079 33020093
263000000 33145349 33145391
264000000 33271622 33271649
265000000 33397767 33397783
266000000 33524268 33524283
267000000 33650757 33650793
268000000 33777571 33777586
269000000 33903249 33903258
270000000 34030013 34030032
271000000 34155502 34155541
272000000 34281956 34281949
273000000 34407718 34407724
274000000 34533886 34533922
275000000 34659762 34659806
276000000 34785676 34785711
277000000 34912105 34912121
278000000 35038236 35038257
279000000 35163491 35163513
280000000 35289001 35289030
281000000 35414804 35414841
282000000 35540796 35540813
283000000 35666515 35666535
284000000 35792427 35792442
285000000 35917702 35917753
286000000 36043503 36043546
287000000 36169010 36169018
288000000 36294680 36294715
289000000 36421270 36421263
290000000 36547287 36547298
291000000 36673005 36673043
292000000 36798561 36798564
293000000 36924597 36924626
294000000 37050813 37050836
295000000 37176922 37176951
296000000 37303480 37303485
297000000 37429558 37429581
298000000 37555778 37555792
299000000 37681448 37681477
300000000 37807170 37807206
301000000 37932442 37932504
302000000 38058802 38058836
303000000 38184256 38184279
304000000 38309887 38309880
305000000 38436206 38436200
306000000 38562619 38562640
307000000 38688338 38688371
308000000 38813880 38813909
309000000 38939679 38939697
310000000 39065876 39065887
311000000 39192051 39192095
312000000 39317595 39317595
313000000 39443648 39443655
314000000 39569831 39569861
315000000 39695976 39695997
316000000 39822130 39822138
317000000 39948730 39948738
318000000 40074762 40074791
319000000 40201702 40201710
320000000 40327708 40327705
321000000 40454576 40454596
322000000 40580871 40580903
323000000 40707204 40707212
324000000 40833713 40833724
325000000 40959665 40959685
326000000 41085144 41085149
327000000 41212071 41212082
328000000 41338196 41338227
329000000 41464969 41464971
330000000 41591348 41591372
331000000 41717647 41717667
332000000 41844227 41844242
333000000 41970303 41970317
334000000 42096403 42096416
335000000 42222032 42222046
336000000 42348478 42348490
337000000 42475357 42475378
338000000 42601280 42601296
339000000 42727684 42727702
340000000 42853707 42853743
341000000 42980209 42980259
342000000 43106478 43106535
343000000 43232858 43232884
344000000 43359527 43359563
345000000 43485953 43485962
346000000 43612109 43612112
347000000 43737829 43737857
348000000 43864559 43864584
349000000 43990312 43990345
350000000 44116723 44116739
351000000 44242998 44243036
352000000 44368533 44368558
353000000 44494491 44494505
354000000 44620513 44620537
355000000 44746608 44746628
356000000 44873434 44873456
357000000 44999890 44999892
358000000 45126583 45126599
359000000 45253103 45253101
360000000 45378642 45378659
361000000 45504578 45504570
362000000 45629693 45629722
363000000 45755614 45755631
364000000 45881949 45881973
365000000 46008078 46008121
366000000 46134741 46134794
367000000 46259939 46259933
368000000 46386095 46386137
369000000 46512723 46512759
370000000 46638771 46638788
371000000 46764564 46764566
372000000 46890397 46890403
373000000 47016259 47016279
374000000 47142788 47142802
375000000 47269121 47269143
376000000 47395322 47395345
377000000 47520802 47520819
378000000 47646657 47646684
379000000 47772505 47772536
380000000 47898633 47898673
381000000 48024954 48024970
382000000 48151449 48151454
383000000 48277097 48277113
384000000 48403304 48403338
385000000 48529229 48529237
386000000 48655448 48655481
387000000 48781766 48781790
388000000 48907225 48907256
389000000 49033036 49033043
390000000 49159030 49159037
391000000 49284895 49284925
392000000 49410319 49410317
393000000 49536433 49536457
394000000 49661801 49661815
395000000 49787402 49787436
396000000 49913462 49913503
397000000 50040005 50040027
398000000 50165767 50165802
399000000 50291731 50291743
400000000 50417191 50417210
401000000 50542839 50542877
402000000 50668205 50668222
403000000 50794995 50795013
404000000 50921658 50921663
405000000 51048662 51048700
406000000 51174131 51174167
407000000 51300011 51300031
408000000 51426055 51426096
409000000 51552536 51552569
410000000 51678538 51678550
411000000 51804387 51804388
412000000 51930262 51930279
413000000 52055940 52055954
414000000 52182015 52182039
415000000 52307782 52307796
416000000 52434504 52434493
417000000 52560876 52560911
418000000 52686125 52686135
419000000 52812084 52812113
420000000 52937897 52937921
421000000 53064385 53064415
422000000 53190791 53190814
423000000 53316706 53316728
424000000 53442958 53442943
425000000 53569298 53569329
426000000 53695381 53695427
427000000 53820733 53820742
428000000 53946604 53946617
429000000 54073642 54073662
430000000 54200022 54200061
431000000 54325994 54326028
432000000 54451382 54451423
433000000 54576987 54576995
434000000 54702615 54702632
435000000 54828457 54828460
436000000 54954508 54954518
437000000 55080392 55080403
438000000 55205817 55205832
439000000 55332267 55332295
440000000 55458536 55458567
441000000 55584875 55584899
442000000 55710449 55710459
443000000 55836563 55836576
444000000 55962909 55962932
445000000 56088932 56088971
446000000 56215316 56215349
447000000 56340131 56340177
448000000 56465920 56465940
449000000 56592301 56592293
450000000 56718788 56718805
451000000 56844999 56845029
452000000 56971085 56971097
453000000 57097163 57097172
454000000 57223387 57223434
455000000 57349263 57349292
456000000 57474680 57474723
457000000 57599565 57599589
458000000 57725604 57725635
459000000 57851455 57851457
460000000 57977630 57977649
461000000 58104217 58104232
462000000 58229631 58229637
463000000 58355508 58355551
464000000 58481717 58481736
465000000 58607892 58607913
466000000 58734118 58734127
467000000 58860050 58860085
468000000 58986489 58986504
469000000 59111967 59111977
470000000 59238201 59238205
471000000 59363714 59363743
472000000 59489815 59489827
473000000 59615424 59615427
474000000 59742269 59742289
475000000 59868432 59868453
476000000 59994414 59994435
477000000 60120366 60120415
478000000 60245531 60245556
479000000 60372007 60372001
480000000 60497869 60497893
481000000 60623292 60623307
482000000 60749391 60749442
483000000 60875214 60875220
484000000 61000548 61000563
485000000 61127467 61127504
486000000 61253437 61253435
487000000 61379451 61379474
488000000 61505760 61505794
489000000 61631718 61631734
490000000 61757140 61757157
491000000 61882668 61882717
492000000 62008290 62008296
493000000 62134266 62134290
494000000 62261124 62261149
495000000 62387779 62387810
496000000 62514167 62514176
497000000 62640547 62640543
498000000 62766497 62766543
499000000 62893213 62893219
500000000 63019672 63019657
