# Steps Temp KinEng PotEng Epair Ebond Eangle Bonds
1000000 311.9614352145418934 13017.639040417725482 3447.2205254568079908 -3839.7595589344514337 -951.67998919638387179 8238.6600735876436374 15410
2000000 309.82111903872828407 12928.327156755092801 3472.1367467382597169 -3850.5571034864324247 -917.85935349181079346 8240.5532037165030488 15406
3000000 311.73646783357577306 13008.251520581270597 3561.5615434713404284 -3787.8913901804562556 -955.99595326637927428 8305.4488869181768678 15393
4000000 312.15268303478558209 13025.619498289022886 3551.9597241321466754 -3747.5300118659069994 -917.97770103781840589 8217.467437035871626 15393
5000000 309.30855237827199744 12906.938590679983463 3510.4092928309055424 -3821.4099439314327356 -991.1519487191949338 8322.9711854815323022 15398
6000000 308.99992156084169892 12894.059932857122476 3271.2212790550038335 -3912.9304725867796151 -1055.6090889686693117 8239.7608406104536698 15414
7000000 311.27539871578750308 12989.011862500061397 3311.4347659964842023 -3875.6792103182488063 -1032.3585904213280173 8219.4725667360617081 15416
8000000 307.96404116528930217 12850.834342908568942 3241.1463101355971048 -3959.859477314067135 -1072.6779789173576773 8273.683766367023054 15427
9000000 306.88688788634703997 12805.886503228226502 3508.1695193379728153 -3885.3947143879208852 -848.12951796063543952 8241.69375168652914 15387
10000000 307.3799007043512006 12826.459119528262818 3589.8875860493885739 -3791.1963291412348553 -972.64125201844808544 8353.7251672090715147 15393
11000000 307.10204418836673312 12814.864622831493762 3299.8190057101860475 -3808.3065035741728934 -1107.5396300797642652 8215.6651393641222967 15417
12000000 311.72620976554372874 13007.823468226653858 3526.4131944856262635 -3780.4351975163190218 -962.79249922713825072 8269.6408912290826265 15395
13000000 308.78213161342256399 12884.971915550804624 3308.2331512471246242 -3798.5558928634713993 -1061.23984500688357 8168.0288891174786841 15419
14000000 310.88665680184453777 12972.790300010739884 3450.8530311207628074 -3855.7273246082950209 -906.08041004031042576 8212.6607657693675719 15400
15000000 306.15175864109608028 12775.210765516767424 3528.4307520062011463 -3822.7587107280160126 -959.24157690471554361 8310.4310396389337257 15397
16000000 312.36860437760782361 13034.629541790229268 3206.1997511682720869 -3853.3544048781559468 -1134.6396412525441519 8194.1937972989726404 15439
17000000 307.17855176196553657 12818.057158396932209 3258.2582908243111888 -3855.4349672310572714 -1135.2310260702986398 8248.9242841256673273 15421
18000000 309.02108261618525376 12894.942948990150398 3252.4847159090631976 -3867.2148903882507511 -1097.7238959688729665 8217.4235022661887342 15424
19000000 307.81852013430102488 12844.761988955933703 3507.0530405730360144 -3776.617850511251163 -965.84088085597556983 8249.5117719402624061 15398
20000000 310.51067192562305763 12957.101067782592509 3467.5247346951455256 -3767.132923308457066 -1062.8044093991786667 8297.462067402781031 15419
21000000 305.141796927451594 12733.066719654738336 3427.7885280555274221 -3827.1345271825161944 -1051.5521824943602951 8306.4752377324039117 15412
22000000 313.9102183323278723 13098.958563704158223 3297.4218518539455545 -3784.7655799593985648 -1042.3362650976414443 8124.5236969109864731 15422
23000000 309.5372572486782019 12916.482069820878678 3457.8650553428437888 -3801.7329194089725206 -996.65573639715910303 8256.2537111489764357 15412
24000000 312.36338390980131408 13034.411700230806673 3555.5272283091908321 -3792.0559965489346723 -984.88928367348376014 8332.4725085316094919 15395
25000000 311.4535878667390989 12996.447403519454383 3512.6306763392803987 -3803.5386976752211012 -1016.8852065010453316 8333.0545805155470589 15409
26000000 310.38526668842712297 12951.868112912796278 3361.6296677651689606 -3849.6222701508613682 -994.50657739449229666 8205.7585153105228528 15398
27000000 308.88431271598199146 12889.235765372355672 3349.9956819921976603 -3921.2421504995136274 -1059.1239625000139313 8330.3617949917243095 15413
28000000 312.94849898025773882 13058.827592467845534 3424.3907250982224468 -3875.9658603764682994 -897.66400684979680591 8198.0205923244884616 15386
29000000 308.22354517636387072 12861.663019675574105 3528.2470024121212191 -3804.2525582434718672 -897.72932176166750651 8230.2288824172610475 15374
30000000 308.58110183579447039 12876.583272641342774 3370.3825583211128105 -3760.3383127227771183 -1086.2091048535969549 8216.9299758974866563 15427
31000000 308.66166286831742127 12879.944952399566318 3464.2728905605094951 -3779.2263652793953952 -966.56957494728283109 8210.0688307871878351 15384
32000000 311.72397002280337119 13007.730007435524385 3188.4271983627504596 -3896.2886871424034325 -1039.9568985719465672 8124.6727840771000047 15418
33000000 304.74261355865530732 12716.409452379524737 3408.631295172344835 -3871.5757919514462628 -1020.2899377746065284 8300.4970248983991041 15414
34000000 308.99916947385833055 12894.028549500812005 3450.8139260190064306 -3766.1943049932483518 -940.20827484516462391 8157.2165058574200884 15393
35000000 313.46216079336454641 13080.261857466890433 3381.7896696661714486 -3805.3728075487842943 -1037.6968662386966571 8224.8593434536524001 15424
36000000 308.45381772469482939 12871.271915445104241 3379.5141958343283477 -3770.1108789651425468 -1125.370906457373394 8274.9959812568449706 15428
37000000 305.89176966277420888 12764.361851861931427 3452.2467298058018059 -3824.5621436366800481 -1019.9807171695405259 8296.7895906120229483 15423
38000000 307.92900406387838075 12849.372302131392644 3489.2980786804855597 -3843.0921270834655843 -1007.9963214470162711 8340.3865272109669604 15420
39000000 308.85901806535412106 12888.180261087665713 3558.7090550327575329 -3681.0630650750695168 -1061.4449715241303238 8301.2170916319591925 15408
40000000 309.30644962423076549 12906.850846202591129 3620.5942371267901763 -3814.3190045574324358 -912.65658824120691861 8347.569829925429076 15402
41000000 311.22056653968581941 12986.723805722140241 3617.8703540012356825 -3767.0876803106257285 -982.6329399950431025 8367.5909743069041724 15385
42000000 309.53298328954952012 12916.303724516201328 3431.1333934321519337 -3811.3373147403690382 -1023.9951372114970809 8266.4658453840183938 15416
43000000 308.71251307361319505 12882.066848066626335 3646.0973112574256447 -3812.3917545952517685 -854.91879990355494101 8313.407865756231331 15383
44000000 305.41586338179070026 12744.503063295163884 3299.0363919666933725 -3789.286235343338376 -1073.6261067940092744 8161.9487341040421597 15405
45000000 309.38511893391148533 12910.13358746924132 3350.3133506046633556 -3804.9315076581424364 -1079.312062843408512 8234.5569211062138493 15441
46000000 308.65088479738710703 12879.495201176865521 3390.2638796564701806 -3828.5065275755268885 -998.17902836436906 8216.9494355963652197 15411
47000000 306.12942243368070194 12774.278712215162159 3392.3048933405525531 -3905.0645540663572319 -974.37127735265130468 8271.7407247595619992 15417
48000000 308.11762464454017163 12857.243129603899433 3462.9636149358721013 -3842.5492432445503255 -1003.1614316020793467 8308.6742897825024556 15393
49000000 309.75396878204662698 12925.525086677578656 3346.7324970568301978 -3947.8394685373405082 -1067.4192181842522587 8361.9911837784220552 15422
50000000 308.88818283478599369 12889.397259082625169 3391.6196725119252733 -3878.5554065462602011 -979.15293637357592615 8249.3280154317617416 15418
51000000 310.99429770902679593 12977.281978524522856 3572.6874483014944417 -3760.1679976900804832 -910.84116543039772296 8243.6966114219721931 15389
52000000 313.48922123005746698 13081.391045107991886 3574.4777625518308923 -3681.3286325195076643 -986.44354022818288286 8242.2499352995218942 15389
53000000 309.04133008246679992 12895.787842550005735 3284.9992291157641375 -3876.9403589438979907 -1027.2487296117185451 8189.1883176713809007 15401
54000000 310.98648669038857406 12976.956037527679655 3462.8633578068838688 -3827.7813065080572414 -964.26927182420422469 8254.9139361391462444 15392
55000000 307.36993027508788145 12826.043069867704617 3499.0203907739901297 -3866.6744262257975606 -929.4042948311962391 8295.0991118309830199 15427
56000000 308.29360585605661527 12864.586536931927185 3302.4242965424018621 -3842.1114753060223848 -1062.5416522543471274 8207.0774241027720564 15404
57000000 313.44592627955773878 13079.584417832122199 3509.5704054858979362 -3806.0771554918705988 -1057.7517902495701492 8373.3993512273409578 15420
58000000 311.64358373798887669 13004.375619612568698 3650.7600443744436234 -3723.695959032555038 -963.66045123052663257 8338.1164546375239297 15386
59000000 311.12175468670051259 12982.600549159376897 3656.365721063759338 -3774.1523188289966129 -966.34827673975894413 8396.8663166325131897 15395
60000000 312.65144547829044086 13046.432037031183427 3516.3905213575230846 -3831.4288700226393303 -886.80763700938734928 8234.6270283895501052 15400
61000000 309.61960162322293399 12919.918165516794033 3512.0771963817546748 -3842.8311919172433591 -847.39516966123096608 8202.3035579602292273 15411
62000000 309.16489170624390681 12900.943866455563693 3309.9734300347508906 -3839.5174312450963043 -1016.1037453212999253 8165.5946066011483708 15411
63000000 312.16745189982549391 13026.235778804573783 3275.8156367455035252 -3909.0477969028115695 -1060.8900146718544875 8245.7534483201689 15410
64000000 309.29184973148585414 12906.241616623776281 3832.2794754899750842 -3830.4525595935829188 -739.58349875487056124 8402.3155338384276547 15382
65000000 306.54499577134401989 12791.619906009844271 3361.7198178607195587 -3836.3878347094200763 -1067.1064691906381086 8265.214121760778653 15416
66000000 310.04485542420434285 12937.663309168714477 3632.5529851588162273 -3729.7376161267466159 -925.5701736384871765 8287.8607749240491103 15375
67000000 312.06141391202640989 13021.81098748768818 3303.4035024124095798 -3818.1449288046997026 -1028.7567664372422769 8150.3051976543520141 15418
68000000 309.82874618852451931 12928.645425206725122 3517.8281308942368923 -3755.5102159656385084 -976.05917774294516676 8249.3975246028203401 15405
69000000 309.72682553086627877 12924.392443323742555 3491.9174309921372696 -3875.288106377506665 -890.70576389342454604 8257.9113012630677986 15410
70000000 314.49915131446238092 13123.533771133726987 3412.0132535732386714 -3741.5632448217402271 -1081.6394038875318984 8235.2159022825107968 15409
71000000 306.04542188462545482 12770.773507073230576 3314.5427128120231828 -3859.262939818333507 -1136.1517681789389371 8309.957420809296309 15432
72000000 310.0586108324573047 12938.237299794727733 3200.3445530278581828 -3875.2475707468283872 -1109.4618320205604505 8185.0539557952461109 15410
73000000 309.1323107596955424 12899.58431699243738 3338.916004850790614 -3872.4109098190629084 -958.40056004185817073 8169.7274747117116931 15404
74000000 309.57728705041193962 12918.152447793947431 3473.9884156191556031 -3885.0300196868402054 -894.81501280849306568 8253.8334481144884194 15393
75000000 311.08623570405336523 12981.118400268551341 3282.3796332323345268 -3837.5774201575763982 -942.59281095691972041 8062.5498643468308728 15400
76000000 312.30406521513634743 13031.936428391623849 3538.9332727099067597 -3775.6959324537601788 -834.66963528512280845 8149.2988404487896332 15368
77000000 308.22977296625720101 12861.922895133560814 3372.376146143637925 -3852.860085956500825 -999.19366437270275583 8224.4298964728423016 15411
78000000 309.26413667058676538 12905.085196044927216 3514.9542873412692643 -3835.1360074142203302 -917.48943796277876572 8267.5797327182699519 15407
79000000 307.092683466105143 12814.474015244133625 3504.4356873582219123 -3794.0777691646871972 -1096.5042824415377254 8395.0177389644468349 15397
80000000 311.4744692076510546 12997.318747628012716 3493.175805296206363 -3777.5016425972621619 -979.87730957277892685 8250.5547574662468833 15387
81000000 310.01082808942203428 12936.243404296823428 3480.803385117695143 -3801.75082928782831 -1011.4802162668415804 8294.0344306723654881 15397
82000000 310.09278710751840435 12939.663419700174927 3588.1336682545597796 -3809.7557581022324484 -878.43404981506614604 8276.323476171857692 15387
83000000 308.89487594695367534 12889.676551675942392 3514.7270809253559491 -3831.1104721372776112 -919.65624720412643001 8265.4938002667604451 15403
84000000 310.41076363284071249 12952.932058585380219 3626.7255843030970937 -3752.1941796854443965 -978.88028304284216574 8357.8000470313818369 15397
85000000 312.3029929594594023 13031.891684920843545 3632.5323174022337298 -3711.527592231057497 -913.86788003619369647 8257.9277896694839001 15398
86000000 310.51171454821974294 12957.144574713536713 3266.7302323887324746 -3850.2671874400584784 -1114.8544280115934271 8231.8518478403839254 15428
87000000 312.28255783465436934 13031.038960678582953 3236.427038969280602 -3818.6024566366686486 -1143.9094162147807765 8198.9389118207309366 15423
88000000 309.9945871867064966 12935.56569806337211 3423.544989447414082 -3852.8613534694040936 -912.74258041362054428 8189.1489233304400841 15391
89000000 313.04250191088357269 13062.750180587710929 3566.9700186299064626 -3761.6615536619970044 -966.83682245119894105 8295.4683947431021807 15392
90000000 311.04898726680852405 12979.564084073861522 3554.6907421853857159 -3810.2816509574495285 -958.77552737921701009 8323.7479205220515723 15403
91000000 309.03789634223210214 12895.644558201724067 3626.0942475178394488 -3729.3385135504495338 -938.23869508025279629 8293.6714561485423474 15384
92000000 306.55535528038655002 12792.052191331453287 3459.0405024074225366 -3825.1865007889400658 -1009.9461081663382629 8294.1731113626992737 15420
93000000 310.15185992694085826 12942.128431568749875 3433.3956341507823709 -3773.283408595990295 -997.54345163901598426 8204.2224943857872859 15392
94000000 309.92266605241161415 12932.564547087820756 3569.9056609008957821 -3721.7777449930617877 -1016.9971529428939903 8308.68055883685156 15402
95000000 308.75590971295622467 12883.877718651145187 3548.5490136098615039 -3758.0326630898912299 -979.52582222436740267 8286.1074989241205913 15393
96000000 309.85916286555504939 12929.914663252511673 3708.3196171512381625 -3700.2115481199075475 -886.37841748843857204 8294.9095827595829178 15400
97000000 311.27561474386658347 12989.020876997490632 3400.857424030617949 -3780.9370986390131293 -959.65045906235729944 8141.4449817319873546 15396
98000000 312.71845556677112654 13049.228258119563179 3518.6698091380435471 -3776.6981126615874018 -960.26254246352664268 8255.6304642631585011 15385
99000000 305.95652450218773311 12767.063965105595344 3306.1195616915415485 -3905.1535466464747515 -967.31825718864865848 8178.5913655266649585 15397
100000000 313.70472169278576757 13090.383525973169526 3351.8480812746233823 -3768.9697380107900244 -1145.007637788120519 8265.825457073533471 15409
101000000 309.49551554343008775 12914.740256921864784 3361.4168781384778413 -3892.0042591059077495 -1007.2307619149023594 8260.6518991592874954 15403
102000000 311.63247328063238228 13003.911998449455496 3602.2815444359830508 -3805.6238912040507785 -884.094926539676635 8292.0003621797095548 15384
103000000 308.57251440378246343 12876.224933187813804 3381.7039095368609196 -3766.5927614564420765 -1025.2542068797138199 8173.5508778730163613 15418
104000000 310.28939069244182747 12947.867364847514182 3377.0773492000521401 -3804.3144292125739412 -1036.6927810469214819 8218.0845594595466537 15406
105000000 309.98174253329796102 12935.029711743278312 3586.565434263786301 -3774.459672734668402 -884.9431447397107604 8245.9682517381643265 15403
106000000 311.81741568003667453 13011.629341450709035 3440.4120036860113032 -3765.0227235695519994 -1034.5049358286364622 8239.9396630841984006 15428
107000000 313.39432729875875339 13077.431276991386767 3620.1800501221796367 -3767.981377233058538 -982.01255453390717776 8370.1739818891455798 15399
108000000 309.54953867991707739 12916.994553803577219 3358.9971175740902254 -3870.3991804005772792 -1047.6071540336720318 8277.0034520083390817 15417
109000000 315.21469688458944347 13153.392314201648333 3349.8679933649873419 -3874.1163612816885689 -1029.7538327024219598 8253.7381873490976432 15397
110000000 309.94438747395599876 12933.470946383346018 3340.8194880578621451 -3874.4326272376661109 -1092.9102821435744772 8308.1623974391040974 15421
111000000 311.87995748539213992 13014.239108412748465 3406.6794115746006355 -3869.5515996371241272 -949.08859656697177343 8225.3196077786960814 15409
112000000 308.12904922653348194 12857.719858672908231 3581.0040477249990545 -3771.9047997858165218 -930.45100924688699706 8283.3598567577028007 15404
113000000 309.73447168136647178 12924.711504643586522 3471.8916689095276524 -3727.3237907440816343 -956.06229924595947978 8155.2777588995686529 15397
114000000 309.82980551585876583 12928.689629198970579 3342.9039112857290093 -3842.3828955878243505 -1012.9921339054653799 8198.2789407790187397 15410
115000000 308.98283153866498196 12893.346794261206014 3376.3108869326611057 -3838.3572812124493794 -973.07494901851498526 8187.7431171636262661 15404
116000000 310.91987048470247146 12974.17625252230755 3306.7628916052162822 -3878.4797407722271601 -1021.99530333659402 8207.2379357140380307 15409
117000000 308.0789696621678786 12855.630120587928104 3249.6696437247019276 -3920.8104352799396111 -1030.3552878390275964 8200.8353668436684529 15425
118000000 309.08498039357101561 12897.609298441071587 3208.0513326580003195 -3929.3332833954200396 -1081.7038026116283618 8219.0884186650491756 15426
119000000 311.2884925654857966 12989.558247372615369 3427.9929183306230698 -3834.2085105473374824 -994.32907580239759682 8256.5305046803587175 15407
120000000 309.27571225415385925 12905.568226161951316 3466.4064104937997399 -3872.1967530050983441 -880.47717993111496071 8219.0803434300123627 15398
121000000 316.13449776306191552 13191.774096285640553 3376.331659291714459 -3875.0760412772074233 -965.02115991387086069 8216.4288604827925155 15410
122000000 310.57922190059724699 12959.961545808762821 3340.4198956641075711 -3799.7311051279357343 -1133.1972411937369998 8273.3482419857791683 15429
123000000 309.67681789161275674 12922.3057065557241 3353.9297573539561199 -3796.6211455265879522 -1032.6040966316493268 8183.1549995121931715 15414
124000000 310.83491382407862602 12970.631150412747957 3327.4528830780172939 -3840.2606992759160676 -982.93765189592238585 8150.6512342498554062 15408
125000000 309.35778743077213448 12908.993088669909412 3381.2741489472609828 -3835.3273166341596152 -982.01578598738069559 8198.6172515688012936 15409
126000000 307.56736052533960901 12834.281510403372522 3413.0317688853920117 -3874.4472798245069498 -946.68771276602456055 8234.1667614759244316 15418
127000000 306.68763694566490585 12797.572088267030267 3235.2042114768842112 -3900.7194393529998706 -1066.8333163403203798 8202.7569671702040068 15427
128000000 310.57405052964060133 12959.745752980359612 3431.4741691734625419 -3768.4801537969215133 -973.88582845873372662 8173.8401514291172134 15390
129000000 309.82797110197986967 12928.613082116444275 3354.3843307298066065 -3799.8812402065168499 -1038.6023803586006125 8192.8679512949256605 15412
130000000 314.32514280627270864 13116.272681480075335 3565.3690726304666896 -3765.6485013313731542 -891.9488257489690568 8222.966399710809128 15399
131000000 306.89660854789218547 12806.292130491550779 3571.7768198228918664 -3765.9946912193599928 -963.98030245364975599 8301.751813495900933 15395
132000000 307.0281862122021721 12811.782650621356879 3395.5662505892523768 -3783.5823903257514758 -972.76527871996404429 8151.9139196349678969 15400
133000000 311.46256003086040209 12996.821797212898673 3481.5534376775672172 -3758.9812699584272195 -936.79916689378012506 8177.3338745297751302 15381
134000000 310.04056453990028785 12937.484257604228333 3425.3345391690550059 -3863.5415163583029425 -994.95133499467874572 8283.8273905220376037 15404
135000000 312.12901850740189502 13024.632016373730949 3426.863043481315799 -3867.3910294609636367 -997.22239983645329175 8291.4764727787332959 15419
136000000 308.06232095478503652 12854.935397334555091 3494.4159402893665174 -3817.234078586652231 -949.00654371901998729 8260.6565625950388494 15408
137000000 310.89005943283274291 12972.932286221188406 3318.6444172280957901 -3840.3751310837778874 -1051.0256145724495127 8210.0451628843238723 15414
138000000 306.2546214351094136 12779.503061204641199 3445.7137856113718044 -3775.662523484284975 -955.62924702647967479 8177.0055561221379321 15398
139000000 307.75886048615552681 12842.2724896872096 3187.6823817554372908 -3827.6778864721404716 -1129.4446453715431744 8144.8049135991213916 15398
140000000 312.57402966721349458 13043.201602205392192 3309.2812798543227473 -3865.1911714267675961 -1061.0245588854450034 8235.4970101665348921 15404
141000000 312.49985845644187066 13040.106559228841434 3356.3652690454364347 -3807.4846702787726827 -1011.0301757787173074 8174.8801151029256289 15410
142000000 311.89331848709127826 13014.796641100139823 3411.3585189062750942 -3805.7954118679681415 -1004.4687637500120445 8221.622694524256076 15416
143000000 308.67046223514398662 12880.312135545307683 3495.7023772417715008 -3877.6609934391544812 -887.12085475941012191 8260.4842254403356492 15390
144000000 312.72350468359985598 13049.438949483719625 3401.9578962197260807 -3822.6219299978301933 -996.6968881093807795 8221.2767143269375083 15392
145000000 310.965528211528067 12976.081474579043061 3165.7922122592362939 -3893.4796337179250258 -1076.3652929561530982 8135.637138933314418 15415
146000000 306.66107321618062542 12796.463627403090868 3586.3830189537507067 -3839.0185600390218497 -956.00013947158436167 8381.4017184643580549 15399
147000000 312.55668054913280685 13042.477651962348318 3569.0791397010239052 -3828.2084519405671017 -922.06603655488572713 8319.3536281964770751 15398
148000000 307.21212701569106684 12819.458198667787656 3403.5752431944965792 -3787.5153005302854581 -951.75351808968730438 8142.8440618144686596 15398
149000000 309.57565224953475536 12918.084230234595452 3539.6699096633601584 -3746.8183923541655531 -909.41401341919731749 8195.9023154367223469 15396
150000000 313.83483591955115344 13095.812979254436868 3456.3607391651412399 -3799.4544735577701431 -1019.7898489124706884 8275.6050616353804799 15405
151000000 310.16348348807662205 12942.61346371102627 3408.9402200062495467 -3790.2239049721556512 -1063.715679325127212 8262.879804303531273 15402
152000000 310.19326486984181201 12943.856191927343389 3591.6806897135311374 -3834.8082875061745654 -888.51915036771629275 8315.0081275874217681 15396
153000000 310.65548153957809063 12963.143735469233434 3262.5099046151431139 -3842.6976484812857962 -1095.051530106304881 8200.2590832027344732 15421
154000000 310.71539994402041884 12965.64403221383327 3525.1384928605289133 -3863.5615691748671452 -1008.1883380908034269 8396.8884001262013044 15415
155000000 305.08533888942957901 12730.710818325476794 3256.350437897066513 -3875.6494231321576081 -1075.9535899213415178 8207.9534509505647293 15438
156000000 310.20480153507566001 12944.33759804615147 3472.0383542514400688 -3724.9856432553269769 -1054.3102322514289426 8251.3342297581948515 15415
157000000 311.50925986125020017 12998.770504542204435 3368.3544094895723902 -3928.0890937975009365 -984.59300859565132669 8281.0365118827248807 15397
158000000 306.58004177415176628 12793.082318227709038 3346.7782409512356026 -3809.3030483631164316 -1045.1180307870054094 8201.1993201013574435 15423
159000000 314.22279084646498859 13112.001702065777863 3447.1453370655799517 -3787.8831520448602532 -1063.7812743938006861 8298.8097635042395268 15412
160000000 309.04613865437761433 12895.988496369256609 3466.4477813088119547 -3868.6489997900780509 -956.23439873693610025 8291.3311798358263331 15399
161000000 304.44237331019093062 12703.880919238155911 3310.6431580209173262 -3800.595223775012073 -1119.1755075755891085 8230.4138893715189624 15422
162000000 307.85874525654372746 12846.440517333494427 3475.0374973420075548 -3788.8369305978294506 -1080.9388263890182316 8344.8132543288556917 15414
163000000 309.47614844256207789 12913.932099566818579 3330.9074953812578315 -3929.1608689433060135 -1037.967996852245733 8298.0363611768079863 15425
164000000 310.88648495493890778 12972.783129121216916 3285.8228036576838349 -3893.6246736647917714 -970.7229516131130822 8150.1704289355893707 15407
165000000 310.1775047330862094 12943.198547268890252 3358.9386176720881849 -3864.6524355117776395 -1058.7170260318719102 8282.3080792157379619 15410
166000000 309.75466338000211408 12925.554071111044323 3371.4939397017742522 -3801.8517076258476663 -1046.0467143273817783 8219.3923616550055158 15405
167000000 312.64090068305523573 13045.992020020643395 3436.5608466031089847 -3799.9610673851520914 -959.95904931578650121 8196.4809633040476911 15410
168000000 313.18851247980228436 13068.842962155285932 3416.208752121894122 -3824.3059980122179695 -944.5041806561246176 8185.0189307902373912 15393
169000000 312.66020421077126912 13046.7975245723228 3395.8703309235265806 -3836.4159006552731626 -1043.3686092503462532 8275.6548408291455416 15407
170000000 310.82591889106549843 12970.255806610788568 3240.7284539366628451 -3877.4337396130881643 -1073.8415789288715132 8192.0037724786216131 15438
171000000 313.46057566940328343 13080.195712843764341 3474.0161032687037732 -3757.2258916053924622 -937.26566082830049709 8168.507655702395823 15420
172000000 312.28489258296559683 13031.136385896365027 3445.118015939443012 -3801.5811262288793841 -1001.6137457756822187 8248.3128879440046148 15421
173000000 310.50569222582015527 12956.8932730770739 3599.5062298907287186 -3823.7793455966229885 -892.09421968420258509 8315.379795171555088 15402
174000000 311.41211415976061971 12994.716773748685227 3416.8502230339222479 -3805.9920574924008179 -1147.4372958342605671 8370.2795763605845423 15405
175000000 311.35382566022451556 12992.28449026259841 3428.2054802925431432 -3933.1058703989438072 -894.29481381170739951 8255.606164503193213 15397
176000000 309.90044028036993495 12931.637102073233109 3530.2782549268176808 -3819.0742501059476126 -945.16961798067814016 8294.5221230134429788 15413
177000000 311.38968051170553508 12993.780654408998089 3611.4600187162209295 -3749.881157005289424 -847.65075594499137424 8208.9919316665018414 15381
178000000 312.8194604579975362 13053.443026571303562 3454.1876620453222131 -3754.7217423060728834 -897.50335318726524747 8106.4127575386601166 15407
179000000 312.25265727276956795 13029.791259271341914 3634.4846751527593369 -3779.6386532902179169 -861.32588731628845835 8275.4492157592649164 15380
180000000 308.82725818460545497 12886.854973353722016 3449.2774093825473756 -3789.8036811336742176 -932.67982640486104629 8171.7609169210836626 15390
181000000 312.20859105706063019 13027.952448363250369 3241.1512409206557095 -3917.954904518085641 -1096.1389692450129587 8255.2451146837538545 15418
182000000 306.94319155372528485 12808.235962923708939 3482.8196203736597454 -3910.6423429291835419 -898.36430254095432701 8291.8262658437979553 15394
183000000 310.88120249977902176 12972.562700931202926 3369.2486274963875985 -3806.4246600386945829 -1025.450813024933268 8201.1241005600149947 15412
184000000 307.92673964793539199 12849.277811767982712 3426.2388756348600509 -3831.5181140612503441 -1046.2277580512336499 8303.9847477473449544 15410
185000000 304.9909289344787453 12726.771245748093861 3368.6796541419071218 -3783.3426450049582854 -1048.0841049497298627 8200.1064040965957247 15434
186000000 311.70066592330135791 13006.757565584592157 3594.9945691655493647 -3776.1418099891652673 -820.84979203955617777 8191.986171194270355 15378
187000000 309.21855904355822986 12903.183316421351265 3641.0412250785443575 -3762.3205566724172968 -925.50324659741863798 8328.8650283483802923 15403
188000000 310.86882400071948496 12972.046166467549483 3364.9827993727808462 -3746.7750362065580703 -1084.5170830363338155 8196.2749186156725045 15418
189000000 311.78054102281265614 13010.09062248324517 3490.8341668419880079 -3770.2678105772301933 -1077.256284451415695 8338.3582618706350331 15410
190000000 308.12125529852988848 12857.394630840219179 3555.1577359878597235 -3757.2882173199609497 -957.18353429239095931 8269.6294876002120873 15376
191000000 316.62656707812220702 13212.307341755276866 3525.7130813232670334 -3832.0830014174307507 -913.160739106921028 8270.9568218476197217 15393
192000000 307.57255749851765358 12834.498371570483869 3301.1075270805777109 -3889.0122656302751238 -996.9223301487442086 8187.0421228595969296 15406
193000000 310.43344111497827953 12953.878352721414558 3467.7503457638313193 -3802.6175374034742163 -1031.9360409166683894 8302.3039240839734703 15421
194000000 310.52068113687352024 12957.518735751866188 3232.3942949163883895 -3860.1808771206110578 -1049.3409260044800249 8141.9160980414781079 15402
195000000 314.12116594576883699 13107.761061635748774 3429.0956922525292612 -3871.8604543467977237 -913.73401710627717875 8214.6901637056053005 15384
196000000 310.28411464277394316 12947.647203948175957 3379.0692308250208953 -3817.2838995316160435 -982.40893374563370344 8178.7620641022713244 15409
197000000 308.69707392454085948 12881.422597697741367 3429.0478783270586973 -3885.0970952420175308 -871.56825171135744768 8185.7132252804340169 15381
198000000 316.05870190247918572 13188.611259337076262 3248.0950121064588529 -3821.4556233853968479 -1018.594434167263671 8088.1450696591191445 15418
199000000 310.21318429449308951 12944.687396847992204 3519.3052776994245505 -3790.0139626108311859 -960.66865101141888772 8269.9878913216743967 15406
200000000 307.6876601686574304 12839.301417214370304 3511.1247954037917225 -3863.7887436861838069 -983.44295036689493372 8358.3564894568698946 15421
201000000 308.14126071526550277 12858.22942406951006 3585.5661791313787035 -3774.8228153205582203 -975.93200202047046332 8336.3209964724082965 15403
202000000 307.49324521787377762 12831.18880018008349 3422.4939243130966133 -3816.5799052344482334 -1016.7962787633816788 8255.8701083109262981 15408
203000000 308.6711400291527525 12880.340418777637751 3504.9699668987586847 -3818.9830816162725569 -903.18744788639037324 8227.1404964014218422 15382
204000000 311.15793919150320335 12984.110469198223655 3399.8382240950932101 -3790.2778477875090175 -1061.5423367578741818 8251.6584086404764093 15409
205000000 311.39874967221180668 12994.15909560250293 3311.9397309742616926 -3881.5956416587528111 -998.03574489157506378 8191.5711175245905906 15409
206000000 308.69505572792809289 12881.338381663153996 3427.0350365680747018 -3754.992277618249318 -1084.3199036714058821 8266.3472178577303566 15412
207000000 313.30332021018432442 13073.633700446816874 3448.6148672147182879 -3764.9783556611851054 -1084.97500650614802 8298.568229382050049 15401
208000000 308.9257035040866981 12890.9629350745181 3557.7013586070988822 -3838.7224947342656378 -994.75876399956939622 8391.1826173409353942 15406
209000000 306.87090278989001035 12805.219471370392057 3603.3719463280140189 -3788.4458291031905901 -945.65080085395948117 8337.4685762851640902 15386
210000000 308.52197241000789063 12874.11589868203373 3323.4689620024419128 -3790.1191939406944584 -1110.1559013985056481 8223.7440573416424741 15419
211000000 309.95071400849388965 12933.734942293400309 3378.9123844803907559 -3822.9711010389773946 -1068.1250457098753941 8270.0085312292430899 15409
212000000 308.72829477219551109 12882.725392464742981 3523.1349025070039716 -3815.4934897396124143 -891.45383475455446387 8230.0822270011703949 15368
213000000 307.17519719852765547 12817.917177966523013 3611.9225667056221027 -3760.3016081046594081 -1024.6691135028122517 8396.8932883130928531 15412
214000000 310.02545379894007738 12936.853711167237634 3458.7930600695235626 -3833.6955339434680354 -1044.2192444140036969 8336.7078384269952949 15412
215000000 308.26857209502520618 12863.541919142209736 3454.3237548751303621 -3771.2249233183201795 -1039.3747674505248142 8264.9234456439753558 15413
216000000 309.96095414789692768 12934.162246515732477 3697.685423981922213 -3687.197617417082256 -1021.5659172820962795 8406.4489586811014306 15413
217000000 314.01292997679121299 13103.244552169211602 3486.6040120039201611 -3753.0825029347092823 -1063.2269748852354496 8302.9134898238644382 15427
218000000 306.31777272395061118 12782.138260912921396 3268.3168985089960188 -3809.5783362054103236 -1079.6433280047381231 8157.5385627191444655 15432
219000000 307.92731986711800118 12849.302023362850377 3515.4308374510342219 -3785.2284616400484083 -920.33946908095231265 8220.9987681720340333 15402
220000000 307.18704200689705885 12818.411442392989557 3386.3105716432173722 -3854.1422288234689404 -1018.8236066922842156 8259.2764071589717787 15413
221000000 307.40706876440521 12827.59279811570741 3615.287376535135536 -3818.4862614076819227 -858.79825820546784598 8292.5718961482853047 15372
222000000 311.2620072074411155 12988.453056820313577 3533.0510257442801958 -3738.5114623032432064 -976.89452661722998528 8248.4570146647547517 15390
223000000 309.57325261321278731 12917.98409734654706 3444.6762725707603749 -3802.2193793703872871 -974.21290437573611598 8221.1085563168817316 15431
224000000 307.21610389083633663 12819.624147145086681 3440.3315334582266587 -3826.2068194047319594 -1017.8598944435389058 8284.3982473064970691 15419
225000000 310.49934786094280526 12956.628533136197802 3302.6154391634177045 -3892.2609789165403527 -1074.2508873716110429 8269.1273054515695549 15408
226000000 309.92983309149730076 12932.863615874133757 3316.5156564379135489 -3851.4792434644609784 -1072.3939037824159186 8240.388803684789309 15416
227000000 312.69044009831196718 13048.059218569214863 3184.8736565505987528 -3954.0066667309088189 -1071.7536867304515908 8210.6340100119577983 15429
228000000 312.2303478708977309 13028.860324521103394 3290.6395007612827612 -3879.2196791987198594 -997.70103652539717132 8167.5602164854008151 15422
229000000 310.95410792281603563 12975.604924661620316 3391.6869644947123561 -3830.164454071752516 -1057.8247880674753105 8279.6762066339397279 15420
230000000 309.81851466982880083 12928.218480712370365 3495.1309843470507985 -3843.7816718658118589 -1031.8971167676518235 8370.8097729805140261 15391
231000000 308.24646904703342898 12862.619595200943877 3782.892339635639928 -3765.8118967934096872 -795.39038601866116096 8344.0946224477120268 15382
232000000 308.48536180022324515 12872.588197981149278 3228.9124953589139295 -3895.2716855227899941 -1063.0875446439167717 8187.2717255256211502 15413
233000000 311.04325516834779819 12979.324893006367347 3325.1643608016629514 -3882.3672086774004129 -1023.0979592906111293 8230.6295287696757441 15420
234000000 309.56369052691189836 12917.58508716808501 3477.1599128048401326 -3779.832599867405861 -1074.2536573561992554 8331.2461700284457038 15390
235000000 308.65100531225181157 12879.500230064511925 3576.5590550716851794 -3741.4791675653818857 -919.94291249673449329 8237.9811351338012173 15407
236000000 308.85538496282885035 12888.02865767797266 3511.4473617468706834 -3800.4465827958251793 -981.42399068882718893 8293.3179352315237338 15392
237000000 308.4808881286429596 12872.401519003416979 3347.0564095422478204 -3859.0192415968390378 -983.57788438926013441 8189.6535355283458557 15426
238000000 312.17947056461252942 13026.737297974203102 3401.8683303773987063 -3815.6232828019283261 -983.02126602362579888 8200.5128792029536271 15397
239000000 311.81968949177951345 13011.724223885436004 3267.5278462207911616 -3803.4993627793614905 -1082.1515777293320753 8153.1787867294851821 15430
240000000 312.23079985027317207 13028.879184879146123 3518.6059817649497745 -3841.8858004178619012 -1025.8033814015184362 8386.2951635843310214 15413
241000000 308.2859967058334405 12864.269019572957404 3088.5215376760015715 -3988.2446421982858737 -1126.3974390603164011 8203.1636189346027095 15428
242000000 309.10620062674718156 12898.494783967993499 3129.711674294227123 -3930.118678313370765 -1070.1403025714778323 8129.9706551790759477 15433
243000000 307.41611244421130777 12827.970176041386367 3626.0946509119316943 -3735.8731562666680475 -883.54457344297475174 8245.5123806215742661 15395
244000000 306.92025763093346313 12807.278967939764698 3311.9036953854320018 -3908.2523450475100617 -988.68529793029074426 8208.841338363232353 15420
245000000 310.7983127511058683 12969.10384766738207 3583.2481554794144358 -3811.1122191401068449 -995.49396688359524887 8389.8543415031163022 15408
246000000 313.03495194806316704 13062.435133021985166 3264.489127523404477 -3898.5039272528565562 -1126.668016781984079 8289.6610715582446574 15426
247000000 310.39512156862548409 12952.27934090038616 3401.1662128331149688 -3826.4984874572342051 -1048.3489601100313848 8276.013660400380104 15416
248000000 308.73437636391207661 12882.979167312596473 3616.5253860547618387 -3710.4685619362057878 -986.03511671139153805 8313.029064702359392 15391
249000000 309.63701371203677581 12920.644743425253182 3547.3268376939477093 -3845.2048914623765086 -927.4389014672169651 8319.9706306235402735 15390
250000000 309.40275396179941936 12910.86946825961968 3363.2053309471366447 -3826.3698028867652283 -1061.3860865634142101 8250.9612203973156284 15428
251000000 312.83307107137142111 13054.010975144492477 3432.1786582210879715 -3817.0838548850397274 -937.5454407405445636 8186.8079538466718077 15389
252000000 314.94334812284148484 13142.06937541573825 3293.2229260035487641 -3875.3732053558460393 -1050.4178704298817593 8219.0140017892772448 15415
253000000 309.10993396279911849 12898.650569958359483 3335.4502672820235603 -3810.3237012039144247 -1012.1309704581410642 8157.9049389440788218 15409
254000000 307.57426771323451931 12834.569736025678139 3568.3936487887663134 -3735.8260180238339672 -859.81831487153181115 8164.0379816841323191 15397
255000000 311.67289845061554843 13005.598874491124661 3466.0080786690655259 -3859.509640048264373 -958.83117014546314749 8284.3488888627925917 15395
256000000 308.05002278542059457 12854.422214897327649 3407.8885395408497061 -3857.592049973119174 -1058.7242716004673184 8324.2048611144364259 15405
257000000 311.33785693513414117 12991.618141555041802 3346.2392754205229721 -3851.8952218125641593 -1005.3860663553629138 8203.5205635884485673 15406
258000000 310.06302144452422453 12938.421347402390893 3293.2185113441751128 -3807.0856453277565379 -1101.6624548447439338 8201.9666115166746749 15409
259000000 313.55098676006952019 13083.968419373128199 3436.0038128542400955 -3792.3945917743430982 -978.18371004911841737 8206.5821146777016111 15406
260000000 310.57697194686960529 12959.867658929879326 3186.3388523815228837 -3778.5964952985841592 -1141.8499635892203514 8106.7853112693264848 15423
261000000 307.39850148128311957 12827.235299442309042 3589.2471068359782294 -3822.3846573780729159 -922.89444351759334495 8334.5262077316456271 15390
262000000 307.12004303745226252 12815.615685283741186 3359.6892909388116095 -3819.134503174674137 -1045.4807417224096753 8224.3045358358958765 15407
263000000 310.23176422362587346 12945.462706817575963 3408.0032289242071784 -3848.673352991511365 -930.95308092116363241 8187.6296628368818347 15394
264000000 308.13590113112690005 12858.005777413714895 3477.5373716517001412 -3947.440156832888988 -930.63905478069204946 8355.6165832652804966 15409
265000000 309.97303237070241266 12934.666250943791965 3424.9760619722128467 -3826.0157452418879984 -1012.8626663360777229 8263.854473550178227 15409
266000000 305.94434543702362816 12766.555752691303496 3492.5557418300368226 -3756.6123241128425434 -955.78692620569290739 8204.9549921485740924 15392
267000000 311.07241424549937392 12980.541653471806057 3480.8182498038841004 -3813.6844906830929176 -982.17851956189258544 8276.6812600488701719 15395
268000000 308.76274274356245542 12884.162849811422348 3552.9653709313465697 -3836.5928990945121768 -972.26537253106312164 8361.823642556923005 15400
269000000 307.37658421228809402 12826.320727753880419 3586.6285780534008154 -3730.5044710091742672 -1006.5530368267018275 8323.6860858892760007 15397
270000000 312.09859449787859376 13023.36247235504743 3576.7660477106815051 -3802.4085174055226162 -870.80515489918013827 8249.9797200153843733 15379
271000000 313.09686989801633672 13065.018867521277571 3515.3888961148450107 -3801.1050569048502439 -926.65070442869216549 8243.144657448388898 15394
272000000 307.92420815747397 12849.17217682295086 3286.2993298984097237 -3808.6339380354029345 -1059.4023898464035938 8154.3356577802160245 15405
273000000 308.88258077875639174 12889.163494472499224 3346.2194145991243204 -3805.0108772324715574 -1031.761471272881181 8182.9917631044772861 15424
274000000 308.75972933092123185 12884.037105044231794 3549.0180841149031039 -3728.5588043042125719 -949.72508948506310844 8227.3019779041787842 15402
275000000 305.88705052200378987 12764.164929857492098 3412.4209145707472999 -3837.3913151101592121 -1033.1095838500473292 8282.9218135309529316 15404
276000000 306.757105977046308 12800.470917009721234 3205.730183022032179 -3918.1138707028098906 -1075.5554678528578734 8199.3995215777013073 15408
277000000 308.35352498445536185 12867.08686388604292 3424.0465933424175091 -3804.8872202402635594 -996.10091630918464034 8225.0347298918659362 15399
278000000 309.49925549629062971 12914.896319020801457 3632.8099208894200274 -3740.6514981360878664 -884.0149063050556606 8257.4763253305645776 15394
279000000 310.67228668391754809 12963.844986580232217 3544.4853567115742408 -3724.6264566930803994 -1002.3989431783631971 8271.5107565830167005 15396
280000000 308.49150634810530391 12872.844599886533615 3451.1094178045159424 -3834.1490255017970412 -921.4844795059051421 8206.7429228122182394 15389
281000000 309.8827138340175793 12930.897406540272641 3462.8859290065952337 -3818.5020660700447479 -967.35106200254278974 8248.7390570791831124 15398
282000000 307.78813330590963915 12843.493996444904042 3432.2347747073763458 -3757.2854814920956414 -1075.2884728116366659 8264.8087290111070615 15412
283000000 310.3283506361484001 12949.493099399795028 3477.7589546360864006 -3817.5235758072103636 -1009.9688987201436703 8305.2514291634397523 15427
284000000 310.59145303269224314 12960.471930890684234 3693.7176303180904142 -3750.8168804054676002 -833.74032665567619915 8278.2748373792346683 15396
285000000 311.10367254902268996 12981.846011210776851 3549.617759385566842 -3794.0030865334365444 -964.58311118846268073 8308.2039571074656124 15410
286000000 309.91298394609879097 12932.160528671107386 3481.7703743882138951 -3843.6739294177923512 -961.82435672506142055 8287.2686605310682353 15384
287000000 309.6462079644708183 12921.028404499740645 3376.2430714807078402 -3833.2100013869435315 -1043.2169682464639209 8252.67004111411552 15422
288000000 310.69332185626876708 12964.722749822451078 3517.350758222411514 -3799.377613530061808 -982.9650092875633618 8299.6933810400369111 15401
289000000 313.37793555077007568 13076.747276232090371 3435.7901422564200402 -3796.828102892316565 -924.47177391642128441 8157.0900190651573212 15404
290000000 309.35388588951542488 12908.830283752224204 3494.2824766107946743 -3833.5256555031905918 -1040.9784203110209546 8368.7865524250064482 15395
291000000 312.2404993649985272 13029.283929720362721 3716.4397430024537243 -3796.816030911380949 -932.28081651986622091 8445.536590433701349 15392
292000000 307.24527114949245288 12820.841249011293257 3477.066498700309694 -3898.3107718024298265 -907.72868516313951659 8283.1059556658783549 15383
293000000 309.87448625852744044 12930.554083309198177 3619.3768436488444422 -3714.0708179630837549 -884.20843623873281558 8217.6560978506604442 15379
294000000 312.18423406237315021 13026.936070923093212 3514.1334719463989131 -3874.7435717940370523 -959.06199874716560316 8347.9390424876000907 15399
295000000 311.05724131532218735 12979.908511980787807 3360.3723745382394554 -3812.569661173656641 -1153.5106277424442851 8326.4526634543399268 15430
296000000 304.18181801820998089 12693.008374243143408 3447.4644791945411271 -3749.0670510766276493 -969.4016462101601519 8165.9331764813287009 15388
297000000 310.05230666452393962 12937.974237206397447 3613.7437178963009501 -3793.3924389760368285 -919.50328797167219363 8326.6394448440096312 15393
298000000 309.38866589970149334 12910.281596534245182 3404.799155615833115 -3856.7607817968801101 -1016.5142358111669409 8278.0741732238802797 15424
299000000 308.69090426863033372 12881.165148075508114 3374.4117840599346891 -3803.3074161481185911 -1013.5336629737271323 8191.2528631817813221 15424
300000000 309.19020076487259985 12901.999971962497511 3317.1078612628948576 -3799.8147914494561519 -1099.302949722800804 8216.2256024351518136 15440
301000000 311.67249294720375019 13005.58195349882044 3348.6807206310104448 -3810.9535160724185516 -1042.9045198012681794 8202.5387565046985401 15396
302000000 311.87472695885008989 13014.02084711878706 3275.5083986606114195 -3883.5175882224170891 -1131.3259946710954864 8290.351981554123995 15421
303000000 313.47357618050529027 13080.738202849783193 3443.2369104241906825 -3836.5301268803596031 -926.08312912802534811 8205.8501664325758611 15411
304000000 308.89286739408788662 12889.592738059100157 3479.9719697045375142 -3839.4824059383036001 -987.83085899369132221 8307.2852346365325502 15391
305000000 310.43295259504498063 12953.857967585823644 3421.9798517010167416 -3851.0829858782435622 -924.7767534835350034 8197.8395910627950798 15397
306000000 309.78630996853502211 12926.874631346634487 3467.6453205145503489 -3754.2062874694488528 -1057.3949868456402328 8279.2465948296412535 15404
307000000 309.01604860834225974 12894.732888099188131 3557.2350524586727261 -3723.1475476336531756 -963.57270111228945098 8243.9553012046162621 15390
308000000 312.63355564974625622 13045.685523827321958 3249.5148102669518266 -3940.9119994646807754 -1042.5443791875873103 8232.9711889192203671 15427
309000000 309.14279142011577051 12900.021657762337782 3695.3433266045321943 -3748.9513530358726712 -894.78035626466362373 8339.075035905068944 15401
310000000 308.64933837166432795 12879.430671367763352 3533.2404342159843509 -3823.9593670303002 -1015.2976816150057857 8372.4974828612903366 15421
311000000 308.42851562712166924 12870.216100411600564 3421.3525162027990518 -3774.4866389958788204 -1158.2689108165177458 8354.1080660151965276 15414
312000000 310.23710405341319074 12945.6855291566917 3518.9965656691565528 -3850.5530192798332791 -986.0902323065595283 8355.6398172555491328 15399
313000000 307.528075172920353 12832.642197079218022 3494.7589733630497904 -3776.1995357512432747 -980.75242594478675073 8251.7109350590799295 15393
314000000 312.59883511236068898 13044.236692747725101 3555.4871993294818822 -3803.4438588639573027 -952.82290274912134009 8311.7539609425602976 15401
315000000 311.63965264373427999 13004.211581496751023 3301.4485826875820749 -3901.6702836630074671 -1045.6078703167179356 8248.7267366673077049 15411
316000000 312.37101324161181992 13034.730059734314636 3560.930661963438979 -3831.3244835229461387 -900.06708058961896768 8292.3222260760048812 15408
317000000 312.34860484526154778 13033.794994106854574 3487.738367951190412 -3865.7496818392614841 -942.45957515984764541 8295.947624950300451 15399
318000000 311.44086473084109912 12995.916487925773254 3359.2605296264159733 -3887.0861805724871374 -1012.6618839927543831 8259.0085941916586307 15406
319000000 310.00855860652268348 12936.148702497634076 3626.3623538108126922 -3830.7563434097319259 -891.39193194344443327 8348.5106291639876872 15397
320000000 311.08775420514012922 12981.18176482839408 3335.1253706178208631 -3823.2734167678700032 -1052.8629111506734262 8211.2616985363638378 15400
321000000 311.49479622631326947 12998.166960778238717 3408.9162985071279763 -3847.4546539914922505 -1013.9868920489991524 8270.3578445476196066 15406
322000000 314.31597153123010457 13115.889979214447521 3289.7732453592489037 -3880.0507880624172685 -1072.1827624913858017 8242.0067959130519739 15396
323000000 310.7996028898829195 12969.157683042578356 3642.3407941478235443 -3802.4067454633077432 -948.88648798411713869 8393.6340275952479715 15387
324000000 307.73837808021249884 12841.417792480608114 3599.0944797502256733 -3728.5721782723958313 -898.83018782763633681 8226.4968458502589783 15379
325000000 310.91997115867820867 12974.180453482198573 3511.3204983083724073 -3788.4354125533445767 -1038.3388909059638081 8338.0948017676801101 15398
326000000 312.87206638858339147 13055.638185775136662 3579.9844096220658685 -3772.2451396131468755 -932.47077566255984493 8284.7003248977725889 15409
327000000 306.48937877147778863 12789.299099823427241 3440.3765160498742262 -3857.7137176737351183 -977.40621293489664367 8275.4964466585061018 15400
328000000 308.14071348510287862 12858.206589052342679 3429.2510047822188426 -3760.7018438370910189 -1078.163349645668859 8268.1161982649791753 15427
329000000 309.324731629234293 12907.6137242868881 3355.1103665411569636 -3795.5156540684838546 -1173.1548589612725664 8323.7808795709133847 15425
330000000 308.13290604546432405 12857.880797401285236 3503.6755079909398773 -3836.2054319038952599 -963.06988688750448091 8302.9508267823403003 15428
331000000 309.89284611172638506 12931.320209871011684 3533.5541667742463687 -3789.7987767435406568 -969.08936268110596757 8292.4423061988927657 15391
332000000 312.19636489604403096 13027.442270716277562 3578.2119717140767534 -3752.1424091683984443 -909.89229334400783955 8240.2466742264841741 15377
333000000 310.56613049114673686 12959.415262763744977 3737.5443908670381461 -3742.8917769465083438 -906.11053255125125361 8386.5467003647991078 15398
334000000 311.60471774889384733 13002.753805632131844 3534.7371404990562951 -3852.8995810954083936 -906.08311632619700049 8293.7198379206602112 15404
335000000 309.6876641231647227 12922.758302009373438 3475.7516434335393569 -3744.9210947294050129 -1093.7644417017766045 8314.437179864722566 15410
336000000 309.5650855888886781 12917.643300816320334 3368.3588177607366561 -3919.4290361720986766 -948.47484650330181921 8236.2627004361384024 15411
337000000 307.64244025762496904 12837.414464492616389 3537.7277458133658001 -3759.0981289805617962 -933.25151160325958699 8230.0773863971862738 15410
338000000 310.88425776169088977 12972.690191999818126 3524.7418782722634205 -3762.322159444061981 -1060.2547945006476766 8347.3188322169735329 15430
339000000 309.78213162173915407 12926.700275787790815 3564.4275938273867723 -3740.8749512611175305 -931.5844889885684097 8236.887034077071803 15402
340000000 308.77772038275315936 12884.787842129873752 3478.5059546850770857 -3866.6279303721862561 -985.96490818012262025 8331.0987932373864169 15416
341000000 309.34408997908559513 12908.421516476359102 3357.707080811565902 -3809.1538107786332148 -1036.2597352086918363 8203.1206267988909531 15415
342000000 306.1611095920286516 12775.600965362595161 3548.8483222138338533 -3687.7632924833596917 -1026.1303400858455461 8262.7419547830395459 15409
343000000 307.15466828948251532 12817.060540261738424 3415.8200570830872493 -3810.5714439688222228 -1045.0505246068107681 8271.4420256587218319 15414
344000000 308.8975809530056722 12889.789427141984561 3589.6602237377492202 -3677.5962051803280701 -974.10867781592435222 8241.3651067340015288 15411
345000000 307.85848359086156734 12846.429598453738436 3694.3718768107455617 -3783.2771356971970818 -826.68700357060026818 8304.3360160785432527 15393
346000000 308.75350335747060626 12883.777305383418934 3305.299430520032729 -3771.0251116124718465 -1152.8791784279278545 8229.2037205604319752 15420
347000000 312.78462497677656984 13051.989399073976529 3531.1794295909594439 -3856.4313680956311146 -932.03888824618172748 8319.649685932770808 15406
348000000 314.12502867695985742 13107.922247073045583 3452.3597799649132867 -3762.0850699381662707 -1008.3798791876085943 8222.8247290906874696 15422
349000000 309.49124578912210382 12914.562087077460092 3534.7169799104594858 -3787.0190391082824135 -983.68673871282260279 8305.4227577315650706 15411
350000000 308.86545578645012711 12888.448896630430681 3465.5514103529112617 -3783.6683789371563762 -1037.6483700096773646 8286.8681592997454572 15406
351000000 305.44406333561079236 12745.679801117048555 3392.4908164490716445 -3748.3018557324808171 -1041.6504509308556408 8182.4431231124071928 15415
352000000 309.66740039323934752 12921.912729794335974 3661.8764067735592107 -3844.902321713636411 -887.52059398483197583 8394.299322472028507 15373
353000000 311.25267616809486526 12988.063687852325529 3533.6760519087547436 -3706.4458637388229363 -992.92901068899686834 8233.0509263365747756 15399
354000000 309.69119208658128173 12922.905518136498358 3366.5973918259219317 -3822.0542702505481429 -1063.9270650498992836 8252.5787271263689036 15420
355000000 308.84093515448148537 12887.425690874913926 3344.2401564962110569 -3849.8873811326757277 -977.29095087079281257 8171.4184884996802793 15388
356000000 308.2326163748602994 12862.041545911066351 3490.3665321536464035 -3739.0839949090077425 -1052.2277818500565445 8281.6783089127111452 15396
357000000 309.64093496792582982 12920.80837100221288 3419.3814546764469924 -3810.0664595403554813 -969.49594875563468577 8198.9438629724372731 15413
358000000 307.90411371014971564 12848.333668493214645 3405.2953288273438375 -3868.0385456340982273 -945.79639005220576564 8219.1302645136493084 15404
359000000 311.77118516049546315 13009.700217693392915 3509.4374617515923092 -3771.9656123474919696 -1017.8256185205152633 8299.2286926195993146 15416
360000000 309.18443451440771241 12901.759355787882669 3595.9737860567965981 -3761.9765890202420451 -882.6786285513474013 8240.6290036283862719 15394
361000000 310.95782815845313962 12975.760163993159949 3363.3542765070387759 -3826.9106267635283984 -1082.3461938733062198 8272.6110971438720298 15418
362000000 312.38404636171708262 13035.273910460555271 3347.4952016958923195 -3835.6746812249502909 -999.94873312088088824 8183.1186160417237261 15424
363000000 306.97529888010410559 12809.575748993949674 3283.9342296690497278 -3797.7029358069967202 -1053.1196097593569903 8134.7567752354034383 15416
364000000 310.71109820623189535 12965.464527751242713 3188.1455873279164734 -3808.0822848206289564 -1171.5650575439485692 8167.7929296924949085 15434
365000000 307.75846524997291453 12842.255997129539537 3572.2839691028211746 -3787.6265028976158646 -1032.8644762550079577 8392.7749482554463611 15400
366000000 309.55591313672505294 12917.260549431362961 3266.0580020186225738 -3861.981254857793374 -1044.7018402025073556 8172.7410970789233033 15415
367000000 307.94930986494500758 12850.219629906154296 3536.0559307329840522 -3792.510378871004832 -1010.3500658512183463 8338.9163754552064347 15400
368000000 308.03021905721988105 12853.595837799806759 3365.8452818973346439 -3854.871250511172093 -1099.6657979296669509 8320.3823303381741425 15426
369000000 308.13638310415421984 12858.025889357655615 3317.4942318477114895 -3854.0826434448663349 -1029.8092140005960573 8201.386089293173427 15406
370000000 308.8630487976591894 12888.348456935911599 3523.589553127011186 -3788.2575729179725386 -984.38204773716574891 8296.2291737821506104 15387
371000000 305.90741705193403277 12765.014791748129937 3662.1233096775949889 -3729.1713436058935258 -866.33329990535685283 8257.6279531888467318 15382
372000000 311.01825996048313527 12978.281883977066173 3398.409967574723396 -3830.3476136501321889 -1037.0979551799919136 8265.8555364048479532 15403
373000000 313.27163765473005697 13072.311639370587727 3578.1636934506141188 -3783.9951232478883867 -938.20734085573326411 8300.3661575542355422 15388
374000000 309.66788528633247779 12921.932963587833001 3421.9850668523718014 -3841.0598547297440746 -1025.9906583849665367 8289.0355799670833221 15422
375000000 309.28704928277494446 12906.041301772334918 3597.9429616760094177 -3821.6043930553773862 -998.78593805430273278 8418.3332927856899914 15405
376000000 312.66957512306510125 13047.188557373017829 3335.6309643462927852 -3860.0110198090224003 -1038.0110668664476634 8233.653051021763531 15399
377000000 308.57747404046250495 12876.431890692123488 3726.0258924748086429 -3759.299612191489814 -919.32850751283740465 8404.654012179136771 15398
378000000 313.29868275068173489 13073.440186867717784 3587.7611543431803511 -3756.4856074206645644 -985.74428512760641752 8329.9910468914531521 15398
379000000 308.7326136870872233 12882.905613699678725 3437.5826655971341097 -3843.3693552078807443 -964.61464185816851113 8245.5666626631827967 15412
380000000 310.42346949089341024 12953.462253202913416 3470.2263392580098298 -3811.1085510464331492 -1064.8965064155388518 8346.2313967199806939 15402
381000000 308.06201603713799386 12854.922673621242211 3546.4656675385258495 -3781.0069249312632564 -922.60181194927611159 8250.0744044190651039 15390
382000000 313.21293891473749227 13069.862237223091142 3543.5657153246070266 -3702.8388176474186366 -981.89998629949047881 8228.3045192715162557 15380
383000000 307.96213392806066622 12850.754757027096275 3357.7990013530061333 -3784.1781103210182664 -1018.6958453201668817 8160.6729569941908267 15387
384000000 311.65979360016893907 13005.052030575385288 3509.7151318596406782 -3815.2688647436712017 -934.18903744055648986 8259.1730340438680287 15401
385000000 308.50785777287484279 12873.526918024030238 3495.3639540984731866 -3863.6032779271145046 -917.27166786383497765 8276.2388998894239194 15402
386000000 310.98665205170675563 12976.962937784277528 3415.5187999327754369 -3799.4818957483307713 -1012.9939269526412318 8227.9946226337488042 15400
387000000 310.14632861208400527 12941.897618871738814 3468.734566912322407 -3811.3174838485501823 -982.83234022222700332 8262.8843909831011842 15395
388000000 306.98263980310326815 12809.88207367078212 3113.4463242478918801 -3954.3044174997539812 -1120.8676473053228619 8188.6183890529682685 15443
389000000 307.67760367108888886 12838.881776064597943 3363.7810513133363202 -3906.3958394743672216 -1024.9685791757128754 8295.1454699634159624 15415
390000000 309.00262985251873715 12894.172945426909791 3557.0313489360496533 -3806.1157707140782804 -971.46336327814674405 8334.6104829282739956 15395
391000000 307.57458979286531076 12834.583175880425188 3311.270905630793095 -3810.109449732146004 -1076.3409255911356013 8197.7212809540760645 15400
392000000 309.69929631181912555 12923.243694163853434 3339.9163905959785552 -3827.4662000652351708 -1019.6652408625095632 8187.0478315237241986 15407
393000000 313.28732076686651453 13072.966069918011272 3321.1433790842829694 -3941.1599249574746864 -1006.6705892793847852 8268.9738933211447147 15409
394000000 310.09223538583449908 12939.640397259190649 3419.0587170381322721 -3834.9532130347865859 -977.46214340577148505 8231.4740734786901157 15415
395000000 308.3483075510503113 12866.869148947214853 3436.6201287091721497 -3820.3635587667340587 -960.2100973794224501 8217.1937848553279764 15402
396000000 309.59228364952417678 12918.778231278827661 3459.054180605545298 -3810.6467644741410368 -929.75857942465813721 8199.4595245043456089 15431
397000000 312.34353377779046923 13033.583386778394924 3439.2067519866386647 -3880.4376899792487166 -962.75526797269890267 8282.399709938586966 15418
398000000 314.96782142497511359 13143.090606174864661 3336.9589928490968305 -3754.5285106917658595 -1104.9186129020276894 8196.4061164428894699 15407
399000000 312.14831190101443781 13025.437098045893435 3394.3631552734527759 -3805.1984093803393989 -1080.6237458917171352 8280.1853105455084005 15408
400000000 309.32089015711869706 12907.453425955940475 3470.4454815225171842 -3854.9806204419273854 -936.90427441036126766 8262.330376374804473 15389
401000000 309.94257408513578866 12933.395276642037061 3418.6414805166186852 -3711.721801250729186 -993.3082909061358805 8123.6715726734837517 15400
402000000 309.68236173032607894 12922.537041852725451 3450.2861150344065209 -3749.2549361784699613 -1099.0690375066442357 8298.6100887195207179 15418
403000000 308.66091098349210142 12879.913577478979278 3379.8284693781019996 -3811.03686808256316 -983.24280954740129346 8174.1081470080662257 15394
404000000 310.44961421472390839 12954.553229648136039 3453.4916496759169604 -3824.7682069914635576 -941.32250004927641385 8219.5823567166553403 15419
405000000 310.57676295328377591 12959.85893797031531 3588.6760821268094332 -3754.7660542268649806 -912.9161523329079273 8256.3582886865824548 15392
406000000 312.09561178392084457 13023.238008593569248 3413.5038389680662476 -3834.1556413860098473 -1059.7584027390296342 8307.417883093105047 15408
407000000 309.66431351061225996 12921.783919245133802 3312.5003001850368491 -3836.2447109224058295 -1022.5826502568368142 8171.3276613642783559 15403
408000000 308.80698234824933479 12886.008895957185814 3530.5004025261268907 -3741.6335031606417942 -987.50900701063540055 8259.6429126974035171 15397
409000000 311.34131955059905295 12991.762630819323022 3595.0268229053708637 -3713.7240171215980808 -855.26471345791196654 8164.0155534848818206 15372
410000000 307.78689832592726816 12843.442462755741872 3502.2618082386052265 -3796.1013596786692688 -942.994136854097178 8241.3573047713725828 15394
411000000 310.72805895853434777 12966.172272127323595 3460.443309826832774 -3786.2519509329604261 -1023.9873913818673827 8270.6826521416605829 15407
412000000 308.56657864967053229 12875.977243904013449 3423.0341181877911367 -3812.5571715574833433 -978.39681313773201055 8213.9881028830059222 15406
413000000 312.72166834701789639 13049.36232216994722 3389.8824182343068969 -3825.2888607644158583 -1035.9465137473121104 8251.1177927460357751 15405
414000000 317.66486311936705533 13255.633732636653804 3473.6242154262490658 -3794.8150294653696619 -990.20188719333827976 8258.6411320849583717 15397
415000000 310.93497492593729703 12974.806536082091043 3364.102863482412431 -3787.7287546454608673 -1061.6570670738060471 8213.4886852016788907 15436
416000000 308.26846648185068034 12863.537512077653446 3426.5803635408792616 -3813.8585757039036253 -1058.5657874495232136 8299.0047266943056457 15412
417000000 310.86759563979256882 12971.994908980715991 3429.5021364643316701 -3772.3748905172487866 -1002.3647549455270109 8204.2417819271067856 15405
418000000 309.1424003214564209 12900.005337856728147 3521.3284104823451344 -3788.7976455952407377 -1007.6901157204347328 8317.8161717980219692 15412
419000000 310.13608372324381435 12941.470116463182421 3446.9264384887151209 -3813.3338371558743347 -1054.8145807804694414 8315.074856425057078 15420
420000000 305.71677472740566373 12757.059600219954518 3432.9603898871632737 -3871.0163255378538452 -959.21783698699016441 8263.1945524120073969 15401
421000000 313.41773783841654222 13078.408160415445309 3604.333167236065492 -3718.064968748116371 -1045.8450433497866925 8368.2431793339692376 15407
422000000 309.4189757770129745 12911.546378002918573 3536.8978284593176795 -3726.9544215041842108 -1014.9857526859638028 8278.8380026494669437 15404
423000000 310.04407753221801158 12937.630849011953615 3262.5980818069460838 -3858.0268319506749322 -1119.073638697570459 8239.6985524551928393 15416
424000000 307.82142448252551503 12844.883182643890905 3565.2708312001905142 -3763.9419446667934608 -954.91083431526567438 8284.1236101822505589 15405
425000000 311.43850349041321124 12995.817957235411086 3425.6096061140997335 -3886.0068161314966346 -1052.3618792444660812 8363.978301490062222 15423
426000000 308.88305893598004559 12889.18344718921071 3575.7192508633688703 -3733.0339322273639482 -909.91066038673761796 8218.6638434774704365 15399
427000000 306.97746220522225258 12809.666021003038622 3369.3495855139171908 -3827.8729860113121504 -985.07853952920447682 8182.3011110544339317 15396
428000000 309.88556496255370121 12931.016379457920266 3475.2217267023843306 -3815.5699879830472128 -928.9360651750046145 8219.7277798604372947 15383
429000000 307.29697109004240474 12822.998602736850444 3294.246365986553883 -3816.5666008459884324 -1049.5183426680971479 8160.3313095006396907 15425
430000000 310.96294768408557729 12975.973793401217335 3362.515045599709083 -3801.6629573630157211 -1036.8263372066489865 8201.0043401693747001 15413
431000000 310.15366057230164643 12942.203569546398285 3340.9313813545113589 -3846.564597795019381 -1044.9585611600637094 8232.4545403095944494 15415
432000000 310.3237141738882201 12949.299627433985734 3553.6456595234558336 -3809.083077263344876 -923.78426716350395509 8286.5130039503055741 15411
433000000 306.2120686057468788 12777.727401426665892 3387.0310581881467442 -3831.3132819373749953 -1095.5388126073746662 8313.8831527328966331 15397
434000000 311.95954420255640116 13017.560131589038065 3441.1493584104546244 -3802.1989152064898008 -989.80811340516856944 8233.1563870221125399 15411
435000000 315.25368901754978879 13155.019391958694541 3396.511446458647697 -3789.3261945176091103 -1025.2950301183427655 8211.1326710945995728 15410
436000000 310.36819625169323444 12951.155791585286352 3403.5168235740738965 -3817.0998173763841805 -1071.5138701248522466 8292.1305110753110057 15425
437000000 309.56165897718420865 12917.500313929913318 3658.1353045831911004 -3773.0940408201727223 -916.36377568954446815 8347.5931210929084045 15397
438000000 308.15153423140424138 12858.658121048283647 3422.2591557404903142 -3800.072139249366046 -1042.1057028022562463 8264.4369977921123791 15406
439000000 311.57187426358007087 13001.383300856919959 3488.9162619531762175 -3802.6990970947708774 -990.2174529811679804 8281.8328120291153027 15401
440000000 310.05575052074556197 12938.117943678222218 3290.8464010277421039 -3871.8477002901859123 -1119.1648706817513812 8281.8589719996780332 15414
441000000 310.4463692734954634 12954.417823572734051 3268.7146392046897745 -3873.4415922216876424 -1089.3870203197516275 8231.5432517461304087 15421
442000000 308.33298882252847761 12866.229923530398082 3407.4651380291988971 -3852.4146914171969911 -1022.2724456516598366 8282.1522750980548153 15420
443000000 310.80402519225015112 12969.342218467299972 3462.8436416514523444 -3822.5395903464245748 -954.93883785281695964 8240.3220698506938788 15385
444000000 309.52766603228013764 12916.081844091237144 3632.2596005283003251 -3838.734786874701058 -872.79593781805863273 8343.7903252210599021 15410
445000000 308.97536024731658699 12893.035029526976359 3381.3560589239687033 -3722.9941002654441036 -1010.2076723901477635 8114.5578315795601156 15407
446000000 311.2831831291101139 12989.336693300718252 3456.1747007701310395 -3815.1580135808007981 -893.39229319778769423 8164.725007548720896 15411
447000000 309.11945076830852486 12899.047690643659735 3277.0232223129323756 -3867.9118753241182276 -1118.5000346466567862 8263.4351322837064799 15415
448000000 309.37493505862613574 12909.708631056260856 3319.6794517317566715 -3944.5408347482070894 -965.86198595866619598 8230.0822724386307527 15401
449000000 311.86436327386957146 13013.588387542135024 3370.8838102567501664 -3852.9586676906210414 -972.36006157826898288 8196.2025395256405318 15406
450000000 311.51848331232093869 12999.155384027912078 3386.869844618795014 -3857.5219900450556452 -1039.8837079431082202 8284.2755426069579698 15405
451000000 310.0653448694899339 12938.518300115538295 3310.0404863923013181 -3858.4566763980560609 -1036.498865991933144 8204.9960287822905229 15417
452000000 313.32938002712575098 13074.721133866814853 3328.4883945304227382 -3800.8509837914434684 -1199.1023941960397678 8328.4417725179064291 15431
453000000 312.62984588754159176 13045.530721534940312 3441.1884373434204463 -3890.1193258373150456 -915.08278078069338335 8246.3905439614281931 15421
454000000 308.42715478541151697 12870.159314718965106 3522.9798772345557154 -3878.5301873526259442 -843.10852349478682299 8244.6185880819684826 15388
455000000 309.03581178087921444 12895.557572875377446 3597.1504534387777312 -3745.9759394478642207 -995.35530011200967238 8338.4816929986518517 15420
456000000 311.2456223122194956 12987.769342015746588 3329.4589749598371782 -3877.6757980827824213 -1006.2478737873132104 8213.3826468299339467 15414
457000000 311.11631794442166665 12982.373682820936665 3468.0193872668487529 -3782.022585178151985 -969.37074754356967787 8219.4127199885697337 15428
458000000 310.5471394101608098 12958.62279610166479 3452.8991339195235923 -3826.5384005266587337 -1046.482333562868007 8325.9198680090485141 15420
459000000 310.7627941621019545 12967.621715202643827 3648.5234218426867301 -3709.8613551485573225 -959.01029256234210152 8317.3950695535859268 15394
460000000 308.64675513083153646 12879.322876964610259 3461.4914227622912222 -3814.4899527124143788 -1008.9712462598138245 8284.9526217345191981 15403
461000000 309.9028633420387564 12931.738212462585579 3417.6869271174909954 -3752.8523453145771782 -959.82855957767492328 8130.3678320097424148 15382
462000000 311.55303067046224896 13000.596988621678975 3632.5277475546135975 -3807.4283436133905525 -842.63298913668722889 8282.5890803046913788 15395
463000000 310.61333496376153107 12961.385027985430497 3582.7031713605856567 -3800.4196784701507568 -999.45528071232649836 8382.5781305430627981 15405
464000000 311.22432842358836069 12986.880782967489722 3612.3507242636665069 -3774.2984010738500729 -906.3885829819216724 8293.0377083194380248 15398
465000000 311.7814393221078717 13010.128107039525275 3699.8687731720538068 -3741.5745911174776666 -789.32944357010273961 8230.7728078596337582 15364
466000000 309.71004267771570539 12923.692122387494237 3418.3633013071271307 -3695.4852655963709367 -1085.6497561577698434 8199.4983230612670013 15421
467000000 310.25179939539464158 12946.298741675598649 3432.6143629641455846 -3835.6996037171288663 -1022.3853792211624523 8290.6993459024361073 15407
468000000 309.92414110676031669 12932.626098686541809 3628.4342391020600189 -3765.3066477793422564 -896.46314800009236023 8290.2040348814934987 15403
469000000 310.17682087576849881 12943.170011024623818 3468.6978876834164112 -3821.6819748073853589 -1035.6486217823417064 8326.0284842731434765 15432
470000000 307.27265066417004391 12821.983751253370428 3505.6320717433432037 -3809.459274466820716 -1019.9069364344511541 8334.998282644613937 15410
471000000 311.92560331023486242 13016.143833819258361 3372.4428935575660944 -3797.7806051473376101 -1036.0236492369931511 8206.2471479418964009 15411
472000000 309.20574373928621981 12902.648554792589493 3509.4185281881095761 -3788.077643230382364 -984.42722154230898468 8281.9233929608017206 15409
473000000 311.20574018204882805 12986.105126134807506 3244.6097602343811559 -3844.6584304861908095 -1184.8995101679206527 8274.1677008884926181 15423
474000000 307.99979955419263433 12852.32648182981211 3556.7507141449068513 -3769.5097229340203739 -953.88504357077181339 8280.1454806496985839 15400
475000000 311.69987452508939896 13006.724541835188575 3317.351900114192631 -3937.5384125657437835 -951.6833857880682217 8206.5736984680061141 15414
476000000 310.5121870547163212 12957.164291634675465 3473.0836602817275889 -3835.1259214706619787 -925.31907525122312563 8233.5286570036114426 15393
477000000 312.0306464932768904 13020.527113565221953 3326.228638530995795 -3865.6718129858991233 -1035.5672319307172984 8227.4676834476122167 15414
478000000 307.90546289464356278 12848.389967749331845 3460.5117357341250681 -3791.1236019305024456 -999.53270479836010054 8251.1680424629885238 15412
479000000 310.64759188041637117 12962.814512932323851 3272.1238879009233642 -3774.3772317493658193 -1153.3999253542176575 8199.9010450045061589 15437
480000000 308.07883999811201647 12855.624709919540692 3375.6750598127468947 -3874.6481264383173766 -946.87301420702783616 8197.1962004580927896 15391
481000000 310.75508441076493682 12967.299999924189251 3494.0326027492601497 -3841.2092389316385379 -1000.288916093903822 8335.5307577748026233 15391
482000000 305.63636190974267492 12753.704105224747764 3374.5959954120353359 -3851.913545245809928 -1093.7819268918042326 8320.291467549650406 15427
483000000 311.176706254645012 12984.893587963082609 3582.7181935355902169 -3858.588112734283186 -895.56490429245627638 8336.8712105623308162 15401
484000000 308.214143070149305 12861.270685203728135 3282.0499037067238532 -3891.8626127687471126 -1051.1807134361024509 8225.0932299115720525 15409
485000000 307.26021701976048917 12821.464915664706496 3612.31817044440686 -3776.5728321139945365 -923.82294396111842616 8312.7139465195195953 15394
486000000 312.27496089275501845 13030.721952752943253 3475.8316756559847818 -3836.0828442116894621 -1024.867884081216971 8336.7824039488914423 15407
487000000 309.60781680035950103 12919.426404187108346 3611.2711816887913301 -3731.935851803591504 -983.76802887899464167 8326.9750623713771347 15402
488000000 308.86405851684816071 12888.390590861616147 3392.9561726506562991 -3778.1886654185213956 -1065.8960172768665871 8237.040855346043827 15406
489000000 305.90035657428290961 12764.720169595710104 3460.8835422141114577 -3706.9196437811588112 -1049.4491871236400584 8217.2523731189103273 15407
490000000 310.03163615053148305 12937.111690559409908 3596.0315039219685787 -3753.5572192671975245 -936.22344779894808653 8285.8121709881143033 15406
491000000 309.2225957263947862 12903.351760575516892 3499.4113381384886452 -3757.5961283693927726 -1049.3920249094642259 8306.3994914173454163 15399
492000000 311.39898084020660463 12994.168741863784817 3558.6131766230373614 -3780.6877282640798512 -985.02002669956084446 8324.3209315866788529 15405
493000000 308.19816854886170177 12860.604094630369218 3466.5970489516466841 -3853.362440831846925 -974.52578863578150958 8294.4852784192753461 15386
494000000 310.8753319073546777 12972.317730737751845 3676.5369450173329824 -3769.470804599774965 -918.12676406815558039 8364.1345136852633004 15385
495000000 310.06052614342775087 12938.317222580204543 3362.6158681572806017 -3801.7113524177907493 -1122.9937799490785437 8287.3210005241489853 15408
496000000 313.90388575556528394 13098.69431566197818 3596.2035739676630328 -3843.6722110041419 -965.88033046342115995 8405.7561154352260928 15404
497000000 310.90242859866526715 12973.448431224587694 3492.9493450248191948 -3790.557327143907969 -950.74044769240958885 8234.2471198611365253 15393
498000000 309.72554828851571074 12924.339146095269825 3609.0221275283138311 -3700.0234373643161234 -871.07744329490492419 8180.1230081875355609 15377
499000000 312.6012724761105801 13044.338399939462761 3612.8958225041783408 -3817.4177528253394485 -874.90327066694544556 8305.2168459964632348 15387
500000000 308.63984106226632775 12879.034364223216471 3482.8456624023019685 -3723.3275627394305047 -1029.434934083666576 8235.6081592253995041 15431
