# Steps Temp KinEng PotEng Epair Ebond Eangle Bonds
1000000 306.82195603964703423 12803.177003760809384 3364.6884133933963312 -3791.4356025014672014 -1002.4024866556962934 8158.5265025505605081 15387
2000000 310.98720744705860852 12976.986113521399602 3475.6895604804158211 -3754.3170518042952608 -1095.8319373881097363 8325.8385496728205908 15415
3000000 308.30215155679161398 12864.943135007708406 3527.1922064357931959 -3820.8825258884144205 -968.1440838914708138 8316.2188162156780891 15403
4000000 311.14717776958485729 12983.661412711486264 3362.4765961509119734 -3811.2058044754221555 -1011.984961600270708 8185.6673622266043822 15436
5000000 309.27387949286691082 12905.491748039377853 3446.8212500245012961 -3783.859073316782542 -1025.8449847290435173 8256.5253080703278101 15417
6000000 310.72755362015999481 12966.151185185772192 3310.9759685859025922 -3854.7102323027588682 -1014.4459540793250198 8180.1321549679869349 15412
7000000 308.26902737359222328 12863.560917170103494 3544.8529669280651433 -3833.2865511391792097 -948.01220778825404523 8326.1517258554995351 15403
8000000 312.26902995434096511 13030.474464420316508 3374.5536708306881337 -3700.519680693241753 -1036.9513025542173636 8112.0246540781481599 15390
9000000 310.03437345932104563 12937.225913965710788 3385.5733680756238755 -3832.3170270732416611 -1068.0172571199641425 8285.9076522688283148 15416
10000000 310.67224340655326387 12963.843180686801134 3464.1133545903767299 -3833.7325143990883589 -905.92388527671334941 8203.7697542661790067 15383
11000000 307.53070778513239247 12832.752051669052889 3140.1184696647360397 -3909.1188639790971138 -1157.6543508018919511 8206.8916844457253319 15425
12000000 311.48627132592957878 12997.811230667002746 3246.3439457171389222 -3845.6263643756046804 -1123.1976093848393248 8215.1679194775842916 15403
13000000 311.20308635412277454 12985.994386248023147 3386.2165855510638721 -3861.0729868005523713 -997.14917714164505469 8244.4387494932598202 15408
14000000 308.81053992802742414 12886.157347926502553 3415.3541873549188495 -3824.8282341085841836 -1075.7897019526037639 8315.9721234161079337 15417
15000000 303.43907751922512261 12662.01503139666238 3361.6928487846394091 -3756.4291443018869359 -1000.1548126838614508 8118.2768057703879094 15410
16000000 312.44193761892825023 13037.689617675945556 3595.6760393564127298 -3829.137087655576579 -888.40156996396297018 8313.2146969759523927 15382
17000000 309.40572893068622307 12910.99360883198824 3256.4312669465921317 -3832.7732656911598497 -1078.7514948228003959 8167.9560274605519226 15405
18000000 305.50343753566738769 12748.157389105188486 3246.7456427939132482 -3886.9855846661089345 -1058.7266761937362389 8192.4579036537579668 15419
19000000 305.7656773281413507 12759.100225543006673 3610.1425672332779868 -3747.9053681351142586 -912.0172505861389709 8270.0651859545305342 15368
20000000 310.39078979280503745 12952.098582999988139 3539.7732532093368718 -3738.0001595581925358 -987.12570381048885793 8264.8991165780189476 15400
21000000 307.3341667842565812 12824.550718051375952 3557.9421720694563192 -3821.8836980408714226 -903.73101112590040884 8283.5568812362289464 15382
22000000 311.86266482532988675 13013.517514070215839 3397.4718433116322558 -3761.5475301615933859 -1025.3714935038044587 8184.3908669770289634 15395
23000000 313.33572687520216959 13074.985977427513717 3547.1735877135497503 -3810.8333014664563052 -983.70789410345207671 8341.7147832834580186 15408
24000000 312.3860675364552435 13035.358250767430945 3411.8745257000232414 -3778.8918833362481564 -1075.8348495027712488 8266.6012585390417371 15422
25000000 312.19997563671370244 13027.592941002410953 3384.9427643686140073 -3797.6782727937238633 -975.11631946972329388 8157.7373566320620739 15411
26000000 308.98368085608353795 12893.382234884107675 3391.757028201335288 -3679.7579387765063075 -1023.7308429051115581 8095.2458098829520168 15395
27000000 308.96727434146390578 12892.697617937519681 3362.210197512549712 -3885.8037549849955212 -1088.9534989313860933 8336.9674514289326908 15412
28000000 310.99944803885603051 12977.496893341189207 3500.782680318293842 -3707.7987164338182993 -983.91905977089299995 8192.5004565230046865 15401
29000000 312.20813914248412857 13027.933590709162672 3724.5471510797115116 -3692.1483030371250607 -879.38989978251333923 8296.0853538993505936 15401
30000000 311.75757961045053435 13009.132480404618036 3320.358446453864417 -3864.1297882284438856 -1043.660548138828517 8228.1487828211356828 15411
31000000 308.4705652571757355 12871.970762507735344 3575.1384977596517274 -3776.8078316560240637 -894.58464579779331416 8246.5309752134689916 15391
32000000 310.00117983664449639 12935.840798532612098 3432.8494051306524852 -3724.1007261780318913 -1017.8521182464485264 8174.8022495551340398 15405
33000000 308.76987926467796797 12884.460645132892751 3504.8110322549191551 -3859.8514974215872826 -901.15207842634220015 8265.8146081028498884 15406
34000000 307.23072574974764848 12820.234293335997791 3308.4635826043195266 -3839.0088213535909745 -1165.6392476121254731 8313.1116515700359741 15428
35000000 307.61492315123103936 12836.266220773881287 3524.473817357932603 -3787.4901234133194521 -999.93631970052592806 8311.9002604717788927 15397
36000000 312.71700357603316434 13049.167668927493651 3588.3902908744275919 -3729.060599341901252 -920.52400239738437904 8237.9748926137144736 15384
37000000 306.40856292920943815 12785.926787272443107 3321.7412607482601743 -3865.2922119531522185 -973.09032966434438094 8160.1238023657560916 15416
38000000 310.46108993844603674 12955.03209277761016 3451.0943422275868215 -3733.6686198917263937 -981.03331278483506139 8165.7962749041480492 15414
39000000 309.68305877370880808 12922.566128329859566 3431.8363837743122531 -3743.2851523116082717 -1047.573589533197719 8222.6951256191186985 15407
40000000 310.55881739313065282 12959.110099177818483 3418.268346431581449 -3851.1272648823228337 -981.47598339846786075 8250.8715947123710066 15396
41000000 310.49401425012985101 12956.405970304682342 3473.7270755651425134 -3755.1510407176619992 -994.33751082159415091 8223.2156271043986635 15401
42000000 308.41089267710668764 12869.480723611051872 3446.8798629871353114 -3780.411426843760637 -980.20480537836704116 8207.4960952092624211 15399
43000000 306.26097269835770476 12779.768089003220666 3650.0847539882438468 -3687.1326413124506871 -955.98310231569018924 8293.2004976163843821 15399
44000000 314.14244695586751277 13108.64908328396632 3549.4999450074624292 -3740.0040113935392583 -998.10837198671379156 8287.6123283877168433 15407
45000000 307.85120744351127087 12846.12597675849247 3500.6671151171667589 -3810.0882781338814311 -887.48972418697360354 8198.2451174380221346 15386
46000000 308.22819169551127061 12861.856911298791601 3351.0433268751912692 -3915.6500462074345705 -1066.5024042433319664 8333.1957773259582609 15441
47000000 309.8145246501472343 12928.051983735129397 3515.1032637955868267 -3757.2645169551551589 -985.1497322530801739 8257.517513003822387 15409
48000000 309.84055745624067413 12929.138290036740727 3423.7254512441240877 -3821.3943170558600286 -1034.59872144923429 8279.7184897492188611 15430
49000000 310.06111183400309983 12938.341662487315261 3328.9927293302484941 -3833.2638999994419464 -1148.5615820623199852 8310.8182113920101983 15424
50000000 311.47943320273282097 12997.525887001276715 3610.1900308797435173 -3733.5169992846708737 -985.27438411279854336 8328.9814142772120249 15409
51000000 310.3531383202341658 12950.527448802164145 3553.1249011857098594 -3746.6077270152272831 -1041.5379687957031365 8341.2705969966409612 15414
52000000 311.21891869261520469 12986.655043766533709 3376.4109219165293325 -3731.1173772549086607 -1101.8499669241555239 8209.3782660955948813 15429
53000000 310.42610696199909626 12953.572310546411245 3368.09670400667801 -3792.8748078739040466 -1108.1993432383806066 8269.1708551189622085 15397
54000000 310.36377969318431269 12950.971495842350123 3514.5390687641483964 -3744.1408222798318093 -1025.053209421171232 8283.7331004651514377 15416
55000000 311.14676121150449717 12983.64403042599406 3407.2745924946116247 -3848.6188470739371041 -982.52951144617532009 8238.4229510147233668 15407
56000000 309.67582522204929774 12922.264284082928498 3452.286463440933403 -3777.5632168712345447 -989.3187297476514459 8219.1684100598195073 15406
57000000 311.15910709924764888 12984.159204072901048 3442.0303862978225879 -3818.9133322337302161 -1044.4802224497657335 8305.4239409813180828 15399
58000000 307.81091719630785519 12844.444730823133796 3474.4918563524424826 -3730.1315159281020897 -1008.0969526139199388 8212.7203248944642837 15397
59000000 308.79882406133731365 12885.668464024834975 3571.2573531574353183 -3820.0344185969806858 -880.95540034617511083 8272.2471721005913423 15389
60000000 308.46274407213962832 12871.644397283782382 3514.6048954394100292 -3848.1877613544311316 -928.49704301725205369 8291.2896998110918503 15387
61000000 307.55857852361504001 12833.915051874855635 3474.8043980152738186 -3780.7342878819081307 -1035.6358582064451639 8291.1745441036255215 15394
62000000 308.37414080105787662 12867.94712810065721 3595.1629958225830705 -3798.2087375703026737 -1004.6018298495212093 8397.973563242405362 15405
63000000 311.83213085176271306 13012.24338143233399 3460.4239689329497196 -3707.2713026303290462 -1079.38919277303944 8247.0844643363179785 15409
64000000 311.90139607717048875 13015.133705686008398 3468.7429675196926837 -3777.6935408746994653 -1063.5429513417718681 8309.979459736163335 15414
65000000 308.6451794871926495 12879.257127939788916 3505.6169214446404112 -3825.4230586790763482 -990.17903456714020649 8321.2190146908578754 15415
66000000 310.03714045882327355 12937.341376316755486 3607.535003795229386 -3728.9192917689042588 -915.9818793745541825 8252.4361749386880547 15388
67000000 309.57428763979567066 12918.027287308294035 3285.7236126636216795 -3776.7643040407601802 -1045.2615074234849999 8107.7494241278664049 15405
68000000 307.55073786334673969 12833.58787398140521 3471.1105199645080575 -3769.9825472291904589 -1008.5202416973309028 8249.6133088910282822 15415
69000000 310.54552314901991394 12958.555352175100779 3468.7213098904994695 -3833.6707528931492561 -939.68380923861036536 8242.0758720222602278 15418
70000000 311.04741988343778303 12979.49867973648179 3266.8429127884205627 -3785.0902279306346827 -1180.7022799352985203 8232.6354206543546752 15419
71000000 305.64041049392045579 12753.873046002363481 3469.4629288750707019 -3799.2245770327740502 -996.86327605941755792 8265.5507819672620826 15406
72000000 311.65484447372648447 13004.845511646053637 3670.98190846028956 -3708.9312229141855823 -853.93736051455516645 8233.8504918890303088 15397
73000000 309.75247120892913699 12925.462595407570916 3320.056576326582217 -3750.0010933370576822 -1099.1171935234960984 8169.1748631871359976 15427
74000000 311.64715650347943665 13004.524705256761081 3642.2773976447515452 -3753.5870749135483493 -917.64149067644439128 8313.505963234743831 15401
75000000 308.82897693531805317 12886.926694002018849 3434.0981851013907544 -3775.6017760693171113 -1048.4029963382652113 8258.1029575089742139 15396
76000000 310.08235731623574338 12939.228201615955186 3534.4106425497529926 -3839.6063951937667298 -954.21161078951035961 8328.2286485330314463 15393
77000000 306.51099387662748086 12790.201062710171755 3399.0037149240943108 -3799.3405614673115451 -992.37668352550747386 8190.7209599169136709 15420
78000000 309.57373993503148313 12918.004432486779478 3295.0221700348638478 -3790.1758775375469668 -1083.8267636934688198 8169.0248112658791797 15415
79000000 307.17269310728408982 12817.812686345914699 3382.4277886097906958 -3736.4113477048340428 -1043.0559087850558626 8161.8950450996817381 15399
80000000 309.96436546331551654 12934.304595113217147 3240.2315095945286885 -3888.1250681683786752 -1076.7892223322778591 8205.1458000951843132 15432
81000000 312.15411558457083174 13025.679276242020933 3302.9198744739815083 -3879.6065407797714215 -1083.0667356446938356 8265.5931508984467655 15421
82000000 307.62744682921157846 12836.788813315797597 3331.909586379771099 -3826.1154957643593661 -992.38801686333817997 8150.4130990074681904 15401
83000000 307.0346726740270924 12812.053320034799981 3463.2289513729524515 -3829.7129532528188065 -989.87348585830181946 8282.8153904840728501 15403
84000000 309.85743423719725342 12929.842530426281883 3197.4503048360711546 -3886.7987667530142062 -1108.4017155890392132 8192.6507871781250287 15431
85000000 308.0597351158283459 12854.827494515953731 3362.1335288293998929 -3885.4143909669519417 -967.16278187603893457 8214.7107016723912238 15400
86000000 307.35406497711761631 12825.38103700424108 3370.049538212763764 -3919.2179138781766596 -955.88278046279162936 8245.1502325537330762 15407
87000000 312.06429676819169572 13021.9312843472635 3478.7301029562872827 -3885.2802430270758123 -955.77697364319158169 8319.7873196265554725 15388
88000000 308.71372452211807058 12882.117399825825487 3392.2477769713564157 -3954.6458184097614321 -927.76923252809513087 8274.6628279092128651 15420
89000000 303.70011240857957091 12672.907589203477983 3408.332433880616918 -3858.3249912050760031 -984.87442308380468603 8251.5318481694976072 15411
90000000 311.74845993154661983 13008.751931161234097 3502.7932268518179626 -3816.4725136402926182 -952.15423053326935587 8271.4199710253797093 15399
91000000 312.26165138473481875 13030.166568812317564 3288.1834834693668199 -3824.332228449975446 -982.24781474117810376 8094.7635266605211655 15402
92000000 310.17982831393248944 12943.295506486678278 3563.0590839995820716 -3720.5709371250977711 -922.88045861737805353 8206.510479742057214 15386
93000000 310.75748711418970061 12967.4002607974071 3301.2831280727955345 -3897.229605868642011 -965.43781379081713112 8163.950547732254563 15409
94000000 309.07218927753365278 12897.075546147669229 3440.1462267802389761 -3793.8850463926146404 -1011.0524339354952872 8245.0837071083478804 15411
95000000 306.2581162182715957 12779.648892774170235 3373.4585543757343657 -3825.5774756473915659 -988.93954595909087857 8187.9755759822164691 15398
96000000 308.80544297411842081 12885.944660399445638 3492.9896122200316313 -3794.9499948300508549 -890.09475284747941259 8178.0343598975614441 15402
97000000 308.41264596528685615 12869.553885451225142 3436.5312639604940159 -3851.3238332454611736 -970.28304156062279162 8258.138138766578777 15409
98000000 314.53320676652163002 13124.954849293470033 3413.8327729795710184 -3811.2377772869576802 -1042.4825283187087734 8267.5530785852388362 15418
99000000 308.10981351122427441 12856.917183821746221 3222.132585268585899 -3856.2595656513676659 -1034.4788962047948644 8112.8710471247486566 15414
100000000 308.76437530597536352 12884.230973963331053 3210.2790942370293124 -3861.2711027048371761 -1085.4678197067262317 8157.0180166485934024 15415
101000000 310.62055381791412856 12961.68625892950331 3280.3351666235466837 -3812.9109550709408722 -1129.5065546042364986 8222.7526762987254187 15406
102000000 311.20720531609327963 12986.166263775501648 3358.7638222120417595 -3853.2261666268782392 -1039.439141815707444 8251.4291306546274427 15401
103000000 306.13215659945302605 12774.392804468507165 3646.8721277865161028 -3789.9390833868883419 -843.49721331059868135 8280.3084244840028987 15381
104000000 308.55565978497622837 12875.521617588459776 3420.5958584669983793 -3869.5051598074851427 -967.49262076083471129 8257.5936390353199386 15402
105000000 307.74962563700830742 12841.887134578464611 3221.9081191156737987 -3854.0000231775838984 -1180.322986738023701 8256.2311290312809433 15418
106000000 310.95607155751406481 12975.68686391699157 3660.5472004024968555 -3765.6187994067086038 -840.31125075291220128 8266.4772505621167511 15391
107000000 307.57206031741776542 12834.477625018616891 3495.6096983129532418 -3810.3213946409250639 -906.35936589353082127 8212.2904588474084449 15398
108000000 309.61618833414485152 12919.77573456173559 3293.6188532522705827 -3870.6118109967223972 -1075.059429888584873 8239.2900941375773982 15423
109000000 309.85036929970237907 12929.547722171895657 3264.9797950570073226 -3833.6199982473344789 -1146.9827998391040182 8245.5825931434446829 15418
110000000 312.28197265697446028 13031.014542173756126 3454.974026435774249 -3815.193158901213792 -1028.9191265735216803 8299.0863119105106307 15404
111000000 311.23216806250638911 12987.207918241669176 3557.6802413689083551 -3748.6033857018510389 -1013.8012251904478944 8320.0848522612086526 15388
112000000 308.72644790173268348 12882.648325589399974 3357.7707724432757459 -3894.3241055912053525 -1065.0514887388496845 8317.1463667733296461 15417
113000000 312.48541830160826294 13039.503995251077868 3324.9667770688265591 -3759.6480251514822157 -1107.4521118671912063 8192.0669140874997538 15426
114000000 311.4622224705701683 12996.807711375624422 3450.7534808101149792 -3817.6018033989130345 -1066.8463904754855776 8335.2016746845147281 15409
115000000 312.43628989151829956 13037.453947274023449 3526.0874260182881699 -3722.0185072667682107 -988.05253609982833041 8236.1584693848835741 15402
116000000 311.21823295024421441 12986.626428862085959 3306.0357113844070227 -3810.7889660422970337 -1014.5951206366808037 8131.4197980633853149 15403
117000000 311.51955600428408388 12999.200145704200622 3247.586765574796118 -3843.5098501506226967 -1102.0178480268548356 8193.1144637522738776 15416
118000000 311.8136874650827508 13011.473769155363698 3481.0045965997542226 -3881.6824736307544299 -924.34564064940536809 8287.0327108799137932 15399
119000000 307.58353805047499918 12834.956571994351179 3255.7493257238456863 -3911.2037384761497378 -957.70342397330000495 8124.6564881732956565 15420
120000000 310.42408473858716889 12953.487926480100214 3532.9931767032221614 -3817.3655005791652002 -896.42994336933566046 8246.7886206517232495 15403
121000000 311.19726462951246049 12985.751455228302802 3444.8469233878804516 -3818.471315640848843 -985.00459712276892787 8248.3228361514993594 15399
122000000 310.21012665622299664 12944.559806617844515 3445.4115152890681202 -3828.2290437635265334 -939.62865686210398053 8213.2692159146972699 15387
123000000 309.41440676207213301 12911.355720503124758 3355.0891180289463591 -3843.0944323729954704 -1071.460236632399301 8269.6437870343415852 15417
124000000 314.59531547568377619 13127.546543861688406 3433.7330170282793915 -3844.3657628504161039 -1006.7707545535635063 8284.8695344322586607 15401
125000000 309.83088332638527618 12928.734604464512813 3639.6381221477868166 -3742.7399510096520316 -889.53605589829453493 8271.9141290557345201 15407
126000000 312.51657961202931801 13040.804305626970745 3331.5028694123238893 -3798.6710458681855016 -1039.3183000578574138 8169.4922153383668046 15422
127000000 308.92687578621024613 12891.011852484862175 3409.6730758179919576 -3785.0952678430057858 -1050.9060502163852107 8245.6743938773834088 15420
128000000 311.1960991765710105 12985.702822788527556 3252.2744665367986272 -3941.7291003927152815 -1058.5704155155974604 8252.5739824451120512 15432
129000000 306.40848176885509702 12785.923400583968032 3531.7932676036680277 -3806.6725602117485323 -1033.24220476935443 8371.7080325847709901 15404
130000000 312.43471624747303395 13037.388281688963616 3294.2686934218240822 -3815.4825989964770088 -1077.0082867460553189 8186.7595791643561824 15415
131000000 308.83528534769891394 12887.189933704181385 3481.8841688309175879 -3880.9520238480263288 -919.620513714873141 8282.4567063938175124 15399
132000000 309.70253753816189146 12923.378945223168557 3452.626953596250587 -3779.3849260870001672 -1088.1672243563511984 8320.1791040396001335 15411
133000000 312.71686597037160027 13049.161926868924638 3494.7324744573061253 -3812.4388429866799015 -946.52424087365625383 8253.6955583176422806 15393
134000000 316.43376889072442282 13204.262189605413369 3262.5074217800010956 -3912.6574614293717786 -1085.6516204053809815 8260.8165036147547653 15413
135000000 306.65436225941016346 12796.183590183767592 3568.8128133561986033 -3782.1334205890980229 -932.07502799036979013 8283.0212619356661889 15397
136000000 312.5158926448016814 13040.775639611261795 3543.6704054009433094 -3802.3551117799361236 -968.15499616880697431 8314.1805133496854978 15423
137000000 308.44475488044270151 12870.893737818523732 3472.7441206417097419 -3777.4927315828053906 -978.56884136526184648 8228.805693589776638 15399
138000000 315.27852658797320373 13156.055823036114816 3758.2627298617130691 -3745.8489817559357107 -862.38475084175956908 8366.4964624594085763 15382
139000000 314.9955523474252459 13144.247772086944678 3503.5413332253224326 -3858.2948872197243873 -864.53133343734816663 8226.3675538823954412 15376
140000000 306.75914385709666021 12800.55595440187426 3516.5789628196471313 -3817.9074181387522913 -892.42784358927292487 8226.9142245476723474 15382
141000000 313.13785216632788888 13066.72899036248964 3413.9303559924837828 -3851.4263361111975428 -922.1132572510140335 8187.4699493546959275 15393
142000000 310.41104696145168873 12952.943881423625498 3509.7652671115274643 -3809.2892331530156298 -946.31893682563497805 8265.3734370901784132 15406
143000000 309.9415193237235826 12933.351263178230511 3512.3555468162703619 -3814.0743236016410265 -895.95469762291043025 8222.3845680408212502 15364
144000000 310.05237555416533723 12937.9771118581466 3471.46140426794409 -3778.0487574617309292 -915.1304498040802855 8164.6406115337549636 15401
145000000 309.20858208425954672 12902.766994273128148 3257.2283695976411764 -3833.7754291132673643 -1083.786081419891616 8174.7898801308001566 15422
146000000 307.88921209778931143 12847.711848649700187 3333.5871335869310315 -3900.126070644819265 -1034.6911420649789761 8268.4043462967292726 15399
147000000 310.19076491532354112 12943.751872925497082 3296.5724030570190735 -3895.6257701351310061 -1060.2052705675821471 8252.4034437597329088 15409
148000000 312.10086055897249935 13023.457031367905074 3238.5208818609962691 -3882.1194944991011653 -1029.428096434814961 8150.0684727949137596 15409
149000000 312.39658470671128043 13035.797115032897636 3246.5730920104042525 -3829.0903456998039474 -1130.6159171234098721 8206.2793548336176173 15415
150000000 309.74873028094867777 12925.306492618479751 3534.5125336754763339 -3804.9033346580617945 -834.18320796046668875 8173.5990762940045897 15381
151000000 310.07439834983966875 12938.896087001827254 3293.4681032811404293 -3917.5428822288040465 -957.88291281156728019 8168.893898321512097 15410
152000000 311.93611137308880643 13016.582318047774606 3479.4415281746364599 -3818.4299321419848638 -941.46129599055188919 8239.3327563071725308 15401
153000000 309.81426978752119794 12928.041348735747306 3313.6727758680663101 -3807.9885530772571656 -1017.9985137267080972 8139.6598426720320276 15409
154000000 308.08109785736019148 12855.718926682829988 3468.6832414337077353 -3822.2529395756946542 -922.87786954189778044 8213.8140505513001699 15418
155000000 310.94149012644635377 12975.078404713687632 3496.4554223754585109 -3786.1068703559585629 -974.18234000337292855 8256.744632734789775 15388
156000000 307.66638457880605984 12838.413621744181 3371.2687117268651491 -3868.862427895493056 -1028.1760940950189251 8268.3072337173762207 15416
157000000 309.84433600129403885 12929.295962524589413 3274.7584417081593529 -3889.0973512827954437 -995.99079913187813418 8159.8465921228325897 15406
158000000 307.65121439828561734 12837.780594991829275 3244.7474073634889464 -3850.6510491822268705 -1008.78539404437538 8104.1838505900914242 15404
159000000 309.77558089825788556 12926.42692484082545 3216.7060478094399514 -3876.6937822538056935 -1052.7959288849108361 8146.1957589481553441 15411
160000000 306.50347386564595809 12789.887264985558431 3339.6570042550902144 -3877.1957564431368155 -1063.0573572131515903 8279.9101179113786202 15414
161000000 311.42130643884149777 12995.100352478380955 3310.9620294581927737 -3886.0086301373894457 -1011.8743536774796894 8208.8450132730613404 15434
162000000 307.59896060264333073 12835.600129801652656 3504.3004519222786257 -3787.4683877643092274 -947.58469651895575225 8239.3535362055445148 15402
163000000 308.41534419355099317 12869.666478091296085 3472.0539877121091195 -3853.936379679161746 -972.12858882924626869 8298.1189562205181574 15396
164000000 310.25690039300906164 12946.511597939850617 3459.4573459550374537 -3747.9103218040390857 -1001.4808345446488147 8208.8485023037246719 15408
165000000 314.06234739700994396 13105.306660064932657 3435.8128903486231138 -3788.3800703762635749 -1016.1763606219119538 8240.369321346799552 15403
166000000 312.7345095217606854 13049.898163331024989 3370.2934144543150978 -3802.1145152538674665 -1145.6467829810608237 8318.054712689245207 15416
167000000 311.44502017439265273 12996.089887769794586 3512.5478830453566843 -3785.2352720941771622 -939.71257482443979825 8237.4957299639736448 15403
168000000 311.79723985221755811 13010.787437246393893 3500.5460596141811038 -3801.9352702486517046 -1006.07185251476335 8308.5531823775963858 15397
169000000 307.87848113396626104 12847.264063129325223 3446.3412957911991725 -3745.591146111920807 -1075.96976353791365 8267.9022054410343117 15412
170000000 308.97866868151106701 12893.173085059715959 3236.6940530494148334 -3898.300262778052911 -1168.8397582106149457 8303.8340740380808711 15436
171000000 309.38123885803719304 12909.971678266760136 3576.0783186044172908 -3779.9400061633555197 -893.58223678953572744 8249.6005615573085379 15389
172000000 311.59240702419714353 13002.240099281481889 3319.6724325920513365 -3967.7095045028572713 -904.87068355800693098 8192.2526206529146293 15400
173000000 309.94060737177875353 12933.313208919273166 3380.4428490767531912 -3833.6003680388616885 -1018.9973136477315165 8233.0405307633445773 15409
174000000 308.16760731966485309 12859.328824659763995 3540.5776493126168134 -3702.3263194577248214 -1018.69261900944025 8261.5965877797825669 15399
175000000 307.5681598064878699 12834.314863094779867 3526.7438978140198742 -3813.513378071099396 -970.3488351781743404 8310.6061110632945201 15404
176000000 312.53303570608335349 13041.490991442038649 3428.1588223195722094 -3826.5239157971100212 -1000.1165779030499152 8254.7993160197329416 15414
177000000 310.05643331152390374 12938.146435417551402 3343.7576644050045616 -3732.1521624534111652 -1095.7757778605146086 8171.6856047189303354 15407
178000000 307.94059852752133111 12849.856120083017231 3457.057994878295176 -3801.2360831903379221 -965.22421561695637138 8223.5182936855890148 15408
179000000 309.70259689218170251 12923.381421969068469 3426.0560836357481094 -3816.6315826275067593 -985.72667192349308607 8228.4143381867488642 15386
180000000 308.3580135641515767 12867.274164955000742 3484.5604110740760007 -3757.9937149716774911 -1071.2610646143230042 8313.8151906600760412 15404
181000000 308.61931623439738814 12878.177896819222951 3597.3851583161899725 -3743.6567151087174352 -948.80811432475138645 8289.8499877496578847 15391
182000000 309.66390197210580482 12921.766746418228649 3368.5408885057931911 -3821.7542680277347245 -1114.8370748495990483 8305.1322313831260544 15415
183000000 308.786258848667444 12885.144138308452966 3649.5726611079744544 -3807.9740043626734405 -830.94167742398576593 8288.4883428946341155 15402
184000000 307.81530870996846261 12844.627981485624332 3541.6321457698695667 -3829.2545292243339645 -891.92863518766444031 8262.8153101818679716 15403
185000000 312.26582161166658125 13030.340585542549888 3503.6188443473274674 -3704.7276853137618673 -1061.5630691864298569 8269.9095988475182821 15407
186000000 309.78594765461201632 12926.859512580862429 3330.6089399312531896 -3865.5082223457147848 -1067.4984232052072457 8263.6155854821736284 15412
187000000 310.19645037988919967 12943.989118037034132 3325.5252271131034831 -3828.8677082759963923 -1002.423515679739694 8156.816451068839342 15406
188000000 312.01487690626902349 13019.869074563242975 3305.9748428696975679 -3902.5868963030861778 -990.49571353400119733 8199.0574527067856252 15410
189000000 311.30206325652989108 12990.124530052458795 3774.7465772655095861 -3658.9849341030148935 -874.64574987160062847 8308.377261240126245 15385
190000000 312.21566890080373469 13028.247795174207567 3443.9165017683408223 -3816.8632383141607534 -986.40434730925653639 8247.1840873917572026 15397
191000000 309.70168129391498724 12923.343215555079951 3635.8910533925600248 -3763.2947928390635752 -986.99449302887251179 8386.1803392604961118 15384
192000000 308.8474405141842567 12887.697148865805502 3664.2540574045797257 -3725.9709476685584377 -937.48190106267372812 8327.70690613581246 15389
193000000 310.44011953579018837 12954.15703226855112 3357.7210442335644984 -3739.8376145071351857 -992.86660907941075038 8090.4252678201119124 15405
194000000 306.14559835354452844 12774.953706820790103 3507.516143809469213 -3836.4706814131391184 -995.79919694410864395 8339.7860221667160658 15414
195000000 312.66094043607591857 13046.828246046796266 3583.2460249267724066 -3752.0926194147700699 -950.17707460741814884 8285.5157189489600569 15397
196000000 309.52643445285133339 12916.030452301598416 3415.5558157423529337 -3731.1699003555117997 -1043.8870848622334506 8190.6128009600979567 15424
197000000 307.7281269482599555 12840.990029557211528 3436.416279903854047 -3786.6633498962628437 -1107.5307165194319623 8330.6103463195486256 15403
198000000 312.7433697844372773 13050.267887560712552 3573.3808231173943568 -3724.3124527829868384 -964.8925047774370114 8262.5857806778185477 15414
199000000 311.02378123751230987 12978.512277811991225 3533.819610660669241 -3742.993409780942784 -951.33209735872321744 8228.1451178003353562 15388
200000000 309.54010510487393049 12916.600906189129091 3464.4807265793447186 -3764.8087340078036505 -1043.9669329978885344 8273.2563935850375856 15404
201000000 308.37198610649181774 12867.857216230351696 3501.772521143888298 -3777.3681140622543353 -916.53614043356265029 8195.6767756397057383 15388
202000000 308.89195423518128791 12889.554633435609503 3536.1645727903905936 -3809.1708829385465833 -921.00202347793594981 8266.3374792068734678 15378
203000000 308.24423701048209523 12862.526455976441866 3343.0076292913499856 -3874.4762446542281396 -1095.9389989518344919 8313.4228728974121623 15417
204000000 307.91690505252813637 12848.867430231457547 3649.1521156808139494 -3770.2290769430892396 -877.71566142303504421 8297.0968540469384607 15389
205000000 310.94572086567518454 12975.254946522829414 3513.4752296886258591 -3776.0516399589077992 -1019.07672268858596 8308.6035923361196183 15399
206000000 307.52704247774596524 12832.599104403323508 3393.5338834012345615 -3845.6516764607276855 -965.97166123022293505 8205.1572210921840451 15391
207000000 306.48068481275794284 12788.936315185095737 3658.5632468818826055 -3763.7129495712069911 -892.68306306288161522 8314.9592595159701887 15388
208000000 308.68940288212422729 12881.102497679048611 3735.3285945598031503 -3676.0030057905623835 -994.51924160582461809 8405.8508419561894698 15404
209000000 308.07102429646135988 12855.298573508269328 3541.5557466322152322 -3735.8984935534185752 -958.86291676126813854 8236.3171569469013775 15377
210000000 312.36265418024322571 13034.381249813184695 3472.2104691618196739 -3753.8978503905395883 -1013.6720670730071561 8239.7803866253671004 15403
211000000 308.19380445851970762 12860.4219882979869 3493.6432746539380787 -3756.1797495645751042 -1087.4799058110681926 8337.3029300295820576 15413
212000000 313.18735162148158224 13068.794521441499455 3330.5818624634325715 -3826.4149999342107549 -1106.1668688615693554 8263.1637312592119997 15427
213000000 310.49537173140402047 12956.462615771833953 3332.8434238527206617 -3837.1235583534726175 -1011.7011171015520858 8181.6680993077452513 15415
214000000 313.68090383112598829 13089.3896456700204 3486.4188980681547037 -3812.2503880693939209 -992.339162588112913 8291.0084487256608554 15404
215000000 310.33183908426576636 12949.638666618293428 3764.5498735357996338 -3734.9848378893552763 -917.31464897260752878 8416.8493603977622115 15398
216000000 307.42532633562274214 12828.354656618188528 3495.5221637093545723 -3784.7863974477859301 -969.28050206713714942 8249.5890632242771972 15402
217000000 307.61726982569336997 12836.364143650389451 3554.5717003933223168 -3754.4718710781862683 -875.83535300751577779 8184.8789244790241355 15373
218000000 309.45064032659649911 12912.867687723693962 3313.4920931371716506 -3788.9013954634488073 -1091.0301787946718832 8193.4236673952909769 15409
219000000 310.25523933016484079 12946.442284511687831 3431.1747605649534307 -3856.3706710684573409 -956.36990377404504216 8243.9153354074551316 15402
220000000 311.24348980395694753 12987.680355943499308 3477.8902519136950104 -3736.4680300456802797 -1007.6007098845078644 8221.9589918438832683 15413
221000000 308.80021853971970813 12885.726653320634796 3561.5296508056617313 -3739.4962223275761062 -1026.2656871587223577 8327.2915602919601952 15407
222000000 308.82571595677387677 12886.790618715735036 3506.7277753493735872 -3766.7720819171863695 -989.55494716540317768 8263.0548044319639303 15395
223000000 309.89782631845326932 12931.528025729636283 3524.0058238267656634 -3762.0332553168263985 -940.79754290750338441 8226.8366220510943094 15391
224000000 308.86747244719481387 12888.533048575760404 3359.79808179075917 -3834.4796245622387687 -1063.1859059825583245 8257.4636123355558084 15403
225000000 314.61901045277903677 13128.535296393503813 3514.4882531571697655 -3749.6946683574801682 -934.9750668728090659 8199.1579883874583174 15415
226000000 312.37591732127759769 13034.934698935538108 3403.8450799154043125 -3784.5035080095681224 -1076.4813601269606806 8264.8299480519344797 15422
227000000 308.24822531695542693 12862.69288146431245 3659.1584048250570049 -3704.960148528708487 -947.02886579805749534 8311.1474191518227599 15409
228000000 305.12283431453721505 12732.275440918594541 3468.142247653247523 -3745.683450455752336 -1091.1544559629301148 8304.9801540719290642 15413
229000000 311.00936494586767367 12977.910709605965167 3489.358562601173162 -3777.5137458630142646 -1079.4936520269482116 8346.3659604911354108 15418
230000000 309.32593179506886827 12907.663805238760688 3475.0848301221526526 -3782.354207336849413 -1034.3338121433755532 8291.7728496023773914 15417
231000000 309.19548540691909011 12902.220491407702866 3563.9742617387673818 -3719.2784857884134908 -985.98953183262847233 8269.2422793598088901 15398
232000000 313.81497938090478783 13094.984398463633624 3570.8695853564677236 -3747.6365524291172733 -995.8893429618784694 8314.3954807474619884 15417
233000000 311.54883526567880381 13000.421921260991439 3699.9787272441212735 -3764.1726282658883065 -804.81109382094859939 8268.9624493309584068 15362
234000000 310.65132871736204834 12962.970445009243122 3612.2161413625694877 -3768.5463087053581148 -930.57412519804302065 8311.3365752659701684 15390
235000000 312.16111439553270657 13025.971325144641014 3232.1978509360496901 -3874.5219560676036963 -1114.9400587162549527 8221.6598657199101581 15418
236000000 308.95896330847807576 12892.350812162030707 3372.3752408661621303 -3814.8626208265641253 -987.68520909063772706 8174.9230707833639826 15408
237000000 306.57979914600014126 12793.072193752879684 3635.2098160329387611 -3772.5435266021977441 -911.42417309624374866 8319.1775157313804812 15394
238000000 309.28248343316943192 12905.850776356792267 3582.1646908666539275 -3835.447824750107884 -881.48794589343026473 8299.1004615101919626 15382
239000000 310.39186646653803336 12952.14351082900248 3601.7566790089394999 -3769.2264231556159757 -944.03769568117559174 8315.0207978457310674 15391
240000000 310.45550081288746469 12954.798867734833038 3648.6462960021408435 -3819.8144583336124924 -920.48749089006469148 8388.9482452258198464 15381
241000000 307.51869170210255788 12832.250640231915895 3567.3180258426664295 -3822.1556501332215703 -914.81696325379436985 8304.2906392296827107 15395
242000000 308.97218503931293299 12892.902533304675671 3360.7070838703125446 -3899.5969848064655707 -1109.1013660618154972 8369.4054347385936126 15422
243000000 308.24805908948167144 12862.685945064464249 3400.5153903878235724 -3823.2081341732309738 -1032.4849498219668931 8256.208474383021894 15425
244000000 310.52157867751765252 12957.556188650880358 3503.6793334040512491 -3707.3625109119184344 -955.15899017408185045 8166.2008344900514203 15394
245000000 310.85929178737251277 12971.648402838458424 3439.9858140800761248 -3817.9948140119713571 -933.94378992605254552 8191.924418018099459 15406
246000000 308.71377959635520938 12882.119697983413062 3149.5766195777086978 -3939.4396335622432161 -1056.8842033290241034 8145.9004564689748804 15419
247000000 312.92307211640940068 13057.766571142308749 3414.5083232998176754 -3814.2199470569348705 -924.89394832077300634 8153.6222186775266891 15410
248000000 307.90129464174037821 12848.216033392076497 3477.2757590239343699 -3710.0154387154016149 -961.09516208659351832 8148.3863598259304126 15405
249000000 312.01470743668716068 13019.862002875539474 3513.9150375599106155 -3718.6591167429351117 -1028.1905167314239407 8260.7646710342705774 15391
250000000 310.5702171183438054 12959.58579101416035 3328.6649979378125863 -3825.1991710330880778 -1025.836236066438687 8179.7004050373388964 15400
251000000 307.86952200281956493 12846.890213280534226 3327.3129688846311183 -3821.1484541355835063 -994.89154431139661483 8143.352967331610671 15394
252000000 311.38537139709507073 12993.60084212372567 3435.7803205504169455 -3811.6754777666556038 -1012.1770945154466972 8259.6328928325201559 15413
253000000 311.38265481989378713 12993.487483812601567 3267.4752514699712265 -3822.0023715955103398 -1090.1507959787822983 8179.6284190442638646 15418
254000000 315.03254066399603062 13145.791233872534576 3265.0740408299520823 -3789.4542649643353798 -1150.3423497529647648 8204.8706555472526816 15433
255000000 307.36187073759333543 12825.706758586586147 3390.0114616855012173 -3891.2092024073849643 -1020.8932950449434429 8302.113959137828715 15403
256000000 311.34751353903084237 12992.021095797759699 3491.8474445308720533 -3793.4597560355487076 -983.12343468092160492 8268.4306352473431616 15396
257000000 312.39374156545471806 13035.678475411326872 3327.688757826877918 -3829.9673521469721891 -1083.1138659000741882 8240.7699758739236131 15408
258000000 311.53363971158029244 12999.787835710842046 3623.8788616085612375 -3779.9266467394777465 -881.43202595736602234 8285.2375343054045516 15403
259000000 309.25277611493811492 12904.611138690270309 3432.8991369616096563 -3853.998398488552084 -967.30186117048833694 8254.1993966206500772 15404
260000000 309.94487348973524377 12933.491227024695036 3283.0671282746197903 -3874.1610244126604812 -1081.2416314785373288 8238.4697841658162361 15420
261000000 311.4366723076155381 12995.741544980606704 3457.2180779911677746 -3805.1749840729926291 -863.13124840291982309 8125.5243104670789762 15387
262000000 309.36151614694290402 12909.14868188021137 3410.5326266564197795 -3770.6237166916771457 -1083.0083502681559366 8264.1646936162524071 15406
263000000 307.42451929587849691 12828.320980173295538 3437.2250337802533977 -3835.7916409181916606 -973.6155055827665592 8246.6321802812108217 15395
264000000 310.28417421021532618 12947.649689599807971 3519.3369616644367852 -3715.9555905450934006 -987.11023789423904873 8222.402790103769803 15406
265000000 310.44152774321298693 12954.215794454688876 3508.6348393060725357 -3793.6819797106045371 -1006.2017871027499041 8308.5186061194272042 15419
266000000 315.14134677272897989 13150.331534335968172 3245.8503973983124524 -3783.3667125343745283 -1094.2553775717510689 8123.4724875044375949 15425
267000000 309.85576663515939799 12929.772944128291783 3298.9229511560688479 -3861.9475666509570146 -1134.7714768113437458 8295.6419946183705179 15426
268000000 312.75478635851726494 13050.744282472633131 3455.3416111677142908 -3760.3530419942353547 -1002.9145963727728486 8218.6092495347220392 15398
269000000 308.68278521886776389 12880.826353445052519 3316.2852658100268854 -3824.6976802815570409 -1161.9033458093722402 8302.886291900955257 15420
270000000 310.89365324812524705 12973.0822502390929 3307.3810083985958954 -3841.8042924098158437 -1075.4068134468177504 8224.5921142552288075 15412
271000000 309.14336252577015784 12900.045489064619687 3512.617003576103798 -3865.5075191127671133 -942.26061541406397737 8320.3851381029344338 15410
272000000 309.52112008105387986 12915.808692282646007 3461.1360123333870433 -3838.4576593626393333 -1014.7445252833847462 8314.3381969794099859 15394
273000000 312.15810823888352843 13025.845883158097422 3321.9439909096136034 -3882.6081203368885326 -981.08176286085847551 8185.6338741073595884 15412
274000000 310.38181179374430485 12951.723945824089242 3541.8619758775830633 -3800.8028156531795503 -959.93799542786882739 8302.6027869586305314 15400
275000000 314.00291696283869669 13102.826725519418687 3251.6426145225632354 -3820.4273780819048625 -1159.706988757343197 8231.7769813618106127 15418
276000000 310.60129401784848824 12960.882579060955322 3517.5398720004218376 -3785.5539003769426927 -975.9923570506816759 8279.0861294280457514 15411
277000000 310.967768465110737 12976.174956686785663 3577.8623719655374771 -3807.0413442175718046 -998.06962906075693809 8382.9733452438667882 15407
278000000 309.13290612074325736 12899.609160432501085 3510.04621349644367 -3735.8176107019389747 -949.99462445385881892 8195.8584486522413499 15394
279000000 313.57577501411157073 13085.002792558838337 3622.0266176590062059 -3806.109314258120321 -887.73705409396677624 8315.8729860110925074 15372
280000000 308.28417161781493405 12864.192861643290598 3523.0984455769075794 -3871.0319830824000746 -974.12621400198452193 8368.2566426612938812 15424
281000000 309.54513390520736493 12916.810749779257094 3551.0544754177399227 -3765.7446939784254027 -960.60967683540002326 8277.408846231566713 15393
282000000 312.44789750025842068 13037.938313748991277 3401.8386102997169473 -3875.1719431183910274 -996.82656806735599275 8273.8371214854632854 15406
283000000 309.93063165879487997 12932.896938777723335 3566.9366865447809687 -3730.1259599638401596 -985.13395936040910783 8282.1966058690304635 15414
284000000 309.64571236471022075 12921.007723934568276 3472.5523303563841182 -3886.8970307962399602 -1026.0195675193731404 8385.468928671998583 15402
285000000 313.08219118409607518 13064.406348864091342 3415.3316974533890971 -3847.9794124382319751 -999.41490110309916872 8262.7260109947201272 15390
286000000 308.7885004647863525 12885.237677272598376 3416.3825431394325278 -3850.9091196165727524 -1014.0302002881076078 8281.3218630441133428 15411
287000000 308.68328642662311267 12880.847268022647768 3231.9428289463362489 -3905.2939111693499399 -1076.1228327713479302 8213.3595728870350285 15438
288000000 310.11444846841669687 12940.567312763445443 3429.6192268789227455 -3820.3361982099413581 -1014.7132957982855714 8264.6687208871480834 15410
289000000 312.72811867252704587 13049.631483674200354 3522.5623461792865783 -3795.5157980277717797 -1009.7501494286852903 8327.8282936357427388 15403
290000000 308.89576155266109936 12889.713506549622252 3530.8400180325215842 -3740.2612373201536684 -998.21418607333214368 8269.3154414260079648 15380
291000000 314.26319637383915051 13113.687758453590504 3509.4602980597796886 -3854.3694000215109554 -994.76037145283316931 8358.5900695341260871 15406
292000000 311.5892402179462124 13002.107953650542186 3488.6764727653685441 -3765.1144304245381136 -925.59811474684943278 8179.3890179367572273 15395
293000000 310.84059426818510019 12970.868186028756099 3355.2051004314121201 -3804.7979388249614203 -982.64581494100605141 8142.6488541973794781 15400
294000000 313.2433783696538967 13071.1324257526976 3565.3833061838904541 -3768.8846621501934351 -898.63771160869634969 8232.9056799427798978 15392
295000000 314.66940894114941329 13130.63834265413243 3566.4611673965609953 -3845.0548793317334457 -874.34602127397192817 8285.8620680022650049 15401
296000000 309.45217939982524058 12912.931910725279522 3571.8023653760528759 -3831.309203829820035 -846.31987627377759509 8249.4314454796513019 15390
297000000 309.73704304586152602 12924.818803466643658 3421.4696704857351506 -3845.5575668588126064 -946.96125768462297856 8213.9884950291707355 15405
298000000 311.44023873637667066 12995.890366203471785 3612.8942349265571465 -3769.0132119007885194 -919.87150533915769302 8301.7789521665035863 15378
299000000 308.44091520733644529 12870.733514557286981 3519.7615100929283471 -3766.5097271043077853 -919.34098309829346363 8205.6122202955302782 15392
300000000 310.19593043111063935 12943.967421427278168 3478.2132936436892123 -3689.4979152851401523 -1008.3324711152049531 8176.0436800440347724 15391
301000000 309.04681370992790335 12896.016665330205797 3530.1389531604590957 -3731.0857775633044184 -895.62459980885932964 8156.8493305326228437 15403
302000000 307.69483454819084045 12839.600792305527648 3529.3870041912678062 -3833.7519901061159544 -953.39625504475498019 8316.5352493421378313 15417
303000000 308.6517115130496336 12879.529698665559408 3472.8553601672861078 -3858.7709814806330542 -933.78925146882374975 8265.4155931167442759 15411
304000000 310.83923169024234312 12970.811327885983701 3349.7611230484185398 -3856.1578118549286955 -1008.2625574415965275 8214.1814923449437629 15407
305000000 311.88567165003473747 13014.477551131425571 3421.0497054359402682 -3870.022605417871091 -1036.3702986601340399 8327.4426095139460813 15406
306000000 310.87230355978698526 12972.19136276057543 3303.670221539504837 -3868.8681039331595457 -1090.5435434565629294 8263.0818689292264025 15434
307000000 308.55347944770909407 12875.430635690296185 3397.1904429792452902 -3863.2410135164818712 -993.78456522837939247 8254.2160217241071223 15400
308000000 308.53796979610990547 12874.783443366597567 3392.4158426268240873 -3851.234684374468543 -924.03973694219155277 8167.690263943483842 15398
309000000 309.09440450768806841 12898.002551266590672 3511.7496615876962096 -3885.4950488695062631 -845.26800443311731215 8242.5127148903193302 15381
310000000 308.97768157949985834 12893.131894911744894 3306.9449667035505627 -3826.426985933276228 -1034.5065015625104934 8167.8784541993372841 15409
311000000 308.65424679984198519 12879.63549202525428 3390.562071254624243 -3902.9882293112314073 -951.44470726752376777 8244.9950078333804413 15407
312000000 312.71457683961654084 13049.06640519694156 3264.8431097887714714 -3965.6796389694013669 -1017.6032942066484566 8248.1260429648209538 15416
313000000 307.29602639705370848 12822.959182247832359 3346.6661124028823906 -3832.1385316291871277 -975.2429521839261497 8154.0475962159953269 15415
314000000 311.41313132208267689 12994.759218264127412 3324.7394367989209059 -3829.7832017532700775 -1035.4073288500460421 8189.9299674022386171 15393
315000000 311.212900377852975 12986.403909362205013 3455.6516360969280868 -3912.2164894018278574 -983.7893275343149071 8351.6574530330708512 15411
316000000 311.56064681565067076 13000.91479786907621 3141.9025797759009038 -3951.8498208362702826 -1075.2549608388790148 8169.0073614510511106 15422
317000000 309.57977058031809747 12918.256081423667638 3362.8256983833393861 -3833.4483649394651366 -1029.9967413969388872 8226.2708047197429551 15427
318000000 306.72384690321882772 12799.083070407441483 3612.6356713366185431 -3732.3879661195796871 -954.1422862077871514 8299.1659236639861774 15412
319000000 310.22632353768761959 12945.235675916695982 3516.5425992374257476 -3795.1710400002439201 -1012.4244008170130655 8324.1380400546840974 15395
320000000 307.86967893915038985 12846.896761976227936 3400.7591466088242669 -3837.9554175165867491 -1016.8980872229774377 8255.6126513483886811 15414
321000000 309.81045042741089901 12927.881973102515985 3440.8542624218316632 -3802.2050056810717251 -1007.3984336339340189 8250.4577017368374072 15401
322000000 311.65443643879649471 13004.828485017647836 3513.3835487116766672 -3762.4257592228577778 -883.05519557462082503 8158.8645035091558384 15398
323000000 307.92108624793689842 12849.041904658244675 3595.2492603259393036 -3744.1692421186676256 -1023.3237913794765745 8362.7422938240833901 15401
324000000 311.01019625809908575 12977.945398901938461 3634.3984340558963595 -3786.8330867775921433 -998.37690811864331408 8419.6084289521313622 15402
325000000 313.27319626413395781 13072.376677584721619 3449.3400995086512921 -3762.6237540521983647 -1063.0332474022568476 8274.997100963106277 15420
326000000 310.2076038946337917 12944.454535914333974 3495.0032968120508485 -3775.0312020190540352 -992.97176523867915421 8263.0062640697833558 15394
327000000 311.68598064121397329 13006.144772848565481 3510.9121717913635621 -3654.9371965342033945 -1059.5252200560848905 8225.3745883816518472 15403
328000000 311.89662345639783325 13014.934552048789556 3807.1312351393071367 -3785.9600365293499635 -785.02157335723836695 8378.1128450258947851 15383
329000000 309.04385360856571197 12895.893145155252569 3567.5245486225912828 -3772.9173134918441974 -923.96674842271329453 8264.4086105371479789 15390
330000000 310.26914150141772097 12947.022399316980227 3559.4347174782160437 -3689.9432743677170947 -970.80070159776323635 8220.1786934436968295 15394
331000000 307.16451010034779756 12817.47122288749415 3623.9721446097819353 -3773.699100235457081 -976.33081956722458017 8374.0020644124633691 15390
332000000 314.26002962800026808 13113.555615343544559 3472.9008532710581676 -3799.1797643391573729 -1006.5565505074721386 8278.6371681176897255 15414
333000000 311.47901992475266297 12997.508641588985483 3486.3228932920383158 -3855.9204667429366964 -898.44630079649311938 8240.6896608314673358 15398
334000000 312.18860105028068119 13027.118298166134991 3557.4397295664348349 -3809.1541901408086233 -1024.9210720827629757 8391.5149917900071159 15406
335000000 307.04802950786353222 12812.610678804116105 3492.0358234851232737 -3814.1898564347302454 -965.6476587848659392 8271.873338704719572 15399
336000000 313.70778497466596946 13090.511351701910826 3451.6313639837162555 -3889.8007512091362514 -935.09971717767791688 8276.5318323705305374 15401
337000000 310.42268402212812362 12953.429476879593494 3386.4186508899765613 -3905.2113054475553326 -1040.7250545229358067 8332.3550108604686102 15418
338000000 307.34547255023102252 12825.022489122788102 3510.0217376731707191 -3774.2451424169580605 -974.55262672455728534 8258.8195068146851554 15400
339000000 312.09313864519316439 13023.134808570683163 3460.9512413998490956 -3818.3509544928183459 -1070.0558775586609954 8349.3580734513288917 15420
340000000 308.18996091429113449 12860.261603501163336 3332.1716034077908262 -3854.6030121415283247 -1027.1383215622599892 8213.9129371115795948 15406
341000000 311.35960634012309356 12992.525708553814184 3482.5436081038283191 -3836.2695148065440662 -966.78951130325685881 8285.6026342136283347 15416
342000000 308.93915365864984324 12891.524187964703742 3619.0462023128102373 -3731.0556695313280215 -981.52914649517776979 8331.6310183393161424 15390
343000000 305.95861322813493643 12767.151124213631192 3391.0628503973757688 -3839.1551247465481538 -1017.1914001889535939 8247.4093753328779712 15426
344000000 309.43641564570168612 12912.274115119995258 3569.5330089375493117 -3803.905403629997636 -928.73022312724947369 8302.1686356947957393 15379
345000000 309.55242185641935748 12917.114864030290846 3481.5193121665834042 -3820.3163392677852244 -998.32351297383229394 8300.159164408200013 15430
346000000 311.65566360552742253 13004.879692672640886 3486.7441209323842486 -3812.1508032991669097 -958.56632171902140271 8257.4612459505733568 15402
347000000 311.25531231191195047 12988.173689810246287 3292.5237762816745999 -3814.2142758503532605 -1076.1617115904916773 8182.8997637225193102 15420
348000000 309.78915440791848823 12926.993325136912972 3454.8241494065136976 -3827.4855634236555488 -1039.0611573652518018 8321.3708701954201388 15403
349000000 310.0096885869964467 12936.195854729512575 3347.351721051360073 -3837.9996341603764449 -1068.4833815209663044 8253.8347367327041866 15411
350000000 313.0815881352436918 13064.381184624548041 3225.5860230715261423 -3881.4526246211617035 -1122.3471306035396537 8229.385778296225908 15433
351000000 310.08219285091905704 12939.221338748031485 3371.584406501668127 -3873.6951209888029553 -1043.0463436930058378 8288.3258711834769201 15413
352000000 312.26512554203907257 13030.311539698624983 3478.4977317049083467 -3775.8971121249096541 -1009.1171194600309491 8263.5119632898495183 15404
353000000 306.39550499483681278 12785.381901087523147 3387.6014512808706058 -3896.0316503262065453 -1048.3749116135768418 8332.0080132206530834 15430
354000000 312.17133546027031343 13026.397833412469481 3493.3858150494152142 -3857.9650584700202671 -953.84669595330547054 8305.1975694727407244 15424
355000000 307.74101610907257509 12841.527873098280907 3421.1373352958225951 -3848.8014997468235379 -938.54511708236623235 8208.4839521250105463 15404
356000000 309.37809539372773315 12909.84050665675386 3346.2851884198089465 -3815.0302306144340037 -1028.3477818621231563 8189.6632008963661065 15413
357000000 312.46915148338683821 13038.825207606068943 3291.429419111000243 -3772.8432336043479154 -1020.0979924740117895 8084.3706451893594931 15427
358000000 308.81459650342651457 12886.326622164675427 3544.7125012425926798 -3759.609614912336383 -956.33208558210446881 8260.6542017370338726 15405
359000000 309.695991481818794 12923.105789028224535 3497.2105814862588886 -3863.9361695160232557 -890.50335945183667263 8251.6501104541202949 15394
360000000 309.16405486902579014 12900.908946610956264 3608.889944509797715 -3758.0371379172042907 -947.91880517627805602 8314.8458876032800617 15389
361000000 310.83701732902460435 12970.718926224162715 3291.7984198325430043 -3816.9854789592782254 -1128.6442542937193139 8237.4281530855405435 15434
362000000 309.21250403405247198 12902.930650805557889 3370.9874353202549173 -3850.4916597411493058 -1049.0882733580822332 8270.567368419486229 15409
363000000 314.40833439361705359 13119.744129976596014 3557.6406072849613338 -3837.6582213346846402 -895.12432782431142186 8290.4231564439578506 15397
364000000 312.27106630828416201 13030.559438130521812 3463.0132438246046149 -3776.3646327271535483 -928.85788763539903812 8168.2357641871576561 15396
365000000 311.52907630274569328 12999.597412144667032 3496.4109871471187034 -3788.1758284790735161 -947.31403253064229375 8231.9008481568343996 15399
366000000 311.92995761251472686 13016.325531711863732 3366.5734615620062868 -3811.4189044268346152 -1126.5651461546137853 8304.5575121434540051 15432
367000000 308.99844772938700999 12893.998432287764444 3325.6115942389160409 -3811.2491138648456399 -1084.2148463656949389 8221.0755544694566197 15403
368000000 313.63977100484669336 13087.673240291747788 3378.4597389592127001 -3898.841470340523756 -983.76132196294213372 8261.0625312626798404 15412
369000000 311.00680651952177413 12977.80395067065183 3380.6194581502995788 -3848.1668026601810197 -1036.1012935817961989 8264.8875543922767974 15415
370000000 310.13069635663134704 12941.245310490317934 3342.2177648542324278 -3812.3001760349229698 -1082.1520969270193291 8236.6700378161749541 15407
371000000 306.91080845450414927 12806.884669305058196 3131.0020204197326166 -3879.915434201955577 -1107.1472862560463 8118.0647408777340388 15425
372000000 311.45660634537512124 12996.57335968229745 3501.400595622731089 -3781.2074780198386179 -1073.3496205659682801 8355.9576942085368501 15418
373000000 306.75035470288855777 12800.189197411949863 3619.8853960881742751 -3771.9430305224518634 -910.85002905628311964 8302.6784556669081212 15401
374000000 313.03869612058605298 13062.591371200509457 3542.2704861296133458 -3792.3173267954725816 -996.33741070292398945 8330.9252236280099169 15392
375000000 307.2876880412193259 12822.611236334683781 3541.9263619130424559 -3721.0922173805288367 -955.96860787326352238 8218.9871871668328822 15411
376000000 309.73026444467592455 12924.535943556820712 3542.7324112470237196 -3759.9384911503461808 -929.36675939962856319 8232.0376617969996005 15401
377000000 309.93093244050271551 12932.909489905076043 3460.6400922055249794 -3788.7525450609600739 -1021.4348427530194385 8270.8274800195049465 15409
378000000 309.19320213332360936 12902.125214145384234 3319.0060907091342415 -3802.1952008677294543 -1009.9191182123316821 8131.1204097891959464 15412
379000000 309.380419397432604 12909.937483519735906 3373.8190863024392456 -3922.5718892146342114 -867.12537601988344704 8163.5163515369567904 15413
380000000 310.54610461427387236 12958.579615766482675 3582.1929640085436404 -3837.6960502099423138 -974.13298228729536277 8394.0219965057822264 15433
381000000 311.02377496386031908 12978.512016022783428 3321.2098075271214839 -3839.4356465951236714 -960.46820539223563173 8121.1136595144798775 15406
382000000 310.72260081325896408 12965.944512676940576 3448.6286804155897698 -3802.5497329343374986 -1014.3714429011190532 8265.5498562510474585 15403
383000000 309.5564696837530505 12917.283773226043195 3620.8829808776717982 -3757.7574099687167291 -933.76073095241861211 8312.4011217988081626 15391
384000000 311.1072789525543385 12981.996500515253501 3519.9953540831807004 -3767.1855680689686778 -965.55977802801294274 8252.7407001801620936 15409
385000000 308.75078684708142873 12883.663949860254434 3534.331418800362826 -3754.0964286857224579 -988.95297285957212807 8277.380820345657412 15433
386000000 308.36543860093297553 12867.583999562009922 3356.5321611342733377 -3757.3845731577648621 -1082.1676718680305385 8196.084406160069193 15399
387000000 303.10875913428736794 12648.231386951712921 3351.1139131477939372 -3815.3415928103718215 -1070.8290040257829787 8237.2845099839487375 15408
388000000 310.87083180093964074 12972.129948677722496 3582.6348496076307129 -3823.4567382837522018 -835.7087942615726206 8241.8003821529564448 15376
389000000 302.55172473975142111 12624.987255265436033 3478.8705119692858716 -3875.3381895490715578 -957.25877418375716843 8311.4674757021148253 15420
390000000 313.66471514750622873 13088.714118453790434 3649.9668974189216897 -3695.2620015546899594 -932.20872630261521863 8277.4376252762267541 15381
391000000 313.05208286940774087 13063.149978273097076 3330.7847430007077492 -3772.3591025391742733 -1097.8979561325131726 8201.0418016723961045 15410
392000000 310.34910945264374504 12950.359330765400955 3342.9179576752703724 -3854.0533702634547808 -1016.0560119626975393 8213.0273399014222377 15394
393000000 305.78468589814048073 12759.893421992925141 3272.250339800889833 -3898.3585040157126969 -1042.4589355320119921 8213.0677793486138398 15410
394000000 313.20788116605507412 13069.651185665838057 3376.5489980181173451 -3767.1560870068265103 -1111.4364168292488557 8255.141501854192029 15418
395000000 312.1457766880574809 13025.331307767226463 3591.6263950685197415 -3719.8472121740624061 -961.54551329558148609 8273.0191205381634063 15399
396000000 310.20610805368022511 12944.392116924685979 3516.8790869825925256 -3784.9387093943541913 -917.36896541937812799 8219.1867617963234807 15410
397000000 310.18805135059267286 12943.638640319821207 3427.914532290961688 -3772.8700610231035171 -932.20588778982687472 8132.9904811038904882 15385
398000000 309.1737536011826819 12901.313658796874734 3414.723359580187207 -3789.2225415980647085 -1059.8814649143450879 8263.8273660925970034 15417
399000000 309.38919328339892445 12910.303603390972057 3563.8184738691002167 -3777.8556445749131854 -967.45489849984664943 8309.1290169438598241 15376
400000000 312.82800233691568792 13053.799465168936877 3403.9651348390771091 -3780.0625058091700339 -1089.6847731668517554 8273.7124138150993531 15430
401000000 313.50469595780936061 13082.036780116821319 3499.410977607561108 -3819.8542106678455639 -960.11135370102829256 8279.3765419764349645 15391
402000000 305.64658705375558156 12754.13078371404481 3374.8249066978137307 -3831.495852667971576 -1002.1701611835769654 8208.4909205493604532 15393
403000000 307.3902327407932944 12826.89025846331424 3457.6956333039538549 -3785.03991187603242 -1058.2622781954137281 8300.9978233754009125 15414
404000000 308.77990227738189333 12884.878889014182278 3459.0938011560701852 -3808.7959033680108405 -982.02042614362585482 8249.9101306677075627 15415
405000000 308.39174585806688356 12868.681758255412205 3501.2131211919759153 -3684.9349454327875719 -1026.7079309437951906 8212.8559975685566314 15399
406000000 308.44969413346683496 12871.099844746302551 3583.9888395905509242 -3688.3983175310859224 -932.59047324253128863 8204.9776303641683626 15383
407000000 310.54054072366017181 12958.347443736565765 3575.7233769136141746 -3837.1225892214119995 -954.17667846064341575 8367.0226445956686803 15412
408000000 310.97817265682920151 12976.609106543177404 3338.6304376413636419 -3855.3217421866243058 -991.75745307542820228 8185.7096329034175142 15414
409000000 306.75214997337855038 12800.264111105056145 3496.8225320122219273 -3869.2595409264008595 -998.8816957632559479 8364.9637687018803263 15407
410000000 313.98722428609323742 13102.171895856547053 3294.6449671301206763 -3832.866953883341921 -1089.9850992591270824 8217.4970202725889976 15413
411000000 306.43414982595618312 12786.994486508358023 3331.233441933539325 -3868.0576265089275694 -1071.4389527003495459 8270.7300211428155308 15425
412000000 309.96731148428250435 12934.427527736372213 3552.2053152395546931 -3773.187152174719813 -1028.8685392084953492 8354.2610066227698553 15384
413000000 308.54442763665394978 12875.052918460931323 3360.4675649179562242 -3846.7008244533394645 -1018.4414523096028233 8225.60984168089999 15402
414000000 311.23963157410321401 12987.519358339623068 3271.9129586944000039 -3914.3627502715921764 -1065.4364825455502341 8251.7121915115421871 15424
415000000 309.02580980804111732 12895.140206953179586 3390.0250934878245062 -3860.1492158078667671 -1054.9854920350326211 8305.1598013307248038 15416
416000000 313.43313285842629057 13079.050569350923979 3347.1065046879211877 -3909.3544796643445807 -1010.2071858907191881 8266.6681702429850702 15412
417000000 308.9714204871973493 12892.870629798841037 3647.5184474656862221 -3759.87411377620856 -945.91585536432364734 8353.3084166062180884 15398
418000000 309.56802281278498867 12917.765866352143348 3403.2742097873588136 -3806.149131264468906 -1067.045481947899134 8276.4688229997263988 15405
419000000 310.3056385356753708 12948.545360697398792 3274.0748092479852858 -3813.5054483670305672 -1039.7322163640737926 8127.3124739790891908 15397
420000000 312.34160570258632106 13033.502931362381787 3378.2281092249304493 -3746.8468299680744167 -1136.5035943124535152 8261.5785335054570169 15405
421000000 310.79258492344513343 12968.864834813366542 3351.7323450780327221 -3809.6895124557804593 -1070.5853644292874378 8232.0072219631019834 15410
422000000 311.2041998418309845 12986.040850263843822 3573.0308741394965182 -3701.0033996416136688 -977.01700685481819164 8251.0512806359292881 15398
423000000 305.6739154533276519 12755.271153006604436 3619.7752518616398447 -3786.9950964816807755 -935.76550924146306443 8342.5358575847840257 15405
424000000 309.37911900343357274 12909.883220210944273 3310.8280389548017411 -3860.5942600430789753 -1017.0935348515488386 8188.515833849430237 15408
425000000 307.13911835650588955 12816.411667062226115 3403.5269927275749069 -3802.4080344861672529 -981.62630822721473578 8187.5613354409570093 15391
426000000 310.81213848047605097 12969.680772678280846 3541.6386392368685847 -3854.8292345222621407 -964.67751072463579476 8361.1453844837651559 15403
427000000 309.09943748302339372 12898.212569072700717 3531.9770286537236643 -3825.0741489999077203 -948.77436098396640318 8305.8255386375985836 15382
428000000 310.69534249275329785 12964.807067668883974 3325.1147434182239522 -3927.20629777988961 -1051.5264362305319992 8303.8474774286460161 15422
429000000 308.71556094538590287 12882.194030756854772 3299.2041124783108899 -3872.5729133447330241 -1025.3256849548060927 8197.1027107778500067 15396
430000000 310.01503470937609563 12936.418939648187006 3282.7762375487936879 -3945.4053220317273372 -959.29153807196098569 8187.473097652481556 15409
431000000 306.93872419531959395 12808.049547384400284 3338.985841830291065 -3877.505630739152366 -1000.3689508727456996 8216.8604234421891306 15428
432000000 308.31360351047169388 12865.421006252314328 3294.6046310446281495 -3814.4920781775936121 -1071.6686445073523828 8180.7653537295736896 15420
433000000 310.90490772507104111 12973.551881103459891 3279.8858528163004848 -3896.898346840584054 -1055.8740254123913473 8232.6582250692754315 15411
434000000 313.62509523981219672 13087.06084468672816 3364.9144320095365401 -3805.1924209591161343 -1022.961275973252782 8193.0681289419044333 15422
435000000 311.18952929413313768 12985.428672369725973 3306.9499819251632289 -3857.1145483273094214 -1037.3388955722609808 8201.4034258247338585 15413
436000000 309.64160544509866213 12920.836348914977862 3418.453146583659418 -3856.1218501054331682 -891.394681620855863 8165.9696783099479944 15401
437000000 309.85384677338902293 12929.692831445399861 3600.9832273776123657 -3783.0962781074586019 -921.67637599351951394 8305.7558814785897994 15403
438000000 306.46344276844178012 12788.216832954632991 3522.3478168930555512 -3822.3255313699005455 -959.36312193336823384 8304.0364701963244443 15401
439000000 309.66726352489047258 12921.907018502615756 3540.0172958050761736 -3805.9780892507324097 -906.7483437216845914 8252.7437287774937431 15395
440000000 310.85035964907302741 12971.275679356911496 3347.23552171697429 -3867.8774293092515109 -1052.1917413423125254 8267.3046923685396905 15432
441000000 309.39329999655814163 12910.474969795643119 3346.0048826100724 -3837.7760367830151154 -939.74088393977808664 8123.5218033328646925 15387
442000000 312.34446787812117918 13033.622365253168027 3538.5427958238233259 -3772.8204262764775194 -965.56613481011186195 8276.9293569104120252 15398
443000000 309.61623542653831009 12919.777699650077921 3501.0853209919969231 -3865.5913331505389579 -972.09092882456002371 8338.7675829670952226 15409
444000000 310.06050580962653385 12938.316374084028212 3379.7600821846581312 -3857.8725178916683944 -890.35428395272310809 8127.9868840290509979 15389
445000000 308.69369248972083142 12881.281495968625677 3462.3542233041653162 -3778.8479149409618003 -1053.1253219575771709 8294.3274602027049696 15413
446000000 308.74651395424558586 12883.485649050229767 3477.2460957947046154 -3831.0472678242640541 -937.22261942219211051 8245.5159830411612347 15416
447000000 309.43536606549554335 12912.230317859419301 3396.8634271756554881 -3841.2228624987101284 -985.04842866766523457 8223.1347183420293732 15407
448000000 309.52981717246768767 12916.171607643156676 3346.4388056339612376 -3868.5244094897184368 -1083.0977374310127743 8298.0609525546933583 15408
449000000 307.47052202494029416 12830.240598607506399 3503.2598350327834851 -3830.9767504306928458 -973.26631088583644669 8307.5028963493132323 15415
450000000 307.80317031736171884 12844.121466270444216 3507.0561834444315537 -3744.6995710118580973 -990.18591471197919418 8241.9416691682690725 15398
451000000 309.63419196432448643 12920.526996521195542 3584.5755756612174991 -3711.4216885600062596 -932.09288999251555197 8228.0901542137398792 15381
452000000 308.43405696366460234 12870.447331297134951 3498.1816897172398058 -3748.3045959831651999 -1015.7644874140728461 8262.2507731144778518 15408
453000000 312.61019764818610156 13044.710832731911069 3506.1198621742073556 -3857.3303663974065785 -940.03663480825969145 8303.4868633798741939 15394
454000000 310.27734326220513594 12947.364645342848235 3420.8818912708084099 -3821.3752503208534108 -989.22801873899788916 8231.4851603306597099 15413
455000000 312.40016448956924933 13035.946493500323413 3512.1140627723830221 -3779.2663075756231592 -976.65306794968819304 8268.0334382976943743 15408
456000000 307.75721911434055755 12842.203997933402206 3561.8864996798738503 -3803.1957515903986859 -905.66265224453013616 8270.7449035148019902 15386
457000000 309.60487029805852899 12919.303451478677744 3495.9526427840123688 -3810.8089821768526235 -946.98067922411576092 8253.742304184981549 15391
458000000 306.41643804449046229 12786.255402917064202 3650.4520595647582013 -3766.9032239232415122 -885.25323930685681262 8302.6085227948569809 15373
459000000 312.44053280203775103 13037.630996971158311 3594.9562192799667173 -3843.2279673865627956 -892.52143238896212551 8330.7056190554903878 15401
460000000 315.68563256093801783 13173.043687589339243 3557.8086217682603092 -3792.1821656821957731 -921.69926175446676098 8271.6900492049244349 15411
461000000 313.51634983437861592 13082.52307727241714 3524.8392984804013395 -3807.3863755886040963 -945.15545787871883476 8277.3811319477226789 15401
462000000 310.53146360908129964 12957.96867063265563 3396.6581006384867578 -3859.3626740138006426 -1108.2468415307075702 8364.2676161829967896 15428
463000000 309.11782281266744121 12898.979758724783096 3538.1001689511008408 -3749.1243206635717797 -991.73770256950103885 8278.9621921841717267 15393
464000000 309.49853863389074604 12914.866405528586256 3346.5716757720829264 -3898.4137641916422581 -985.749080785598494 8230.7345207493235648 15402
465000000 305.86264723605336258 12763.146620758854624 3532.8936255260096004 -3785.289330602584414 -1000.1073924446409364 8318.2903485732349509 15397
466000000 310.53240555416448387 12958.00797645608327 3402.0004994105897822 -3851.947514835095717 -946.04681402066671581 8199.9948282663535792 15405
467000000 311.07768886480602077 12980.761754684517655 3514.439430660767357 -3744.0218953729413442 -894.06443540473992471 8152.5257614384481712 15379
468000000 311.3730103441894812 12993.085035659461937 3555.2442235141224955 -3823.8454108862088106 -910.52642938218036761 8289.6160637825123558 15416
469000000 313.03982919485162029 13062.638652531244588 3563.0586052240505524 -3758.7772139610201521 -923.71687261789588774 8245.5526918029681838 15404
470000000 308.50476962228930233 12873.398054565001075 3729.1436744594325319 -3719.3318192651754543 -979.84279120482165126 8428.3182849294298649 15398
471000000 310.88555706152811808 12972.744409651031674 3469.4988829206527043 -3854.9997093206093268 -956.7585578296411768 8281.2571500709018437 15401
472000000 310.99549380103309204 12977.331889482222323 3612.2668428784591015 -3746.0392177097883177 -945.19486739752869653 8303.5009279857767979 15401
473000000 310.77510093130450741 12968.135256497009323 3619.5496016333809166 -3736.9526163003611146 -961.11528295041296133 8317.6175008841546514 15404
474000000 309.32665283383079213 12907.693893003712219 3350.3790467133521815 -3844.7694893352791041 -981.04305774865156309 8176.1915937972826214 15419
475000000 309.64306366607104337 12920.897198084512638 3423.7696752377205485 -3883.9272541310087945 -1029.0468490794924037 8336.7437784482226562 15394
476000000 311.08918329792425084 12981.241398526404737 3595.2404651517526872 -3709.0418283896096909 -940.90809067002589927 8245.1903842113879364 15382
477000000 310.63228901771759638 12962.175949570282683 3727.615520406466203 -3772.7901444172457559 -856.15712645641269773 8356.5627912801246566 15386
478000000 308.27491056517891366 12863.806413105934553 3520.355118056970241 -3867.9619131222425494 -960.62159732124723632 8348.9386285004584352 15405
479000000 309.15624773694327132 12900.583167793709436 3405.2318785672659942 -3780.7427841644876025 -1001.8396608257718299 8187.8143235575244034 15401
480000000 308.78082453908655225 12884.917373482507173 3552.1593799058391596 -3872.7109476456198536 -909.29730098748768796 8334.1676285389476107 15414
481000000 313.32790783032459103 13074.659701508866419 3562.7257384609429209 -3806.3394635024892523 -993.66976452457913638 8362.7349664880111959 15422
482000000 307.88980320773737276 12847.736514698346582 3471.4086617090779328 -3800.0561988181425477 -981.49221778809783245 8252.9570783153176308 15392
483000000 308.89529047908700932 12889.693849421988489 3572.5887023641580527 -3796.0461415347967886 -946.86374658544934846 8315.4985904844052129 15376
484000000 306.48985261701909621 12789.318872620706316 3534.0113792211304826 -3791.3695986737861858 -965.23580418331948749 8290.6167820782357012 15396
485000000 312.96563806020151333 13059.542778163920957 3358.5211142186317375 -3851.83001677226639 -982.08117142886555939 8192.4323024197638006 15399
486000000 310.46521754416431804 12955.204330994507472 3395.9540604043695566 -3821.7548238551903523 -1038.7944805575496048 8256.5033648171083769 15401
487000000 308.59766894144269145 12877.274590788165369 3214.2275482408826974 -3792.0781132504471316 -1089.044845364503999 8095.3505068558333733 15423
488000000 312.85646964755488852 13054.987359352388012 3435.4357590438316947 -3814.4612943435622583 -991.56338385124672641 8241.4604372386420437 15399
489000000 308.13528509324396509 12857.980071163228786 3475.6651686596524087 -3829.3206055654250122 -1003.0764436734311857 8308.0622178985104256 15401
490000000 309.25722000000473599 12904.796574725640312 3465.9250203653564313 -3829.7739929937442867 -864.9551251877624054 8160.6541385468635781 15392
491000000 312.25307494824073729 13029.808688183718914 3502.3279635255012181 -3824.2265883718459918 -896.81540505011878395 8223.3699569474665623 15386
492000000 310.76201811833198008 12967.589332168920009 3433.3548650832713065 -3871.7230954966053105 -1058.168962885748897 8363.2469234656255139 15412
493000000 309.88810746542657171 12931.122473932820867 3436.8951847746689054 -3780.9604960278502404 -1081.7252428096126096 8299.5809236121313006 15426
494000000 308.95183689273545724 12892.053438521195858 3596.5396697732066968 -3753.7276257798503138 -977.90886555924248569 8328.1761611123001785 15395
495000000 311.83090119077905911 13012.192069696266117 3591.7057759711442486 -3805.8521316877672689 -883.82577094732801015 8281.3836786062402098 15390
496000000 309.83805302809969362 12929.033784357956392 3467.5267572646275767 -3758.693363595773917 -984.79508347113142008 8211.0152043315320043 15414
497000000 309.97728699748029157 12934.843789541175283 3648.1392347537021124 -3784.9808507134471256 -798.89484415230356262 8232.0149296194522321 15396
498000000 305.23869137093106474 12737.109965863586694 3553.5054418495410573 -3755.653754772348293 -952.4216123382667547 8261.5808089601559914 15395
499000000 307.43413820522874857 12828.722361484411522 3386.7864551222446607 -3891.3373880109675156 -919.64258992503857826 8197.7664330582520051 15388
500000000 312.13350720024436669 13024.819322164095865 3452.3930088712490942 -3830.3644206562817089 -1004.2206975344769262 8286.9781270620078431 15405
