# Fix print output for fix saveBond
1000000 126193 126544
2000000 251840 252169
3000000 378002 378347
4000000 503472 503802
5000000 629224 629537
6000000 754950 755268
7000000 880971 881306
8000000 1006613 1006943
9000000 1132016 1132341
10000000 1257310 1257646
11000000 1383475 1383793
12000000 1509442 1509765
13000000 1635136 1635455
14000000 1760936 1761262
15000000 1886941 1887284
16000000 2012720 2013061
17000000 2138658 2139001
18000000 2264377 2264715
19000000 2390584 2390902
20000000 2516814 2517145
21000000 2642379 2642725
22000000 2768562 2768902
23000000 2894246 2894573
24000000 3020054 3020400
25000000 3146501 3146823
26000000 3272220 3272586
27000000 3398580 3398910
28000000 3524786 3525125
29000000 3650221 3650552
30000000 3776324 3776634
31000000 3902138 3902462
32000000 4028345 4028662
33000000 4154543 4154868
34000000 4280849 4281173
35000000 4406240 4406563
36000000 4532088 4532418
37000000 4658745 4659084
38000000 4784188 4784523
39000000 4909652 4909991
40000000 5035784 5036111
41000000 5162166 5162515
42000000 5288285 5288620
43000000 5414066 5414411
44000000 5539107 5539449
45000000 5665784 5666095
46000000 5791424 5791737
47000000 5916948 5917279
48000000 6042955 6043288
49000000 6168986 6169319
50000000 6295212 6295505
51000000 6420958 6421267
52000000 6547693 6548012
53000000 6673782 6674092
54000000 6800587 6800921
55000000 6926471 6926809
56000000 7052876 7053181
57000000 7179561 7179883
58000000 7305804 7306122
59000000 7431895 7432199
60000000 7558291 7558624
61000000 7683819 7684155
62000000 7810015 7810351
63000000 7936374 7936701
64000000 8062397 8062712
65000000 8187874 8188209
66000000 8313765 8314085
67000000 8440046 8440378
68000000 8566509 8566860
69000000 8692187 8692540
70000000 8817680 8818002
71000000 8943411 8943753
72000000 9069960 9070288
73000000 9196207 9196533
74000000 9321819 9322148
75000000 9447379 9447731
76000000 9573276 9573611
77000000 9699143 9699467
78000000 9824679 9825017
79000000 9950513 9950852
80000000 10076665 10076973
81000000 10202049 10202390
82000000 10327258 10327582
83000000 10453644 10453977
84000000 10579817 10580153
85000000 10706351 10706656
86000000 10831820 10832156
87000000 10958213 10958538
88000000 11084013 11084349
89000000 11210192 11210516
90000000 11335906 11336230
91000000 11462283 11462611
92000000 11589014 11589318
93000000 11714836 11715149
94000000 11841430 11841766
95000000 11967242 11967587
96000000 12093092 12093413
97000000 12219596 12219932
98000000 12345445 12345785
99000000 12471474 12471811
100000000 12597171 12597496
101000000 12723708 12724039
102000000 12849723 12850073
103000000 12976185 12976518
104000000 13102710 13103007
105000000 13228756 13229104
106000000 13355307 13355614
107000000 13481739 13482064
108000000 13608113 13608450
109000000 13734408 13734753
110000000 13860392 13860732
111000000 13986658 13986990
112000000 14112563 14112893
113000000 14238697 14239018
114000000 14364911 14365231
115000000 14490218 14490561
116000000 14615492 14615786
117000000 14741975 14742316
118000000 14867815 14868138
119000000 14993397 14993735
120000000 15119605 15119941
121000000 15245902 15246220
122000000 15371954 15372295
123000000 15497656 15497977
124000000 15624056 15624410
125000000 15750787 15751138
126000000 15876891 15877211
127000000 16003475 16003815
128000000 16129488 16129811
129000000 16256125 16256452
130000000 16381813 16382154
131000000 16507024 16507383
132000000 16633274 16633588
133000000 16759710 16760036
134000000 16886007 16886333
135000000 17011904 17012246
136000000 17138574 17138928
137000000 17264699 17265042
138000000 17390987 17391318
139000000 17517747 17518063
140000000 17644092 17644405
141000000 17770347 17770667
142000000 17896357 17896683
143000000 18022604 18022943
144000000 18148205 18148544
145000000 18274521 18274860
146000000 18400892 18401227
147000000 18526382 18526690
148000000 18653023 18653322
149000000 18779339 18779661
150000000 18905652 18905980
151000000 19031461 19031755
152000000 19157041 19157373
153000000 19283287 19283596
154000000 19409339 19409682
155000000 19535783 19536136
156000000 19661329 19661632
157000000 19786920 19787257
158000000 19913362 19913692
159000000 20039040 20039366
160000000 20165721 20166052
161000000 20292517 20292855
162000000 20418729 20419030
163000000 20544270 20544593
164000000 20669683 20669997
165000000 20795788 20796102
166000000 20922039 20922353
167000000 21049057 21049380
168000000 21174905 21175215
169000000 21300843 21301191
170000000 21427145 21427464
171000000 21552855 21553187
172000000 21679749 21680081
173000000 21805393 21805736
174000000 21931767 21932097
175000000 22058415 22058756
176000000 22184591 22184918
177000000 22310365 22310685
178000000 22436958 22437278
179000000 22563296 22563616
180000000 22688945 22689273
181000000 22815166 22815503
182000000 22941539 22941887
183000000 23067644 23067981
184000000 23193845 23194195
185000000 23320506 23320830
186000000 23446834 23447168
187000000 23572956 23573297
188000000 23698723 23699039
189000000 23824912 23825274
190000000 23950927 23951244
191000000 24076608 24076929
192000000 24202530 24202853
193000000 24328237 24328561
194000000 24454161 24454490
195000000 24580881 24581244
196000000 24706576 24706901
197000000 24832846 24833187
198000000 24958508 24958825
199000000 25084386 25084743
200000000 25210339 25210675
201000000 25335662 25335983
202000000 25461285 25461590
203000000 25587522 25587852
204000000 25713455 25713780
205000000 25839595 25839924
206000000 25965116 25965454
207000000 26091208 26091533
208000000 26218045 26218374
209000000 26343855 26344182
210000000 26470044 26470343
211000000 26596261 26596607
212000000 26722542 26722900
213000000 26848233 26848554
214000000 26974452 26974788
215000000 27100662 27100985
216000000 27226715 27227051
217000000 27352690 27353008
218000000 27478998 27479335
219000000 27605005 27605329
220000000 27731674 27731995
221000000 27858305 27858630
222000000 27984475 27984798
223000000 28110836 28111161
224000000 28236555 28236902
225000000 28362114 28362467
226000000 28488189 28488513
227000000 28614343 28614658
228000000 28740156 28740479
229000000 28866463 28866790
230000000 28992497 28992817
231000000 29118453 29118781
232000000 29244707 29245053
233000000 29371393 29371725
234000000 29497686 29498021
235000000 29623208 29623515
236000000 29748663 29749002
237000000 29873646 29873965
238000000 29999572 29999919
239000000 30125694 30126009
240000000 30251801 30252143
241000000 30377992 30378326
242000000 30503173 30503491
243000000 30629261 30629613
244000000 30755478 30755815
245000000 30881063 30881411
246000000 31006599 31006936
247000000 31131947 31132286
248000000 31258189 31258520
249000000 31383855 31384193
250000000 31508983 31509293
251000000 31634951 31635257
252000000 31761471 31761828
253000000 31887233 31887569
254000000 32013663 32013994
255000000 32139908 32140234
256000000 32266333 32266685
257000000 32392802 32393135
258000000 32519452 32519786
259000000 32645542 32645878
260000000 32772010 32772326
261000000 32898164 32898478
262000000 33023270 33023609
263000000 33149439 33149759
264000000 33275230 33275554
265000000 33400885 33401219
266000000 33526870 33527203
267000000 33652843 33653177
268000000 33778719 33779027
269000000 33904554 33904885
270000000 34030490 34030813
271000000 34156253 34156579
272000000 34282467 34282789
273000000 34407885 34408236
274000000 34533467 34533782
275000000 34660624 34660942
276000000 34786988 34787320
277000000 34912801 34913139
278000000 35038416 35038767
279000000 35164387 35164722
280000000 35290308 35290651
281000000 35416379 35416703
282000000 35541912 35542236
283000000 35668447 35668773
284000000 35794535 35794867
285000000 35920740 35921071
286000000 36046800 36047138
287000000 36173049 36173364
288000000 36298934 36299283
289000000 36425053 36425375
290000000 36550248 36550577
291000000 36676649 36676976
292000000 36802960 36803304
293000000 36928940 36929250
294000000 37055571 37055920
295000000 37181300 37181618
296000000 37307033 37307360
297000000 37432598 37432930
298000000 37558855 37559161
299000000 37684629 37684947
300000000 37811575 37811902
301000000 37937352 37937686
302000000 38063676 38063986
303000000 38189643 38189986
304000000 38315873 38316202
305000000 38441280 38441618
306000000 38568003 38568316
307000000 38694360 38694684
308000000 38820440 38820763
309000000 38946145 38946475
310000000 39071280 39071619
311000000 39196933 39197270
312000000 39322250 39322608
313000000 39448022 39448358
314000000 39573671 39573984
315000000 39699813 39700151
316000000 39826430 39826764
317000000 39952422 39952771
318000000 40078556 40078899
319000000 40205149 40205481
320000000 40331404 40331729
321000000 40457718 40458039
322000000 40584240 40584545
323000000 40710919 40711248
324000000 40837311 40837642
325000000 40962964 40963304
326000000 41089610 41089937
327000000 41214931 41215272
328000000 41341129 41341469
329000000 41466603 41466922
330000000 41592205 41592526
331000000 41718274 41718611
332000000 41843312 41843644
333000000 41969429 41969758
334000000 42095823 42096143
335000000 42221823 42222169
336000000 42348395 42348705
337000000 42474988 42475301
338000000 42600726 42601042
339000000 42726423 42726739
340000000 42852483 42852814
341000000 42978075 42978427
342000000 43104183 43104528
343000000 43229355 43229680
344000000 43355492 43355820
345000000 43481684 43482019
346000000 43607716 43608047
347000000 43733113 43733446
348000000 43859650 43859956
349000000 43985416 43985729
350000000 44111412 44111737
351000000 44237528 44237867
352000000 44363415 44363755
353000000 44489417 44489754
354000000 44614540 44614860
355000000 44740784 44741107
356000000 44867108 44867413
357000000 44993186 44993524
358000000 45119362 45119710
359000000 45245604 45245918
360000000 45371925 45372285
361000000 45497694 45498023
362000000 45623657 45624004
363000000 45750207 45750535
364000000 45876669 45876990
365000000 46003003 46003353
366000000 46129599 46129933
367000000 46255242 46255575
368000000 46381194 46381514
369000000 46506835 46507148
370000000 46633239 46633556
371000000 46758980 46759310
372000000 46884994 46885296
373000000 47011070 47011395
374000000 47137362 47137707
375000000 47263274 47263613
376000000 47389376 47389692
377000000 47515775 47516116
378000000 47641854 47642179
379000000 47767773 47768110
380000000 47893789 47894122
381000000 48019771 48020085
382000000 48146451 48146781
383000000 48272066 48272393
384000000 48397861 48398198
385000000 48523865 48524211
386000000 48649132 48649459
387000000 48775132 48775444
388000000 48901192 48901527
389000000 49027138 49027469
390000000 49153789 49154122
391000000 49278799 49279126
392000000 49404312 49404629
393000000 49530887 49531190
394000000 49657030 49657361
395000000 49783258 49783595
396000000 49909038 49909377
397000000 50035037 50035377
398000000 50161478 50161823
399000000 50287996 50288353
400000000 50413373 50413703
