# Fix print output for fix saveBond
1000000 47227 47508
2000000 94037 94319
3000000 140448 140756
4000000 186722 187049
5000000 233052 233376
6000000 279901 280240
7000000 326485 326805
8000000 373255 373592
9000000 419606 419929
10000000 466135 466494
11000000 512956 513289
12000000 559662 559996
13000000 605855 606198
14000000 652272 652602
15000000 698628 698983
16000000 744931 745265
17000000 791304 791656
18000000 837160 837515
19000000 883375 883717
20000000 929341 929702
21000000 975676 976017
22000000 1022214 1022579
23000000 1068156 1068501
24000000 1114031 1114364
25000000 1160382 1160720
26000000 1206735 1207063
27000000 1253411 1253746
28000000 1300065 1300394
29000000 1346269 1346595
30000000 1392226 1392567
31000000 1437880 1438211
32000000 1484219 1484561
33000000 1530577 1530910
34000000 1576975 1577312
35000000 1623228 1623596
36000000 1669399 1669767
37000000 1715230 1715576
38000000 1761142 1761503
39000000 1807036 1807385
40000000 1852876 1853234
