# Fix print output for fix saveBond
1000000 125974 126320
2000000 251247 251596
3000000 376854 377193
4000000 502585 502906
5000000 628856 629183
6000000 754778 755098
7000000 881218 881560
8000000 1006752 1007071
9000000 1132763 1133103
10000000 1258102 1258446
11000000 1383471 1383778
12000000 1509211 1509570
13000000 1634916 1635273
14000000 1760566 1760899
15000000 1886467 1886801
16000000 2012818 2013144
17000000 2138771 2139111
18000000 2265096 2265403
19000000 2390737 2391069
20000000 2516305 2516644
21000000 2643015 2643332
22000000 2769138 2769458
23000000 2895354 2895683
24000000 3020958 3021288
25000000 3146890 3147228
26000000 3272418 3272748
27000000 3398107 3398432
28000000 3523902 3524226
29000000 3649848 3650162
30000000 3775967 3776298
31000000 3902180 3902500
32000000 4028034 4028362
33000000 4153943 4154289
34000000 4280428 4280763
35000000 4406081 4406416
36000000 4532086 4532435
37000000 4658763 4659090
38000000 4785585 4785924
39000000 4912059 4912397
40000000 5038095 5038406
41000000 5164714 5165041
42000000 5290535 5290866
43000000 5415716 5416051
44000000 5541315 5541657
45000000 5667699 5668015
46000000 5793920 5794250
47000000 5919727 5920056
48000000 6045887 6046229
49000000 6171476 6171798
50000000 6298431 6298784
51000000 6424465 6424813
52000000 6549660 6549982
53000000 6675789 6676109
54000000 6801935 6802259
55000000 6927364 6927701
56000000 7052559 7052896
57000000 7178656 7178986
58000000 7304138 7304475
59000000 7430493 7430808
60000000 7556704 7557038
61000000 7682860 7683169
62000000 7808368 7808667
63000000 7935057 7935385
64000000 8060714 8061040
65000000 8186823 8187158
66000000 8313109 8313434
67000000 8437993 8438317
68000000 8563849 8564169
69000000 8690343 8690675
70000000 8816658 8816965
71000000 8942366 8942681
72000000 9068696 9069024
73000000 9195072 9195432
74000000 9321218 9321539
75000000 9447942 9448281
76000000 9574060 9574411
77000000 9700028 9700343
78000000 9825727 9826037
79000000 9951592 9951904
80000000 10078015 10078329
81000000 10204142 10204479
82000000 10330803 10331130
83000000 10457774 10458077
84000000 10584421 10584748
85000000 10709707 10710037
86000000 10835852 10836176
87000000 10962085 10962413
88000000 11087766 11088114
89000000 11214451 11214759
90000000 11340471 11340795
91000000 11467260 11467559
92000000 11593660 11593989
93000000 11719541 11719863
94000000 11846252 11846576
95000000 11972624 11972978
96000000 12098415 12098742
97000000 12224621 12224939
98000000 12351004 12351345
99000000 12477323 12477646
100000000 12603432 12603750
101000000 12729958 12730274
102000000 12855332 12855666
103000000 12981523 12981845
104000000 13107046 13107385
105000000 13232647 13232985
106000000 13358386 13358698
107000000 13484417 13484731
108000000 13610629 13610959
109000000 13736252 13736583
110000000 13862490 13862816
111000000 13989232 13989546
112000000 14115129 14115458
113000000 14241090 14241431
114000000 14367213 14367520
115000000 14493178 14493524
116000000 14619557 14619880
117000000 14745875 14746206
118000000 14872111 14872409
119000000 14998212 14998536
120000000 15124033 15124368
121000000 15249995 15250325
122000000 15376259 15376585
123000000 15502236 15502552
124000000 15627945 15628290
125000000 15754279 15754619
126000000 15879884 15880226
127000000 16005530 16005853
128000000 16131539 16131871
129000000 16257415 16257722
130000000 16382907 16383247
131000000 16508320 16508662
132000000 16634484 16634788
133000000 16760693 16761030
134000000 16887157 16887500
135000000 17013793 17014132
136000000 17139768 17140105
137000000 17265590 17265934
138000000 17391921 17392254
139000000 17517847 17518188
140000000 17643491 17643802
141000000 17768965 17769284
142000000 17895295 17895636
143000000 18021350 18021647
144000000 18147142 18147493
145000000 18273277 18273591
146000000 18399254 18399589
147000000 18524849 18525199
148000000 18650068 18650402
149000000 18775444 18775775
150000000 18901732 18902046
151000000 19028070 19028395
152000000 19154473 19154789
153000000 19280621 19280934
154000000 19406744 19407072
155000000 19532824 19533153
156000000 19658966 19659301
157000000 19785170 19785492
158000000 19911943 19912270
159000000 20038020 20038328
160000000 20164785 20165102
161000000 20291527 20291848
162000000 20418259 20418575
163000000 20544192 20544538
164000000 20670861 20671149
165000000 20796554 20796908
166000000 20921763 20922098
167000000 21047636 21047965
168000000 21173453 21173782
169000000 21300021 21300351
170000000 21426355 21426686
171000000 21552497 21552831
172000000 21677934 21678269
173000000 21803708 21804041
174000000 21930020 21930340
175000000 22056101 22056450
176000000 22181772 22182088
177000000 22307796 22308115
178000000 22434139 22434455
179000000 22559822 22560146
180000000 22686396 22686745
181000000 22813026 22813321
182000000 22939318 22939645
183000000 23064815 23065151
184000000 23191091 23191431
185000000 23316845 23317169
186000000 23443152 23443479
187000000 23569633 23569976
188000000 23695832 23696161
189000000 23821709 23822026
190000000 23947593 23947927
191000000 24073417 24073757
192000000 24199033 24199369
193000000 24324784 24325102
194000000 24450591 24450918
195000000 24576872 24577200
196000000 24702884 24703226
197000000 24828747 24829093
198000000 24954872 24955175
199000000 25081265 25081597
200000000 25207212 25207544
201000000 25333441 25333775
202000000 25458946 25459256
203000000 25584664 25585017
204000000 25710510 25710855
205000000 25836624 25836975
206000000 25963375 25963724
207000000 26089504 26089828
208000000 26215777 26216109
209000000 26341903 26342203
210000000 26468546 26468835
211000000 26594685 26594998
212000000 26721043 26721335
213000000 26847217 26847554
214000000 26973270 26973582
215000000 27099367 27099700
216000000 27225625 27225969
217000000 27351852 27352166
218000000 27478448 27478754
219000000 27604161 27604500
220000000 27730521 27730844
221000000 27856760 27857080
222000000 27983100 27983448
223000000 28109553 28109881
224000000 28235455 28235753
225000000 28361529 28361854
226000000 28488143 28488480
227000000 28613548 28613879
228000000 28739437 28739743
229000000 28865033 28865381
230000000 28990757 28991065
231000000 29116984 29117313
232000000 29242491 29242839
233000000 29367794 29368113
234000000 29493116 29493448
235000000 29618983 29619310
236000000 29744708 29745034
237000000 29870767 29871124
238000000 29996760 29997084
239000000 30122560 30122890
240000000 30249010 30249341
241000000 30375745 30376052
242000000 30502266 30502589
243000000 30628933 30629241
244000000 30755029 30755346
245000000 30881311 30881642
246000000 31007870 31008169
247000000 31133861 31134197
248000000 31260920 31261294
249000000 31386777 31387102
250000000 31512696 31513037
251000000 31638798 31639126
252000000 31764701 31765023
253000000 31890587 31890913
254000000 32016873 32017162
255000000 32143003 32143347
256000000 32270588 32270898
257000000 32396474 32396775
258000000 32522563 32522882
259000000 32648582 32648933
260000000 32773746 32774057
261000000 32900055 32900374
262000000 33026389 33026710
263000000 33153189 33153501
264000000 33279971 33280295
265000000 33406290 33406620
266000000 33532490 33532818
267000000 33658787 33659141
268000000 33784459 33784764
269000000 33911018 33911349
270000000 34036961 34037293
271000000 34162156 34162499
272000000 34287936 34288256
273000000 34413788 34414135
274000000 34539849 34540184
275000000 34666325 34666636
276000000 34792550 34792878
277000000 34918241 34918580
278000000 35044994 35045284
279000000 35171973 35172305
280000000 35298183 35298504
281000000 35424879 35425200
282000000 35551048 35551362
283000000 35677451 35677754
284000000 35803704 35804058
285000000 35929546 35929876
286000000 36055300 36055627
287000000 36181575 36181919
288000000 36307473 36307807
289000000 36433558 36433851
290000000 36560192 36560508
291000000 36686219 36686543
292000000 36811828 36812169
293000000 36937974 36938285
294000000 37065049 37065369
295000000 37190981 37191321
296000000 37317009 37317323
297000000 37443485 37443787
298000000 37570196 37570536
299000000 37696142 37696459
300000000 37822119 37822450
301000000 37948487 37948802
302000000 38074648 38074972
303000000 38200512 38200860
304000000 38326360 38326694
305000000 38453198 38453541
306000000 38579480 38579798
307000000 38706193 38706542
308000000 38831830 38832169
309000000 38958122 38958445
310000000 39084619 39084943
311000000 39212282 39212611
312000000 39338591 39338914
313000000 39464772 39465126
314000000 39590830 39591133
315000000 39716389 39716714
316000000 39842403 39842731
317000000 39968873 39969219
318000000 40094938 40095269
319000000 40220635 40220991
320000000 40347129 40347456
321000000 40473107 40473428
322000000 40598925 40599242
323000000 40725394 40725736
324000000 40851072 40851420
325000000 40976974 40977298
326000000 41102876 41103192
327000000 41229016 41229345
328000000 41355270 41355604
329000000 41481684 41482007
330000000 41607808 41608144
331000000 41734081 41734392
332000000 41860611 41860936
333000000 41986428 41986759
334000000 42111996 42112319
335000000 42238019 42238342
336000000 42364098 42364417
337000000 42490070 42490386
338000000 42615985 42616326
339000000 42741281 42741623
340000000 42868101 42868423
341000000 42994355 42994674
342000000 43120421 43120750
343000000 43246634 43247004
344000000 43373115 43373446
345000000 43498733 43499055
346000000 43624839 43625201
347000000 43750966 43751291
348000000 43877119 43877467
349000000 44002912 44003238
350000000 44128572 44128862
351000000 44254384 44254710
352000000 44379966 44380305
353000000 44505669 44505971
354000000 44631560 44631875
355000000 44757917 44758236
356000000 44884091 44884434
357000000 45010088 45010418
358000000 45136653 45136959
359000000 45262199 45262547
360000000 45387801 45388135
361000000 45513819 45514143
362000000 45639969 45640293
363000000 45765486 45765824
364000000 45892342 45892671
365000000 46018699 46019031
366000000 46144489 46144823
367000000 46270863 46271197
368000000 46396324 46396632
369000000 46522810 46523130
370000000 46649072 46649377
371000000 46775432 46775768
372000000 46901609 46901949
373000000 47028267 47028597
374000000 47154612 47154934
375000000 47280490 47280799
376000000 47405680 47406004
377000000 47531400 47531730
378000000 47657732 47658043
379000000 47784137 47784449
380000000 47909966 47910301
381000000 48036103 48036433
382000000 48162310 48162612
383000000 48289397 48289713
384000000 48415619 48415927
385000000 48541850 48542182
386000000 48668029 48668378
387000000 48794816 48795139
388000000 48921154 48921467
389000000 49047459 49047786
390000000 49173317 49173659
391000000 49299896 49300220
392000000 49425152 49425512
393000000 49551341 49551670
394000000 49676562 49676923
395000000 49802433 49802744
396000000 49928679 49929000
397000000 50055823 50056138
398000000 50181854 50182191
399000000 50307859 50308186
400000000 50434386 50434704
