# Fix print output for fix saveBond
1000000 125838 126193
2000000 251561 251907
3000000 377574 377943
4000000 503280 503630
5000000 629471 629815
6000000 754064 754415
7000000 879278 879612
8000000 1004477 1004817
9000000 1129977 1130303
10000000 1255772 1256100
11000000 1382538 1382858
12000000 1508396 1508754
13000000 1634195 1634509
14000000 1759608 1759958
15000000 1886124 1886461
16000000 2012131 2012480
17000000 2137494 2137819
18000000 2264437 2264736
19000000 2390638 2390972
20000000 2517205 2517547
21000000 2642837 2643156
22000000 2768863 2769198
23000000 2894487 2894821
24000000 3020206 3020520
25000000 3146053 3146383
26000000 3271813 3272130
27000000 3397590 3397940
28000000 3524250 3524557
29000000 3650141 3650483
30000000 3776204 3776502
31000000 3903516 3903834
32000000 4029170 4029515
33000000 4155085 4155415
34000000 4281488 4281812
35000000 4407621 4407973
36000000 4533866 4534183
37000000 4659515 4659833
38000000 4785555 4785865
39000000 4911632 4911974
40000000 5037304 5037623
41000000 5163153 5163483
42000000 5289961 5290261
43000000 5416332 5416649
44000000 5542212 5542535
45000000 5668259 5668585
46000000 5794324 5794649
47000000 5920015 5920336
48000000 6046486 6046830
49000000 6172035 6172387
50000000 6298392 6298721
51000000 6424659 6424963
52000000 6550402 6550720
53000000 6677341 6677683
54000000 6802865 6803198
55000000 6928514 6928831
56000000 7053501 7053862
57000000 7179727 7180076
58000000 7306230 7306568
59000000 7432037 7432349
60000000 7558186 7558506
61000000 7684303 7684621
62000000 7810320 7810648
63000000 7936302 7936617
64000000 8062185 8062523
65000000 8187047 8187375
66000000 8313432 8313725
67000000 8439801 8440138
68000000 8565742 8566067
69000000 8692055 8692369
70000000 8817940 8818271
71000000 8944982 8945319
72000000 9071712 9072037
73000000 9198108 9198447
74000000 9324058 9324398
75000000 9450476 9450785
76000000 9576244 9576563
77000000 9702545 9702849
78000000 9829265 9829575
79000000 9955144 9955464
80000000 10080528 10080852
81000000 10206701 10207012
82000000 10332946 10333297
83000000 10459059 10459355
84000000 10585248 10585591
85000000 10711678 10712017
86000000 10837835 10838155
87000000 10963446 10963771
88000000 11090111 11090420
89000000 11216292 11216619
90000000 11342057 11342384
91000000 11468455 11468788
92000000 11594378 11594710
93000000 11720503 11720822
94000000 11846821 11847113
95000000 11973185 11973520
96000000 12099283 12099591
97000000 12224806 12225149
98000000 12350373 12350699
99000000 12477280 12477596
100000000 12603205 12603509
101000000 12730014 12730332
102000000 12855910 12856247
103000000 12982075 12982401
104000000 13108562 13108903
105000000 13235036 13235343
106000000 13360563 13360887
107000000 13486710 13487033
108000000 13612783 13613117
109000000 13739640 13739987
110000000 13865613 13865932
111000000 13992077 13992397
112000000 14118244 14118554
113000000 14243946 14244298
114000000 14370331 14370662
115000000 14497398 14497741
116000000 14623500 14623829
117000000 14748834 14749150
118000000 14874866 14875184
119000000 15001122 15001450
120000000 15128093 15128400
121000000 15253963 15254302
122000000 15380158 15380477
123000000 15506724 15507016
124000000 15632849 15633170
125000000 15758821 15759139
126000000 15884003 15884316
127000000 16010431 16010759
128000000 16136416 16136719
129000000 16263184 16263515
130000000 16389184 16389516
131000000 16516337 16516676
132000000 16642188 16642531
133000000 16768263 16768571
134000000 16894975 16895291
135000000 17021259 17021589
136000000 17146789 17147111
137000000 17272936 17273259
138000000 17398832 17399153
139000000 17524718 17525036
140000000 17650779 17651117
141000000 17776485 17776800
142000000 17902828 17903171
143000000 18028734 18029049
144000000 18154670 18154995
145000000 18280419 18280734
146000000 18406536 18406866
147000000 18532777 18533104
148000000 18658972 18659310
149000000 18785366 18785705
150000000 18911871 18912219
151000000 19037609 19037927
152000000 19163449 19163783
153000000 19289687 19290014
154000000 19415027 19415366
155000000 19541155 19541494
156000000 19667002 19667328
157000000 19792998 19793327
158000000 19918702 19919018
159000000 20044385 20044715
160000000 20171263 20171581
161000000 20297082 20297375
162000000 20423272 20423615
163000000 20549295 20549596
164000000 20675564 20675880
165000000 20802327 20802644
166000000 20928798 20929119
167000000 21055015 21055342
168000000 21181264 21181575
169000000 21306902 21307219
170000000 21432909 21433238
171000000 21559017 21559360
172000000 21685145 21685448
173000000 21810581 21810936
174000000 21936218 21936554
175000000 22062223 22062536
176000000 22188423 22188792
177000000 22314437 22314762
178000000 22440267 22440601
179000000 22566924 22567247
180000000 22693472 22693798
181000000 22819461 22819788
182000000 22945192 22945525
183000000 23071591 23071915
184000000 23198159 23198492
185000000 23323665 23323978
186000000 23450076 23450386
187000000 23575641 23575943
188000000 23701598 23701938
189000000 23828044 23828380
190000000 23953681 23954003
191000000 24079848 24080180
192000000 24206146 24206467
193000000 24332138 24332465
194000000 24458460 24458805
195000000 24585007 24585322
196000000 24711565 24711876
197000000 24838193 24838514
198000000 24964838 24965154
199000000 25090669 25090995
200000000 25216881 25217199
201000000 25342816 25343157
202000000 25469503 25469792
203000000 25595695 25596014
204000000 25722182 25722505
205000000 25848718 25849042
206000000 25974324 25974652
207000000 26101006 26101344
208000000 26227409 26227708
209000000 26353631 26353953
210000000 26480102 26480439
211000000 26607096 26607401
212000000 26732801 26733150
213000000 26858486 26858849
214000000 26985164 26985497
215000000 27111396 27111745
216000000 27238052 27238368
217000000 27363909 27364237
218000000 27489977 27490322
219000000 27615693 27616020
220000000 27741145 27741471
221000000 27867980 27868305
222000000 27994245 27994568
223000000 28120437 28120746
224000000 28246683 28246981
225000000 28373311 28373650
226000000 28499441 28499774
227000000 28625590 28625929
228000000 28752033 28752366
229000000 28877909 28878252
230000000 29004447 29004762
231000000 29130562 29130884
232000000 29255937 29256287
233000000 29381782 29382115
234000000 29508245 29508589
235000000 29634539 29634876
236000000 29760926 29761248
237000000 29886715 29887054
238000000 30012591 30012941
239000000 30139539 30139848
240000000 30265864 30266170
241000000 30391794 30392108
242000000 30517654 30517989
243000000 30643284 30643610
244000000 30770244 30770559
245000000 30895985 30896288
246000000 31021669 31022007
247000000 31147262 31147613
248000000 31273096 31273429
249000000 31398790 31399125
250000000 31523983 31524328
251000000 31649658 31649994
252000000 31776144 31776482
253000000 31902751 31903087
254000000 32029270 32029593
255000000 32155098 32155423
256000000 32280969 32281306
257000000 32407051 32407402
258000000 32532987 32533344
259000000 32659151 32659484
260000000 32785139 32785484
261000000 32911216 32911549
262000000 33037037 33037376
263000000 33162431 33162761
264000000 33288591 33288914
265000000 33414976 33415307
266000000 33541099 33541429
267000000 33667271 33667616
268000000 33792276 33792612
269000000 33917838 33918182
270000000 34043332 34043650
271000000 34169986 34170312
272000000 34295868 34296189
273000000 34421779 34422110
274000000 34547169 34547505
275000000 34673267 34673590
276000000 34799591 34799939
277000000 34924744 34925101
278000000 35050759 35051098
279000000 35176781 35177112
280000000 35302717 35303049
281000000 35429128 35429448
282000000 35555875 35556202
283000000 35682873 35683204
284000000 35809086 35809442
285000000 35935608 35935932
286000000 36061248 36061598
287000000 36186973 36187289
288000000 36312697 36313050
289000000 36438504 36438817
290000000 36564110 36564457
291000000 36689752 36690063
292000000 36815054 36815397
293000000 36941433 36941752
294000000 37067990 37068311
295000000 37194785 37195117
296000000 37321045 37321368
297000000 37447495 37447785
298000000 37573911 37574223
299000000 37700045 37700380
300000000 37825275 37825618
301000000 37950654 37950992
302000000 38076275 38076634
303000000 38201951 38202278
304000000 38328528 38328826
305000000 38454827 38455164
306000000 38581343 38581668
307000000 38707780 38708095
308000000 38833496 38833840
309000000 38960273 38960609
310000000 39086025 39086360
311000000 39212108 39212430
312000000 39338102 39338433
313000000 39463885 39464220
314000000 39589806 39590143
315000000 39716561 39716874
316000000 39842025 39842354
317000000 39967482 39967838
318000000 40093686 40094016
319000000 40219449 40219772
320000000 40345497 40345821
321000000 40471442 40471773
322000000 40597776 40598105
323000000 40724508 40724841
324000000 40850089 40850421
325000000 40976532 40976861
326000000 41103228 41103559
327000000 41228824 41229170
328000000 41354396 41354710
329000000 41480406 41480713
330000000 41606069 41606388
331000000 41732697 41733021
332000000 41859468 41859802
333000000 41986181 41986489
334000000 42111815 42112175
335000000 42237888 42238206
336000000 42363978 42364302
337000000 42490876 42491200
338000000 42616762 42617100
339000000 42742991 42743329
340000000 42868704 42869036
341000000 42995060 42995373
342000000 43121399 43121709
343000000 43247554 43247880
344000000 43374057 43374361
345000000 43500677 43501019
346000000 43627655 43627981
347000000 43754122 43754457
348000000 43880811 43881149
349000000 44006547 44006892
350000000 44132755 44133096
351000000 44258725 44259059
352000000 44385070 44385391
353000000 44511693 44512003
354000000 44638245 44638590
355000000 44763832 44764186
356000000 44890451 44890775
357000000 45016303 45016654
358000000 45142400 45142721
359000000 45268188 45268504
360000000 45394943 45395290
361000000 45521296 45521633
362000000 45647895 45648204
363000000 45774523 45774863
364000000 45901245 45901550
365000000 46027463 46027787
366000000 46153591 46153932
367000000 46279538 46279866
368000000 46405871 46406196
369000000 46532142 46532468
370000000 46658360 46658694
371000000 46784641 46784985
372000000 46911098 46911410
373000000 47037721 47038049
374000000 47163735 47164080
375000000 47288783 47289137
376000000 47414762 47415098
377000000 47540846 47541157
378000000 47667164 47667479
379000000 47793337 47793661
380000000 47919524 47919855
381000000 48045333 48045681
382000000 48171316 48171633
383000000 48297569 48297885
384000000 48423399 48423748
385000000 48548941 48549260
386000000 48674989 48675306
387000000 48801624 48801949
388000000 48928416 48928733
389000000 49054889 49055197
390000000 49180254 49180598
391000000 49305531 49305886
392000000 49431420 49431753
393000000 49557287 49557622
394000000 49682727 49683054
395000000 49808776 49809108
396000000 49935246 49935566
397000000 50061691 50062004
398000000 50188485 50188799
399000000 50314470 50314789
400000000 50441427 50441733
