# Steps Temp KinEng PotEng Epair Ebond Eangle Bonds
1000000 308.46201351822185188 12871.613912466982583 3840.4642647209093411 -3672.259115309875142 -950.03539907851882163 8462.75877910930285 15379
2000000 313.36244141271140506 13076.100731262993577 3896.4091141040989896 -3686.5533742903712664 -944.19043271835039377 8527.1529211128217867 15388
3000000 308.56225877952681458 12875.796982807978566 3940.1501538512725347 -3591.5296131993559356 -914.51024156018945632 8446.1900086108180403 15365
4000000 312.11447994973138975 13024.025346206974064 3723.0936413231534061 -3703.4951086159699116 -990.99511872524590217 8417.5838686643692199 15384
5000000 310.34567745265167105 12950.21611903459052 3713.4106155998147187 -3635.8449903903851919 -1052.0636413996903684 8401.3192473898889148 15390
6000000 310.71804925423606392 12965.754583583971908 3708.8793645320843098 -3682.9583819957792912 -909.6426944886812862 8301.4804410165452282 15383
7000000 311.98303772312834781 13018.540477670547261 3691.7543204727148805 -3730.5755300703285684 -930.54937632988117002 8352.8792268729248462 15400
8000000 308.92660459454231159 12891.000536101342732 3690.210009711139719 -3781.2430462654529038 -884.4913674717606682 8355.9444234483526088 15394
9000000 313.17207648024020727 13068.157114850408107 3564.4073808803905195 -3747.9896069567894301 -1035.2298252571044941 8347.6268130942844437 15408
10000000 307.18031319790475209 12818.130660229726345 3697.2044911342577507 -3786.153657100926921 -915.7090687628252681 8399.0672169980098261 15406
11000000 308.64651779916630403 12879.312973503469038 3592.3021163798066482 -3669.3016045688978011 -1056.6521760867331068 8318.2558970354366465 15414
12000000 311.59845987406310996 13002.492674779048684 3599.551814855777593 -3711.5497159698925316 -980.46318413683729887 8291.5647149625074235 15376
13000000 309.08369732814526287 12897.555758225222235 3416.2749982692166668 -3817.3582169800374686 -1107.6154060662465781 8341.2486213155007135 15420
14000000 312.11830771691643349 13024.185072653646785 3640.2531581444836775 -3764.6278338016186353 -943.86103731585831156 8348.7420292619608517 15384
15000000 312.02699566069571802 13020.374770309377709 3592.7575247673230479 -3812.3048257733726132 -944.4874457857708876 8349.5497963264679129 15397
16000000 308.97344614431568743 12892.955157148089711 3653.0670052208265588 -3759.8948431793460259 -923.52668586377035354 8336.4885342639427108 15385
17000000 313.64595454166442323 13087.931269141470693 3397.9147292265934084 -3750.3484220442996957 -1004.1365079026511467 8152.3996591735449329 15409
18000000 310.03269176944479568 12937.155739805331905 3267.1411840427754214 -3837.8837255426274169 -1125.9331477332953 8230.9580573186976835 15435
19000000 311.18095846537454463 12985.071025742732672 3597.4923678379236662 -3857.6824829342958765 -868.93655396089479837 8324.1114047331138863 15400
20000000 312.21527648303913338 13028.231420224499743 3558.7535587089660112 -3861.2657106038500388 -843.44506881623419758 8263.4643381290516118 15392
21000000 306.97549337212376486 12809.583864826941863 3496.2973534556854247 -3858.2122762660878834 -980.81912531534635491 8335.3287550371205725 15415
22000000 307.68163486495285497 12839.049991172940281 3644.5025908519778568 -3695.7755536610839044 -1010.6092122126823369 8350.8873567257433024 15399
23000000 311.13682892192736062 12983.229572271988218 3474.6686548146890345 -3785.2547986299277909 -1003.7973249956409063 8263.7207784402562538 15400
24000000 309.38130481281615403 12909.97443045151158 3412.1661103025044213 -3744.31806194049841 -1045.4433584673972746 8201.9275307103998784 15420
25000000 308.68168098444999714 12880.780275553865067 3353.5327121108202846 -3842.1805803937577366 -1066.950064264271532 8262.6633567688495532 15404
26000000 308.64413648806606716 12879.213605296868991 3413.0480541864799306 -3826.9415543397499277 -989.48127815532973273 8229.4708866815599322 15417
27000000 310.32799593242310721 12949.478298195090247 3520.5018263079941789 -3747.8629505375083681 -973.43519025972841519 8241.7999671052311896 15384
28000000 310.28619056036251322 12947.733828584412549 3421.774003679013731 -3839.2403061843433534 -1138.4921393252852795 8399.5064491886423639 15427
29000000 310.9337039148026065 12974.753498872038108 3642.6585646356897996 -3771.1452312826486377 -902.06724279124955501 8315.8710387095870828 15392
30000000 309.65285716734251764 12921.305864830152132 3449.9476529953712998 -3847.1289521480375697 -1013.7856778757520715 8310.8622830191616231 15436
31000000 310.1763753171087501 12943.151418592517075 3273.1769862008322889 -3880.0649404797809439 -1089.8488995985853762 8243.0908262791999732 15416
32000000 312.3643939402092542 13034.453847143167877 3680.102824817383862 -3674.1791045128679798 -954.04925942666068295 8308.3311887569125247 15389
33000000 310.34582697041270194 12950.222358165532569 3496.5494124556475981 -3733.080167360455107 -1035.4674794286952419 8265.0970592447974923 15404
34000000 307.81791913734411992 12844.736910338622693 3527.6939133929854506 -3748.7005862102087121 -1033.5110531564091616 8309.9055527596028696 15410
35000000 308.46616822753549059 12871.787281672461177 3566.661593863557755 -3827.2633853007769176 -901.17218132615801096 8295.0971604904934793 15382
36000000 308.59940581380806179 12877.347067623310068 3404.2453197684840234 -3887.6806914288872576 -933.81327370472160965 8225.7392849020943686 15417
37000000 308.39621888858863485 12868.868410482822583 3410.9111915261005379 -3817.1617638632451417 -988.06691314098236489 8216.1398685303283855 15416
38000000 310.43941063771291056 12954.127451114456562 3343.3110724974085315 -3876.4819706235280137 -1147.5728891477117486 8367.3659322686489759 15424
39000000 310.7304038360892946 12966.270120021834373 3476.7870538822203343 -3774.0121877701139965 -1002.2318183542955694 8253.0310600066295592 15392
40000000 310.53739758294625517 12958.216285629670892 3308.9159553879098894 -3847.2538429353708125 -1047.4285368456733067 8203.5983351689537812 15415
41000000 309.10664233143603497 12898.513215580216638 3387.2020201390787406 -3911.2836481432705114 -1035.8903403090816937 8334.3760085914309457 15404
42000000 308.7090337427306963 12881.921661295384183 3337.7287330333419959 -3824.0181751713980702 -1088.6874599737554945 8250.434368178495788 15434
43000000 309.84655934875024741 12929.388739167401582 3456.9055336523088044 -3738.9936607445483787 -1042.2609274698211266 8238.1601218666783097 15417
44000000 308.49148855819061055 12872.843857542569822 3407.8042747462918669 -3808.3759471071703047 -1034.4413929667007324 8250.6216148201638134 15411
45000000 312.36656880551828408 13034.544600705496123 3720.3133125929080052 -3732.6468492171316029 -904.72333180653754425 8357.6834936165760155 15408
46000000 310.92499476151579074 12974.390080189348737 3433.9095712078678844 -3804.6553998848312403 -985.28984592712868107 8223.8548170198264415 15409
47000000 309.61171350803152791 12919.589007407234021 3527.5740722019609166 -3797.5238951725868901 -985.73528378046171383 8310.8332511550088384 15413
48000000 310.85358240061879087 12971.410159493249012 3568.0067803741626449 -3831.8555575204009074 -954.8458379764485926 8354.7081758710119175 15390
49000000 309.72884332791011275 12924.476642684971011 3729.2067075508057314 -3678.214121116664046 -957.7911204895406172 8365.2119491570101673 15382
50000000 309.75630267401908213 12925.622476161750456 3536.1605788065598972 -3781.4468687233893434 -959.9433251489366512 8277.5507726788855507 15405
51000000 306.57368597901563589 12792.817101320883012 3407.4618866093896941 -3782.2124797585088345 -1062.3859566763333078 8252.0603230442320637 15430
52000000 313.95473768135150294 13100.816283122281675 3422.4383239223625424 -3904.1800893299787276 -975.5008149498127068 8302.1192282021547726 15416
53000000 309.59166490382114034 12918.752412035450106 3476.3006978477633311 -3718.6547878501332889 -1054.692652601794407 8249.6481382996917091 15392
54000000 309.8457053177461944 12929.35310185430717 3489.7114474963796056 -3802.1109147174220197 -951.82371823068478989 8243.64608044448687 15401
55000000 309.17619313988262775 12901.415456745711708 3334.5508661461972224 -3826.9789997255716116 -1088.4440586332405019 8249.9739245050095633 15417
56000000 308.36913622046569117 12867.738295160608686 3621.0686223584225445 -3783.0311949625811394 -875.63296836362314934 8279.7327856846277427 15373
57000000 312.34799107995314671 13033.769382687176403 3720.4559011670371547 -3774.0167871513986029 -832.95650839915742836 8327.4291967175940954 15385
58000000 307.79753320240365611 12843.886238708733799 3405.4023790227211066 -3774.8663279369716292 -983.60710504748794847 8163.8758120071806843 15396
59000000 310.54171236840278425 12958.396334550048778 3231.4790062981228402 -3859.373694021150186 -1108.3754398879750624 8199.2281402072494529 15422
60000000 311.23822806466864677 12987.460792192829103 3372.923503773223274 -3822.3309168900932491 -999.54984697937334204 8194.8042676426885009 15414
61000000 311.9471630610662487 13017.04348686108824 3348.7822506893257923 -3927.0591741894559163 -1057.6432167570437741 8333.4846416358250281 15416
62000000 309.57893089037816026 12918.221042539658811 3267.7485360145196864 -3921.9103375816675907 -1034.0557859684640789 8223.7146595646518108 15406
63000000 307.13668904652479341 12816.310295941049844 3395.2551675374484148 -3814.468588203656509 -1029.238849035369185 8238.9626047764741088 15419
64000000 310.99762780963914111 12977.420938161343656 3562.8174634238871477 -3696.3339491924816684 -948.59380100718522044 8207.7452136235533544 15396
65000000 310.19943838316299889 12944.11380251299488 3615.434614973375119 -3750.3117229439558287 -982.51623355588810682 8348.2625714732203051 15406
66000000 309.83713772793868202 12928.995590383430681 3369.5677224614573788 -3877.4683480807566411 -1086.9372715478159535 8333.9733420900302008 15441
67000000 310.45153884690950008 12954.633541392631741 3361.7896545567364228 -3871.1723366387018359 -916.79584717760963031 8149.757838373047889 15397
68000000 310.0415090002907732 12937.523668387304497 3429.6798674637852855 -3854.1698052409478805 -1080.2848637812376182 8364.1345364859698748 15409
69000000 312.68514952116913719 13047.838451462172088 3277.1254791977330569 -3847.7538619775436928 -1041.6993423731992152 8166.5786835484759649 15420
70000000 310.08269966037903487 12939.242487075573081 3493.2816388616579388 -3785.8412167011979363 -955.04417748127252707 8234.1670330441284023 15403
71000000 309.09829988286287517 12898.16509888379187 3551.3012118245887905 -3794.1258316799558088 -1017.010478546166496 8362.4375220507117774 15397
72000000 307.35879139869120991 12825.578262824654303 3452.5475282181337207 -3773.9816501575842267 -1038.5193838937298096 8265.0485622694486665 15409
73000000 308.47898597366713602 12872.322145196019846 3529.981828902223242 -3825.150966642977437 -890.21003567351272068 8245.3428312187133997 15395
74000000 311.41124724198198237 12994.680598691622436 3487.008985862807549 -3781.0065569262301324 -895.25742245355615978 8163.2729652425941822 15394
75000000 312.46137600091674358 13038.50074947523899 3381.7561697536225438 -3876.457095710725298 -1077.1642256445597923 8335.377491108907634 15425
76000000 311.35589532194177309 12992.370853851585707 3311.412901179407072 -3827.7956700600011573 -1010.2622383783507303 8149.4708096177591869 15415
77000000 307.51767056261326161 12832.208029755809548 3393.7888372903607888 -3864.0085648667018177 -1051.6848787589738095 8309.4822809160359611 15430
78000000 309.2241550615172514 12903.416829072695691 3386.522640848336323 -3829.2559676843729903 -1059.8064497207294608 8275.5850582534403657 15424
79000000 311.68051865039126369 13005.91685292980037 3269.8926865972448468 -3863.5161171775775983 -973.1344950663135478 8106.5432988411357655 15414
80000000 308.88389031051724487 12889.218139085103758 3396.687088865673104 -3816.7097056539805635 -991.1810129618022529 8204.5778074814552383 15410
81000000 311.87837862879678141 13014.173225316522803 3358.3214105704018948 -3879.667156872707892 -1005.6965723373000401 8243.6851397804093722 15423
82000000 307.90897014723429947 12848.536319647662822 3490.2760059359011393 -3762.7253876482145643 -968.7629100201604615 8221.7643036042773019 15383
83000000 306.2548601114064013 12779.513020775058976 3110.780498173961405 -3886.170709932452155 -1138.0553600831326548 8135.0065681895466696 15438
84000000 308.47729041782406512 12872.251392431586282 3611.1909739232014545 -3784.4574442363491471 -898.70184067234276881 8294.3502588318933704 15391
85000000 309.62529764238252028 12920.155851054225423 3425.5201875899147126 -3770.0071529219339936 -984.88056332485314215 8180.4079038367017347 15395
86000000 307.87769363322644267 12847.231202015040253 3369.8030905326313587 -3777.395964318595361 -1065.3188873402907575 8212.5179421915181592 15414
87000000 308.82893671985692663 12886.925015876784528 3346.3590697733520756 -3771.8253995013092208 -1116.9418240224631518 8235.1262932971239934 15409
88000000 311.31312987276982085 12990.586321797683922 3487.1923222805689875 -3805.3000290793679596 -1007.9250265056757598 8300.4173778656131617 15425
89000000 309.56965957195490091 12917.834165627838956 3430.8356398165760766 -3799.0325350225184593 -1020.8593829352505509 8250.7275577743457688 15407
90000000 311.92713143833503864 13016.207600098581679 3410.1321494327567052 -3801.3650285402045483 -1055.2131843508034308 8266.7103623237635475 15407
91000000 312.34219214795382413 13033.527402765732404 3477.3948402976302532 -3830.5176161534755011 -975.79452709389079246 8283.7069835449965467 15401
92000000 308.13688508496414897 12858.046836193550917 3660.8607616717399651 -3738.3578527349036449 -916.09770808598966596 8315.3163224926338444 15402
93000000 312.10041780838537306 13023.438556112065271 3366.4019584883426432 -3838.7634467628140555 -1061.0762638815369883 8266.2416691326943692 15415
94000000 310.03672001833052718 12937.323832024561852 3454.2502428339794278 -3752.2824423904730793 -1089.0451830711608636 8295.5778682956151897 15442
95000000 308.87962523457616726 12889.040164461275708 3480.5449052401872905 -3812.2560483485594887 -944.35950367189252574 8237.1604572606393049 15399
96000000 307.96144709472156364 12850.7260965983387 3290.6534401982517011 -3810.5511470925584945 -1104.1592204903145102 8205.3638077811265248 15426
97000000 308.4800991393671552 12872.368595774967616 3518.4798754644320979 -3730.5313175518695061 -899.43926732397926571 8148.4504603402810972 15391
98000000 305.53809950147632435 12749.603776088955783 3288.6684377145475082 -3890.4492120362069727 -1013.8036157509163786 8192.9212655016708595 15408
99000000 310.24993189730673748 12946.220814043294013 3395.3584956121821961 -3858.7319139918963629 -1022.5319263143126136 8276.6223359183913999 15418
100000000 308.67134829877375068 12880.349109527336623 3151.988563499580323 -3943.2747871242913789 -1168.7662672221763387 8264.0296178460484953 15430
101000000 309.58405196436109463 12918.434736557841461 3386.2493055295658451 -3745.5168900188045882 -1077.4551761229758995 8209.2213716713467875 15416
102000000 309.17970704639060386 12901.562086301097224 3437.599441413266959 -3829.5385111651930856 -936.5650937568958625 8203.7030463353548839 15397
103000000 310.26042279450501837 12946.658581977151698 3493.460099281334351 -3875.1716451715051335 -994.8306666794260309 8363.4624111322664248 15408
104000000 312.42488946645505621 13036.978226234085014 3436.7783494733330372 -3838.8654967882625897 -958.14875758371567827 8233.7926038453115325 15393
105000000 312.55046848860172304 13042.218432864849092 3269.8534349161036516 -3857.8050403604229359 -1014.5978465770400589 8142.2563218535660781 15427
106000000 314.90433963834652786 13140.44161533597071 3448.934912751425145 -3814.0027586380756475 -965.66093459378737407 8228.5986059832866886 15410
107000000 310.71223376919243719 12965.511912931136976 3439.3986701551002625 -3793.7094675780408579 -1001.4191446179009972 8234.5272823510422313 15411
108000000 306.54359655270769736 12791.561518911023086 3477.0530759125895202 -3858.1481042508376049 -1050.4870408546553335 8385.6882210180829134 15400
109000000 308.71827532596404353 12882.307297406498037 3486.3613342295675466 -3788.8519441006837951 -978.04189120404237201 8253.2551695342936 15387
110000000 312.35800934444353061 13034.187428433304376 3505.7008258215882961 -3807.1145480550558204 -950.75080618795800547 8263.5661800646030315 15415
111000000 305.82206928268954016 12761.453369317292527 3492.1681611636649905 -3827.7412003315803304 -988.84166317685867398 8308.7510246721049043 15414
112000000 309.75081730120757584 12925.393580550940897 3454.0606781637502536 -3777.258124356494136 -1000.0074207653962048 8231.3262232856395713 15424
113000000 309.74061400471362049 12924.967813722776555 3664.4955558606175146 -3728.0715965391891586 -950.04143214857072053 8342.6085845483776211 15382
114000000 310.96693960447885274 12976.140369692038803 3302.394434409790847 -3918.4678472227687962 -995.37818530723609456 8216.2404669397965336 15403
115000000 306.45893103957638459 12788.028565908811288 3554.7790235446100269 -3791.6146420195418614 -833.73470284217137305 8180.128368406323716 15391
116000000 308.77152013343425097 12884.529115894885763 3325.8662072291008371 -3891.6978248805735348 -1078.6049892840419488 8296.1690213937163207 15405
117000000 313.65053858747933191 13088.122553854987927 3427.5627111442499881 -3791.2344310538910577 -1126.872151501127064 8345.669293699269474 15418
118000000 303.12522152595761327 12648.918335555978047 3503.8084217410446399 -3739.8954023700111975 -1008.9932705415816372 8252.6970946526362241 15416
119000000 308.26185605008981838 12863.261669602108668 3532.2641845620605636 -3729.2531424844228241 -971.63225213093505772 8233.1495791774177633 15406
120000000 308.84089026727463079 12887.423817805391081 3565.7510964230559694 -3786.6577769958471436 -1002.0663976283024112 8354.4752710472057515 15427
121000000 310.52678795154196223 12957.773563112132251 3540.3073929276106355 -3773.9836986730169883 -884.09888654110363859 8198.3899781417294435 15395
122000000 309.60962574011750803 12919.501888276350655 3356.1854461109523982 -3752.0187096887443658 -1035.2249160780927468 8143.4290718777892835 15415
123000000 307.99475378744375575 12852.115930258993103 3279.9271998522890499 -3813.8698130495367877 -1138.1187811981149025 8231.9157940999411949 15442
124000000 309.56639547064492035 12917.697960033658092 3441.751575555648742 -3857.2331679040803465 -1041.3434637405530339 8340.3282072002821224 15413
125000000 308.02295793397780699 12853.292843035955229 3350.4698099172992443 -3918.0809135553890883 -981.33767188749641264 8249.8883953601853136 15416
126000000 312.20994711883361106 13028.009034596947458 3492.903000687347685 -3816.5043204908306507 -997.76593521829670408 8307.173256396474244 15421
127000000 311.50884546006915343 12998.753212260582586 3378.2098314307304463 -3814.063137632228063 -1022.6045302497311695 8214.8774993126899062 15406
128000000 309.73740970230028324 12924.834103438477541 3546.4598160439772982 -3750.0702643775039178 -1074.6300632428317385 8371.1601436643122724 15431
129000000 311.97532617906472296 13018.218687584552754 3498.4358690671906515 -3825.1927660507371911 -959.25800521650921837 8282.8866403344363789 15403
130000000 308.46278006412705963 12871.645899170387565 3530.7920557335901321 -3803.5243708810016869 -963.76651850561620449 8298.0829451202080236 15402
131000000 312.15620625980852765 13025.766516690753633 3409.0797128076919762 -3762.0695031704067333 -1059.3648095460139302 8230.5140255241130944 15395
132000000 309.96860015113952613 12934.48130169075921 3578.0316147887501756 -3784.1355525292010498 -944.22428235482914261 8306.3914496727811638 15391
133000000 311.00117290479164467 12977.568869167711455 3340.3414586590042745 -3867.856097181156656 -1123.3697579979841521 8331.5673138381444005 15426
134000000 308.56246190887014791 12875.805459062321461 3383.9090464227147095 -3906.5855860565989133 -1065.6682902499994725 8356.1629227293124131 15418
135000000 311.62192880888630953 13003.471994937584896 3465.7536616287643483 -3816.0099315578095229 -964.72853853684534897 8246.4921317234220624 15404
136000000 311.45144304992049911 12996.357903831349176 3432.3105196947167315 -3848.6885935018003693 -947.93658482049602299 8228.9356980170141469 15412
137000000 311.35280776848708228 12992.242015309848284 3466.0472767783585368 -3796.9123355475462631 -938.13455380790105664 8201.0941661338056292 15411
138000000 313.00729544498034329 13061.281072508047146 3416.3857001966907774 -3788.3716945736196067 -1039.1512060339214258 8243.9086008042304456 15413
139000000 310.48948669106727039 12956.217042690695962 3436.4884699728777377 -3836.4735974132249794 -994.8993797540374544 8267.8614471401415358 15416
140000000 311.27986098782110957 12989.198065793405476 3487.3168687984052667 -3769.8003836390180368 -976.99360834858600811 8234.1108607860096527 15396
141000000 311.22743254718676553 12987.010312954147594 3300.2986388695694586 -3805.4246214552904348 -1130.1312465392004469 8235.8545068640596583 15419
142000000 311.58835709078562104 13002.071102202555267 3693.4249539501424806 -3758.8317489085675334 -933.80116598722690924 8386.0578688459354453 15391
143000000 308.85652811870085088 12888.076359697610314 3323.1349863348013969 -3853.6496978662448782 -1059.5246511032105445 8236.3093353042568197 15419
144000000 312.05857741942077155 13021.692625303414388 3517.0622900654470868 -3790.0637248350726622 -923.15163946689699515 8230.277654367417199 15409
145000000 312.48658628686104066 13039.552733360051207 3370.2079074888711148 -3823.2531198568594846 -1041.8976522039165502 8235.3586795496466948 15419
146000000 310.10002958621680591 12939.965636457796791 3477.7547726914767736 -3705.6400084167307796 -1005.1324892354497251 8188.5272703436585289 15404
147000000 312.9558844265622497 13059.135775029188153 3641.6494660096641383 -3756.0649797652777124 -940.983682004760567 8338.6981277797021903 15407
148000000 307.78025883802700946 12843.165407815155049 3568.7294489108307971 -3827.1351236850009627 -875.17362725861926265 8271.0381998544507951 15396
149000000 308.83091187609096551 12887.007435906956744 3544.0818854145773003 -3780.0507078441391968 -997.31201835964986913 8321.4446116183662525 15395
150000000 310.78553503002359548 12968.570654323486451 3468.1758998381446872 -3867.100279197038617 -970.45182925500137117 8305.7280082901852438 15386
151000000 315.05767254265526844 13146.839945949937828 3295.5262002033032331 -3901.9915200012483183 -1029.6834433377480309 8227.2011635423004918 15416
152000000 306.48707020621122865 12789.202767181153831 3245.9383423665281043 -3844.5182873823550835 -1055.1419330839407849 8145.598562832823518 15400
153000000 311.14156994835173009 12983.427407528872209 3398.1765434853532497 -3838.551183650985422 -1000.6787797549723109 8237.4065068913114374 15407
154000000 311.7007775880812801 13006.762225172717081 3493.6790554472318036 -3753.3286187159646943 -948.99735570723328237 8196.0050298704300076 15395
155000000 311.93580274999487756 13016.569439712240637 3347.6955228472788804 -3839.8661579445606549 -1012.1549947023648883 8199.7166754942045372 15395
156000000 312.98289941386923374 13060.263066141955278 3283.5027857144305017 -3811.4318017818454791 -1083.2785113815339173 8178.2130988778089886 15408
157000000 309.51275243341427768 12915.459524070507541 3341.7311354979424323 -3901.3440136324998093 -948.03350691742389245 8191.108656047866134 15405
158000000 307.98812741027177253 12851.839422407594611 3371.1680905742673531 -3813.4304235787453763 -1025.1282095909455165 8209.7267237439591554 15418
159000000 310.81461144304222444 12969.78396535023785 3567.2756149030792585 -3786.7760284902451531 -896.62493119855719215 8250.6765745918819448 15404
160000000 311.92686763047186105 13016.196591829124372 3438.8332773976990211 -3789.5541127566680188 -1010.5866420656677747 8238.9740322200341325 15416
161000000 309.85093389404386244 12929.571281767768596 3116.5237486096884822 -3970.9319632561914659 -1140.9249100210702181 8228.3806218869503937 15441
162000000 313.01659408082372238 13061.669089331004216 3440.9851995946592069 -3762.4065218759792515 -973.79542496872329593 8177.1871464393625502 15391
163000000 307.34516532243992515 12825.009669010953075 3294.7702358504757285 -3859.46903490181694 -1093.830988619089112 8248.0702593713831448 15433
164000000 312.93022300826987703 13058.064966131396432 3358.0457347657084028 -3821.6246845391797251 -1063.7582564076624294 8243.4286757125519216 15418
165000000 309.62880549397215191 12920.302227947797292 3410.8656175073615486 -3802.2824779964998925 -1071.5840250215801461 8284.7321205254411325 15417
166000000 313.19853046055038703 13069.260996061313563 3510.2823499709620592 -3760.7191129114535215 -1020.0905125071592465 8291.0919753895741451 15413
167000000 311.68457468263363808 13006.086104502934177 3444.7704587500934394 -3821.8961322500153983 -1027.8391319963443493 8294.5057229964531871 15407
168000000 314.20290641847503821 13111.17195749840721 3378.3269842748736664 -3860.02343255712276 -956.31588763442505297 8194.6663044664201152 15423
169000000 309.82368587958382022 12928.434266814092553 3354.3997595763858044 -3861.3530536855982973 -1019.1169383596625266 8234.8697516216452641 15417
170000000 308.76148522553984321 12884.110375646805551 3460.6989359071571926 -3808.2402121667987558 -1023.3945650068210398 8292.3337130807776703 15405
171000000 309.73610718752820503 12924.779751633304841 3595.0037469731332749 -3679.3683719592709167 -923.00468684399152153 8197.3768057763954857 15391
172000000 307.81730638753157336 12844.711341293921578 3387.7842064587462119 -3754.475476581158091 -1059.518793658214463 8201.7784766981185385 15431
173000000 309.92944607665833701 12932.847466379651451 3470.0793470820617586 -3751.1297309975275311 -990.5784454736524367 8211.7875235532410443 15379
174000000 311.70918791491510547 13007.113174317630182 3493.5777121464248012 -3816.1705774173742611 -935.75261145509114158 8245.5009010188896355 15398
175000000 307.41987255619238795 12828.12707934735954 3396.1437714265221075 -3876.9611184306922951 -970.74276629312419118 8243.8476561503393896 15421
176000000 308.17566498740808356 12859.665057919228275 3545.0146846305833606 -3802.617220230447856 -833.00465369525670667 8180.6365585562880369 15365
177000000 307.68405094548563738 12839.150810250934228 3497.2976753084044503 -3841.0752973292446768 -992.81006539570034874 8331.1830380333503854 15409
178000000 308.12275615461555844 12857.457259103104661 3290.2525543993588144 -3913.2916027825408491 -975.3776834156537916 8178.9218405975534552 15400
179000000 310.30653659561352242 12948.582835265700851 3280.9627576266384494 -3924.4935055972541704 -1021.0284107527252218 8226.48467397661625 15411
180000000 308.40971143364623686 12869.431432258817949 3440.6716375869154945 -3836.8638917828079684 -989.44479592639208931 8266.9803252961173712 15408
181000000 308.47611899298078697 12872.202510794142654 3456.4193364201837539 -3824.0159051785994961 -996.81496983321653715 8277.2502114319977409 15407
182000000 305.78636653063182393 12759.963552030365463 3575.7606277258100818 -3737.1546865372556567 -985.17900063734396099 8298.09431490040879 15401
183000000 307.8068384657190677 12844.274532085230021 3536.5847416111896564 -3777.9689179970000623 -928.45180105886936417 8243.0054606670601061 15410
184000000 309.81319527941764136 12927.996511274897784 3409.1673189559692219 -3824.5028926548116033 -1003.2793460492930535 8236.9495576600747881 15401
185000000 313.08908104853657051 13064.693851607058605 3600.4344246794253195 -3928.809218910690106 -960.79762715849210508 8490.0412707486066211 15421
186000000 306.19846503932757287 12777.159746911333059 3360.3734766259722164 -3823.7680251198003134 -992.7576010675688849 8176.8991028133414147 15424
187000000 309.02345710357644748 12895.042032454563014 3391.8691871999799332 -3862.6981563287063182 -1107.5752073890803331 8362.1425509177661297 15432
188000000 308.55034301275179587 12875.299757403625335 3571.785249359953923 -3743.4582685373420645 -919.35357101783301914 8234.5970889151285519 15394
189000000 310.12541034277001017 12941.024733801528782 3548.0791464609774266 -3793.9840437233915509 -927.4443359448667934 8269.5075261292367941 15398
190000000 310.72848539436256488 12966.190066595032476 3527.7098302953772873 -3866.3809479617943907 -1028.3911103975083279 8422.4818886546800059 15412
191000000 308.84645522188048972 12887.656034233956234 3476.2910733136050112 -3826.796360784456283 -961.70409759178687636 8264.7915316898470337 15402
192000000 309.62437892161631225 12920.117514343453877 3341.2910356569104806 -3913.4770918511289892 -958.67681798249327585 8213.4449454905334278 15413
193000000 308.65806673661393233 12879.794891721630847 3462.924999367923192 -3803.0728262241427728 -992.70967703538281057 8258.7075026274487755 15407
194000000 306.95223064004045455 12808.613149170545512 3475.4368422284446751 -3865.9995135828708044 -844.53494609802658033 8185.9713019093433104 15389
195000000 310.27940093533868549 12947.450508667901886 3661.0431482526337277 -3737.8972627555244799 -962.63561927473438118 8361.5760302828930435 15419
196000000 309.99558056744865553 12935.607150212488705 3493.186265302969332 -3832.3568326554268424 -955.80778142307519829 8281.3508793814708042 15423
197000000 308.05841118304010706 12854.77224897209453 3535.8598818688642496 -3931.6670233082754748 -934.45948176778881589 8401.9863869449291087 15413
198000000 310.35336849646478186 12950.537053678752272 3353.4126768170699506 -3854.9286018132538629 -1035.7519720639559182 8244.0932506942790496 15418
199000000 308.62726188522475468 12878.509455796507609 3395.7692308927780687 -3810.6150581822848835 -1041.5242274911975073 8247.9085165662600048 15408
200000000 310.65731297205979899 12963.220158142943546 3431.8737251584166188 -3788.6988327950848543 -1001.2387915490729711 8221.8113495025754673 15416
201000000 308.08652285656961567 12855.945303002243236 3633.7164131565536991 -3754.683305935503995 -934.83369530631091493 8323.2334143983680406 15393
202000000 309.23287880321288412 12903.780856505758493 3242.5782135838803697 -3882.3235717692132312 -1115.4249716327362876 8240.3267569858307979 15445
203000000 313.77037130367614282 13093.12297656303781 3363.4374839662114027 -3889.917059411261107 -1037.0086470834198735 8290.3631904608919285 15415
204000000 311.01053285241113144 12977.959444430529402 3291.7198412822285718 -3874.5069608387352673 -1017.3195005929292165 8183.5463027138921461 15411
205000000 310.90684867452779372 12973.632873740920331 3325.6179392183271375 -3803.1999887712117925 -1030.8286492971540156 8159.6465772866922634 15410
206000000 310.24453260010517397 12945.995510226513943 3387.8963132433827923 -3893.2513252791823106 -998.0653411656062417 8279.2129796881708899 15406
207000000 313.73576788089252432 13091.679032483698393 3336.2568743660840482 -3753.0612402196993571 -1108.8144648521411 8198.1325794379245053 15396
208000000 309.5518263560751393 12917.09001477761376 3219.3943491409004309 -3914.2146641271210683 -1109.0849308707252021 8242.6939441387476109 15435
209000000 314.61141774390523551 13128.218465105079304 3257.4344323969735342 -3846.5986107965409246 -1108.1691002153843328 8212.2021434088983369 15412
210000000 307.26098501192586809 12821.496962718174473 3487.538176268017196 -3786.7132337350594753 -998.57334772576223259 8272.8247577288384491 15397
211000000 309.30791901513100584 12906.912161474894674 3279.9268468951913746 -3855.0076744154475819 -1104.2662536522748269 8239.2007749629119644 15429
212000000 309.62652770510260325 12920.207179554096001 3560.0662960095937706 -3837.9947645533138711 -943.90642745498416843 8341.9674880178918102 15385
213000000 311.24361452411568507 12987.685560311167137 3746.4889167826086123 -3749.8663297010116366 -812.96868499242168582 8309.3239314760430716 15371
214000000 309.20371515531007844 12902.563905310365953 3533.0666452021127952 -3734.1206212895122007 -1036.8438584494581391 8304.031124941084272 15401
215000000 308.3730519150510645 12867.901690673485064 3685.1990290174994698 -3789.9837841095222757 -839.27874266712387907 8314.4615557941451698 15385
216000000 310.41380287852763331 12953.058881323198875 3314.9234756803934943 -3808.7270860478324721 -1064.8800717693948172 8188.5306334976212383 15418
217000000 311.28001350957316617 12989.204430275965933 3385.008392795243708 -3881.3615499414945589 -977.76929978836142254 8244.1392425250996894 15406
218000000 309.25678080608895471 12904.778247883861695 3625.4228987421802231 -3769.1915216534594038 -891.55218983819918321 8286.1666102338385826 15389
219000000 310.8980145198657965 12973.264238955860492 3444.4091691141029514 -3819.1836659407244952 -979.93474661498908063 8243.5275816698176641 15407
220000000 312.44510354245113604 13037.821726472091541 3474.6068375377017219 -3828.5329009942624907 -955.76920266335639553 8258.9089411953209492 15408
221000000 308.0909477436065913 12856.129946280994773 3345.4444768952171216 -3881.2230500640871469 -984.1397466986567224 8210.8072736579597404 15409
222000000 312.35445443236955043 13034.039087782904971 3543.6896189217427491 -3796.6121604243285219 -1006.5306367780964365 8346.8324161241653201 15411
223000000 309.50163824956854342 12914.995747407110684 3404.5153793507033697 -3765.4081270343531287 -1052.27037070230881 8222.1938770873657631 15425
224000000 308.52615985711173607 12874.290633981803694 3402.5501831774136008 -3929.6058892288674542 -1078.197926626515482 8410.3539990327990381 15436
225000000 312.74581630727766424 13050.369976946276438 3295.8129589257314365 -3767.2265022915630652 -1049.8180375575796006 8112.8574987748743297 15395
226000000 309.18938350134396842 12901.965868895849781 3454.9094475203764887 -3874.8780968550790931 -944.77166398553299587 8274.5592083609881229 15401
227000000 307.64057671737236888 12837.336702014286857 3611.2236007482238165 -3764.5346951936990081 -974.08928310279281959 8349.8475790447155305 15395
228000000 312.05860640980745302 13021.693835024703731 3637.8213687820680207 -3832.6850440524585792 -882.20225420117185422 8352.7086670356984541 15401
229000000 308.78687491316674141 12885.169845669593997 3545.8634406080850567 -3805.1143438527965372 -931.77520542084062072 8282.7529898817228968 15391
230000000 311.40428161602278578 12994.389934544738935 3373.4035603735533186 -3893.5645484988799581 -1034.2342369926604988 8301.202345865092866 15419
231000000 311.56605765334813896 13001.140583251821226 3423.9529951812173749 -3788.6250149691500155 -1075.8914763174229847 8288.4694864677912847 15412
232000000 310.59878897573003087 12960.778047761896232 3473.0776975104276971 -3798.0476994820028267 -987.90088917178661632 8259.0262861642167991 15384
233000000 306.65534294912663427 12796.224512757196862 3359.5000552294195586 -3819.0500120030824291 -1008.4680811113116761 8187.0181483438118448 15401
234000000 310.72261520767915499 12965.945113332487381 3509.5283098330228313 -3833.7871772875669194 -950.12247353721284071 8293.4379606578040693 15390
235000000 313.79328688635871458 13094.07920624430335 3419.5109754791292289 -3839.9855395748872979 -1031.1131192512305006 8290.6096343052468001 15397
236000000 307.34973223705912915 12825.200238867770167 3323.7482812733501305 -3840.7343126512910203 -1060.9127219553638497 8225.3953158800050005 15412
237000000 313.32703795974185823 13074.623403236133527 3471.46065136665311 -3690.2089736428442848 -971.83317103671720361 8133.5027960462139163 15395
238000000 307.04746858115908026 12812.587272252721959 3611.4486617884708721 -3760.3271669664704859 -878.04437580356022863 8249.8202045585021551 15384
239000000 310.74662269990449204 12966.946906608120116 3410.6108666309901309 -3765.0955116416512283 -1025.5154515713788896 8201.2218298440202489 15425
240000000 308.87340604194923799 12888.780647753113954 3258.1409732163619992 -3887.6323480959995322 -1085.4621720534221367 8231.2354933657843503 15428
241000000 311.73732543430548958 13008.28730685316259 3281.960000893173401 -3873.2644684987672008 -1100.487830680173829 8255.7123000721148856 15420
242000000 309.99324299203527744 12935.509607024368961 3546.3254669303069022 -3784.4447842440040404 -982.01339200387610617 8312.7836431781870488 15399
243000000 314.20529280524073101 13111.27153750420257 3388.1769094927426522 -3786.0243646936187361 -1087.8756568261815119 8262.0769310125433549 15408
244000000 309.07018840903020873 12896.992053186664634 3390.5704727930160516 -3850.6115534998466501 -1024.3429421696114332 8265.5249684624759539 15419
245000000 310.36913557160920618 12951.194987864791983 3361.0790714308122915 -3882.1752231161035525 -974.72674070770688104 8217.9810352546228387 15431
246000000 306.29967820912645493 12781.383206486303607 3385.0494524587347769 -3811.7248308440948676 -1050.9699402010487574 8247.7442235038797662 15396
247000000 314.12932453801937527 13108.101506309374599 3482.3800537548831926 -3840.718107154070367 -917.0471301013910761 8240.1452910103434988 15383
248000000 310.6326162283644976 12962.189603533915943 3591.6094540911240074 -3768.1848487894590107 -997.94288620930331035 8357.7371890898866695 15401
249000000 307.20904900953405559 12819.32975851912488 3424.4999202156209321 -3758.0051724192389884 -1047.2212463516389107 8229.7263389864983765 15399
250000000 311.70238212632324348 13006.829179921935065 3498.4653170037900054 -3761.5027099516564704 -918.60800498568050898 8178.57603194112653 15389
251000000 309.23795413300672408 12903.992641693956102 3294.9498858796132481 -3873.3499462297040736 -968.74480912051876658 8137.0446412298369978 15398
252000000 307.43137283271067872 12828.606967024748883 3553.3237020611909429 -3788.9033028340363671 -906.20555610420217363 8248.4325609994302795 15396
253000000 309.54806082493956865 12916.93288533921077 3251.7964231169389677 -3912.4964462754705892 -1044.3404959376675833 8208.6333653300771402 15398
254000000 308.57013832738937253 12876.125783416957347 3334.8764578443729079 -3790.587430893587225 -1144.6680979774278057 8270.1319867153888481 15411
255000000 311.51495939153778636 12999.008336593247805 3377.3554802738717626 -3861.0272152094439662 -984.85335913107144279 8223.2360546143863758 15409
256000000 307.14259017581775879 12816.556540387944551 3462.4885322528280085 -3773.0791687854070915 -984.61203424834297948 8220.1797352865760331 15397
257000000 308.33690032963329486 12866.393144306581235 3583.0592826279344081 -3781.2427672896646982 -861.14488896319767264 8225.446938880795642 15383
258000000 311.42248561366682225 12995.14955750986519 3675.6460007675286761 -3778.5159364722167084 -872.27980323064423374 8326.4417404703890497 15377
259000000 311.21391389620782775 12986.446201820870556 3452.1244123068158842 -3815.9326155176190696 -951.78016034803795264 8219.8371881724742707 15401
260000000 309.14078554782634001 12899.937956001551356 3562.0253394318451683 -3818.2996386862664622 -912.13438011183188792 8292.4593582299439731 15389
261000000 311.40793568341234732 12994.542412783832333 3434.2073539597085983 -3882.7125584730329138 -967.98086131881984784 8284.9007737515603367 15401
262000000 308.69550117595281336 12881.356969478641986 3512.1806835314655473 -3822.8809245897291476 -1024.0478063449318142 8359.1094144661255996 15395
263000000 308.27459526717058225 12863.79325623717159 3450.1155909809758668 -3839.8825415917381179 -987.41554581079049058 8277.4136783835056121 15404
264000000 310.7852444182212821 12968.558527569612124 3494.4115176600116683 -3851.0360276944447833 -970.66893459472396444 8316.1164799491798476 15411
265000000 309.55086465932470219 12917.049884749505509 3424.5888961295941044 -3831.9679864744175575 -946.13644760604836392 8202.6933302100624132 15403
266000000 309.33857919049575003 12908.191560306804604 3345.7029829299690391 -3865.0404221584908555 -955.4921085997514183 8166.2355136882115403 15404
267000000 311.43104081831211261 12995.50655216823543 3487.6334064431230217 -3806.4203786925459099 -916.4608394947628085 8210.5146246304320812 15389
268000000 310.60244481297758057 12960.930599854262255 3489.615212638272169 -3787.1004498857682847 -1027.3550627498455015 8304.0707252738866373 15398
269000000 308.51361800674266078 12873.767283135915932 3548.2199353142013933 -3728.7435914656648492 -917.77691057212882697 8194.7404373519966612 15390
270000000 313.94321881093526372 13100.335619552026401 3214.0024426773898085 -3820.0152055002799898 -1124.2166491749762827 8158.2342973526456262 15416
271000000 310.89506591488083131 12973.141198505874854 3443.3949459017121626 -3849.9166354781655173 -1027.7004733541916721 8321.0120547340702615 15408
272000000 310.97901618553629532 12976.64430561264453 3483.2752467716859428 -3725.7515735129632048 -999.98674932179301322 8209.0135696064426156 15413
273000000 307.96195230503099083 12850.747178195950255 3464.374906232808371 -3814.0941065781430552 -1039.3114406497302298 8317.7804534606821107 15403
274000000 312.52520949186703092 13041.164416358644303 3624.9092326539957867 -3935.5976186630532538 -851.53861632619714328 8412.0454676432455017 15398
275000000 311.21564217268451102 12986.51831996367946 3378.1343467930646511 -3851.4987252312657802 -974.83797768621798241 8204.471049710547959 15411
276000000 311.25655677891728601 12988.225619377317344 3481.5861984385228425 -3778.1804933364519457 -988.66446158938367716 8248.4311533643576695 15386
277000000 309.40960278674248229 12911.155258491666245 3697.3348814361515906 -3737.4327745905038682 -882.35688572038020538 8317.1245417470363464 15377
278000000 310.42294896660877157 12953.440532578233615 3551.3602975345511368 -3820.728647793563141 -833.72699914040742897 8205.8159444685225026 15395
279000000 305.6125934092573857 12752.712284682453173 3416.6848049518284824 -3819.4873274328056141 -1027.3408921065793038 8263.5130244912143098 15403
280000000 311.12536172749440766 12982.751065055761501 3419.8418597266672805 -3803.361911764985507 -991.35482179222094601 8214.5585932838730514 15402
281000000 310.43894715813775065 12954.108110871942699 3409.2938019544376402 -3800.2461836436978047 -1029.7655982003507233 8239.305583798486623 15414
282000000 311.16228521171376542 12984.291821493658063 3543.4967476907722812 -3816.2622806056269837 -994.95436717839834273 8354.7133954747987445 15407
283000000 312.19104778454430971 13027.220396374043048 3423.8787092615357324 -3788.0572446774249329 -1020.0502012209514078 8231.9861551599115046 15403
284000000 308.68260682643301607 12880.818909421333956 3667.4819330011059719 -3818.3971217860330398 -887.39580707533934856 8373.2748618624791561 15378
285000000 309.21559145572285843 12903.059483848152013 3640.0469577769699754 -3687.3530999895638161 -933.58920850846197936 8260.9892662749953161 15410
286000000 310.12456001254997773 12940.989250916081801 3389.7738373949405286 -3836.7019028121712836 -999.6651187910634917 8226.1408589981765545 15384
287000000 306.85693228111148301 12804.636504952235555 3399.9244006595090468 -3845.5472802740750922 -1037.6132532141512002 8283.0849341477351118 15418
288000000 310.73266559060391501 12966.364499328203237 3389.7903935377435118 -3880.0178419851386025 -988.64675739071878979 8258.4549929136010178 15381
289000000 310.32249155089874648 12949.248609381871574 3384.5689303952258342 -3839.146553241982474 -1039.3993071800011876 8263.1147908172097232 15421
290000000 311.93838504019839775 13016.67719444719296 3481.6198263751507511 -3731.8049578449795263 -999.64196397899240765 8213.0667481991222303 15387
291000000 310.25615922853285156 12946.480670361850571 3359.4598435299458288 -3817.0800923326974043 -1048.1597669282646166 8224.6997027909092139 15423
292000000 311.02749994438431713 12978.667453350672076 3585.3314747342710689 -3812.7363467250556823 -887.07981143797417189 8285.1476328973021737 15391
293000000 309.8136591194634093 12928.015866559258939 3421.2756579028036867 -3842.3753186386711604 -1054.4252784287600662 8318.0762549702340038 15415
294000000 308.43674312396268533 12870.55942036077613 3570.0878976387084549 -3772.9668529342279726 -1015.7917167310365585 8358.8464673039725312 15413
295000000 309.93675215083368357 12933.152336872222804 3456.4319110395204007 -3835.9548653739975634 -1064.2053804786010005 8356.5921568921185099 15402
296000000 309.91941149224237506 12932.428739629795018 3438.9837300711124044 -3855.3115840474001743 -1009.1742817219593462 8303.4695958404699923 15411
297000000 310.96103544806533137 12975.893998928369911 3450.0326142589142364 -3798.7520625568149626 -1100.0830494101517161 8348.8677262258806877 15444
298000000 314.71500775212314238 13132.541106248998403 3391.4291548015653461 -3789.5624028961001386 -1085.5768626545905136 8266.5684203522559983 15422
299000000 310.1052002263836016 12940.181398791539323 3590.2800830833875807 -3849.3529717405240262 -986.7441151802645436 8426.3771700041761505 15399
300000000 312.26561744952948629 13030.332066191416743 3748.1904658912376362 -3677.367615323467362 -937.77637776872450104 8363.3344589834305225 15391
301000000 314.21027620803801028 13111.479486729604105 3689.1744175381772948 -3669.8681214726275357 -921.26738071749105075 8280.3099197282972455 15396
302000000 309.86367546260527206 12930.102966526261298 3608.679351313452571 -3782.2532314147424586 -874.28180998088441811 8265.2143927090801299 15375
303000000 309.43513228341134891 12912.220562516473365 3331.4852709406372924 -3814.3685808527511654 -1060.8883213709591473 8206.7421731643480598 15407
304000000 308.08309790240014081 12855.802385282053365 3245.6393508065748392 -3845.7266034359677178 -1095.5308553273889629 8186.8968095699319747 15436
305000000 305.15414393557409767 12733.581940053238213 3429.469342860841607 -3841.310994796914656 -937.18347552415229984 8207.9638131819101545 15397
306000000 310.33207306791416613 12949.648430372182702 3385.5821413776379813 -3833.8840248818378313 -947.05599353195054846 8166.5221597914269296 15409
307000000 312.34097803636552726 13033.476739880428795 3375.2979877812431369 -3884.4347154823053643 -1062.0002010189348312 8321.7329042824840144 15419
308000000 309.12233838793775931 12899.168186274773689 3579.7850830997040248 -3723.9924052115343329 -972.15975885622265196 8275.9372471674614644 15390
309000000 309.36106196404142565 12909.129729572641736 3402.8113573556529445 -3835.1594461551808308 -964.06319484255789121 8202.033998353392235 15398
310000000 310.33710169952843216 12949.858266921935865 3386.8017530380948301 -3920.3200808688252437 -980.94006686070895285 8288.0619007676286856 15399
311000000 310.71490881407123652 12965.623538166561048 3304.7586688394576413 -3860.7524166184912247 -1059.9211738316648734 8225.4322592896132846 15412
312000000 311.78758246521408637 13010.384450325916987 3307.67552820810306 -3864.4615222437569173 -1026.8321713264538175 8198.9692217783140222 15403
313000000 314.07715159674614824 13105.924415039407904 3489.0661553866571012 -3879.6116670873434487 -1017.4285079588299823 8386.1063304328290542 15399
314000000 308.59777950215931241 12877.27920430553786 3369.2508696577915543 -3832.9177694567147228 -1020.1692071439470055 8222.3378462584551016 15397
315000000 313.57788000770068493 13085.090630488890383 3524.7081715258204895 -3878.0127697051084397 -987.0071990377448401 8389.7281402686730871 15421
316000000 307.20723928159264915 12819.254241540282237 3474.6513688190143512 -3861.3794954816457903 -971.17372071291117663 8307.204585013572796 15405
317000000 315.50146358957704251 13165.358618471826048 3507.769168705818629 -3847.5239004244294847 -835.0191080505150012 8190.3121771807645928 15378
318000000 313.01882798307826761 13061.762306408241784 3286.6013095675739351 -3840.0074161304160043 -1079.3247127771010128 8205.9334384750909521 15404
319000000 310.65624641429059238 12963.175652436506425 3237.8149920961618591 -3788.3689324600145483 -1054.8466252504717886 8081.0305498066491054 15411
320000000 309.75700767684867287 12925.651894773545791 3463.7113651732702237 -3780.0871312431468141 -999.77265489180774694 8243.5711513082242163 15410
321000000 310.10505842277831334 12940.17548155966324 3508.9873073489934541 -3818.2779703778123803 -908.42932676600685227 8235.6946044928117772 15403
322000000 310.00405975133128322 12935.96097264911441 3350.0581016294954679 -3940.0201399050156397 -970.36039980769294289 8260.4386413422034821 15405
323000000 309.58117311072294342 12918.314606717158313 3511.6478467066881421 -3804.9033597303923671 -915.01764318714162982 8231.5688496242219117 15401
324000000 308.59689803295555066 12877.242422041372265 3371.3566434378344638 -3906.3162153184257477 -890.12335098264748012 8167.7962097389081464 15402
325000000 306.44295733492162981 12787.362009412203406 3389.9068782896470111 -3817.2558914409851241 -989.17172281240573284 8196.3344925430392323 15405
326000000 311.66441643158202623 13005.244933748301264 3420.3325738420353446 -3784.6340711965390256 -1043.9767978984705223 8248.9434429370448925 15403
327000000 307.6933501428329123 12839.538850504530274 3507.150970284232244 -3755.0552893548742759 -921.59976896574767125 8183.8060286048548733 15388
328000000 308.229467946354589 12861.910167153291695 3391.3707581648359337 -3814.9668350691063097 -1001.7084078294253686 8208.0460010633687489 15420
329000000 306.19641284879634213 12777.07411236628468 3268.6156469059842493 -3853.2489961033406871 -1124.0967957839968676 8245.9614387933215767 15427
330000000 313.49696273402014413 13081.714085371435431 3345.1862737924757312 -3821.0064203033471131 -1015.5839529674108235 8181.776647063233213 15415
331000000 311.08380840280267421 12981.017112968402216 3289.9464531608568905 -3793.8993429771380761 -1054.6895117956405556 8138.5353079336364317 15410
332000000 306.59291981758536849 12793.619697858785003 3421.9782557253556661 -3726.1044107065263233 -993.34676698787575333 8141.4294334197575154 15400
333000000 311.69606050000317055 13006.565388823761168 3358.4549358373405994 -3731.8811109437556297 -1161.4299787819652465 8251.766025563061703 15426
334000000 307.20560591451271648 12819.186083810938726 3555.9687853644536517 -3783.7376707188132059 -890.1868911774507751 8229.8933472607186559 15374
335000000 311.94084235159385798 13016.779734021465629 3437.4558936100916071 -3844.8276903230953394 -974.55587756969475777 8256.8394615028828412 15416
336000000 312.70673507616390907 13048.739181269418623 3581.4885414877744552 -3809.9948874330848412 -853.91056616700495852 8245.3939950878648233 15410
337000000 307.28645030102887858 12822.559587466566882 3446.9752319616873137 -3782.2500533634565727 -1033.671183259982854 8262.8964685851260583 15410
338000000 309.86627992482368654 12930.211646463030775 3353.0370224217531359 -3819.7534205593183287 -1007.4042621497771961 8180.1947051308488881 15396
339000000 308.45946830474434819 12871.507704882997132 3595.971349585887765 -3817.2350089822512018 -950.32121193553928151 8363.527570503678362 15396
340000000 312.83615235199118843 13054.13955193111542 3280.9777343639607352 -3812.3197664972963139 -1028.5337738077878385 8121.8312746690462518 15402
341000000 308.04929151642221541 12854.391700241387298 3116.5485533728242444 -3926.1891959331487669 -1182.0658401515815967 8224.8035894575550628 15421
342000000 310.45292718034005475 12954.691474269669925 3297.6393052740377243 -3844.938968061221658 -1162.158844436981326 8304.7371177722397988 15424
343000000 311.61414196174547442 13003.147062577685574 3480.5770016135770675 -3813.2362079298331992 -972.88619572972424976 8266.6994052731351985 15408
344000000 308.37786296825481713 12868.102448033021574 3467.0757119587492525 -3853.2446581713588785 -1052.0679710446838726 8372.3883411747920036 15430
345000000 307.22653738047426941 12820.059519555607039 3389.3262903999857372 -3806.3550189345342005 -1007.4423148297619264 8203.1236241642800451 15392
346000000 309.65251639966970743 12921.29164515406228 3431.1257846922799217 -3831.2217793199242806 -1030.1626123850387557 8292.5101763972434128 15408
347000000 306.81804499950970921 12803.013802470415612 3714.7810321044757984 -3778.8175933541278937 -909.70635584920773908 8403.3049813078105217 15399
348000000 308.14534149727256818 12858.399708409733648 3528.3030431410434176 -3849.1944390713474604 -940.81350575340513842 8318.3109879657968122 15396
349000000 310.89266799327543822 12973.041137170137517 3343.4606864832012434 -3828.8484966995879404 -936.58952318966794337 8108.8987063724580366 15389
350000000 308.32277350043796105 12865.803654893814382 3388.7315843586466144 -3854.5844222510518193 -964.95072743275397897 8208.266734042452299 15393
351000000 313.08256091374499874 13064.421777075944192 3466.0031202612249217 -3877.2180188669540257 -1010.2305171787053268 8353.4516563068827963 15400
352000000 311.12748866199638087 12982.839818544123773 3413.0892412505290849 -3875.7138225031003458 -993.51594404150387163 8282.319007795133075 15413
353000000 309.99204382477955733 12935.459567741552746 3100.7937054318435912 -3971.1608630370965329 -1078.362831485519564 8150.3173999544596882 15424
354000000 309.92537577294831408 12932.67761928157779 3531.6879286975940886 -3896.4957878862337566 -885.90373123170979852 8314.0874478155383258 15389
355000000 312.2903482487328688 13031.364041880940931 3626.6993778493197169 -3847.571135203468657 -750.7884177878876244 8225.058930840674293 15380
356000000 308.8725881389850656 12888.746518003870733 3430.8303621172694875 -3810.1374017790476501 -961.81109288009588454 8202.7788567764127947 15410
357000000 309.50046435036961157 12914.94676251886267 3468.702713404547012 -3816.5013462586912283 -914.76601741628360287 8199.9700770795207063 15383
358000000 310.45634360467090573 12954.834036053684031 3486.9746126385489333 -3822.8655978253982539 -912.05810516983012803 8221.8983156337781111 15413
359000000 311.6427286557979528 13004.339938435170552 3352.7966800203935236 -3859.1332763033778974 -1050.4232037753517943 8262.3531600991227606 15418
360000000 308.62542574884719215 12878.432836836936985 3605.1832048985124857 -3865.2171394218603382 -908.8171990936725706 8379.217543414044485 15387
361000000 312.64043159137662542 13045.972445594257806 3254.3100507322383237 -3885.1159488950183913 -1055.003698207619891 8194.4296978348756966 15397
362000000 314.03362104195360871 13104.107956382815246 3384.283878694730447 -3747.681915187418781 -1073.9570800339054131 8205.9228739160535042 15425
363000000 309.66860012806978375 12921.962792761112723 3551.6706110456580063 -3786.2521134910743967 -991.12247341879071882 8329.0451979555236903 15394
364000000 310.16489799293873375 12942.67248867897797 3350.0211242207155919 -3820.3428956614779963 -1102.063415223050697 8272.4274351052445127 15429
365000000 307.1061569929943289 12815.036243423151973 3428.5234125852557554 -3748.9784747367561977 -1085.74798035744152 8263.2498676794530184 15410
366000000 311.52800409657072578 12999.552670739520181 3352.6712215409729652 -3764.120490332657937 -1047.0054929963503128 8163.7972048699812149 15393
367000000 310.09583796273591361 12939.790726884662945 3463.5737635850427978 -3824.7387275374876481 -962.93225701513972581 8251.2447481376711949 15406
368000000 310.80349239637587289 12969.319985769310733 3097.060263181630944 -3900.8854565313909006 -1014.5777524500002755 8012.5234721630222339 15409
369000000 310.35830173709086921 12950.742909719021554 3408.3800229765320182 -3852.5982519204453638 -985.97013108641340295 8246.9484059833903302 15408
370000000 308.85525383122359244 12888.023185771156932 3487.8523109279726668 -3826.8404303720913049 -992.10419491616914911 8306.7969362162330071 15400
371000000 309.81758579703432588 12928.17972037410982 3501.0918148497339644 -3757.6656591206815392 -951.24557974271328931 8210.0030537131278834 15390
372000000 310.50974427502910657 12957.062358444756683 3419.2006921984002474 -3877.885265230978348 -974.07799000322916072 8271.1639474326075288 15422
373000000 312.07363866516834605 13022.321106386360043 3205.2585055794706932 -3884.7024214581761044 -1040.2874723805518897 8130.2483994181984599 15406
374000000 306.75690566524031055 12800.462558326589715 3484.6885002111093854 -3789.0117192821235221 -959.62970976801250345 8233.3299292612464342 15389
375000000 310.68194546913412069 12964.248031845849255 3586.3023273607313968 -3753.0427062387971091 -866.83736214889961502 8206.182395748428462 15380
376000000 311.6169865777776522 13003.265763739223985 3591.7774693023020518 -3851.8327001653615298 -879.93690764644429692 8323.5470771141081059 15398
377000000 310.47680842516075472 12955.68799944816783 3227.826285297332106 -4012.6900166499399347 -1006.8541312103384371 8247.370433157611842 15423
378000000 306.8790449874242654 12805.559231919396552 3253.9288472275866297 -3792.3708182674286036 -1100.720754077226502 8147.0204195722417353 15419
379000000 310.32609946353920805 12949.399161658982848 3393.1798441429891682 -3751.7462456466646472 -1039.4628049229563658 8184.3888947126097264 15410
380000000 308.77102864774082036 12884.508607002990175 3485.2502000205740842 -3770.376682348288341 -1000.4111001414721613 8256.0379825103336771 15403
381000000 313.3266794013329104 13074.608441181802846 3459.9979629775252761 -3809.8486439985872494 -952.6245081976480833 8222.4711151737610635 15386
382000000 312.50089575143192633 13040.149843847497323 3486.5618810920291253 -3800.0948788404293737 -1014.0492260457609746 8300.7059859782202693 15417
383000000 312.05877296475489402 13021.700785089491546 3434.5674918012109629 -3808.71137104323725 -1012.3994843732249365 8255.6783472176721261 15418
384000000 310.36864217684598088 12951.174399310542867 3511.0805267127861953 -3846.9030089381935795 -923.09935210435469344 8281.0828877553358325 15385
385000000 309.99992041408523846 12935.788244894805757 3391.0978874028432983 -3787.7549188121565749 -1046.921798405888012 8225.7746046208885673 15415
386000000 312.20910948370101323 13027.974081456677595 3413.113151105610541 -3725.875307287196847 -1047.3864374591234991 8186.3748958519308871 15417
387000000 312.37430060204860638 13034.867235893709221 3471.2968877337452795 -3785.638538085701839 -960.48521375812185852 8217.4206395775690908 15409
388000000 313.21983340699438259 13070.149933077245805 3417.774022069838793 -3848.5060637396304628 -988.07680067989053896 8254.3568864893604768 15417
389000000 309.34826856165506115 12908.595881873647158 3317.2314292461901459 -3924.9938590384590498 -1020.7548617955594636 8262.9801500802095688 15426
390000000 312.67558771706859488 13047.439453059467269 3557.793306163822308 -3741.2538176234875209 -1020.3233554674858397 8319.3704792547960096 15390
391000000 310.03167469019291502 12937.113298756272343 3590.6202040958596626 -3619.7890196740017927 -976.72706670614627456 8187.136290476008071 15379
392000000 309.72604977161006445 12924.360072162309734 3338.8193072820226917 -3870.3680112329720941 -993.16212230229268698 8202.3494408172882686 15401
393000000 308.67192267239414605 12880.373077196480153 3444.3408152747192617 -3816.2836959847118123 -1025.7908508119703583 8286.4153620714023418 15399
394000000 312.01464690128739221 13019.859476832592918 3584.4956422222589936 -3814.0529032481799732 -940.9196494636458965 8339.4681949340847495 15407
395000000 308.83523954351630891 12887.188022370766703 3411.2668603639112916 -3779.3815828381102619 -1028.6827018825485993 8219.3311450845703803 15402
396000000 310.51420335317754962 12957.248428462511583 3453.8851952997456465 -3840.2752963085886222 -937.74615415405412477 8231.9066457623885071 15414
397000000 310.85991649963369809 12971.674471056519906 3333.7157731571014665 -3899.5253533737259204 -1047.485659762059413 8280.726786292885663 15421
398000000 308.60482192584197492 12877.573073095465588 3362.1957046159977835 -3842.6545487124103602 -1042.8719625697754054 8247.7222158981840039 15420
399000000 308.30777887677044191 12865.177953841000999 3376.8144002944527529 -3759.1656174986655969 -980.69625452300147117 8116.6762723161191388 15415
400000000 307.2747436465332953 12822.071087974667535 3366.5120752394332158 -3863.8918604587561276 -1050.2952884437540888 8280.6992241419429774 15428
