# Steps Temp KinEng PotEng Epair Ebond Eangle Bonds
1000000 309.81948779306776487 12928.259087549102333 4040.579947294777412 -3663.9733706970046114 -825.24499634386756952 8529.7983143356505025 15388
2000000 313.3437678153267143 13075.321512670885568 3974.9399960210594145 -3706.2176573614910922 -829.80035914009795306 8510.9580125226475502 15385
3000000 306.96051502767278407 12808.958843079135477 3755.1419696108168864 -3699.2824014286443344 -951.94179788394819752 8406.3661689234086225 15395
4000000 311.74572597182583422 13008.637847506081016 3671.3346139348841461 -3734.7500588222346778 -980.9024940284970171 8386.9871667856168642 15413
5000000 311.47930744962042127 12997.520639530144763 3602.5194873771392849 -3724.5400945037977181 -1031.1162885998137426 8358.1758704807507456 15407
6000000 311.86059949703883376 13013.431331307996516 3720.6689965100222253 -3682.1642444491085371 -1009.8227850909215704 8412.656026050051878 15414
7000000 311.28813269984851786 12989.54323076979199 3699.3075582745423162 -3626.8382656315689019 -928.30545814428592166 8254.4512820503987314 15392
8000000 310.4704879827664854 12955.424257753276834 3599.7553059526053403 -3756.1874915178650554 -1000.6237537117705187 8356.5665511822408007 15415
9000000 312.58695776996893301 13043.741070729865896 3602.9612208225476024 -3761.8281044415275574 -962.97316986640805681 8327.7624951304824208 15394
10000000 307.63002215391543359 12836.896277391873809 3799.4810774862030485 -3677.8421167536862413 -912.68551429292415378 8390.0087085328141256 15390
11000000 307.64551915362596901 12837.54294177301017 3633.0660650504041769 -3675.4099326463137913 -1016.3880994869946335 8324.8640971837121469 15427
12000000 309.66967480924142819 12922.007637443810381 3773.5528127804509495 -3718.0159149129831349 -937.79999890373846938 8429.3687265971730085 15375
13000000 308.03184268419073533 12853.663589090372625 3662.8296955398391219 -3747.0466089920837476 -886.68638644616817146 8296.5626909780912683 15377
14000000 310.04568942406956467 12937.698110615239784 3591.8477598449971993 -3654.8077198807472996 -1020.8147973178067787 8267.4702770435505954 15401
15000000 311.03803866143965706 12979.107216728736603 3470.8203878542663006 -3787.9213995123341192 -1056.2301279493312904 8314.9719153159312555 15400
16000000 307.94365159405890608 12849.98351954226564 3450.6716357563132078 -3842.0321184288100085 -1019.1467828266063407 8311.8505370117291022 15408
17000000 308.68762485825220665 12881.028303659024459 3645.1087902408557966 -3721.6826103877774585 -813.40635965289436626 8180.1977602815277351 15394
18000000 305.15140422389868036 12733.467616378451567 3441.277781219528606 -3731.0179437389347186 -1143.006870503418213 8315.3025954618824471 15427
19000000 309.72914439346408244 12924.489205656758713 3620.3023291641729884 -3680.9696253798319958 -1025.4162304158635379 8326.6881849598667031 15402
20000000 310.12857489644233056 12941.156785436058271 3603.222580219208794 -3842.6292444983705536 -972.39091614923700035 8418.2427408668154385 15395
21000000 311.58686610089188207 13002.008885639677828 3491.5442551642950093 -3786.8010970067471135 -992.5352333984822053 8270.8805855695245555 15417
22000000 304.91691568884539265 12723.682794397682301 3524.1882493655125472 -3767.1108789914560475 -1037.5134597379201296 8328.8125880948900885 15414
23000000 309.19626784297753375 12902.253141181139654 3522.8670845334754631 -3784.7989020459863241 -948.94478058981178492 8256.6107671692734584 15405
24000000 311.31138791290874224 12990.513632669686558 3321.4776426615435412 -3892.226323371343824 -1010.0308078808328673 8223.7347739137221652 15404
25000000 311.85197373212366756 13013.071392285290131 3342.4735331721435614 -3834.4036873663103506 -993.22565412914218541 8170.1028746675965522 15396
26000000 307.07612408789168512 12813.783019550488461 3514.0671742588147026 -3827.4939376546026324 -966.34127933206877969 8307.9023912454849778 15404
27000000 310.1561484442611345 12942.307384362884477 3285.7576291617529023 -3827.0582206181784386 -1089.0008994235295177 8201.8167492034608586 15409
28000000 308.08916197644066415 12856.05542914601574 3428.1194444284092242 -3771.7067450457097948 -982.09780746992942113 8181.923996944047758 15410
29000000 308.66627691091235874 12880.137488829514041 3429.8668264232965157 -3740.1816820891081079 -1091.4361151588241228 8261.4846236712292011 15420
30000000 305.37232655559864725 12742.686342943356067 3322.17821694588838 -3807.4755506463825441 -1002.0590587698867466 8131.7128263621571023 15403
31000000 304.49396809912053641 12706.033885159056808 3241.8564618208051797 -3877.783008801631695 -1058.5507190669445663 8178.190189689381441 15414
32000000 307.08891165973557236 12814.316623950508074 3412.3968216587536517 -3857.2818263580884377 -954.50350944664387498 8224.1821574634868739 15406
33000000 308.26983449501358336 12863.594597023249662 3647.912325708642129 -3809.901284798452707 -921.81081258864753636 8379.624423095741804 15388
34000000 309.99499238125036982 12935.582606167123231 3473.2576760741499129 -3859.2681617142484356 -970.8247088086579879 8303.3505465970574733 15399
35000000 309.57547989663527233 12918.077038230778271 3408.4462480384681839 -3709.9391584553977737 -1047.9495177388189404 8166.334924232684898 15399
36000000 308.52712994907079747 12874.331114328197145 3544.7947954120118084 -3790.91694824896922 -940.13102008943189958 8275.8427637504137238 15385
37000000 313.97036831830490655 13101.468523966383145 3309.3706563713494688 -3877.9858025755024755 -969.26264934454900413 8156.6191082914001527 15407
38000000 306.33129551377271582 12782.702544753334223 3548.3898374646269076 -3771.1255147018791831 -914.36301635974496094 8233.8783685262496874 15395
39000000 309.28143323180245261 12905.806953176193929 3320.0321158512242619 -3892.8661887806229061 -1022.9318944137102108 8235.8301990455547639 15396
40000000 308.92217136977728842 12890.815544902874535 3417.4719055374516756 -3886.231617630116034 -1053.809081559524202 8357.5126047270932759 15423
41000000 312.20705317656671696 13027.888275132532726 3457.0169992925921179 -3822.8238716192099673 -967.27763958090986307 8247.1185104927135399 15407
42000000 307.87059390376657575 12846.934941949017229 3697.8387364528039143 -3659.432211678134081 -1010.8339675225738574 8368.1049156535118527 15403
43000000 308.06002962483859164 12854.839783893923595 3496.1716139971126722 -3728.0395693493355793 -1000.5692643693652144 8224.7804477158133523 15399
44000000 313.7832593037442166 13093.660771668139205 3565.5973559731678506 -3766.2264851115282909 -977.76746865680024712 8309.5913097414959338 15392
45000000 307.83033879754998452 12845.255162389403267 3509.5337386004111977 -3771.5340781345526011 -1062.2837011533472378 8343.3515178883117187 15418
46000000 314.84590983538561204 13138.003435489719777 3490.6495715438941261 -3823.4011082310789789 -1035.1474471722335693 8349.19812694720531 15404
47000000 306.39827248683366179 12785.497383989561058 3527.6617365342508492 -3819.6474597068618095 -993.66706863505544334 8340.9762648761679884 15405
48000000 308.91381405030983842 12890.466807668421097 3722.5447844648651881 -3699.6385152347220355 -866.11681562676255908 8288.3001153263485321 15392
49000000 303.16569380610542339 12650.607177427553324 3401.9933785018229173 -3795.4598591177255003 -1098.2046434242515716 8295.6578810438004439 15412
50000000 309.00359001891149546 12894.213011595700664 3387.2490386167496581 -3771.4641185818909435 -1020.7066523749352882 8179.4198095735755487 15381
51000000 308.05130096683620877 12854.475551311443269 3675.3408890159616931 -3736.6694923040072354 -867.40790288151845289 8279.4182842014888593 15386
52000000 314.62160748401396404 13128.643666247520741 3455.2746809031982593 -3831.9807394754316192 -1039.4176351682585846 8326.6730555468875536 15412
53000000 306.84881071068423353 12804.297605138575818 3447.0654397807879832 -3835.2789437957526388 -1017.77718890153335 8300.1215724780740857 15414
54000000 308.260774809202303 12863.216551193227133 3542.4267707427202367 -3785.6990650775292124 -1028.8439610451500812 8356.9697968653999851 15410
55000000 308.55814346477376375 12875.625257472902376 3558.7067283685673829 -3723.8081304107381584 -998.26534076859297784 8280.7801995478985191 15397
56000000 311.57740351267369761 13001.614027353019992 3594.8153919917076564 -3750.9685047390594264 -867.2288844500428695 8213.0127811808088154 15397
57000000 311.6821464172773517 13005.984776972238251 3376.5852970349328643 -3883.3502010643305766 -1046.5622141069188729 8306.4977122061827686 15404
58000000 311.04282984243269539 12979.307144853512 3396.2494771532110462 -3816.8776620046214703 -972.14842717444435038 8185.2755663322768669 15397
59000000 309.40606654358975902 12911.00769686473177 3507.4923217810378446 -3864.0689598240196574 -954.7745344482816563 8326.3358160533389309 15419
60000000 307.27286238125907403 12821.99258586025644 3393.9554209862999414 -3811.4133113251741634 -1061.7822158365502219 8267.1509481480243267 15400
61000000 313.70127589119675804 13090.239738324353311 3343.8109407395568269 -3833.1138150049373507 -1059.7857988795340134 8236.7105546240291005 15425
62000000 311.04354959360995281 12979.337178889667484 3358.4931507739092922 -3859.9198007635386602 -1026.4192568193032002 8244.8322083567509253 15435
63000000 310.30313648623814515 12948.44095427801949 3529.5896017341747211 -3758.3032955979924736 -984.44451750995312977 8272.3374148421207792 15406
64000000 312.60455094703138457 13044.475205153936258 3622.5748945485306649 -3723.4976632328598498 -953.35608268370015139 8299.4286404650902114 15408
65000000 307.97457747131784345 12851.274005678438698 3406.8773113717684282 -3847.0656646959337195 -922.34888345914305319 8176.2918595268456556 15399
66000000 309.49674935091081807 12914.791741684455701 3415.5757927526742606 -3911.6548827153492311 -997.40781432431037956 8324.6384897923344397 15409
67000000 312.17880690027487844 13026.709604349876827 3268.3303863742785325 -3824.5651720799551185 -1084.3487747358708475 8177.2443331901049532 15410
68000000 309.17332656362003718 12901.29583921977428 3434.431160814915529 -3767.7181593358554892 -1075.7468096152506405 8277.8961297660207492 15414
69000000 312.10537701219533346 13023.645495553413639 3437.0618775423795341 -3771.3992373791488717 -1009.1104344253733416 8217.57154934690152 15402
70000000 311.60540120540105136 13002.782325151234545 3278.3947903619346107 -3844.8672981268528019 -1130.5813033171998541 8253.8433918059872667 15427
71000000 308.13369155557944623 12857.913575450065764 3456.6560711743886714 -3805.4028962022962332 -1038.3980503717548345 8300.4570177484383748 15419
72000000 313.00095290434109074 13061.016408689634773 3331.8680733966789376 -3855.4091586397735227 -1063.7125372548346149 8250.9897692912873026 15406
73000000 307.79957265519317389 12843.971341728713014 3748.4407506647221453 -3710.2171143444825248 -811.22608417464016384 8269.8839491838443791 15374
74000000 311.28116326697619343 12989.252407766665783 3532.4572895517453617 -3814.021123075097421 -983.83553072781501214 8330.3139433546584769 15413
75000000 312.74661480798386037 13050.403297071115958 3468.7787427523453516 -3797.904297785478775 -972.49159037725848975 8239.1746309150839807 15395
76000000 309.15065688255867826 12900.349870609856225 3611.9867602965096012 -3845.1839896356777899 -973.32521549732189214 8430.4959654295089422 15383
77000000 312.71988957302335166 13049.28809684854059 3460.5733178980954108 -3781.0285299217175634 -1056.617610941626026 8298.219458761439455 15419
78000000 307.88790388524006403 12847.657259085632177 3423.0648830540649215 -3784.3145210294173921 -991.54229460393855788 8198.9216986874198483 15424
79000000 306.36369872105461809 12784.054677448380971 3399.9735360223003227 -3780.6152230792399678 -991.57756781501734622 8172.1663269165564998 15422
80000000 305.89387589151937163 12764.449741333019119 3521.3115191986389618 -3815.7010209464715444 -996.78956752413296272 8333.8021076692421047 15420
81000000 307.00932981366548802 12810.995804036989284 3349.4021465653240739 -3884.2519704509086296 -940.76462217778907871 8174.4187391940222369 15397
82000000 312.20561559746801095 13027.828287314532645 3594.7093402270002116 -3765.159487851929498 -987.36990970777787879 8347.2387377867071336 15407
83000000 310.28596148336492888 12947.724269577014638 3322.1160318083798302 -3839.4349500692555921 -1082.2981158374568622 8243.8490977150941035 15431
84000000 307.53929224793631647 12833.110267222396942 3539.4538453983996078 -3848.1422982460148887 -891.91021531460796723 8279.5063589590226911 15407
85000000 310.95113720767608356 12975.480961591129017 3493.5665330362344321 -3816.3722218442271696 -960.58074706340175908 8270.5195019438633608 15404
86000000 312.08586903941534274 13022.831459844526762 3362.0641050279627962 -3801.423592804967484 -1059.9966623759655704 8223.484360208894941 15410
87000000 311.12675493635794055 12982.809201376621786 3363.9609084571047788 -3784.2541359345159435 -1005.3537064155777898 8153.5687508071987395 15406
88000000 311.56167068291608757 13000.957522170805532 3475.5991067538170682 -3779.6997443213113002 -979.50407809485932376 8234.8029291699858732 15386
89000000 312.03630562401144743 13020.763259809178635 3338.5395172067319436 -3843.6675406124677465 -1132.7331153512925539 8314.9401731704929261 15426
90000000 311.57981783266774301 13001.714772966619421 3347.5667614376734491 -3879.8113553031180345 -1015.268038163351207 8242.646154904143259 15410
91000000 309.25910111393261559 12904.875070524616604 3432.7226765434843401 -3867.5905610484251156 -1036.4269845594812978 8336.7402221513912082 15435
92000000 311.17610533386198313 12984.868512524382822 3585.2655711321590388 -3790.3064252334479534 -944.59701124196749333 8320.1690076075756224 15405
93000000 308.3085009280711688 12865.208083857536622 3378.4303233192003972 -3882.7470045414293054 -1061.6704520517891979 8322.8477799124193552 15412
94000000 310.53626516642549404 12958.169031745546818 3373.1839394215289758 -3783.2564832387479328 -1127.0522763503681745 8283.492699010643264 15410
95000000 311.13120166456945981 12982.994756051764853 3584.2346514854457382 -3776.0121750663347484 -888.62444238564557963 8248.8712689374260663 15380
96000000 309.08308883972279091 12897.530367001339982 3314.2669245189708818 -3872.5162883601360591 -1141.285191855415178 8328.0684047345221188 15407
97000000 308.28006810986494202 12864.021628986742144 3537.0463239558566784 -3720.6724179821985672 -973.96976109296360846 8231.6885030310186266 15416
98000000 310.00023949239863441 12935.801559509500294 3443.2935173406945069 -3809.9873026200157256 -972.84511807649096227 8226.1259380372011947 15393
99000000 309.3755632573619323 12909.73484475919031 3462.5744004513799155 -3861.4354357116717438 -940.77833675221563681 8264.7881729152668413 15411
100000000 309.30149692857395394 12906.644178335798642 3476.411654768081462 -3846.0192182457521994 -1070.902656560870355 8393.333529574705608 15416
101000000 311.95909370277672679 13017.541332972101372 3646.0943946161278291 -3729.0689805254023668 -967.88167332185275882 8343.0450484633838641 15418
102000000 311.08794669000468502 12981.18979690609558 3610.8574488862641374 -3760.1989286730245112 -950.08469634132006831 8321.1410739006096264 15400
103000000 306.60805675741210052 12794.251337531508398 3480.1418955772742265 -3802.8745076090849579 -966.65046383364006033 8249.6668670199978806 15412
104000000 309.60715790637425471 12919.398909621762868 3408.763794053161746 -3780.5469376784612905 -1008.8755799602621437 8198.1863116918848391 15395
105000000 310.04975989154695526 12937.867964547056545 3411.7150363932742039 -3819.2277477794414153 -1028.2817149290776797 8259.2244991017923894 15396
106000000 310.6945304881093648 12964.773184046869574 3407.749696907570069 -3757.4236614932374323 -1117.7958031427106107 8282.9691615435185668 15422
107000000 306.71126868685149702 12798.558202068090395 3228.2463632581252568 -3901.2396216225110948 -1089.3767327697778455 8218.8627176504160161 15420
108000000 309.20978666032522142 12902.817259256711623 3483.6740762578301656 -3893.5545678435473747 -1046.5342645102339247 8423.7629086116103281 15404
109000000 308.43329720001884198 12870.415627606293128 3635.6387730794667732 -3756.8207115941595475 -895.04650481016312824 8287.5059894837886532 15403
110000000 309.6798445712269654 12922.432004931937627 3554.6669464854799116 -3776.5282685052629859 -913.67050876779364899 8244.8657237585357507 15408
111000000 308.09582269359918882 12856.333369948730251 3505.028965981683541 -3719.5726080315575928 -1066.3620059570334888 8290.9635799702755321 15420
112000000 307.77333313492306388 12842.876409583543136 3498.76462730226649 -3749.1007874763249674 -1034.2839905290886691 8282.1494053076803539 15405
113000000 308.8017984563130085 12885.792580648834701 3666.9467547809754251 -3800.3491444291266816 -922.73404728428351973 8390.0299464943855128 15393
114000000 311.95334002109950688 13017.301241272381958 3601.8387993857168112 -3722.5111939058888311 -963.61998511608385343 8287.9699784076874494 15427
115000000 310.71028790811845965 12965.430715339945891 3467.7143443220593326 -3801.272325192648168 -1005.8919460899729756 8274.8786156046808173 15388
116000000 311.96524812671702875 13017.798146989198358 3340.9739916959269976 -3891.5344024604519291 -961.71147757622088648 8194.2198717325991311 15411
117000000 313.63709157676794348 13087.561432152579073 3467.7336190946271017 -3760.3540539496461861 -1050.0600954290664504 8278.1477684733399656 15403
118000000 310.00861382043780168 12936.151006483756646 3410.9952343883560388 -3897.8190691180116119 -1064.1246927670281366 8372.9389962733966968 15436
119000000 312.04581870390302356 13021.16022503055683 3560.8829120510881694 -3697.5419647842909399 -998.82426332331351659 8257.2491401586921711 15410
120000000 307.90413919662444187 12848.334732002003875 3487.5481954739570938 -3863.6550034571737342 -954.15030725338169759 8305.3535061845141172 15399
121000000 313.39364619789478184 13077.4028557694146 3367.1827403419097209 -3785.2095132758095133 -1025.4600721377057653 8177.8523257554243173 15404
122000000 306.28636608002494768 12780.827713172255244 3415.2130025256774388 -3792.8876504358340753 -1040.879363127501847 8248.9800160890117695 15408
123000000 312.97501402543076665 13059.934021815322922 3423.432248672113019 -3761.9842322334116034 -1014.8397698711485191 8200.2562507766742783 15418
124000000 310.05235044757966989 12937.976064201504414 3534.4545524200038926 -3798.6123331478593173 -974.61627931096063548 8307.6831648788229359 15389
125000000 311.5720557318808801 13001.390873231483056 3602.3774188831812353 -3809.4537643982089321 -914.37956368035054311 8326.2107469617403694 15394
126000000 312.13438907310393233 13024.856121272157907 3541.9395962547273484 -3764.9514739250535058 -875.43753510175713473 8182.32860528153833 15392
127000000 305.97211036214361002 12767.714337479028472 3580.7353909820067202 -3803.2516968957725112 -973.13573885636753857 8357.1228267341466562 15411
128000000 311.63405620518562955 13003.978051294890975 3508.1136364242670425 -3675.1400068252164601 -950.16843088995790367 8133.4220741394419747 15402
129000000 309.35216142902305592 12908.758324844182425 3369.5645552818559736 -3797.5800757084671204 -1138.9713177949679448 8306.1159487852910388 15427
130000000 311.97410390000754887 13018.167683884168582 3524.3756523539987029 -3766.45120087999112 -1006.3378400664244054 8297.164693300414001 15394
131000000 310.74517487098728452 12966.886491082004795 3457.5745518776316203 -3886.6595451509583654 -969.27824034117145402 8313.5123373697606439 15392
132000000 310.6447364361564496 12962.695359926599849 3333.3161429350129765 -3787.9837085149811173 -1003.4911496313958423 8124.7910010813902772 15430
133000000 308.19866903639098155 12860.624979154112225 3278.5141032907004046 -3857.5280429837948759 -1007.4819604302695097 8143.5241067047654724 15397
134000000 306.18980520735959772 12776.798386326387117 3524.5980688467070649 -3829.4833525000935879 -925.07932927509250476 8279.160750621893385 15391
135000000 308.18827512202119578 12860.191258154623938 3688.3883017374528208 -3848.1463576034534526 -892.5554342256388054 8429.0900935665449651 15395
136000000 311.80096372826994866 13010.942828486493454 3564.9391770032025306 -3759.4172378310713611 -937.0792335721823747 8261.4356484064555843 15397
137000000 307.79346829771088778 12843.716616902795067 3543.2518299459925402 -3887.3021925246398496 -879.48808596542994565 8310.0421084360623354 15390
138000000 311.32841078479225416 12991.223969194001256 3536.1807154406678819 -3842.2540292370731549 -959.88817902234086432 8338.3229237000814464 15401
139000000 309.7062584103614995 12923.534211117417726 3657.6671132710348502 -3695.4473296291785118 -1028.1759095185591377 8381.2903524187713629 15393
140000000 306.40910157514838374 12785.949264084036258 3277.5825295667059436 -3848.2304445580030006 -1055.6626496612855135 8181.475623785994685 15423
141000000 310.95417156428470662 12975.607580315729138 3387.7185983765466517 -3885.1641688403456101 -997.17444601352895006 8270.0572132304205297 15415
142000000 309.56367518467936861 12917.584446961884169 3398.9955598082051438 -3827.3816585683935045 -970.73275529809188811 8197.1099736746909912 15393
143000000 310.14112025176200405 12941.680282537785388 3186.880025080301948 -3855.7184256587970594 -1149.0054444302750198 8191.6038951693735726 15437
144000000 309.32853908250973518 12907.772603067429372 3517.8690767914094977 -3745.0736133800965035 -997.10412142964594295 8260.0468116011506936 15383
145000000 308.47663334131402735 12872.223973706501056 3373.9307544561424947 -3844.086397665190816 -1071.1263336358847482 8289.1434857572166948 15420
146000000 306.66968558300777659 12796.823007345559745 3433.4808475968748098 -3773.7740189393693981 -1004.6736902218616478 8211.9285567581064242 15399
147000000 306.67653538165649252 12797.108838208747329 3438.8483292027358402 -3838.5362005980487083 -915.82653456404079861 8193.2110643648247787 15384
148000000 313.05238596732129963 13063.162626051916959 3544.1065117953667141 -3770.9677384786518815 -1015.8029237945005434 8330.8771740685187979 15400
149000000 310.71718760942769677 12965.718628559312492 3411.9874807782152857 -3820.0541811896032414 -1039.5991969327560582 8271.64085890057504 15403
150000000 313.59703389569392584 13085.889890820364599 3294.0072115111524909 -3873.1176174853517296 -1042.4644630347115708 8209.589292031214427 15420
151000000 311.01616943323278974 12978.194649703604227 3458.0787386505908216 -3809.0960558665465214 -977.01181779738146815 8244.1866123145191523 15409
152000000 309.56954836357249405 12917.829525084434863 3395.6834338364042196 -3876.2527429002916506 -971.14856313642496843 8243.0847398731202702 15418
153000000 310.33836516187744792 12949.910989133542898 3241.4816998820988374 -3845.236316129343777 -1090.6091735386735309 8177.3271895501166 15421
154000000 308.93341608423560274 12891.28476839465111 3312.4116025238417933 -3883.3525674160973722 -1086.0748911371190388 8281.8390610770584317 15406
155000000 307.24294157056380072 12820.744039503366366 3308.8514355783172505 -3842.6628940252367101 -1033.1032427791740247 8184.6175723827273032 15405
156000000 312.34105599912595608 13033.479993138553255 3518.0375618127459347 -3870.5645210987445353 -832.69030735914543584 8221.2923902706370427 15399
157000000 308.64750669206682687 12879.354238382315089 3350.3748296952967394 -3938.0125317655410981 -946.90747813903385577 8235.2948395998719207 15412
158000000 311.05600212903857482 12979.856802769574642 3422.0002692754142117 -3894.0570980830848384 -962.24239813750023131 8278.2997654959981446 15407
159000000 312.23365039458940373 13028.998133418255748 3272.001249543760423 -3777.1122976599976937 -1137.8416179904725141 8186.9551651942310855 15426
160000000 310.79613527785943461 12969.012985280103749 3372.7288711187857189 -3863.559181786332374 -994.47281465277899315 8230.7608675578958355 15417
161000000 311.51297621378449776 12998.925581838233484 3373.3558906974280944 -3833.3136926101046811 -1024.4619991712652336 8231.1315824787998281 15413
162000000 306.94166071259962791 12808.172083434283195 3629.7925672742885581 -3716.201710784079296 -996.76843184724316416 8342.7627099056098814 15418
163000000 309.57849154932824831 12918.202709558214337 3405.6088497599298535 -3791.0098007700776179 -905.61528008330105877 8102.2339306133089849 15388
164000000 309.18696715031865097 12901.865038530644597 3223.1736653282041516 -3928.625996365051833 -1099.5366014626019933 8251.3362631558593421 15446
165000000 308.94665262877794021 12891.837107689012555 3459.2655872722825734 -3880.0017346492591059 -887.57140639801002635 8226.838728319551592 15380
166000000 309.42022339877058812 12911.598439212626545 3317.2474645793190575 -3876.4157025746721956 -1058.9600687042866412 8252.6232358582765301 15399
167000000 309.99043399718942737 12935.3923922765116 3447.3447565108981507 -3806.7016807791064821 -994.22254076644571796 8248.2689780564505782 15405
168000000 306.84562388343891826 12804.164624064376767 3341.03537265230716 -3859.7537651538546015 -1030.9951441519560831 8231.7842819581182994 15405
169000000 308.40956074990958768 12869.425144473625551 3384.3489561080436943 -3816.3362003314932736 -1039.1262279234815651 8239.8113843630180781 15404
170000000 307.24794821403577316 12820.952958524005226 3460.6361864808632163 -3781.0558335517175692 -1061.7866121631088845 8303.4786321956889878 15403
171000000 303.90148718498846847 12681.310628346225712 3507.7020298437273595 -3811.6440885676047401 -994.14426975371759454 8313.4903881650479889 15400
172000000 310.92066118157316623 12974.209247005890575 3575.3637819833857066 -3764.7889484797706245 -1007.8531406866358111 8348.0058711497913464 15399
173000000 312.14258189731231141 13025.197994389240193 3369.4869889555293412 -3878.1002266798959681 -972.53193576018156818 8220.1191513956073322 15401
174000000 309.4388443583403614 12912.375461315050416 3471.150401268877431 -3784.2741994301341037 -1045.7428585613356518 8301.1674592603467318 15414
175000000 310.64247995310671513 12962.601200589815562 3502.7382209406864604 -3823.4696920630517525 -953.29820778043176688 8279.5061207841699797 15385
176000000 307.06506140489238987 12813.321391932944607 3520.1010834931348654 -3815.5993162450631644 -1063.5751465708617616 8399.2755463090597914 15418
177000000 308.75214961781716738 12883.720816047962217 3543.73026064626265 -3768.4225125880066116 -1034.168933964943335 8346.3217071992130514 15415
178000000 311.31501671865146363 12990.665056781688691 3425.9526199446872852 -3728.8138213105421528 -1094.4221146432046226 8249.1885558984340605 15418
179000000 309.44079804009379586 12912.456985250368234 3443.1887210048262205 -3810.5419435990270358 -1023.286466829392225 8277.017131433245595 15410
180000000 308.49121565618423801 12872.832469789433162 3529.8707619640749726 -3769.8701414434690378 -1013.6231102384996348 8313.3640136460453505 15385
181000000 313.13245551872410033 13066.503797109078732 3330.4300102251563658 -3758.6486003586996958 -1088.2518161468392464 8177.3304267306939437 15439
182000000 308.86404161296303528 12888.38988549021451 3460.9739595986138738 -3765.6015878503585554 -967.01734878062120515 8193.5928962295947713 15407
183000000 309.390882685177246 12910.374099356375154 3456.013580673173692 -3786.3152087536673207 -856.33563558763910351 8098.6644250144800026 15398
184000000 309.63369895162827561 12920.506423909979276 3582.3000697609149938 -3769.7688786993503527 -912.74774368148393933 8264.8166921417505364 15394
185000000 308.03619781524355403 12853.845321566312123 3523.6928059467754792 -3746.0178567974840007 -979.16620651547259513 8248.8768692597332119 15410
186000000 307.50456234136669309 12831.661045182114322 3465.9293931514848737 -3872.6002577423464572 -1020.217480256245608 8358.747131150075802 15407
187000000 310.24482621254367132 12946.007762192015434 3496.0951087463436124 -3793.7124347141261751 -930.42350567508469794 8220.2310491355547128 15391
188000000 310.64501213622497744 12962.706864438281627 3434.2754411117593918 -3857.6959347483375495 -1034.2419477410132913 8326.21332360111046 15405
189000000 307.86077921850545636 12846.525391230235982 3300.6374260840484567 -3807.0270243625618605 -1118.9808620915139272 8226.6453125381231075 15417
190000000 312.55141718714008903 13042.258020498884434 3489.1356228016575187 -3859.8779743259883617 -943.24323360404105188 8292.2568307316869323 15400
191000000 308.22555398947014282 12861.746844151823097 3571.0797531781840917 -3755.1576237929248236 -932.28367745773005026 8258.5210544288383971 15394
192000000 308.96835883739493056 12892.742872174028889 3469.6895234263711245 -3795.6213980877200811 -917.39800316460684826 8182.7089246786981676 15398
193000000 307.806913171884446 12844.277649450985336 3372.5851629388980655 -3869.5437823158144965 -1109.9584209196664233 8352.0873661743789853 15416
194000000 309.40701255241003764 12911.047172261243759 3414.9836823458081199 -3759.1457924333558367 -1007.9598407622307832 8182.0893155413941713 15407
195000000 309.25071955406258439 12904.525321777920908 3675.9722957792773741 -3762.8026526021212703 -948.64428322278706673 8387.4192316041862796 15406
196000000 309.89191381755927068 12931.281306764481997 3419.459130633352288 -3809.7557624218811725 -956.97388793749496472 8186.1887809927284252 15392
197000000 308.80412844444407483 12885.889807232108069 3538.9484626306839345 -3709.9622313631207362 -1015.0564609726509389 8263.9671549664562917 15388
198000000 307.51099387249939809 12831.929422427863756 3300.5457888761893628 -3880.1283198814808202 -1162.8300598318346601 8343.5041685895048431 15431
199000000 312.39646179430047823 13035.791986099586211 3678.5658885522411765 -3749.6785963825564068 -954.87908361192671691 8383.123568546725437 15402
200000000 311.07645058080328226 12980.710083124004086 3380.1844879816126195 -3803.5175544854569125 -1055.4604766025177014 8239.1625190695885976 15402
201000000 309.76317227226894602 12925.909133229819417 3484.7106315321811962 -3839.4036759484547474 -925.87459172000922081 8249.9888992006435728 15400
202000000 309.50498124537739386 12915.135245139332255 3293.7131993309876634 -3853.2966163100418271 -1017.5543075106279503 8164.5641231516574408 15424
203000000 310.25442647828305098 12946.408365535828125 3553.7317460387130268 -3829.4668390158421971 -884.36310897101861883 8267.5616940255731606 15381
204000000 311.04055306355650146 12979.212138605174914 3464.955118391679207 -3896.8003785646033066 -920.68580038455729664 8282.4412973408398102 15389
205000000 304.41031150518205095 12702.543032700023105 3564.1191335140729279 -3697.9925781064448529 -886.28906213353820931 8148.4007737540550806 15383
206000000 309.71163535262417099 12923.75858209926264 3564.7478343045031579 -3772.4725789044282465 -930.85127356464283821 8268.0716867735754931 15385
207000000 310.03272774916911203 12937.15724118021717 3443.6863171449776928 -3827.8490324254812549 -929.06171455700336992 8200.5970641274616355 15410
208000000 307.03298512081494209 12811.982901207029499 3433.4865826600507717 -3858.2930352844946356 -961.2514466859405502 8253.0310646304860711 15402
209000000 311.76096232739791958 13009.273635634803213 3365.4358648992774761 -3796.6822898455156974 -1126.111764340683294 8288.2299190854755579 15434
210000000 308.20181775683198566 12860.7563700938681 3441.0294173223496728 -3826.4381498404668491 -1080.9070491327802301 8348.3746162955976615 15445
211000000 309.9914092753500654 12935.433089034591831 3531.4438459823854828 -3828.5357792135710042 -974.26059660506348337 8334.2402218010192883 15421
212000000 307.76147141231535898 12842.381439353654059 3369.5488249563131831 -3800.9718103868922299 -1097.8458165731426561 8268.3664519163485238 15442
213000000 308.84072679718326526 12887.416996466588898 3427.6980149729365621 -3788.1430119618921708 -1064.9493103446991427 8280.790337279528103 15397
214000000 308.87595810296346599 12888.887141073577368 3448.9351881098609738 -3753.2209457410485811 -1065.3377963171374176 8267.493930168046063 15422
215000000 308.53107107989268343 12874.495571253506569 3527.8202196516667755 -3738.9247190607939046 -982.42703376265762927 8249.1719724751183094 15401
216000000 309.37231064182725504 12909.599118447575165 3555.1886354292905708 -3745.3353404702388616 -1000.6572699827290762 8301.181245882256917 15390
217000000 308.1761571869771501 12859.68559659998391 3412.2030587662138714 -3844.5426680945311091 -1046.0755398477881499 8302.8212667085335852 15420
218000000 309.68610854112091602 12922.693390122012715 3490.5041557605254638 -3878.5316582092195858 -1099.1124426397782372 8468.1482566095237416 15428
219000000 312.59562413606920472 13044.102703973436292 3388.0639878515103192 -3745.1670391913880849 -965.08656843440166995 8098.3175954773005287 15395
220000000 312.11027709347979453 13023.849967908741746 3432.678105174330085 -3715.6794783691839257 -1081.8838864744836883 8230.2414700179979263 15411
221000000 310.22529417234909488 12945.192722189391134 3537.8019452401454146 -3714.4669036627988135 -1049.6020372188736474 8301.8708861218183301 15414
222000000 310.58555541820686585 12960.225833110946041 3560.7233922620703197 -3790.6854558482004904 -889.08424490693960252 8240.4930930172085937 15386
223000000 314.16481609267162867 13109.582510674956211 3572.7830991991208975 -3785.8919688320020214 -945.55183788592421479 8304.226905917046679 15406
224000000 311.08855475825794201 12981.215170597004544 3483.7129321146940129 -3834.6242954176495914 -1016.2327640240085884 8334.5699915563527611 15436
225000000 306.30963885047543727 12781.798847713249415 3410.3772210802326299 -3800.0389549833794263 -1090.0413187480605757 8300.457494811673314 15409
226000000 308.89781081659151596 12889.799018972420527 3588.7446327773454868 -3732.8577220800025316 -947.35367467871537883 8268.9560295360643067 15397
227000000 306.4887049170668547 12789.270980984054404 3326.4712184918239473 -3764.3215749107666852 -1069.8817432677067245 8160.6745366702980391 15403
228000000 310.23275774959466844 12945.504165026761257 3270.0055076184180507 -3868.9062867742218259 -1148.8313861839210404 8287.743180576560917 15428
229000000 308.07378368397826307 12855.413718223651813 3361.5178813962797904 -3880.7797468508679231 -974.96041518190816078 8217.2580434290557605 15386
230000000 307.31087657788947354 12823.578855938178094 3509.8966391681051391 -3814.2018424365915052 -958.42367468281281617 8282.522156287508551 15426
231000000 303.50125822825054911 12664.60973040108729 3430.1648905220072265 -3798.5379867587180343 -1040.0523341045945926 8268.7552113853198534 15405
232000000 312.87165888979490092 13055.621181519036327 3645.3168511689227671 -3760.2139664868009277 -997.15766907783165607 8402.6884867335538729 15386
233000000 310.89635229336113298 12973.194876970055702 3626.6227080167700478 -3789.2678266069724486 -948.33222105564789217 8364.2227556793895928 15415
234000000 309.81405368145777857 12928.032330984158762 3488.2193649085352263 -3831.0906034549652759 -932.62331924565023655 8251.933287609152103 15402
235000000 309.94604703365575915 12933.540197087757406 3401.9966233879194988 -3929.4672848391801381 -988.40148287266799798 8319.8653910997672938 15407
236000000 311.42357320794803854 12995.194941035446391 3495.0011436589138611 -3796.6794335497479551 -992.61895339244938441 8284.2995306011107459 15408
237000000 305.84326392150472884 12762.337786833510108 3592.2850466247778058 -3714.3435840503952932 -918.80677940672103432 8225.4354100818927691 15377
238000000 309.36409506137158587 12909.256295749617493 3444.2671722371615033 -3827.7546261069055618 -1047.5866387044343355 8319.6084370485004911 15410
239000000 312.47952883131875979 13039.258237315276347 3435.6615836630053309 -3866.9198087263962407 -990.64424259195175182 8293.2256349813542329 15404
240000000 308.24092206719262776 12862.3881288298453 3480.1792580303408613 -3803.0399645881325341 -932.48559234156186903 8215.7048149600359466 15403
241000000 308.10396233482157413 12856.67302382703383 3408.8461139090013603 -3807.2789859439149041 -1048.8731797300697508 8264.9982795829855604 15427
242000000 311.69856820705933842 13006.670031326299068 3481.5867906148496331 -3836.3389816217977568 -959.57807860591458393 8277.5038508425623149 15411
243000000 316.66228918233304057 13213.797966575813916 3343.6958877703800681 -3865.6985726735965727 -1030.0911672238212304 8239.485627667798326 15426
244000000 308.70942809776664717 12881.938117084249825 3383.4281999940430978 -3903.7231967369361882 -1046.912523858163695 8334.0639205891420715 15417
245000000 312.84816469778297687 13054.640807419438715 3390.3696646982434686 -3914.5977419711425682 -985.2843273296401776 8290.2517339990263281 15403
246000000 312.45829193918507372 13038.372056637377682 3414.0172515705353362 -3800.8185672292902382 -1121.7963837682057147 8336.6322025680310617 15435
247000000 306.16989024898896332 12775.967367776303945 3570.3889761311229449 -3811.5062761083422629 -967.58253182910084433 8349.4777840685674164 15398
248000000 313.53218737447974718 13083.183951845529009 3587.9486170304430743 -3797.4483416240109364 -826.76926830464140039 8212.1662269590960932 15360
249000000 311.20447046662422963 12986.052142992612062 3502.2531831443757255 -3778.184731231152 -930.27425181404987597 8210.7121661895780562 15409
250000000 309.54450287039060186 12916.784417731319991 3551.8363016610146587 -3739.2263598008271401 -1022.0509215380129717 8313.1135829998565896 15393
251000000 307.06158378289228494 12813.176276470563607 3682.100274992647428 -3689.9408996948950517 -954.30730961968879456 8326.3484843072310468 15406
252000000 309.17677044852712243 12901.439546888597761 3568.4915289190130352 -3767.3565958343738203 -968.34242129481390293 8304.1905460482012131 15412
253000000 312.04735866163940727 13021.224484941194532 3260.509463183511798 -3826.142701770502299 -1112.6364832467074848 8199.2886482007215818 15408
254000000 312.75213846521950245 13050.633790228153885 3523.6461540816890192 -3765.8116802532799738 -1118.0840081374744841 8407.5418424724430224 15445
255000000 310.16761445116975437 12942.78584202566708 3527.854288397322307 -3781.7910955057568572 -904.96583608209959948 8214.6112199851795594 15390
256000000 311.8568182761546268 13013.273547162116301 3344.9176843992195245 -3896.452168338714273 -1099.7965983071767369 8341.1664510451100796 15424
257000000 310.94622005119094865 12975.275776715681786 3340.8250226792893045 -3872.4886719475748578 -1087.1384484663253716 8300.4521430931890791 15433
258000000 311.77807415187561446 13009.987684004983748 3354.4079565427923626 -3863.0262417417307006 -1010.3757323727753601 8227.809930657298537 15415
259000000 310.48281009073537007 12955.93843910920441 3459.4804435358332739 -3714.6493488283249462 -1066.4690063297919096 8240.5987986939508119 15383
260000000 309.50205969354402669 12915.013333572993361 3231.1453059752038826 -3841.2922682310190794 -1159.8622301100322147 8232.2998043162551767 15423
261000000 310.07425641281997741 12938.890164202788583 3446.6897921374338694 -3818.8405216433193345 -1035.5612193569345436 8301.0915331376872928 15415
262000000 311.90155983777941628 13015.140539147634627 3300.3206439528671581 -3854.6997047644213126 -1035.1664776302293376 8190.1868263475171261 15413
263000000 308.36053505275486941 12867.379382538896607 3457.3104319972762823 -3841.1438618346037401 -1085.7810690963005982 8384.2353629281806207 15422
264000000 311.85149028033436025 13013.051218635037003 3467.9191353814594549 -3839.5448612522986878 -967.45141455900818528 8274.9154111927655322 15410
265000000 308.83844880663190224 12887.321939657034818 3337.1713196614100525 -3944.9533636196256339 -963.3386687184395214 8245.4633519994749804 15404
266000000 313.01190237790336823 13061.473312263047774 3404.8799154703442582 -3876.2012026515703838 -1005.8097466683980201 8286.8908647903117526 15406
267000000 307.00714100028426401 12810.904468444485246 3370.0904213912226624 -3840.029980269605403 -927.49660795343788777 8137.6170096142668626 15380
268000000 310.21226465274173734 12944.649021706021813 3377.5433950061137693 -3885.8133174213407983 -978.29618887814342543 8241.6529013055987889 15429
269000000 309.72480533627850718 12924.308143916936388 3377.2826308790927214 -3861.1333318378983677 -1008.4940551468394005 8246.9100178638309444 15403
270000000 310.63488820783004485 12962.284409510717524 3273.1333360248254394 -3869.8578865963295357 -1084.0072077542470197 8226.9984303754026769 15402
271000000 308.59439640020775641 12877.138033009759965 3280.7869676709406122 -3861.9140733845188151 -1007.557410265383055 8150.2584513208439603 15391
272000000 311.18189595432960459 12985.110145619240939 3420.8880654871927618 -3810.6250659117922623 -1076.5577982153793073 8308.0709296143650135 15414
273000000 311.58625782950321081 13001.983503472260054 3733.8541806941466348 -3681.015065594774569 -868.01422994532731536 8282.8834762342485192 15387
274000000 310.48778895140213763 12956.146198798949627 3429.6741353152106058 -3841.8376672818976658 -1052.5048768869144169 8324.0166794840224611 15399
275000000 308.73022119332892999 12882.8057788590977 3390.1604703738812532 -3945.6392494203514616 -1004.4541358563681115 8340.2538556506024179 15423
276000000 306.50291686223135912 12789.864022146613934 3423.5459639726504975 -3808.5141828897462801 -1044.2531492718935624 8276.3132961342889757 15406
277000000 310.55626124664308918 12959.0034353772553 3522.090191293409589 -3799.5895210252679135 -975.52195458896437685 8297.201666907640174 15395
278000000 306.58960385755716516 12793.481328285348354 3209.4629364675083707 -3967.8998176687964587 -1099.8155615065770689 8277.1783156428828079 15444
279000000 314.4353681418529618 13120.872203952158088 3390.1607688727317509 -3855.2389620829480918 -961.37347742370388914 8206.7732083793835045 15402
280000000 307.79504558049490015 12843.782434326454677 3392.8019649527586807 -3805.7300099705985303 -1043.3617303557202831 8241.8937052790770394 15413
281000000 309.23652823106237975 12903.933141144454567 3463.1586762192800961 -3890.0326280439830953 -961.9440067050225025 8315.1353109682859213 15413
282000000 308.60530177346089431 12877.593096349601183 3305.846338146614471 -3873.7612420149494028 -1059.1368510706965935 8238.7444312322586484 15420
283000000 310.88310344955385744 12972.64202444753937 3225.0117576422471757 -3867.062530986776892 -1151.8252863082257136 8243.8995749372497812 15431
284000000 308.80275757045194496 12885.832602908800254 3559.6791835040280603 -3794.8513909285702539 -873.72139970994885516 8228.2519741425476241 15380
285000000 309.39694878230892527 12910.627227640614365 3436.3851643568909822 -3794.1397888656247233 -953.76858505862560378 8184.2935382811410818 15404
286000000 309.94912014765333197 12933.668433094630018 3521.7384576409649526 -3834.5576029652097532 -945.9444708306504026 8302.2405314368243126 15407
287000000 309.51973084292490057 12915.750721654027075 3545.7850638191916914 -3753.9646725582947511 -979.34129488131782182 8279.0910312588039233 15390
288000000 307.47251297809242487 12830.323677817163116 3365.5043609006788756 -3901.0759173861197269 -989.61802887588135036 8256.1983071626800665 15400
289000000 310.56697031142078913 12959.450307086382963 3433.8542664443007197 -3806.8438860740361633 -1140.2983479505362538 8380.9965004688729096 15441
290000000 311.00555988055822354 12977.751930471327796 3460.5096520711572339 -3858.159375857170744 -1016.6119342806463237 8335.2809622089735058 15418
291000000 310.41727763555081765 12953.203877234791435 3494.6057074737732364 -3770.7052992372682638 -977.49155910641286482 8242.8025658174537966 15410
292000000 308.29921876684682047 12864.820754493410277 3468.0410677580694028 -3749.7887806911980988 -1048.6900731884115885 8266.5199216376786353 15393
293000000 309.3594539959855183 12909.062631702914587 3358.6991128586228115 -3835.715353056915319 -1011.7168904694908633 8206.1313563850289938 15423
294000000 309.05860101058772216 12896.508530054268704 3559.8507984740608663 -3753.1482304240057601 -999.53297594183720776 8312.5320048399044026 15414
295000000 309.26538751817065531 12905.137391863076118 3684.9644140046352732 -3759.8316087117482311 -927.70805464371005655 8372.5040773600940156 15394
296000000 310.58842245207159749 12960.345469731870253 3298.5324974906598072 -3810.8068448694584731 -1103.7098524776679369 8213.0491948377857625 15420
297000000 306.18180060721186919 12776.464367490647419 3431.4618003537407276 -3841.8190235021393164 -1116.5437009914498958 8389.8245248473303946 15432
298000000 308.38506489499718555 12868.402972624027825 3628.9563312332652458 -3754.1028443355362469 -965.18711316803194222 8348.2462887368328666 15394
299000000 308.77153231627585228 12884.52962426488557 3178.7240372048190693 -3834.442588309976145 -1146.5082888356357671 8159.6749143504312087 15417
300000000 312.40092379400886102 13035.9781780292451 3528.1773814124289856 -3828.3247641475531964 -939.60034200671907456 8296.1024875667008018 15403
301000000 311.27169217825883152 12988.857194768119371 3319.0052073764190936 -3871.5924532120602635 -1050.3921286201771181 8240.9897892086555657 15419
302000000 309.29572208769070585 12906.403203697114805 3485.1538861522590196 -3819.2289488578880992 -970.22212266664280378 8274.6049576767909457 15410
303000000 309.0859951192646804 12897.651641280004696 3357.5082746114630936 -3864.8180581534879821 -958.40936884060329248 8180.7357016055548229 15386
304000000 309.02692299235337714 12895.186658308786718 3366.4171070242741735 -3868.0857779312700586 -1028.1408090287382038 8262.6436939842824358 15400
305000000 310.55992499084118208 12959.156317413697252 3317.7031025174555907 -3914.1977132107681427 -1017.7371742248517421 8249.6379899530747934 15391
306000000 313.42123989297698472 13078.554295408497637 3343.2201662077923174 -3813.8948237447989413 -1019.4421985034248337 8176.5571884560158651 15416
307000000 309.69483442476587243 12923.057506935107085 3511.3503486333993351 -3764.6824825956800851 -960.36178312917206767 8236.394614358250692 15385
308000000 309.37924875877939712 12909.888634688713864 3298.2898337316828474 -4005.6910521984477782 -911.48588443711946638 8215.4667703672494099 15395
309000000 314.71076287293254836 13132.363974402444001 3406.8583189735709311 -3903.9526030285351226 -945.46813294178105025 8256.2790549438868766 15411
310000000 310.75652513759632711 12967.360119091912566 3357.5367106860167041 -3903.2817233264404422 -1009.3196668607290576 8270.1381008731877955 15410
311000000 309.05757463157772236 12896.465700941556861 3353.7067862212306864 -3861.5383305673890391 -954.6753635929351276 8169.9204803815546256 15405
312000000 308.24025783772430032 12862.360411623540131 3348.6020669792305853 -3901.6702748376992531 -946.55414981007834285 8196.8264916270090907 15411
313000000 308.38071534963142994 12868.221473229648836 3434.133682329084877 -3896.1218627384287174 -902.10511012776169082 8232.3606551952743757 15380
314000000 307.41502331062361009 12827.92472828307109 3279.4718176892520205 -3907.0840704097358866 -1032.8973848397345137 8219.4532729387228756 15431
315000000 305.99269119661857985 12768.573141946835676 3388.6516269742082841 -3889.0862613340309508 -981.05665634631452576 8258.7945446545527375 15409
316000000 310.43672394979063256 12954.015340033924076 3396.4294977086765357 -3870.1649090852524751 -1013.0793376030931086 8279.6737443970232562 15406
317000000 312.64341077657451251 13046.096762106373717 3478.0357579676510795 -3764.5193054188021051 -943.07369392377563599 8185.628757310229048 15388
318000000 309.32929777098553359 12907.804261893192233 3301.8122222849806349 -3814.4166068071544942 -1063.468156391485536 8179.6969854836197555 15403
319000000 309.35159570899259052 12908.734718275154592 3492.401527165447078 -3873.8918079394343295 -918.91163454171874037 8285.2049696466001478 15378
320000000 311.91181600062611778 13015.568512001991621 3335.5004472581185837 -3804.7932830920453853 -1055.8702437969400307 8196.1639741471044545 15407
321000000 306.45850457463365046 12788.010770226201203 3487.8861721848479647 -3848.7092100953109366 -922.71426523700222333 8259.3096475171605562 15413
322000000 308.98195897790793651 12893.310383731910406 3388.6524928814442319 -3804.7739640331328701 -1030.2923862688271583 8223.7188431834038056 15417
323000000 311.17997507894102682 12985.02999063972311 3380.6717341731564375 -3837.8786926829416188 -1002.2349007632165012 8220.7853276193145575 15392
324000000 313.24167438936353847 13071.061321449895331 3496.572655867085814 -3757.7292530293170785 -910.48840576457223506 8164.7903146609733085 15386
325000000 309.17727041998159621 12901.460409877385246 3531.1103370786549931 -3777.0552593910315409 -1015.5090100386048562 8323.6746065082916175 15410
326000000 309.2708704052304256 12905.366183747541072 3418.923279927558724 -3863.4627662464245077 -988.36082002075590935 8270.7468661947386863 15418
327000000 311.53281665790223087 12999.753491030754958 3431.4656133526518715 -3878.8869509585410924 -975.02306105721527274 8285.3756253684077819 15405
328000000 310.86174336061287704 12971.750702968929545 3389.9949594488043658 -3848.7754816170772756 -1005.0898779105737049 8243.8603189764544368 15400
329000000 310.10496928823135931 12940.171762121210122 3366.6936572830227306 -3812.352448679750978 -980.70851941061391699 8159.7546253733880803 15411
330000000 309.55020247713787285 12917.022252972901697 3522.6063780731883526 -3828.6361216260370384 -896.88071661631829556 8248.1232163155436865 15398
331000000 310.57741209324541387 12959.886025516254449 3275.8276870378622334 -3945.8934368838363298 -994.14835574577318766 8215.8694796674717509 15423
332000000 309.93833555956564396 12933.218409921642888 3267.1168074722627352 -3854.7222807308589836 -1057.2873251917255857 8179.1264133948470771 15409
333000000 310.76088211049153642 12967.541928424914659 3488.3757992899454621 -3837.3843902651228746 -1002.6078513196735003 8328.3680408747422916 15403
334000000 310.04778290146089148 12937.785467993246129 3489.2064117019681362 -3808.157684937202248 -848.02231188105849924 8145.3864085202294518 15411
335000000 308.8458868572675442 12887.632317310839426 3371.7148436610909812 -3838.851265231065554 -982.64527797604000625 8193.2113868681954045 15411
336000000 310.51140809464925496 12957.131786908657887 3456.9376443088194719 -3901.9905538113966941 -986.24547675668043212 8345.173674876896257 15415
337000000 307.51145796250511921 12831.948788142643025 3255.1076962515398918 -3869.2533227579310733 -998.47443720472710993 8122.8354562141985298 15418
338000000 310.03934843961252454 12937.433511733759588 3625.2078955765819046 -3856.8056897945116361 -916.70117064838609622 8398.7147560194789548 15393
339000000 308.89498300243911899 12889.681018925766693 3426.0501636283515836 -3776.8612858841361231 -1040.8561985918736355 8243.7676481043617969 15392
340000000 312.26688665684503121 13030.385028131055151 3495.2979569701419678 -3773.5682585377635405 -1021.6112365203372292 8290.4774520282444428 15412
341000000 311.53720911356879242 12999.936781001610143 3441.5683233420518263 -3796.0263733650235736 -1033.9658213379780136 8271.5605180450547778 15415
342000000 310.20254162451465163 12944.243295684942495 3289.0208143672925871 -3885.2455028164131363 -1010.6966047128776154 8184.9629218965828841 15405
343000000 306.66728992280371813 12796.723040374390621 3522.1153444253059206 -3830.7943151596064126 -821.747373839613374 8174.657033424526162 15364
344000000 308.90638939963906751 12890.156989173174225 3459.5985012634855593 -3845.4617586268177547 -890.36930545496159084 8195.4295653452645638 15403
345000000 309.80834571283111245 12927.794146815063868 3622.1203580279188827 -3778.6825321031815292 -1010.7818396281329569 8411.5847297592335963 15412
346000000 307.46444911350010898 12829.987185973350279 3759.4000318764847179 -3777.9374879588576732 -800.83842922089093008 8338.1759490562326391 15372
347000000 311.0605389454956935 12980.046116679452098 3401.7849702010016699 -3814.4119328270148799 -1061.2071213122840163 8277.4040243402996566 15409
348000000 309.35202383448171304 12908.752583249643067 3431.0297859063402939 -3804.3154925653411738 -981.03489318515448758 8216.3801716568359552 15386
349000000 310.495350307948911 12956.461721806190326 3621.8420822918833437 -3729.7261128915210975 -925.79434276424672134 8277.3625379476507078 15408
350000000 308.14748424234880986 12858.489121647427964 3313.4833042619534353 -3816.8370479496206826 -1067.9225593868432043 8198.242911598417777 15444
351000000 306.89761943788619192 12806.334313273029693 3459.2067780875795506 -3779.123397991262209 -958.28773522911978944 8196.617911307961549 15408
352000000 310.36707189352995329 12951.108873963203223 3575.3507445251261743 -3798.4952653038671997 -924.13825282331868038 8297.9842626523113722 15395
353000000 306.82468489892806929 12803.290874582977267 3413.066948092498933 -3821.2511300883420517 -1088.6291307236137982 8322.9472089044538734 15432
354000000 309.01343588332008494 12894.623863369170067 3369.862244907913464 -3872.4469980906515048 -1014.3638005437470611 8256.6730435423123708 15419
355000000 306.41490743276074227 12786.191532999955598 3219.0762977653830603 -3897.3022976662177825 -1049.008689548315715 8165.38728497991724 15415
356000000 309.59580048568523125 12918.924983083830739 3402.5100193221987865 -3817.1143218832194179 -996.56680088353914471 8216.1911420889573492 15391
357000000 311.78062604169167571 13010.094170181626396 3375.0787046396526421 -3769.4160865656422175 -999.79735265191584404 8144.2921438572111583 15404
358000000 309.66242939548470758 12921.705298211018089 3157.5390376976147309 -3934.956577504287452 -1165.4312763833868303 8257.9268915852881037 15428
359000000 308.05534637067887616 12854.644359378889931 3458.0611556981612011 -3752.5263617041737234 -957.85726006653271725 8168.4447774688687787 15386
360000000 305.12675482792332105 12732.439037512122013 3596.4734367003093212 -3811.4737162566898405 -961.28879597940476742 8369.2359489364025649 15400
361000000 310.60006914390186239 12960.831467080090079 3577.4201514771921211 -3735.2258542627014322 -1017.3127484126334821 8329.9587541525270353 15410
362000000 309.45626167115210592 12913.102257212374752 3261.5309584062320027 -3885.4599718895397018 -1068.9916482699391054 8215.9825785657121742 15410
363000000 310.41843114886080457 12953.252011453329033 3502.721963756281184 -3739.6140729688290776 -990.84047481550692282 8233.1765115406178666 15396
364000000 308.20833195410392591 12861.028196862025652 3447.5141267361159407 -3822.1084436984692729 -987.28824350784361741 8256.9108139424279216 15405
365000000 308.30232914373459607 12864.950545419576883 3412.1851844947236714 -3845.4001676656648669 -1005.0058809287218082 8262.5912330891114834 15402
366000000 311.46818111073332602 12997.056355656806772 3497.1714993401956235 -3768.8560882719953042 -949.13784517569115451 8215.1654327878804907 15400
367000000 310.98742658447559961 12976.995257766402574 3349.0690699607830538 -3858.5087306280802295 -984.37425983372963856 8191.952060422591785 15400
368000000 307.82087807244062105 12844.860381847220197 3369.1283998075923591 -3777.6710766431547199 -1064.85088070475922 8211.6503571555058443 15426
369000000 308.83959447480560812 12887.369746510901678 3463.1189714298816398 -3774.6939101727257366 -1030.9867900435028787 8268.7996716461093456 15414
370000000 308.65162447528518896 12879.526066722399264 3373.8221083495586754 -3818.3138231117281975 -1079.884668327974623 8272.0205997892626328 15429
371000000 311.37357533921948516 12993.108611975410895 3418.2521581840769613 -3809.9028107258304772 -1014.9589032447756836 8243.1138721546813031 15398
372000000 305.033812082927966 12728.560689199795888 3530.4062744839775405 -3810.7321712187904268 -946.60468921443907675 8287.7431349172074988 15394
373000000 307.45802171213438214 12829.71898105600485 3377.1197562632873996 -3879.2978706628732652 -1044.4260929229387784 8300.8437198491010349 15404
374000000 308.33560264588487598 12866.338994092102439 3305.6781160284745056 -3861.8577027365477079 -1075.1716058736169543 8242.7074246386400773 15412
375000000 311.70040461409666932 13006.746661580056752 3465.3179942306032899 -3795.9762274873246497 -1024.3353244669369815 8285.6295461848640116 15425
376000000 308.28652953536573023 12864.291253675441112 3543.2793341185547433 -3737.1558240731446858 -1003.6678900917282817 8284.1030482834285067 15410
377000000 310.6852981310744326 12964.387932929883391 3524.3838032706225931 -3804.4870459904977906 -915.02442185317204348 8243.8952711142919725 15404
378000000 310.42784153129770175 12953.644691278357641 3336.2818603524447099 -3809.5321753428916054 -1143.9146342829099012 8289.728669978245307 15423
379000000 309.57689266593632738 12918.135990776612744 3396.2976435073428547 -3795.8968592236642507 -1048.2310263506240062 8240.4255290816308843 15422
380000000 305.08715520006217048 12730.786609989225326 3502.2519492851060932 -3898.2579140201883092 -893.16288384946653878 8293.6727471547601453 15399
381000000 308.2828465850763564 12864.13757020030971 3394.7948085129173705 -3832.1387076359978892 -1015.703667951645798 8242.6371841005602619 15404
382000000 310.54481003829965857 12958.52559523432501 3135.8968357555122566 -3821.4791856968599859 -1118.4513703536954381 8075.8273918060667711 15432
383000000 309.30001207761881687 12906.58221794075871 3228.4296589936193413 -3883.3310061571137339 -1094.2229296759905992 8205.983594826724584 15418
384000000 307.19981374617549363 12818.944386126020618 3313.1878263935736868 -3879.6418012774615818 -1068.6062340291073269 8261.435861700141686 15426
385000000 310.72841849678678727 12966.18727506891446 3360.4920153068733271 -3799.9726211342772331 -1082.3760922326296168 8242.8407286737801769 15402
386000000 307.73344213887941123 12841.21182374426462 3577.1678731641891318 -3769.276060469132517 -970.7424672741718723 8317.1864009074924979 15385
387000000 310.21822979361616035 12944.897937251223993 3340.9539924989885549 -3754.7884969058773095 -1093.7513358313908611 8189.4938252362571802 15411
388000000 306.84223937341448618 12804.023394012025165 3475.3133786129383225 -3810.4830610093622454 -946.26914506908781277 8232.0655846913887217 15421
389000000 310.15226698420070761 12942.145417400584847 3375.84084895208116 -3836.711930796157958 -974.63646716101254697 8187.1892469092508691 15407
390000000 312.747567566289149 13050.443054112567552 3565.5865133582055932 -3742.2329386963642719 -921.97293131404285305 8229.7923833686127182 15392
391000000 308.67418543466664005 12880.467498554931808 3380.3965362650615134 -3788.3059664124161827 -1120.8903042182691934 8289.5928068957473442 15410
392000000 310.79563724483602982 12968.992203178866475 3469.302875775794746 -3786.1135007612415393 -1035.1623162104560834 8290.5786927474910044 15374
393000000 310.83026867963423001 12970.4373161536314 3353.1204789990401878 -3839.504781278667906 -1015.4986719335518046 8208.123932211259671 15405
394000000 308.30295039962743431 12864.976469409057245 3585.9771885660784392 -3767.3102264737335645 -824.82389926008261227 8178.1113142998947296 15373
395000000 310.51826258256329538 12957.41781344719675 3395.708456244889021 -3709.7794916939856193 -1090.7932389156449062 8196.2811868545195466 15423
396000000 309.42789655506447843 12911.918627439950797 3292.5435359498924299 -3845.1363290364429304 -1126.7099716617101421 8264.3898366480443656 15413
397000000 310.83670345596880225 12970.705828816331632 3434.1722929451170785 -3723.3510519283709073 -1019.4011889260661974 8176.9245337995544105 15419
398000000 312.6236349029708208 13045.271547335500145 3640.6474531928943179 -3762.7189578352317767 -956.61758740143636714 8359.9839984295613249 15397
399000000 310.67979828583770541 12964.158433408507335 3459.941594590423847 -3780.5403092914202716 -930.8902561173332515 8171.3721599991768016 15407
400000000 307.89001671091415346 12847.745423835745896 3424.946851672018056 -3818.1784073327880833 -971.0847940488522454 8214.2100530536590668 15416
