# Steps Temp KinEng PotEng Epair Ebond Eangle Bonds
1000000 304.81770271163742336 12719.542799578994163 3531.7919508844938719 -3043.6024237182473371 -1601.5538797369072199 8176.9482543396479741 15568
2000000 311.48795406745421133 12997.881448710944824 3680.3960882880455756 -3032.3501763094354828 -1478.2805846186774943 8191.0268492161594622 15573
3000000 311.09299723724052456 12981.40054795879405 3661.1775929084674317 -2961.4021257530089315 -1525.3980040210160496 8147.9777226824917307 15556
4000000 307.70226811683704682 12839.910982933262858 3770.4977163949770329 -2881.7950906006558398 -1552.4181620518290856 8204.7109690474626404 15574
5000000 310.55705237723202572 12959.0364479591899 3480.7687229960915829 -2985.325195640412403 -1571.7992238493552577 8037.8931424858583341 15595
6000000 311.19298022939040038 12985.572674238097534 3632.1616069881915791 -2988.2031025939231768 -1586.4985169611275069 8206.8632265432424902 15583
7000000 310.99177259879951407 12977.176609816197015 3736.371819581238924 -2940.8463263775397536 -1489.8603944104004313 8167.078540369179791 15562
8000000 308.58232466906491709 12876.634299468136305 3592.5872210668121625 -3029.0296726720548577 -1637.2269955108517934 8258.843889249717904 15593
9000000 306.25589141385717085 12779.556055334880512 3784.6319854727053098 -2852.721834172283252 -1520.076539699529576 8157.4303593445183651 15569
10000000 308.69592008577524211 12881.374449898474268 3739.8513321917930625 -2933.6287822084996151 -1564.8104022403836098 8238.2905166406762874 15594
11000000 307.25887006138395918 12821.408709300812916 3709.6215540177236107 -2971.0721438387990929 -1515.3617606063580752 8196.0554584628807788 15576
12000000 310.19199191288402062 12943.803073521283295 3573.3086635607969583 -3056.3696847059991342 -1627.3929737680257404 8257.071322034822515 15575
13000000 309.33788216341315547 12908.162474509848835 3555.1929917330789976 -3001.5932991525874058 -1575.8454410618862767 8132.6317319475529075 15571
14000000 310.82932882521657802 12970.398097570247046 3459.1703548218729338 -3034.4071083312301198 -1591.968093327441693 8085.5455564805433823 15574
15000000 314.8996423051581246 13140.245603326162382 3527.8631599596010346 -2974.4764411044106964 -1590.8553679756287238 8093.1949690396413644 15585
16000000 307.85506969113862397 12846.287142017470615 3455.9648774432735081 -2927.4941258780891076 -1658.8807938478194046 8042.3397971691829298 15568
17000000 309.13713376876165739 12899.785573250501329 3580.9614782631406342 -3016.309523869140321 -1603.5132145092916289 8200.7842166415721294 15561
18000000 311.89734469665660299 13014.964648221874086 3626.8746352324269537 -3033.6783551857083694 -1508.5576459938906737 8169.1106364120259968 15567
19000000 310.76320254838668689 12967.638756492506218 3664.3719969128210323 -2912.9421270795737655 -1486.3783436463509133 8063.6924676387452564 15565
20000000 307.99056446995842862 12851.94111691127182 3533.6897487599967462 -2977.7712543089355677 -1620.0204887110262462 8131.4814917799585601 15576
21000000 310.56238081096353199 12959.258794759587545 3574.4314345761727054 -3053.032740351162829 -1525.0217819320635044 8152.4859568594001757 15572
22000000 309.98035647054899755 12934.971873618060272 3515.2347731859636042 -2975.1083221102153402 -1608.2991723415691467 8098.6422676377496828 15577
23000000 304.8356452079567589 12720.291510522731187 3518.033787519310863 -3078.4930289586677645 -1629.6078502989075787 8226.134666776886661 15574
24000000 311.62546896437942223 13003.619719820067985 3673.3672555236353219 -2944.6877097199853779 -1560.2872654205939398 8178.3422306642150943 15586
25000000 308.24741666634116655 12862.659137800455937 3647.6317960582050546 -2990.0581580289408521 -1561.2144302730071104 8198.9043843601539265 15573
26000000 308.45465308657963988 12871.306773726471874 3698.2370496091853056 -2953.5710894862208988 -1600.3140621425620793 8252.1222012379694206 15571
27000000 309.18254480368034365 12901.680501258562799 3595.8687879008652999 -2987.1349630620825337 -1576.4116727501702826 8159.4154237131169793 15579
28000000 307.97564297105469677 12851.318467234919808 3551.1005042159758887 -2934.0840176032324962 -1556.519563193824979 8041.7040850130324543 15570
29000000 310.08151892788322357 12939.193217045054553 3750.2718642669228757 -2915.6946614853686697 -1504.7318171855363289 8170.6983429378287838 15588
30000000 310.91096658703071398 12973.80470747583604 3548.986905426559133 -2994.4654707858762777 -1612.5140873831926456 8155.9664635956287384 15585
31000000 305.21962210260409165 12736.314236572001391 3427.914444246878702 -3126.1686361973488602 -1588.4210098902094614 8142.5040903344361141 15578
32000000 306.20592730943860715 12777.471135204123129 3514.5771152779598197 -3064.2081617256912978 -1594.3896330451921131 8173.1749100488432305 15561
33000000 311.8517201846992748 13013.060812167115728 3547.9579886392648405 -3032.3995092161312641 -1534.8447267027372618 8115.2022245581338211 15561
34000000 312.05354837934601164 13021.482771709273948 3581.4499642710188709 -2922.0597442358325679 -1557.5091594157429427 8061.0188679225957458 15579
35000000 309.09090423021154947 12897.856490428335746 3666.3702195441155709 -3049.6504475619003642 -1476.820889275943955 8192.8415563819598901 15577
36000000 308.30911798415428393 12865.233832595846252 3677.6911536865345624 -2934.0854400055877704 -1620.3272184796865076 8232.1038121718083858 15580
37000000 311.9208123915775559 13015.943916641323085 3573.3332953821495721 -3028.6371299649645152 -1508.6597362717234319 8110.6301616188375192 15552
38000000 309.5558316408245787 12917.257148741098717 3529.495681295013128 -3076.4474966384941581 -1552.9015952253098476 8158.8447731588175884 15578
39000000 312.21166944094647988 13028.08090427391835 3520.0336256168793625 -3012.0020776256774298 -1618.9203085870458381 8150.9560118296021756 15581
40000000 308.5404045308156924 12874.885040852635939 3375.5726404010424631 -3164.1713851511958637 -1674.1046461114208341 8213.848671663658024 15576
41000000 309.69502326665411829 12923.065386997381211 3552.4263064080987533 -3073.8100721995556341 -1606.6431303260123968 8232.879508933667239 15571
42000000 309.27241099904495059 12905.430470200677519 3625.8517789424686271 -3129.5775876038096612 -1423.1451793437745437 8178.574545890052832 15571
43000000 309.80635635230527214 12927.711134063090867 3650.0952675641738097 -3045.9282106946484419 -1466.3980678933301078 8162.4215461521525867 15549
44000000 309.05334892450065354 12896.289369115855152 3496.0606986734164821 -3016.1825154592752369 -1643.3496142861868066 8155.592828418879435 15585
45000000 307.41239530803574098 12827.815066045292042 3674.3141276139340334 -3044.0332196657082022 -1485.1563677383142021 8203.5037150179559831 15562
46000000 310.12248919862565799 12940.902839247382872 3844.4075377321869382 -2905.9603287321569951 -1414.5715335546915412 8164.9394000190350198 15545
47000000 306.08603559296602725 12772.468250511330552 3466.7754884907203632 -3030.5357251399691449 -1617.2712615341015407 8114.5824751647905941 15587
48000000 310.42826218237991043 12953.662244358103635 3442.8970210963816498 -2959.0458290290202967 -1716.21787041165544 8118.160720537058296 15583
49000000 304.89392420643679316 12722.723397545332773 3761.1075191999234448 -2954.5538540674033356 -1402.2200326023566959 8117.8814058696834763 15565
50000000 306.96698205752022659 12809.22870162802792 3693.5888040545023614 -2951.3167639167913876 -1554.5685813328464064 8199.4741493041401554 15575
51000000 311.56461840396963225 13001.080525735784249 3849.324525840908791 -3049.5910001518282115 -1422.683769894562829 8321.5992958872993768 15555
52000000 311.35772110959851489 12992.447040976008793 3515.9422968078051781 -3100.1212443965036982 -1462.4661404235771442 8078.5296816278860206 15571
53000000 312.21736459955201326 13028.318553901841369 3546.7207924134850145 -3050.5821135747428343 -1571.5779172367861065 8168.8808232250139554 15582
54000000 308.20631605954650922 12860.944076888432392 3556.5968115080740972 -3003.1643543247387242 -1633.1038299340459616 8192.8649957668585557 15582
55000000 307.04152418582657447 12812.339222384958703 3517.2450731493845524 -3005.4227632868924047 -1613.6796496008832946 8136.3474860371607065 15594
56000000 311.06588800349146595 12980.269324096572745 3595.7881776319109122 -3030.2456080067659059 -1500.2205019590091979 8126.2542875976860159 15558
57000000 306.04345489956187976 12770.691428012600227 3601.472052337448531 -3042.1812706518294362 -1550.9258831741594804 8194.5792061634383572 15562
58000000 308.1993958729053702 12860.655308849765788 3712.8642609538865145 -2934.0788879203100805 -1539.6465781181304919 8186.5897269923270869 15557
59000000 308.90680375275707092 12890.174279449203823 3521.8360268551114132 -2961.1200456478563865 -1650.724327240560342 8133.6803997435272322 15584
60000000 308.94719354491269314 12891.859679232155031 3490.3820534331207455 -3049.466117297773053 -1667.1196815881542079 8206.9678523190486885 15597
61000000 311.0629770225862103 12980.147853637725348 3472.0007353733067248 -2986.4787435846474182 -1660.8142956663568839 8119.2937746243114816 15569
62000000 311.6412802382661198 13004.279498347132176 3781.4983612408518638 -2913.190289493310047 -1588.229096697429668 8282.917747431591124 15594
63000000 309.17834010907250786 12901.505046248739745 3492.8893489383835913 -3046.0240803606402551 -1614.3880945984301434 8153.3015238974539898 15585
64000000 308.93793458191396439 12891.473317891935949 3591.7548587870974188 -2918.5917302435191232 -1536.6065376039482544 8046.9531266345647964 15587
65000000 313.7224543903185463 13091.123482357636021 3776.349540059859919 -2981.8140385430015158 -1531.6597769816305572 8289.8233555844926741 15569
66000000 310.1528467443585555 12942.169609841101192 3610.2602822802127776 -2966.5203792986067128 -1600.9696298552478311 8177.7502914340675488 15574
67000000 310.13192261486187817 12941.296480235079798 3553.9500996649367153 -3001.8160258325747236 -1471.9334975417530131 8027.6996230392651341 15563
68000000 313.37526304999801141 13076.635757158066554 3521.2642512780475954 -3017.6780176357851815 -1564.2921655463487696 8103.234434460182456 15590
69000000 310.00835444732081214 12936.140183268984401 3492.1841548346274067 -3036.4868550889568724 -1641.7184098052966874 8170.3894197288809664 15596
70000000 311.15704152624800827 12984.073011099393625 3493.8335303696594565 -3082.017357526833166 -1619.1118418732517057 8194.9627297697443282 15585
71000000 309.63484412345763985 12920.554210052210692 3466.6032904458843404 -3085.5475541781415814 -1602.0060898689835085 8154.1569344930103398 15590
72000000 309.88025111760418895 12930.79464142346842 3497.7783861639809402 -3004.0113215746696369 -1563.2059624758928749 8064.9956702145427698 15586
73000000 312.09656256543178188 13023.277683146634445 3536.6580691190133621 -2978.1770234383402567 -1589.1398671167328303 8103.9749596740857669 15574
74000000 313.8298131932597812 13095.603389124122259 3533.1529617039300319 -3046.1017613788412746 -1567.9152899201321816 8147.1700130029030333 15581
75000000 311.862533649679051 13013.512040325449561 3641.1074460802306021 -2885.9526396270557598 -1574.0382611006075422 8101.0983468078929945 15597
76000000 309.07652985648769572 12897.256671388395262 3375.2285784880250503 -3000.6050592466317539 -1624.0006816014638389 7999.8343193361197336 15587
77000000 310.40017992843382899 12952.490417958921171 3529.4106680081413288 -3092.367297227049221 -1516.0876838267436142 8137.8656490619341639 15569
78000000 310.39837186358187182 12952.414970378074941 3617.8945820833750986 -2953.9328283494351126 -1487.5666025386817637 8059.3940129714919749 15569
79000000 308.32864713420008229 12866.048751997301224 3655.6258892879041014 -3022.5242657560720545 -1536.5469577010071589 8214.6971127449833148 15562
80000000 309.42725015073847317 12911.891654047600241 3472.5911235347930415 -2900.1409992238814084 -1719.2392365664647969 8091.9713593251381099 15597
81000000 306.96994096657607543 12809.352172049992078 3603.8336647337773684 -2974.3059004071246818 -1592.3578035005493803 8170.4973686414514304 15561
82000000 310.23063684194562484 12945.415663029089046 3572.0632410556841023 -3009.4015858749194194 -1529.2035711475980406 8110.6683980782017898 15564
83000000 310.90041959701994756 12973.364598880911217 3615.2489469251768242 -2873.0577006889552649 -1594.5555212190415659 8082.8621688331750192 15589
84000000 308.97634891778380961 12893.076285124045171 3516.2811370674035061 -2982.4192754559262539 -1652.9163158666895015 8151.6167283900203984 15588
85000000 308.19934647160545182 12860.653247414544239 3648.7108560023689279 -2932.1970090037593764 -1573.5169381427608641 8154.4248031488878041 15577
86000000 311.05485885014604719 12979.809095616492414 3823.5469732115275292 -2939.928014657598851 -1448.7842775250255727 8212.2592653941519529 15582
87000000 308.76772208640323925 12884.370629621496846 3624.4570573858641183 -2952.824619232380428 -1632.2096800460813029 8209.4913566643263039 15589
88000000 312.74790138384878446 13050.45698377183362 3738.3167149348510065 -2916.0597680423743441 -1544.6820798967551127 8199.0585628739809181 15594
89000000 308.09173696575186341 12856.162879226705627 3651.1329701429413035 -2903.4090436012352257 -1603.2980306832955648 8157.840044427472094 15573
90000000 309.08548023809322558 12897.630156133182027 3802.0085202480795488 -2917.2905931542377402 -1531.9631945971582354 8251.2623079994755244 15573
91000000 309.9871933697659756 12935.257166209117713 3540.9475414822063613 -2933.8238185738910033 -1637.7663210243729282 8112.5376810804709748 15604
92000000 305.92586771034797266 12765.784707462633378 3692.7914766801568476 -2918.1135316952359062 -1558.8997298355238854 8169.8047382109161845 15580
93000000 309.2338955928630071 12903.823285470210976 3839.9713405536326718 -2835.9733897251926464 -1440.9289121579913626 8116.8736424368162261 15552
94000000 308.3738499368556063 12867.934990814545017 3630.0449585237647625 -2918.2142366333314385 -1555.3407958951747787 8103.5999910522696155 15580
95000000 306.78099558950088976 12801.467791355857116 3646.3518739103565167 -2993.0063893612332322 -1508.3178670853299082 8147.6761303569182928 15560
96000000 315.27456975325833355 13155.890710813107944 3559.8365966261044377 -2946.1451401619069657 -1586.9778902445314088 8092.9596270325428122 15568
97000000 308.57531371855094449 12876.341744001918414 3654.4534898303986665 -2930.5366013046177613 -1572.6044311328842014 8157.5945222679001745 15585
98000000 311.55398836902776338 13000.636951812086409 3462.2940127916581332 -2997.8852699099679739 -1698.6446441226380557 8158.8239268242632534 15591
99000000 313.08202160291904192 13064.399272519705846 3574.5146814135905515 -2977.3152475194078761 -1545.5108751739890067 8097.3408041069878891 15562
100000000 307.66054130602054784 12838.169791554451876 3476.3974795686472135 -3070.4865946557401912 -1645.4945872171692827 8192.3786614415566874 15587
101000000 309.33008845508686591 12907.837255843931416 3462.4930465080460635 -3050.8390009086519967 -1615.7962090012836143 8129.1282564179819019 15580
102000000 309.61537652336153315 12919.741859029205443 3442.4361104182944473 -3018.533658502844446 -1681.71865843593514 8142.6884273570740334 15595
103000000 308.35627070842338071 12867.20143844393715 3631.1525369011446855 -3037.7425078167589163 -1541.3925043053134232 8210.2875490232181619 15565
104000000 313.02327850491383288 13061.948019385094085 3624.3318170320621903 -3000.031581712722982 -1659.4489441383168469 8283.8123428831022466 15589
105000000 308.73172913952862473 12882.868702980813396 3546.1718150386054731 -2979.3581011941719225 -1623.3892136771514743 8148.9191299099284151 15567
106000000 311.88431387032352404 13014.420893210985014 3839.0316303122340287 -2833.8811962621266503 -1478.5119843846928234 8151.4248109590544118 15576
107000000 309.36397318777534338 12909.251210164331496 3698.9780163628479386 -2828.055727287652644 -1487.4659379444860861 8014.4996815949862139 15572
108000000 308.50654357858536514 12873.472078851753395 3702.8428936583359246 -2974.8435359662817064 -1518.103069048425823 8195.7894986730425444 15583
109000000 310.88268959600577546 12972.624755017743155 3863.9154122040854418 -2971.3979709623454255 -1430.3677397624824152 8265.681122928912373 15557
110000000 311.03945975324791107 12979.166516559147567 3665.5708210702305223 -2971.8721285414771955 -1590.3010789647239562 8227.7440285764314467 15578
111000000 308.59940838809546904 12877.347175044102187 3680.7436823518223719 -2982.2446533326483404 -1527.6507881521665695 8190.6391238366377365 15583
112000000 305.98825310879777817 12768.387947821025591 3738.5389496680140837 -2895.6612322967685031 -1601.8264825764567831 8236.02666454123937 15585
113000000 312.3540755015780519 13034.023275622463188 3703.2380710507532058 -2917.6358016927761128 -1574.4068450220779596 8195.2807177656068234 15564
114000000 307.89374223568654543 12847.900883874226565 3784.9734258349467382 -2931.9505108312869197 -1505.5067248332034069 8222.43066149943661 15570
115000000 308.13001706565108861 12857.760245011922962 3823.7192979939909492 -2859.3717147236475284 -1550.7934755029364169 8233.884488220573985 15585
116000000 307.97626538067288493 12851.344439367467203 3817.9794264648662647 -2970.5387739632355988 -1499.6464557925301051 8288.1646562206333329 15585
117000000 313.37250693401119861 13076.520748958271724 3641.493253525783075 -2963.8750000456839189 -1549.0695580684864581 8154.4378116399539067 15578
118000000 311.71454523289571625 13007.336726410370829 3476.5360592029901454 -2939.4548283000308402 -1654.5093308092282314 8070.5002183122487622 15584
119000000 309.62536692494620638 12920.158742101975804 3497.9442177258501943 -2984.4551296570807608 -1638.1115172100930977 8120.5108645930240527 15587
120000000 308.08655966207294341 12855.946838835532617 3821.1397217590765649 -2942.7230733128753855 -1476.4141023440408844 8240.2768974159916979 15579
121000000 310.18580804588168576 12943.545030893499643 3578.4972947075166303 -2994.0504449570462384 -1611.0971400676235135 8183.6448797321863822 15597
122000000 308.15811105034583761 12858.932560916009606 3528.0621288950510461 -2987.4875281399363303 -1537.7747326162746049 8053.3243896512612992 15583
123000000 309.44509170282765353 12912.636152754172144 3462.0735573169204145 -3063.2119072496639092 -1529.2772293211532997 8054.5626938877376233 15564
124000000 308.26213877548639175 12863.273467269205867 3624.0672908904743963 -2993.5117873334374963 -1533.4608479886776422 8151.0399262125902169 15568
125000000 308.7809115383404901 12884.921003818686586 3659.3672730902203512 -2927.6801576761949946 -1513.6403386031988703 8100.6877693696151255 15579
126000000 309.33892173892036226 12908.205854290747084 3686.2079779135979152 -2948.451770725408096 -1584.9520063791312623 8219.6117550181370461 15578
127000000 310.97229118765642397 12976.36368248085455 3773.2568025553846383 -2995.6051277692636177 -1498.1338801981255529 8266.9958105227742635 15562
128000000 311.22514125053652378 12986.914700902911136 3676.8264694133522426 -2936.6306311501857635 -1566.3186064105286732 8179.7757069740673614 15585
129000000 307.35367084318124853 12825.364590441498876 3824.0593899446298565 -2830.8352652784819838 -1555.9465094056072303 8210.8411646287204348 15562
130000000 311.3345276865468918 12991.479217471831362 3600.7028069620164388 -2900.191188658516694 -1567.534697379501722 8068.4286930000344 15591
131000000 310.20952789745223299 12944.534821396371626 3758.7570105490021888 -2878.4621669051252866 -1474.0686035314133733 8111.2877809855408486 15577
132000000 306.81202580115626688 12802.76263119527357 3810.8565100019077363 -2834.5234774259652113 -1600.5182460497533157 8245.8982334776264906 15583
133000000 311.24899370596642711 12987.910024747348871 3667.0287195515847998 -2912.4207985492789703 -1527.5027724601745831 8106.9522905610383532 15572
134000000 309.9314699817190899 12932.931920618408185 3645.8098616564589065 -2984.3240327988978606 -1542.2067180932690462 8172.3406125486253586 15574
135000000 310.19244748766175235 12943.822083909566572 3556.2104226207970896 -2981.0348770730133765 -1580.797739719637093 8118.0430394134473318 15573
136000000 310.95058834598802378 12975.458058493080898 3521.4703231268604213 -2982.5534921917969768 -1644.6975336493849227 8148.7213489680416387 15603
137000000 311.09287730632740931 12981.395543438489767 3579.3684851879415874 -2874.8897239071461627 -1582.5147885369342475 8036.7729976320224523 15578
138000000 310.89478893424649186 12973.129640558281608 3553.7315974053517493 -2919.9848591176519221 -1636.0157623185098146 8109.7322188415146229 15594
139000000 305.66889899269727948 12755.061824332047763 3701.8573349255270841 -2808.2992632675400273 -1595.8336029079757736 8105.9902011010435672 15557
140000000 308.52571585040072932 12874.272106309972514 3622.5370090380665715 -2964.4942943696792099 -1541.972279796397288 8129.0035832041430695 15572
141000000 308.01409583744111842 12852.923042282292954 3480.9729319522657534 -2916.4565572733449699 -1543.3300077484286703 7940.7594969740393935 15571
142000000 311.26379970155272758 12988.527854659703735 3608.2151707897382948 -2981.8743349130809293 -1501.0730913498491645 8091.1625970526692981 15562
143000000 314.31757277797146344 13115.956796614744235 3729.259313829313669 -2912.5808389186649947 -1478.5195875574886486 8120.3597403054664028 15572
144000000 310.2152237421415748 12944.772499653445266 3716.0723544474349183 -2834.7867139701925225 -1603.4076891769118447 8154.2667575945397402 15579
145000000 307.78049201564982695 12843.175137934918894 3814.8377537234250667 -2837.0054999010480969 -1521.915329339892196 8173.7585829643649049 15577
146000000 308.56007342994553255 12875.705791754166057 3892.6230863225882786 -2912.9398591041808686 -1453.2064317945341827 8258.7693772213042394 15562
147000000 309.48435549796215582 12914.274566528190917 3727.8109145524513224 -2890.1003918577230252 -1631.6312317942251866 8249.5425382043995342 15583
148000000 306.79473681294285825 12802.041190072970494 3728.0878337694553011 -2933.37922285663808 -1534.6056370402482116 8196.0726936663413653 15584
149000000 307.01563779557989164 12811.259025776493218 3534.0653104335815442 -2998.4161802311441534 -1627.8179265501439659 8160.2994172148701182 15572
150000000 310.04938408068198896 12937.852282576031939 3572.995374421424458 -2946.2504826373024116 -1612.0461874596733196 8131.2920445184008713 15584
151000000 309.21403411385767868 12902.994498526330062 3859.5352283807542335 -2984.9625006131736882 -1377.4958551369372799 8221.9935841308652016 15556
152000000 310.18332038385079841 12943.441224836989932 3398.6582082017371249 -2917.4003823043331067 -1610.7943627440049568 7926.8529532500751884 15582
153000000 314.09873124107281228 13106.824898204167766 3500.8936372418311294 -3043.0740770181755579 -1514.2997413819393842 8058.2674556419469809 15568
154000000 308.17763439454790841 12859.74723804912901 3555.9011814154414424 -2950.565372275451864 -1585.0925639616739318 8091.5591176525676929 15570
155000000 305.81899096395619608 12761.324916125331583 3572.8045511584841734 -2971.996012321060789 -1579.7345371046101263 8124.5351005841548613 15578
156000000 310.74187125067754778 12966.748636424779761 3618.169418929672247 -2991.4983576347767666 -1589.7343595088709662 8199.4021360733204347 15584
157000000 310.7613825132347074 12967.562809410672344 3720.9810218796787922 -2944.0537431244752042 -1584.4781260234767615 8249.5128910276289389 15597
158000000 310.28120996790346453 12947.525996629816291 3564.300426540936769 -3005.6226487118074147 -1626.7161820088726927 8196.6392572616168763 15597
159000000 309.00800338651981747 12894.397174187586643 3688.3485170914627815 -2951.2088660375529798 -1520.4448028582914958 8160.0021859873068024 15567
160000000 311.97092370985842535 13018.034979765106982 3768.2109306199808998 -2861.675233227136232 -1606.8784304371556573 8236.7645942842718796 15573
161000000 308.26321116833429414 12863.318216463907447 3740.6166758916479012 -2862.8161594529660761 -1546.4799532385118255 8149.9127885831258027 15559
162000000 311.57525177895189472 13001.52423903388808 3671.0686247830431057 -2981.8486805420425299 -1581.6963810632114473 8234.6136863882966281 15574
163000000 308.70336053512488661 12881.684927646678261 3764.0907787675159852 -2976.9196450985591582 -1548.9411892122197969 8289.9516130782958498 15552
164000000 307.25265252120317427 12821.149261546519483 3661.8387310236680605 -3008.1478527584031326 -1562.2193106741824522 8232.2058944562522811 15582
165000000 307.63189271404667124 12836.974332798226897 3664.5925157010374278 -3006.1491874403309339 -1628.9168871953409052 8299.6585903367085848 15569
166000000 311.1436558040073237 12983.51444686434661 3866.3630085812001198 -2937.9447135045675168 -1543.6822747203852941 8347.9899968061527034 15584
167000000 307.70281191301842227 12839.933674656027506 3809.4002140902748579 -2870.5925118664881666 -1490.405736352220174 8170.3984623089836532 15552
168000000 307.14157056017006653 12816.51399349924759 3890.2409231315818943 -2836.0847993913785103 -1425.1288625853144367 8151.4545851082748413 15571
169000000 311.33985983606936543 12991.701719326090824 3635.2929774126878328 -2925.2164327529803813 -1590.4080809519416562 8150.917491117609643 15579
170000000 308.9965975735095185 12893.921228317456553 3593.0110714059492238 -2946.1968525539905386 -1626.8378866536122587 8166.0458106135520211 15596
171000000 308.83837453603143786 12887.318840466688926 3667.9435984641140749 -2971.976114718716417 -1590.8261946036163863 8230.7459077864459687 15583
172000000 315.6287843004498086 13170.671502916569807 3568.4473609683027462 -3021.588172923017737 -1597.628462920025413 8187.6639968113449868 15575
173000000 307.69845982921623317 12839.752069336856948 3395.1274461413313475 -3070.8405668949994833 -1679.0557571907597776 8145.0237702270906084 15574
174000000 307.20629941162701471 12819.215022308106199 3626.5895699391044218 -2980.6952925992800374 -1529.6687825251892718 8136.9536450635741858 15574
175000000 309.61703979893610494 12919.811264790978385 3592.3615528575865028 -3048.2083692551705099 -1606.322993183831386 8246.8929152965883986 15561
176000000 306.56146707448868938 12792.307226475320931 3448.261892436051312 -2970.0716620157609213 -1634.0664991232006287 8052.400053575012862 15580
177000000 310.79715002108912358 12969.055328850787191 3680.1154226648013719 -2998.2454581936422073 -1510.6293496918724486 8188.9902305503164825 15559
178000000 311.80951935978202982 13011.29984095731561 3492.8814861863766055 -3041.372721915904549 -1628.9083844411434256 8163.1625925434245801 15577
179000000 311.66487203833469266 13005.263945470844192 3598.2373738540195518 -2977.8673008264249802 -1586.8036368355014929 8162.9083115159446606 15583
180000000 309.76514452643488085 12925.991432161450575 3632.5041724945067472 -3025.1601860340597341 -1621.2735303348067646 8278.9378888633727911 15577
181000000 311.47271484163809419 12997.245540811645697 3629.2087618907135038 -2919.9556017481986601 -1584.6085228052120328 8133.7728864441232872 15567
182000000 307.97007934788314287 12851.086306364924894 3542.2447546498788142 -2995.1986612446903564 -1652.7959178231089936 8190.2393337176781642 15580
183000000 308.97612854371669755 12893.067089275662511 3672.8343899738283653 -2913.4295329266042245 -1619.6198805099829769 8205.8838034104155668 15578
184000000 309.75700736488977327 12925.651881756013609 3866.537077875871546 -2909.537173726029323 -1468.7978996133970213 8244.8721512152969808 15582
185000000 310.85186437121330982 12971.338468943915359 3687.4553030935599054 -2856.6878461253313617 -1675.1011855792862661 8219.2443347981788975 15585
186000000 311.3447687192651756 12991.9065589707443 3607.0362569894859917 -2962.1040182915262449 -1637.1385759433369458 8206.2788512243478181 15590
187000000 310.46673562948217295 12955.267678204994809 3684.1116449548926539 -2972.0695316108476618 -1596.7762745797961088 8252.9574511455375614 15590
188000000 306.94976001988931102 12808.510054243726699 3751.2967201852243306 -2871.2536235527381905 -1516.5430311137806711 8139.093374851743647 15567
189000000 311.98796127823703728 13018.745929550059373 3525.2153550425823596 -2991.3868264593465938 -1607.4939587515927997 8124.0961402535212983 15595
190000000 309.48892757967610123 12914.465351999397171 3810.5112317612392872 -2846.2507921716064629 -1552.2972158617549212 8209.0592397946020355 15579
191000000 310.87718437810957539 12972.395031304098666 3690.0492343502651238 -2960.7840207828944585 -1493.2246719433983344 8144.057927076559281 15568
192000000 312.40531639840889966 13036.161474206504863 3578.6201307287246891 -2964.0063179185131048 -1567.112447897616903 8109.7388965448544695 15578
193000000 310.07054170717094621 12938.735155628581197 3488.562586631360773 -2993.7582376253744769 -1637.3830645519467453 8119.7038888086817678 15568
194000000 313.63825332825882697 13087.609910136892722 3490.2745147155837913 -3001.4510302677263098 -1645.2033128004432001 8136.9288577837523917 15575
195000000 309.16343502081082306 12900.883081361565928 3739.9561366947409624 -2887.7933755307412866 -1589.2412757636247989 8216.9907879891070479 15572
196000000 312.35503536802218605 13034.063329274889838 3654.1401546605507065 -2906.7563419161765523 -1604.429479155949366 8165.3259757326777617 15591
197000000 313.41364896459856482 13078.237538417224641 3720.2299224608473196 -2874.0902444052926512 -1499.0478552909423797 8093.3680221570821232 15572
198000000 310.43985585702125718 12954.146029385985457 3597.9822352418414084 -2967.8078301323448613 -1611.5195850437853551 8177.3096504179720796 15576
199000000 309.99353159515135303 12935.521649959062415 3716.0786386631707501 -2874.4474911349134345 -1543.052134227431452 8133.5782640255165461 15574
200000000 307.49049909725783891 12831.074209070720826 3928.8304737823709729 -2902.6635670192390535 -1383.32776560621096 8214.8218064078228053 15561
201000000 311.45189652028278715 12996.376826405825341 3648.9606273398790108 -2962.0592413806521108 -1507.0759862845220596 8118.0958550050527265 15571
202000000 310.73943609956495493 12966.647021562766895 3752.0701780446725024 -2908.4403464441620599 -1490.0704455479708486 8150.5809700368063204 15560
203000000 309.1149099116695993 12898.858208143621596 3710.85147725521756 -2973.4990601880576833 -1497.4407669591664671 8181.7913044024417104 15566
204000000 309.66529698930310133 12921.824958197888918 3886.1056341340872677 -2932.7873753408453013 -1412.3303654305705095 8231.2233749055030785 15569
205000000 308.67451273677073686 12880.48115633492489 3773.6086872457581194 -2916.9272218254063773 -1465.8563396423296581 8156.3922487134932453 15560
206000000 310.64989457754916202 12962.910600706998594 3680.9753918751293895 -2849.6014074115128096 -1627.2905598709057813 8157.8673591575488899 15573
207000000 312.68465017513301518 13047.817614571067679 3767.3830702147934062 -2895.5048759639739728 -1503.744765217712029 8166.6327113964798627 15566
208000000 310.86638625815220394 12971.944443468382815 3691.2748525996184981 -2954.8533596942079384 -1533.1396705264951379 8179.2678828203215744 15569
209000000 309.07474082993758202 12897.182018244659048 3715.1488297585210603 -2885.3902652523920551 -1584.3822084463961346 8184.9213034573103869 15572
210000000 309.11711649594798246 12898.950285286517101 3623.2200065163169711 -2972.6399220249186328 -1663.7901796577307323 8259.6501081989663362 15593
211000000 310.1166248899971265 12940.658131266425698 3600.8879153326970481 -2958.1184376322062235 -1590.5558136225458838 8149.5621665874496102 15595
212000000 310.76411815954190843 12967.676963444309877 3872.3672038076342687 -2876.2090013876145349 -1481.4234692838522278 8229.9996744790987577 15575
213000000 309.40996277936494607 12911.170280393374924 3600.2461008857526394 -2970.5915962958424643 -1546.0311921595671265 8116.868889341160866 15560
214000000 310.00739950278011747 12936.100334999515326 3474.4355832932847079 -3008.9451858097768309 -1708.7532635220925386 8192.1340326251538499 15601
215000000 309.18100037617170983 12901.616054831658403 3651.9756743825778358 -2997.1794896620895088 -1621.6389345145994412 8270.7940985592667857 15580
216000000 308.52591083849853248 12874.280242843491578 3588.8533178237180437 -2976.8838441876059733 -1651.1528770345528301 8216.8900390458766196 15575
217000000 311.36940050933770863 12992.934403171624581 3632.2748984230001952 -2968.5411828375672485 -1552.1807723000204078 8152.9968535605876241 15589
218000000 309.51061251666408225 12915.370228854220841 3572.2358951705518848 -3061.453042432643997 -1623.0140072783938194 8256.702944881590156 15583
219000000 306.85522785491298237 12804.565382042419515 3654.4751130058352828 -2951.8063970377875194 -1541.0750867263795953 8147.3565967700023975 15565
220000000 309.36771613707537654 12909.407397299773947 3742.162771616871396 -2908.3380742187127908 -1554.5776323945915465 8205.0784782301761879 15577
221000000 310.21284003263161821 12944.67303136514056 3690.3342990311284666 -2851.6367067994992794 -1537.4201703706949047 8079.3911762013231055 15585
222000000 307.30987296537119846 12823.536976833825975 3664.8100632833588861 -2905.2095927510522415 -1576.6471410557805939 8146.6667970901917215 15576
223000000 313.02316638596494158 13061.943340845244165 3897.1042274083092707 -2888.9050257445210264 -1408.0920193954502793 8194.1012725482796668 15554
224000000 310.25175331578282112 12946.296818848973999 3646.3764732790205016 -2942.4415886610031521 -1567.4212163576112289 8156.2392782976339731 15563
225000000 310.21732757317482765 12944.8602890719485 3824.3974233015878781 -2973.0195572310831267 -1452.8710211334087035 8250.288001666080163 15570
226000000 311.76175324482869655 13009.306639321999683 3650.7058465903037359 -3001.0054992988434606 -1552.885639701187074 8204.5969855903349526 15575
227000000 309.97460828121535314 12934.732011104830235 3753.7956483588513947 -2899.6874125701278899 -1547.5361998863127155 8201.0192608152901812 15589
228000000 309.90365833073639124 12931.771386037069533 3629.3676602535151687 -2910.022551236174877 -1577.556991078093688 8116.9472025677841884 15574
229000000 309.43849343554597908 12912.360817882392439 3748.3739935063749726 -2792.9062006821450268 -1517.6318146127323416 8058.9120088012514316 15578
230000000 307.31930039787914666 12823.930368130355419 3636.4229814625573454 -2890.0495455167092587 -1642.3599066431333995 8168.8324336223995488 15580
231000000 307.39084621339884507 12826.915857668980607 3636.7016562712296945 -3017.5272975890884481 -1565.4847557716930169 8219.7137096320111596 15579
232000000 312.16521164846534475 13026.142296789574175 3546.0167475835660298 -2970.1446471318140539 -1663.1471941317511209 8179.3085888471305225 15598
233000000 306.10373597152835146 12773.206858278168511 3609.1137591486922247 -2966.3742416099512411 -1511.5193815031630038 8087.0073822618060149 15572
234000000 310.16024217359870363 12942.478208973974688 3571.0034681645497585 -2998.1804466857638545 -1518.5870618362105233 8087.7709766865255006 15579
235000000 312.77260712756901739 13051.487913937140547 3650.259341506517103 -3000.1134529476767057 -1535.0157807135053645 8185.3885751676998552 15568
236000000 311.50639810424485177 12998.651088115966559 3565.2252129036187398 -3052.9200013200575086 -1577.2795452214149918 8195.424759445089876 15567
237000000 316.54961195169948951 13209.09613054453439 3562.1483904455171796 -2951.7832927529266271 -1613.5819469929456318 8127.5136301913898933 15576
238000000 312.91622369695079442 13057.480797830463416 3536.8034900208822364 -2982.1487169077572617 -1571.2272560857877579 8090.1794630144268012 15571
239000000 312.00905968575585803 13019.626331492110694 3719.0816229980887329 -3002.3768872996979553 -1478.8162845942417789 8200.2747948920296039 15560
240000000 310.49869077812076057 12956.60111414772291 3556.9946164540601785 -3107.1877585918246041 -1484.5961627574824888 8148.7785378033677262 15576
241000000 310.29777304697540785 12948.217146754215719 3552.4875067356406362 -3087.213065361428562 -1503.045573344377317 8142.7461454414469699 15578
242000000 307.66358774980756152 12838.296914657181333 3832.4134838029895036 -2945.1600589379431767 -1457.3047356457832393 8234.8782783867172839 15563
243000000 309.50451259134678139 12915.115688975280136 3719.1101739057717168 -2920.9833537707650066 -1474.2157103419549458 8114.3092380184916692 15562
244000000 310.48634910034547829 12956.086116175869392 3568.6282582153808107 -3009.6712354358769517 -1592.4823618518107651 8170.7818555030689822 15572
245000000 310.02754008034060007 12936.940768268350439 3503.8415489488361345 -3021.370201441973677 -1604.5318230752995987 8129.7435734661094102 15580
246000000 307.73471148550669341 12841.264791497153055 3568.7532978789718072 -3022.2490301846555667 -1571.0575560030206361 8162.05988406664801 15581
247000000 308.74669517538171704 12883.493211111017445 3632.5795773804356941 -3020.9158253675068408 -1470.9650166246024128 8124.4604193725454024 15559
248000000 310.61334427900351329 12961.385416695200547 3769.7386800611329818 -3023.370069508447159 -1470.8845423447601206 8263.9932919143393519 15566
249000000 312.04850100557325732 13021.272153079984491 3707.7283293152540864 -2917.5931834140828869 -1543.2371923942223475 8168.558705123558866 15571
250000000 307.08783630090073302 12814.271750990037617 3616.8847422573735457 -2976.7457301179829301 -1479.6599009156036573 8073.2903732909599057 15581
251000000 310.83179939676222148 12970.501190468836285 3535.1524558467508541 -3002.7151446420748471 -1693.8161484842312348 8231.6837489730569359 15598
252000000 311.74479311733716713 13008.59892101825244 3539.0501326680300735 -2918.2939299896943339 -1626.811068428800354 8084.1551310865252162 15586
253000000 309.10130594519966962 12898.290536934833654 3505.8800673947539508 -2974.8719844778438528 -1514.9612338656206703 7995.7132857382184739 15580
254000000 313.04286460959099259 13062.76531540990436 3402.8987958580678423 -3018.6823690920036825 -1644.573523561944512 8066.1546885120169463 15600
255000000 309.7755320111959918 12926.424884863912666 3618.6117789555164563 -2926.958795216281942 -1635.9374045455529085 8181.5079787173517616 15577
256000000 312.40462589177656128 13036.132660497243705 3426.02913727303212 -2952.2756046303602488 -1720.8157457191064168 8099.1204876224983309 15601
257000000 307.51688785558440031 12832.175368675219943 3489.5537052697786748 -3037.3680575040289114 -1632.4967083714332148 8159.418471145240801 15581
258000000 308.9056602927471431 12890.126564738389789 3793.657760140285518 -3011.132095798976934 -1452.5271087441528834 8257.3169646834139712 15554
259000000 309.87060158234646678 12930.391982143462883 3567.2808429247793356 -2972.1829803976052062 -1589.4660461804380702 8128.9298695028219299 15557
260000000 309.25257251102522105 12904.602642632919014 3726.9407359535298383 -2895.6346048371424331 -1568.559751911712965 8191.135092702385009 15582
261000000 307.79209755437932472 12843.659418031738824 3635.6846670964896475 -2954.2167716495750938 -1616.9672798964745652 8206.8687186425395339 15587
262000000 312.74305368166562857 13050.254697110494817 3803.7527053094918301 -2906.328935060353615 -1474.3715494551797747 8184.4531898250243103 15568
263000000 308.96355609666881037 12892.542461680552151 3831.3896299805664967 -2860.654836900419923 -1600.6788900001877209 8292.7233568811752775 15572
264000000 308.51424380203167175 12873.793396546952863 3613.1292054721670866 -3020.4810666394359941 -1630.963939810832926 8264.5742119224360067 15606
265000000 311.3197947591535808 12990.864436575329819 3599.9542024689162645 -2988.583737676810415 -1543.2636355147287759 8131.8015756604554554 15571
266000000 308.09865929070417678 12856.451736493590943 3583.9073078930800875 -3006.9883930803589465 -1483.36343963581362 8074.2591406092533362 15562
267000000 309.72797145276001629 12924.440260764929917 3545.4308323511418166 -3087.6862830600443885 -1621.1375139825167935 8254.2546293937029986 15575
268000000 311.07872310912631519 12980.804912003728532 3486.3204054166344577 -3048.1621242203373185 -1645.0300416926268099 8179.5125713295983587 15590
269000000 313.44888229126803481 13079.707767352607334 3678.4731820992969915 -2924.3535427379119938 -1581.2612808378235059 8184.0880056750320364 15576
270000000 310.79281536646357154 12968.874450822573635 3764.5716193154867142 -3011.4776594146223943 -1478.4903204558540892 8254.5395991859641072 15567
271000000 311.21936625645122376 12986.673719871358117 3626.3011367931003406 -3094.9349552503190353 -1557.4441895834493153 8278.6802816268682363 15580
272000000 311.04813375726791946 12979.528468520580645 3602.4281913793047352 -3021.7482812461071262 -1500.1714620471484523 8124.3479346725607684 15569
273000000 304.72115492866123532 12715.514018944386407 3496.6382718206641584 -2973.0222492573789168 -1682.8537024124698291 8152.5142234905124496 15591
274000000 308.8136260300945537 12886.286125904216533 3587.4276600964876707 -3033.2945197862259192 -1585.5692694590670726 8206.2914493417811173 15598
275000000 311.29605019500939989 12989.873614857291614 3732.0911727400416567 -3043.9345463483782623 -1479.9333801918123754 8255.9590992802313849 15564
276000000 309.34520268723815661 12908.467947962601102 3659.8403505849191788 -2990.7281370862319818 -1539.4494415915887657 8190.0179292627399263 15566
277000000 313.37311801359714991 13076.546248307155111 3707.3896653081892509 -2913.2281679410489232 -1517.8274992130436658 8138.4453324622809305 15560
278000000 308.49043870451538396 12872.800048870578394 3568.6682932071134928 -3073.0286735844606483 -1538.7696868208072374 8180.466653612380469 15568
279000000 306.21136309244241147 12777.697961513589689 3625.6307358041099178 -2932.4284143742488595 -1615.5506943553914425 8173.6098445337511293 15597
280000000 310.6246145919016044 12961.85570836788429 3696.9109747821485144 -2934.8091467297763302 -1509.7334822586662995 8141.453603770591144 15573
281000000 312.94937254010193328 13058.86404468740875 3661.214760668395229 -2988.9271795069680593 -1466.6636773923864894 8116.8056175677502324 15568
282000000 310.88700753593207082 12972.804935568970905 3432.2794067875174733 -3028.4120794000432397 -1607.3562841045998084 8068.0477702921598393 15582
283000000 311.80017355053831807 13010.909855665731811 3567.5614203339214328 -3078.0049881284312505 -1524.3622894945433472 8169.928697956895121 15572
284000000 307.69966529925483201 12839.802371624464286 3825.9695330623753762 -2993.0801727392845351 -1525.2065331834530753 8344.2562389851118496 15582
285000000 311.65376885706427856 13004.800627926868401 3618.6109249886212638 -2977.5564963103520313 -1545.8053410284362599 8141.9727623274084181 15566
286000000 308.67129039475338459 12880.346693287536255 3582.983015370600242 -3190.3692526269041991 -1485.311468560462572 8258.66373655796815 15560
287000000 306.782666349347096 12801.537509424008022 3560.5311353569327366 -2977.555921396494341 -1561.8591085021880644 8099.9461652556155968 15558
288000000 309.01927247155771283 12894.867414623678997 3406.2770882041445475 -3021.8358480125002643 -1676.3533254478516028 8104.4662616644964146 15581
289000000 307.05770607780584669 12813.014466197169895 3614.9221239058883839 -2978.7686399557583172 -1543.0355442854747707 8136.7263081471210171 15568
290000000 307.70948433798685073 12840.212104006448499 3388.1925122109832955 -3031.772293136832559 -1705.3770790750970718 8125.3418844229126989 15596
291000000 307.87105436573170891 12846.95415627161492 3741.9573256763642348 -3023.9508001087715456 -1481.2196003342671702 8247.1277261194045423 15560
292000000 309.57689379254617279 12918.136037788193789 3574.4746735307176095 -2930.6917871969444604 -1649.312544171316631 8154.4790048989780189 15583
293000000 312.03306843725880526 13020.628177315333232 3621.2463523896612969 -3070.2516650882976137 -1476.790000625241646 8168.2880181031996472 15584
294000000 313.4248657481514897 13078.705596398127454 3603.0577334581685136 -3008.8776876589986387 -1559.1073948516689143 8171.0428159688362939 15582
295000000 315.63584864783530293 13170.96628654665983 3451.2811017154272122 -2957.6419434875033403 -1628.7173739614238457 8037.6404191643541708 15585
296000000 309.97126343960786699 12934.592436350458229 3474.7203627421722558 -3003.8883106966613923 -1646.1141728203283492 8124.7228462591629068 15569
297000000 312.88012660471810022 13055.97452537479694 3576.8572799699195457 -3008.5223744231202545 -1567.1128781458241974 8152.4925325388639976 15583
298000000 309.67830114570807609 12922.367600316421886 3595.1488167428242377 -2943.5761118405462184 -1564.7620739782187229 8103.4870025615891791 15577
299000000 308.46065361210634137 12871.55716581517845 3560.7436994594027055 -2964.8811830144295527 -1508.8791474863687654 8034.5040299602005689 15576
300000000 306.83569992549888639 12803.750513575922014 3702.5879535310286883 -2940.720745792733851 -1564.1385875203520754 8207.4472868441152968 15589
301000000 310.17620943841859571 12943.144496746836012 3404.8059334836880225 -2907.1866737810787527 -1709.6479227341230853 8021.6405299988891784 15594
302000000 308.09276076616390583 12856.205600738754583 3575.8474165123097919 -2979.913146788459926 -1670.8603016979536733 8226.6208649987238459 15584
303000000 307.26625991989521935 12821.71707597630666 3779.3413029077037208 -3081.3839993301844515 -1468.6073024368233746 8329.332604674713366 15584
304000000 309.41241013706513741 12911.272404616267522 3627.2921268286468148 -2947.4759210751667524 -1547.8417504763388024 8122.6097983801528244 15579
305000000 311.38674970979991485 12993.658356852314682 3693.437719251607632 -2971.4334344137905646 -1581.838924875353996 8246.7100785407528747 15583
306000000 311.28163204798778452 12989.271969229428578 3566.6166436818475631 -2942.3547086472945011 -1649.8502593917387458 8158.8216117208821743 15588
307000000 306.33875391623990936 12783.013771655689197 3853.8865623460060306 -3020.1259188729109155 -1431.4453715361914874 8305.457852755109343 15591
308000000 306.72691716503169346 12799.211187397324466 3666.529152251675896 -2917.0964920798346611 -1595.4238421336324336 8179.0494864651418538 15580
309000000 310.73686369987655098 12966.539679542787781 3710.6387757634124682 -2887.1972769803933261 -1507.6195491616617801 8105.4556019054671196 15563
310000000 309.19682782708315472 12902.276508399432714 3878.9711582948189061 -2843.0167469735679333 -1477.0929042066832153 8199.0808094750700548 15583
311000000 308.98625258627868106 12893.489548967230803 3632.657632013334478 -2993.5058844242917075 -1553.7047929565305822 8179.8683093941572224 15592
312000000 312.47661896509953294 13039.13681337044909 3556.0567301176265573 -2954.0233765976354334 -1616.5494537028780542 8126.6295604181395902 15581
313000000 306.59006528150894155 12793.500582750069952 3841.0287156697204409 -2875.8292246923947459 -1495.1206756700248661 8211.978616032140053 15578
314000000 309.644143285010216 12920.942248812150865 3585.4205080793167326 -3021.772471576316093 -1640.0913725685272766 8247.2843522241601022 15579
315000000 312.69465838297782057 13048.23524066986829 3494.7373676659590274 -3024.6466892896023637 -1623.4199829644576312 8142.8040399200190222 15565
316000000 313.08209923507558869 13064.402511982272699 3822.8793387375571911 -2962.8330981146691556 -1482.0708403632165755 8267.7832772154433769 15571
317000000 312.2299472968960572 13028.843609224999454 3669.8895998842599511 -2920.2763582970205789 -1540.334014374649314 8130.4999725559291619 15574
318000000 314.3723926407711815 13118.244339578768631 3748.7441013165707773 -2936.7688328757449199 -1533.6168325762009772 8219.1297667685175838 15579
319000000 309.08608390342567418 12897.655346097428264 3607.7769936068793868 -3015.6221444179964237 -1528.6506217538380952 8152.0497597787125414 15599
320000000 311.07603305216349554 12980.692660338660062 3621.6876192721774714 -2949.3755679420705746 -1651.2711545463796483 8222.3343417606283765 15563
321000000 309.12513853120748308 12899.285031660874665 3650.0299178235532054 -2994.1586080416846016 -1566.8848237413467359 8211.0733496065840882 15565
322000000 308.48348501674257705 12872.509882884633043 3687.6516923921126363 -3008.6303578782890327 -1487.3939513420643834 8183.6760016124662798 15553
323000000 309.28484083614461042 12905.949146916545942 3759.4209283276391034 -2973.843860610968477 -1470.8873794887556414 8204.1521684273629944 15562
324000000 307.24681284537075499 12820.905581451743274 3684.2016757370206506 -2881.4877822204380209 -1529.1147826638980405 8094.8042406213562572 15577
325000000 309.19678061335190478 12902.274538247862438 3619.6931261971412823 -2917.4252956601585538 -1539.3153111445972172 8076.4337330018970533 15569
326000000 311.71748250738153274 13007.459294057209263 3553.1921315980948748 -2887.9474173026837889 -1678.1699395130774519 8119.3094884138572525 15593
327000000 303.58045517015830228 12667.914488895197792 3399.0350587893999545 -2945.8417932985917105 -1630.124902311811411 7975.0017543998037581 15577
328000000 307.95071387212891523 12850.27821682321337 3518.9461282981869772 -2913.6905591074869335 -1643.7395708439164537 8076.376258249590137 15602
329000000 312.09991395665775826 13023.417531205843261 3543.2412810489645381 -3005.9499563483150268 -1582.945797888051402 8132.1370352853318764 15592
330000000 309.32393250492202696 12907.580378139989989 3636.228576534064814 -2961.6454205978498067 -1590.0515262229214386 8187.9255233548374235 15563
331000000 309.17454220550524724 12901.346565961857777 3657.9582510904319861 -3057.9342881888251213 -1487.381956061761457 8203.2744953410183371 15575
332000000 310.99460533571703991 12977.294815281764386 3563.489142074897245 -3078.3912685902832891 -1619.7978498068127919 8261.6782604719937808 15582
333000000 310.88280639729640598 12972.629628944034266 3655.9271853035916138 -3001.1336283775872289 -1512.229937191860472 8169.2907508730404516 15565
334000000 309.65884851556199919 12921.555873964880448 3597.0989243024969255 -2948.075582119407045 -1552.6965168728495428 8097.8710232947523764 15558
335000000 312.1880376813749649 13027.094789705686708 3425.7024870842396922 -2994.097902744176281 -1646.4641273297361295 8066.2645171581516479 15585
336000000 309.11006922732639168 12898.656214325234032 3574.23675815988463 -3021.3454023057211089 -1560.7113245559257848 8156.2934850215315237 15580
337000000 309.3245333371731931 12907.605449884398695 3571.0053690697845923 -3003.1940747540911616 -1559.9139741241842785 8134.1134179480595776 15570
338000000 308.46615435720730147 12871.786702886414787 3539.7727169969216447 -3024.3168101302817377 -1624.6664039184579451 8188.7559310456617823 15573
339000000 310.81464846742841246 12969.785510317149601 3649.6040696675727304 -2938.8696623134519541 -1568.1092742135026583 8156.5830061945252965 15575
340000000 313.67513813768977116 13089.149052739299805 3390.5067393774229458 -3045.0211447182891789 -1691.4158178827451593 8126.943701978457284 15576
341000000 309.88070272604539923 12930.813486303031823 3634.1750972085624198 -2962.0554174472017621 -1537.4223858026675771 8133.652900458431759 15568
342000000 306.77538402233113857 12801.233629861450027 3622.8334354459816495 -3007.0326119492428916 -1490.4656456293701012 8120.3316930245946423 15558
343000000 309.8765670962944796 12930.640913256414933 3568.9076785259653661 -3018.2280073711563091 -1526.8562060438189292 8113.9918919409392402 15556
344000000 311.21105163994411669 12986.326764561401433 3584.9850829747711032 -2947.2500981645089269 -1611.6093049214473467 8143.8444860607278315 15578
345000000 313.48176368517016499 13081.079853991039272 3624.6844068023456202 -2895.7908314755891297 -1629.4466982082251434 8149.9219364861601207 15601
346000000 308.89529665722568552 12889.694107225583139 3829.9029662684220057 -2951.6306493900692658 -1499.0686579271637129 8280.6022735856549843 15580
347000000 307.92285413213323864 12849.115675566232312 3514.887699728032203 -2932.8865055096384822 -1609.6106045995034037 8057.3848098371745436 15588
348000000 309.1421497281255597 12899.994881008031371 3561.8557839797390443 -2912.2841465692463316 -1617.0306204082619388 8091.1705509572475421 15586
349000000 314.88405414153982065 13139.59513482467446 3512.8219422884731102 -2925.5415106731916239 -1605.2106574623119286 8043.5741104239768902 15573
350000000 313.34749048422651185 13075.476853538486466 3587.2026180364437096 -2952.1397879341802764 -1651.7805475927925727 8191.1229535634165586 15575
351000000 308.22008638625351296 12861.518690037064516 3606.0514120552343229 -2933.1938046791938177 -1710.9618687006459368 8250.2070854350749869 15608
352000000 308.98836532285224621 12893.577709999324725 3649.2264742118636605 -2917.2893747801836071 -1622.740592340704552 8189.2564413327518196 15583
353000000 307.8349255341187245 12845.446559383664862 3627.2775137275216366 -3027.0291955744341976 -1471.9437711307839436 8126.2504804327400052 15567
354000000 307.43863215323403892 12828.909886564102635 3692.9491445788207784 -2988.8617013191496881 -1565.4022940122254113 8247.2131399101963325 15592
355000000 311.1867062000026749 12985.310869281845953 3531.1904861376988265 -2863.6777197291762604 -1647.1918984718745378 8042.0601043387496247 15601
356000000 311.49351562537907512 12998.113523401581915 3684.5501418178719177 -2904.1731506948135575 -1648.0044309063766832 8236.7277234190623858 15591
357000000 312.04918186589844709 13021.300564264669447 3798.5432268357194516 -2944.4698030320032558 -1481.4736251388303572 8224.4866550065526098 15547
358000000 309.70912910049804623 12923.654000308568357 3702.7358709686850489 -2922.7911289527264671 -1519.6160655982448588 8145.1430655196563748 15590
359000000 310.43054804186579076 12953.757629525389348 3668.7515637329902347 -2873.6057499137964442 -1571.009426915585891 8113.3667405623718878 15569
360000000 308.90035105756004441 12889.905019061761777 3621.3557764040060647 -2934.0798811353170095 -1558.1643578305381652 8113.6000153698614668 15570
361000000 310.55231788009348293 12958.83888515869512 3964.1590362375363839 -2878.1292047078891301 -1415.735318260384247 8258.0235592058106704 15571
362000000 311.81389609993158274 13011.482475145421631 3572.6016892185225515 -2957.7013213577465649 -1587.2781303144474805 8117.5811408907175064 15594
363000000 309.92435004873124171 12932.634817492300499 3613.8891737458661737 -2942.1498310189263066 -1552.1774592865858722 8108.2164640513783525 15582
364000000 311.50207196180599567 12998.470565287343561 3601.9871973263911968 -2987.7316267252467696 -1490.1265969185603808 8079.8454209701976652 15574
365000000 311.63415214120817609 13003.982054547766893 3722.1489855288546096 -2951.2802259996642533 -1548.6645901135766508 8222.0938016420950589 15575
366000000 307.22689997198926903 12820.074649904838225 3749.9182900322384739 -2867.5327071242159036 -1537.2490164146379357 8154.7000135710932227 15585
367000000 310.26984439138817606 12947.051729762630202 3473.7090301065845779 -2930.8899700969927835 -1675.5069604565296686 8080.1059606601065752 15601
368000000 310.54418091707714211 12958.499343037537983 3781.1236893810864785 -2892.002986631130625 -1484.0984040549838028 8157.2250800672009063 15568
369000000 307.17643900289914427 12817.96899642624885 3462.6151651931595552 -2953.9985396178067276 -1718.99272633179271 8135.6064311427589928 15589
370000000 309.98337410972044381 12935.097794751423862 3634.1862901466056428 -2932.7368461857658986 -1624.3232966157161172 8191.2464329480881133 15598
371000000 309.14366299285364903 12900.058027063214467 3448.9712594631646425 -2976.6846381185214341 -1657.2447419238287694 8082.9006395055139365 15591
372000000 308.73943821327264914 12883.190389984421927 3671.7707534162404954 -3062.1147539052308275 -1497.676220371978161 8231.5617276934499387 15588
373000000 309.59439451732663429 12918.866314330169189 3424.0555946316862901 -3061.4724825895709728 -1680.7967322262472862 8166.324809447505686 15583
374000000 311.53277122813085498 12999.751595320904016 3648.0932052279863456 -2957.6440211440453822 -1432.7963162879254924 8038.5335426599576749 15561
375000000 305.68248207249627058 12755.628623974313086 3611.3499668263093554 -3023.6769613541464423 -1549.1753329450348247 8184.2022611254906224 15561
376000000 310.20570606438201366 12944.375342570578141 3611.5877569941603724 -2959.7951282414933303 -1567.3960072028726245 8138.7788924385258724 15585
377000000 309.66930218744852255 12921.992088547533058 3670.0835420756161511 -3000.0875446162235676 -1534.6976324666077289 8204.8687191584467655 15564
378000000 308.54660634018813425 12875.143832186098734 3574.713962804761195 -2970.2207717200121806 -1584.5417322142154717 8129.4764667389890747 15570
379000000 306.32690816976582937 12782.519468083653919 3743.7203600569737318 -2962.0688789938394621 -1526.5375746192789848 8232.3268136700917239 15585
380000000 308.59448219258916879 12877.141612985127722 3537.7130424551783108 -3040.0619392737380622 -1599.0189609886797371 8176.79394271759611 15585
381000000 311.13240263203698532 12983.044870454465126 3377.3547103629516641 -3096.616789307480758 -1636.4927859460390209 8110.4642856164700788 15576
382000000 306.35995974480704263 12783.898656101902816 3618.7129325486102971 -2996.0598566478120119 -1526.0636970469383868 8140.8364862433609233 15570
383000000 308.43519064094925852 12870.494637790869092 3650.9468326683809209 -2866.9731147930660882 -1529.7552215472223907 8047.6751690086693998 15587
384000000 306.05033502961828162 12770.97852455568318 3607.1297169615027087 -2995.128769234183892 -1566.0146087861267006 8168.2730949818123918 15578
385000000 309.74090128878884798 12924.979801616058467 3744.4829901356397386 -2955.3783813334875958 -1564.6553356040926701 8264.5167070732186403 15571
386000000 310.60016239452454556 12960.835358275633553 3536.4197826685813197 -3007.6740024111031744 -1584.4585849204863734 8128.5523700001704128 15589
387000000 311.84370608622322152 13012.726396981714061 3652.3856046057553613 -3001.7834372030456507 -1518.5191905143353779 8172.6882323231366172 15572
388000000 312.2144776304103857 13028.198085414507659 3550.3224907282360618 -3011.0442991768913998 -1535.3603475230524964 8096.7271374281808676 15586
389000000 306.14122310867338683 12774.771135028200661 3501.7806780347327731 -3017.4297214099010489 -1613.2388338523633138 8132.4492332969975905 15595
390000000 310.45845211424193621 12954.922020699896166 3542.1689306575763112 -3104.562299738767706 -1506.1286186755864946 8152.8598490719305119 15582
391000000 311.99484934841154882 13019.033357421249093 3526.0303673811113185 -2963.4374227647704174 -1575.3436172368838015 8064.8114073827655375 15582
392000000 311.16102889206086957 12984.239397335046306 3626.4641567091493926 -3068.5657241851822619 -1532.5178102503109585 8227.5476911446421582 15576
393000000 310.85494791378681612 12971.467140118158568 3707.2874621977107381 -3043.1220277582197014 -1435.4995311779143776 8185.9090211338443623 15545
394000000 309.9277155070225831 12932.77525254707507 3577.8986172853610697 -2952.7977047550220959 -1602.499708607204866 8133.1960306475893958 15580
395000000 316.16678544657514749 13193.121408363293085 3488.714147856425825 -3033.9212453285808806 -1575.5275818104150858 8098.1629749954208819 15591
396000000 311.70455988879871256 13006.920054378266286 3541.2860615771032826 -2954.6069405122289027 -1654.9493818972796362 8150.8423839866118215 15589
397000000 310.68063417926992997 12964.193313870475322 3742.2988419723892548 -2954.5085047361526449 -1435.7642790966706343 8132.571625805212534 15588
398000000 312.21194647948505008 13028.092464637760713 3729.5522832738261059 -3004.3275332170160254 -1437.371188278169484 8171.25100476901207 15564
399000000 311.9779543092479912 13018.328355146677495 3437.715737177772553 -2944.5030684621224282 -1730.4998214007350725 8112.7186270406291442 15592
400000000 311.17277075971958311 12984.729366214489346 3529.4050284028517126 -2949.165057113507828 -1586.8780901895734132 8065.4481757059329539 15589
401000000 311.12819033239452438 12982.869098099021357 3687.6748755074422661 -2897.4546959446934125 -1640.521050731995274 8225.650622184130043 15592
402000000 310.88403303404277267 12972.68081448364137 3676.8000448549428256 -2979.1280896469361323 -1557.95272150871142 8213.8808560105899232 15587
403000000 314.85917146003214384 13138.556821335694622 3549.3828809810511302 -2986.3912441660140757 -1636.6659048320448164 8172.4400299791095676 15573
404000000 312.04622567231984931 13021.177207155116776 3480.4502688276561457 -3077.1237387156215846 -1523.3416161017075865 8080.9156236449862263 15570
405000000 305.95001974173368353 12766.792532120371106 3512.678310789083298 -2941.6479687968831058 -1613.9889795795702412 8068.3152591655380093 15567
406000000 307.04923895399662115 12812.661147007625914 3565.880390112673922 -2950.2750984860167591 -1592.8079236485805268 8108.9634122472707531 15578
407000000 316.08237974788517022 13189.599296991595111 3463.34901575112508 -2979.5722137574066437 -1595.7730807439020282 8038.6943102524328424 15574
408000000 309.09743330728593946 12898.128938106245187 3586.996711777346718 -3006.5744081518387247 -1567.7528307388338362 8161.3239506680183695 15606
409000000 310.751332513039074 12967.143439385614329 3550.5287021800859293 -2925.6393789259027471 -1630.0675550170299175 8106.2356361230185939 15580
410000000 308.20959624633479734 12861.080953703240084 3648.0675080160699508 -2935.3180051506215023 -1562.3434089511565617 8145.7289221178480148 15569
411000000 311.62365868911956568 13003.544180002525536 3555.8033165475244459 -3036.4526534383544458 -1586.5509356417014715 8178.8069056275799085 15575
412000000 308.41163302429828263 12869.511617085106991 3728.7149468445131788 -2948.9201835777366796 -1462.9383081967359885 8140.5734386189869838 15567
413000000 310.43530483461580616 12953.9561226851838 3599.9547135131260802 -2960.1796942362580012 -1547.8741121937205207 8108.0085199431050569 15587
414000000 308.57252559667091418 12876.225400248691585 3633.1487458101137236 -2902.1892905662843987 -1594.238147141506488 8129.5761835179037007 15601
415000000 306.60276472799284875 12794.030509823352986 3569.6332656877493719 -2989.8946822052012067 -1501.7114965218884208 8061.2394444148394541 15564
416000000 311.47377996809319711 12997.289986791691263 3656.6331918810474235 -2861.0087444520631834 -1565.5150902361010594 8083.1570265692107569 15573
417000000 311.1209245440917357 12982.565908669837881 3601.7950069772123243 -2938.6835213306831065 -1582.0238694637632761 8122.5023977716591617 15572
418000000 308.86645013115077063 12888.490389003953169 3545.736762900877693 -2955.6939316577213503 -1586.1244001676168409 8087.5550947262154295 15567
419000000 310.00474689562014419 12935.989646053296383 3637.1906765856856509 -3027.7139965163078159 -1521.1679828199114581 8186.0726559219056071 15586
420000000 314.42578854153686052 13120.47246294256729 3678.933637428513066 -2973.8809806531698996 -1565.0555238918580017 8217.8701419735407399 15560
421000000 308.36653787109565883 12867.629870302975178 3586.5511206798641979 -3024.9561246981807017 -1501.4831660670265592 8112.990411445071004 15578
422000000 309.63867361508908971 12920.714008457201999 3533.4811717458956082 -2873.9795555571736259 -1618.1308119731806983 8025.5915392762499323 15582
423000000 310.85180865903004133 12971.336144165881706 3578.594167365031808 -3049.1126411915888639 -1541.7533589934269003 8169.4601675500471174 15573
424000000 309.8789792871652935 12930.74157002519496 3424.0364969083016149 -3060.0410531179809368 -1652.7656527653361991 8136.8432027916187508 15565
425000000 306.23469160435735148 12778.671422054472714 3650.1469379403624771 -3003.5656446181023966 -1531.3499924027269117 8185.0625749611908759 15570
426000000 310.19399005872503494 12943.886452870050562 3622.0544293231068878 -2980.841936413286021 -1581.3414663932776421 8184.2378321296691865 15590
427000000 310.42453505790194868 12953.506717566533553 3523.9628182028354786 -3019.9567553637575656 -1538.368840340589486 8082.288413907182985 15581
428000000 307.04483812130752085 12812.477507477358813 3510.4353325231440976 -2956.9934273653807395 -1620.0934342045663925 8087.522194093091457 15581
429000000 312.44458298278436814 13037.800004370972601 3667.5315963775988166 -2804.7803979908358087 -1589.4286659453939592 8061.7406603138279024 15593
430000000 310.85135423906370988 12971.317181965985583 3654.4700708900718382 -3003.360597753174261 -1576.3869523412190574 8234.2176209844656114 15584
431000000 308.40917251991299963 12869.408944272607187 3693.8486573577611125 -2968.4419073078161091 -1555.8565140730224812 8218.1470787386006123 15573
432000000 306.23855331992513129 12778.832565111477379 3351.5915702855645577 -2994.2350423927587144 -1645.0149287554036164 7990.8415414337268885 15580
433000000 309.16579928132301802 12900.981738075091926 3666.9610756466049679 -2997.6607691106614766 -1520.5929963545645478 8185.2148411118305376 15571
434000000 311.80265220376844582 13011.013285799761434 3681.3958985808221769 -2993.1319910301017444 -1538.2194805316014481 8212.7473701425260515 15572
435000000 311.53273813572127438 12999.750214428928302 3551.5320504716519281 -2954.6313377670080627 -1538.4797769265119314 8044.6431651651719221 15574
436000000 308.87986576738688882 12889.050201500966068 3701.4838092620675525 -3013.3716979267255738 -1512.9065837639086567 8227.7620909527013282 15566
437000000 313.52086128076189198 13082.711332530721847 3591.2016959582570053 -2953.4499847081160624 -1555.8037496757269764 8100.4554303421000441 15566
438000000 307.97132685631851245 12851.138362845882511 3499.5001082475182557 -2871.3600111634477798 -1695.3241795744502269 8066.1842989854167172 15598
439000000 308.76483163437205803 12884.250015798896129 3482.0587934303539441 -2956.6413049425245845 -1630.1971900912271849 8068.8972884641061682 15581
440000000 306.95975561582559976 12808.927154068271193 3651.0053740296925753 -2920.2953002083113461 -1466.9910942413430348 8038.2917684793474109 15549
441000000 311.86827430085935475 13013.751588283903402 3610.3060316763139781 -3061.4366367946622631 -1453.7579830961435619 8125.5006515671193483 15559
442000000 312.57333097465021865 13043.172446910659346 3518.5402704102398275 -2973.2859357007437211 -1628.179067158070211 8120.0052732690546691 15578
443000000 305.76283334902950628 12758.981550959108063 3709.461322001028293 -2906.5407995235764247 -1577.1942308654306544 8193.1963523900340078 15576
444000000 309.88944658851971781 12931.178353343188064 3466.9404204997163106 -2970.8931203073216238 -1648.0439598600369209 8085.8775006670748553 15592
445000000 312.53832647536984268 13041.711766566921142 3604.2235436126720742 -3055.9697697358806181 -1478.779965855315595 8138.9732792038703337 15570
446000000 311.57106353008686028 13001.349470277938963 3437.0751912982805152 -2964.9261470440646917 -1621.3297914857143951 8023.3311298280586925 15584
447000000 308.17610696334281783 12859.683500850094788 3594.9082487468422187 -3009.7473259193366175 -1508.8218362957836689 8113.4774109619629598 15572
448000000 309.43605456355385286 12912.259047754179846 3733.5534360925980764 -3007.5669098896337346 -1590.1690378005246203 8331.2893837827577954 15565
449000000 309.72637723441681601 12924.373736648161866 3600.6781546098791296 -2981.8230066592909679 -1524.7183502538678113 8107.2195115230379088 15578
450000000 305.69658419249617509 12756.217082312879938 3370.9684978974664773 -3047.0381323688407065 -1638.4060777718862028 8056.4127080381931592 15576
451000000 309.92756180439539548 12932.768838788531866 3469.5527027650095988 -3057.862365955002133 -1611.1324612058092498 8138.5475299258214363 15582
452000000 310.9922065311766346 12977.194717102596769 3628.1300671188655542 -3014.3278035545731655 -1485.6469441277413353 8128.1048148011796002 15576
453000000 311.07943079426740951 12980.834442543984551 3741.7700625993961694 -2913.5533213179228369 -1516.8154113275325017 8172.1387952448521901 15552
454000000 310.58704254834827907 12960.287888612690949 3438.9062296911688463 -3008.9892083035238102 -1682.174499084243962 8130.0699370789361637 15587
455000000 305.71889723490392043 12757.148168976709712 3530.7319364454897368 -3002.8281294917633204 -1497.3018871087635944 8030.8619530460164242 15567
456000000 310.29922737646086262 12948.277833538384584 3526.8383577484755733 -3025.8057129951685056 -1562.7564038012562833 8115.4004745449001348 15596
457000000 311.27168681411535545 12988.856970931208707 3699.7661357499982842 -2877.217931857766871 -1476.2358070703462545 8053.2198746781123191 15564
458000000 310.0570623963897674 12938.172686097235783 3465.7614591983565333 -3024.0923443630881593 -1645.840228137817121 8135.6940316992613589 15575
459000000 310.15958057944953907 12942.450601735217788 3639.9858705979827391 -2986.3915210572276919 -1569.8197189932818674 8196.1971106484925258 15569
460000000 309.50531438327436717 12915.1491464373903 3532.5892453152559938 -3135.3454808530641458 -1508.557044330134886 8176.4917704984554803 15575
461000000 309.74293453731985437 12925.0646457425064 3581.6210468946392211 -2983.5141060591822679 -1571.0466507242674652 8136.1818036780896364 15585
462000000 306.27161647839898251 12780.212236487373957 3495.5481314815847327 -2981.5007597889261888 -1712.7535648566686177 8189.8024561271795392 15587
463000000 307.15178943957107549 12816.940410576566137 3607.4549831653439469 -3028.4284547709062281 -1451.7141590001583609 8087.5975969364099001 15564
464000000 309.69745251380265927 12923.166755496657061 3551.7328880295617637 -3019.3544386433222826 -1551.067764840725431 8122.1550915136094773 15564
465000000 311.20296992316360729 12985.989527775056558 3573.9966939575160723 -2954.6166195028263246 -1571.3846557646675137 8099.9979692250108201 15582
466000000 311.86145030647503518 13013.466834190347072 3744.676419176710624 -2978.7313024614945789 -1545.5084100872804811 8268.916131725485684 15562
467000000 316.76009163916717171 13217.879102692710148 3746.4596482216643381 -2971.8038950186141847 -1514.9196096869154644 8233.1831529271930776 15581
468000000 311.21297101956861297 12986.40685712513914 3672.1775793800443353 -3039.0022602674407608 -1545.5106680148487612 8256.6905076623334025 15582
469000000 308.60401959302527075 12877.539593062940185 3572.483329678319933 -2968.2481653608706438 -1505.9867127181482829 8046.7182077573388597 15568
470000000 306.67794533339764484 12797.167673182428189 3469.7408252460645599 -3017.0257040743254038 -1570.5657935651124717 8057.3323228855024354 15594
471000000 307.52554229069539815 12832.536504058176433 3554.0271641008839651 -2947.2345500261844791 -1551.5775607025229874 8052.8392748295918864 15578
472000000 308.8560279753623945 12888.05548953638754 3601.7938980522717429 -3041.847161849452732 -1590.999977468761017 8234.6410373704857193 15564
473000000 309.89953210458395461 12931.599205387192342 3618.9634121327871981 -3026.327451872565689 -1633.0296194764737265 8278.3204834818261588 15578
474000000 307.47011822634181044 12830.223748754266126 3677.9341104456652829 -2985.07696358448311 -1480.8564044083980207 8143.867478438546641 15580
475000000 308.45556675745763187 12871.344899713689301 3606.0516589012431723 -2995.7306525663884713 -1503.6619487070984178 8105.4442601747305162 15585
476000000 310.84387598048158452 12971.005126500520419 3670.4389504661194223 -2998.225335312758034 -1478.0732654594808082 8146.7375512383587193 15565
477000000 308.07721618666960239 12855.556950931279061 3607.2199476344753748 -2917.9159744198918816 -1623.5972741322621005 8148.7331961866293568 15580
478000000 309.33533154011684019 12908.056041182995614 3767.5218655224389295 -2888.9185442255529779 -1461.0369201070095642 8117.4773298550026084 15562
479000000 309.4952898156910237 12914.730837673530914 3623.8202723934919049 -2971.5617773001308706 -1579.0208821899775558 8174.4029318835991944 15584
480000000 310.56069720438676995 12959.18854061843922 3471.4906112561307054 -3056.1314144570960707 -1633.0491219784748864 8160.6711476917007531 15598
481000000 308.89847564177699724 12889.826761037023971 3540.8630615025499537 -3053.6451188457222088 -1516.9742662649919112 8111.4824466132640737 15573
482000000 306.97590755812643692 12809.601148129522699 3560.7418180602990105 -3025.6680792410156755 -1453.4229346298823202 8039.8328319311967789 15567
483000000 310.29623610423618629 12948.153012654463964 3551.8784282750611965 -3025.9572594686578668 -1576.1833142516620683 8154.0190019953806768 15572
484000000 310.369863769934625 12951.225374386585827 3813.2685644877415143 -3026.6508413387382461 -1401.9441760820036507 8241.8635819084829564 15549
485000000 309.87724073846447936 12930.669023239321177 3613.1581988705738695 -2937.0913137529805681 -1576.3250260939657892 8126.5745387175193173 15583
486000000 308.17188107146466791 12859.507161312947574 3602.6019020899643692 -2889.8737606388576751 -1556.2118044246135469 8048.6874671534351364 15590
487000000 312.29898607766716623 13031.724484315380323 3643.2515924103736324 -3024.1752510887890821 -1567.6591836926827455 8235.0860271918463695 15576
488000000 311.23058593967709839 12987.141898850857615 3573.997387764481573 -2992.9659113034949769 -1572.1796695510874997 8139.1429686190640496 15597
489000000 309.95257373684944469 12933.812545707518439 3761.7341020401454443 -2933.471341803377527 -1544.3602834165308195 8239.5657272600547003 15583
490000000 312.06233238901864979 13021.849314026170759 3552.1272276163099377 -2983.0584852311203576 -1568.1226988631101449 8103.3084117105399855 15591
491000000 308.05878645218461998 12854.78790833801213 3535.0300563213431815 -2940.0691447263411646 -1661.2656300773287512 8136.3648311250126426 15590
492000000 308.39744934969758106 12868.919755606806575 3522.1032797953939735 -2938.5018860409818444 -1610.3005802759280414 8070.9057461123029498 15556
493000000 310.08234476836418025 12939.227678013854529 3759.7443993506649349 -2935.9613280428739017 -1512.730578071929358 8208.4363054654677399 15552
494000000 308.27441088643683997 12863.78556233155723 3665.9081034386899773 -2944.6882871337375036 -1499.0693366341204182 8109.6657272065476718 15570
495000000 305.99400673510956494 12768.62803721043565 3574.9908939597262361 -2948.9396596770047836 -1629.8225023538377627 8153.7530559905681002 15590
496000000 309.37440753968621721 12909.686618556086614 3648.6023225490112054 -2974.7815656479888275 -1579.3569967241228369 8202.7408849211224151 15586
497000000 309.23309280837804636 12903.789786590308722 3607.7177495326486678 -2963.6207073601058255 -1534.8335422018549252 8106.171999094610328 15582
498000000 308.53513762207944637 12874.665261389382067 3556.8431308682688723 -2936.7241762640624074 -1650.5336925057542885 8144.1009996380853408 15593
499000000 305.73492111641178326 12757.816819271103668 3475.5931884611145506 -3023.35496872917156 -1647.9598928724230973 8146.9080500627087531 15579
500000000 311.33565047926020952 12991.526069770254253 3747.5909484889352825 -2997.7709980598951915 -1485.2404329791211239 8230.6023795279506885 15551
