# Steps Temp KinEng PotEng Epair Ebond Eangle Bonds
1000000 310.53517459614658947 12958.123524036464005 3501.8694174625311462 -2954.3743767476544235 -1657.6090377340537998 8113.8528319442411885 15593
2000000 305.62965360555296002 12753.424178693268914 3764.9772589807653276 -2912.3784448003257239 -1463.8634288237990404 8141.2191326048896372 15559
3000000 310.70473466185285361 12965.198987481217046 3535.1090481413775706 -3051.01452952311638 -1616.4825065703832934 8202.6060842348779261 15575
4000000 309.57093211722508386 12917.887266854848349 3666.785093827532819 -3032.652097242005766 -1523.6026365459083536 8223.0398276154464838 15563
5000000 309.02021830708662264 12894.906882789025985 3494.5650353932460348 -3098.5506948209508664 -1584.5591593648232447 8177.6748895790206006 15575
6000000 304.27084600452513996 12696.723366096379323 3438.063879032578825 -3031.4028484473656135 -1585.2045705157815974 8054.6712979957255811 15577
7000000 312.35170224705620967 13033.924243603665673 3530.9483468404978339 -2943.1581798504212202 -1504.2640471038466785 7978.3705737947675516 15576
8000000 307.57404833305810143 12834.560581650724998 3527.009977453603824 -3033.2844392324600449 -1567.2846845464430316 8127.5791012325071279 15565
9000000 311.59867369785968094 13002.501597295386091 3418.1257168469246608 -2980.8169829019966528 -1574.2667451401396193 7973.2094448890602507 15592
10000000 312.18745719169248787 13027.070566823304034 3745.8796174098742995 -2900.6735547432717794 -1475.2445646473433953 8121.7977368004894743 15582
11000000 309.50822643899385866 12915.270661746473706 3653.6957274806381974 -2949.1413731670099878 -1595.2749851640423913 8198.1120858116901218 15571
12000000 306.34759406094741507 12783.382656395522645 3489.2253035615672161 -3006.3896652651555996 -1645.1650352565836783 8140.7800040833071762 15580
13000000 308.59274860150264885 12877.06927307236765 3482.5222057346354632 -3061.8950637155448931 -1537.1607929526360294 8081.578062402816613 15563
14000000 308.74498912202506062 12883.422020302559758 3437.2473495157560137 -3058.7456180142326048 -1573.2991198597924267 8069.2920873897819547 15585
15000000 308.97909715769065997 12893.190964667943263 3708.6137806709448341 -2950.9385630618698997 -1475.860526454309138 8135.4128701871240992 15555
16000000 309.67539626413417864 12922.246384372669127 3472.3707816375890616 -3077.3705266554889022 -1629.6632314250443869 8179.4045397181216686 15595
17000000 310.03765682873211063 12937.362923586148099 3589.4332905877049598 -3026.7046295373493194 -1527.1531433766062946 8143.2910635016605738 15565
18000000 305.32321923473955394 12740.63717498531696 3785.478035204376738 -2905.1628502465250676 -1541.1127098886622662 8231.753595339563617 15580
19000000 309.90971321819114337 12932.024046559874478 3681.7182800798004791 -2930.1493687194861195 -1600.9001560863011946 8212.7678048855868838 15573
20000000 311.54868289847667029 13000.415563227545135 3463.08216365524504 -2993.4615429865434635 -1600.5133259815720521 8057.0570326233591913 15579
21000000 308.88546544433307872 12889.283866835845402 3698.8491125297196049 -2906.350193564689107 -1554.5952885686713216 8159.7945946630807157 15586
22000000 317.33086302661092759 13241.696456562847743 3545.297441458344565 -2978.4233516932445127 -1630.77486697732229 8154.4956601289113678 15595
23000000 312.66459612971851811 13046.980792146761814 3491.6267753408237695 -2954.178383376801321 -1738.2644917798374991 8184.0696504974630443 15582
24000000 305.23837741401371204 12737.096864956349236 3415.4293955426396678 -2991.0152500647714078 -1659.002726648054022 8065.4473722554648702 15563
25000000 309.82730862887859757 12928.585438200456338 3560.4503460973514848 -3080.7195197021219428 -1593.2572575378494548 8234.4271233373219729 15579
26000000 312.07877030012957675 13022.535241096846221 3857.5496865531308686 -3022.400391647917786 -1390.8299547303795407 8270.7800329314268311 15542
27000000 311.5782590942042134 13001.649729367039981 3386.7818921792786568 -3020.1361560621626268 -1674.246783443291406 8081.1648316847331444 15607
28000000 309.56426397078149648 12917.609016040252754 3666.707117318067958 -2960.8493376589758554 -1555.6355574645033357 8183.192012441548286 15573
29000000 305.78006953686099223 12759.700788808071593 3439.4136014543146302 -3098.5700286262735972 -1623.213655361601468 8161.1972854421883312 15582
30000000 311.05102591221879038 12979.649153403228411 3495.7493175880781564 -3109.1384294426216002 -1546.9996381269804715 8151.8873851576800007 15578
31000000 306.75148552737192631 12800.236384862964769 3550.4094430006020957 -3078.7335903662428791 -1572.8289942572394011 8201.9720276240841486 15572
32000000 313.23198935965285727 13070.657181044583922 3681.1792389914180603 -2896.857008751227113 -1588.0657084602121358 8166.1019562028577639 15582
33000000 312.18770953241408961 13027.081096587749926 3505.1603264556215436 -3027.4197168689247519 -1622.4749061142840674 8155.0549494388314997 15609
34000000 312.90718642689722628 13057.103687373244611 3689.3220293954736917 -2947.630652579818161 -1499.3339789273904898 8136.2866609026814331 15568
35000000 311.47207668902234445 12997.218911749630934 3632.9958470526403289 -3048.7425311892266109 -1588.0281564816277751 8269.7665347234942601 15585
36000000 310.11270919436157101 12940.494735709726228 3715.0111805004708003 -2929.1345500556381012 -1525.2550317105356044 8169.4007622666449606 15570
37000000 308.33749376649916485 12866.417907453691441 3516.6972824348695212 -2906.9251881303853224 -1654.4477439043544109 8078.0702144696097093 15580
38000000 308.92929392444915493 12891.112757427557881 3594.4513532804112401 -2951.0484139072841572 -1591.8948545182565795 8137.3946217059519768 15591
39000000 310.61371151170078519 12961.400740713355844 3801.1847410952750579 -2875.7167147111649683 -1498.5556312023081773 8175.4570870087482035 15569
40000000 307.56208654189765639 12834.061435724252078 3628.1119408908575679 -2928.9049356202722265 -1628.3214695232081795 8185.3383460343375191 15580
41000000 315.66480959896517788 13172.174779538161602 3513.8111364798114664 -2923.7892475421986092 -1706.7320325671653336 8144.3324165891754092 15606
42000000 313.73615139582989286 13091.69503593302943 3665.4487750936518751 -2929.3504237091092364 -1585.4402812600751531 8180.2394800628353551 15578
43000000 308.22796278837864747 12861.847359379580666 3726.6161247458458092 -2925.8264083553317505 -1498.9505070984218946 8151.3930401995994544 15574
44000000 311.95789549012511088 13017.491333523350477 3687.8106426116974035 -2890.7726947862424822 -1580.6463250905610494 8159.2296624885020719 15570
45000000 306.76343912861301533 12800.735189037533928 3779.0861117113972796 -2930.6719585576920508 -1618.1053274083888027 8327.8633976774781331 15585
46000000 313.11290112560556054 13065.687824355598423 3616.0847324756691705 -3001.9168435278343168 -1624.2475463374885294 8242.2491223409924714 15583
47000000 305.75388783920629976 12758.608269505806675 3597.7415809359340528 -2969.7719472559629139 -1584.875631101355566 8152.3891592932523054 15595
48000000 312.68749908372149093 13047.93649485394053 3719.6164426431141692 -3008.8502926216219748 -1459.6374412846651012 8188.1041765494010178 15568
49000000 313.25507473516063328 13071.620495901966933 3667.1820172410461964 -2897.1953676314551558 -1556.63042758980896 8121.0078124623096301 15596
50000000 309.82496189311501666 12928.487512765947031 3855.7713772481192791 -2912.5904152260791307 -1501.0954439289944276 8269.4572364031919278 15570
51000000 312.57222375497639177 13043.126244449633305 3603.0451236671187871 -2991.8669217751735232 -1590.8762941846359809 8185.7883396269280638 15576
52000000 306.9465362737841474 12808.375532606056368 3707.5776226169182337 -3012.4312883902457543 -1592.5398891202594314 8312.5488001274243288 15595
53000000 309.89247131282473902 12931.304570127556872 3412.1990020083267154 -3012.3476061926467082 -1703.4909731433635898 8128.0375813443361039 15593
54000000 307.85663995977688501 12846.352666752331061 3685.6815601279413386 -2989.5875696641824106 -1514.8543603023836113 8190.1234900945073605 15548
55000000 310.37422029975442683 12951.407165230777537 3507.7249852940772143 -3051.8832504789820632 -1594.3093624503972023 8153.9175982234573894 15589
56000000 311.75093642616621992 13008.855271219987117 3760.3934106750102728 -2936.4899682766376827 -1466.2502754832366918 8163.1336544348851021 15570
57000000 308.75259870677950857 12883.739555793805266 3714.9524735647801208 -2944.5252301431210071 -1504.1545645197620615 8163.6322682276631895 15573
58000000 311.59737709450018883 13002.447492163766583 3570.0088763374715199 -2993.2882194477629128 -1519.5973618775662999 8082.8944576628000505 15557
59000000 307.34217210741115878 12824.884767057004865 3396.4288891955548024 -3062.6447272272689588 -1703.7193661827732285 8162.7929826055969897 15587
60000000 312.06849417165767591 13022.106435109695667 3696.7324686376932732 -2982.8663376065733246 -1575.6060026472148365 8255.2048088914816617 15581
61000000 308.12828707720467492 12857.688055431426619 3415.8594080417606165 -3016.9588012233875816 -1609.9866359168995587 8042.8048451820486662 15595
62000000 313.6696753015768877 13088.921097547961836 3561.9641143057783665 -2978.6644199981947168 -1641.2890918855323434 8181.9176261895045172 15579
63000000 308.60174470120449541 12877.444665558330598 3642.9291449758175077 -2947.4941013018933518 -1642.2886001298049905 8232.7118464075156226 15571
64000000 309.7925943587592883 12927.136868643601701 3692.5676196126469222 -2954.7543666481983564 -1520.3825219603720598 8167.704508221217111 15569
65000000 315.61801894759167908 13170.222282398162861 3733.3356598008099354 -2986.7125521525576914 -1545.8981865005393956 8265.9463984539070225 15573
66000000 311.98132298840243948 13018.46892460278832 3542.5781936679077262 -2953.3072779125996021 -1555.6733029345014074 8051.5587745150087358 15568
67000000 311.55802975625238105 13000.805592272650756 3462.965320818742839 -2978.3229364893204547 -1613.6517055778745089 8054.9399628859382574 15594
68000000 307.56791980790336538 12834.304848347472216 3399.2433430312003111 -3025.6555666183567155 -1659.2376406344401403 8084.1365502839980763 15597
69000000 314.33197294361940521 13116.557691909376445 3412.6559447509462188 -3025.6723974382207416 -1647.446194785354237 8085.7745369745207427 15578
70000000 306.23936847784096926 12778.866580314357634 3592.2447325563589402 -2956.4869369564221415 -1605.3252156150665542 8154.0568851278476359 15577
71000000 310.12354146067775673 12940.946748416990886 3498.1192413668986774 -2952.1879094302653357 -1589.8645089872543394 8040.1716597844169883 15578
72000000 309.93493724224532571 12933.076603713479926 3557.1860333914978582 -2935.1588965048308637 -1600.2778315301695784 8092.6227614264989825 15575
73000000 310.83497964948924164 12970.63389719917177 3680.7109612631497839 -3065.4716333965243393 -1451.8168134154011568 8197.9994080750748253 15579
74000000 306.1392872638586482 12774.690355399079635 3357.0480573200538856 -3114.0804190984927118 -1612.5539407250580552 8083.6824171436055622 15576
75000000 311.28332831162430239 12989.342751528920417 3582.8167718677864286 -2984.0109224395268939 -1587.1826003158116691 8154.0102946231245369 15579
76000000 310.6838054209563893 12964.325644584867405 3536.3857028753450322 -3049.0390284138356947 -1539.0283483319121842 8124.4530796210929111 15556
77000000 307.74879211447870375 12841.852353050373495 3421.5551418752438622 -3107.1825131626237635 -1620.5749104740593793 8149.3125655119265502 15588
78000000 312.51159443866936272 13040.596282518892622 3616.6847852053056158 -3000.9695570902449617 -1494.9386337760613515 8112.5929760716117016 15568
79000000 311.22475685586039162 12986.898660743525397 3512.6287531991602009 -3086.8396868657187042 -1517.7095014721935513 8117.1779415370710922 15574
80000000 306.83838205331534255 12803.862434370717892 3385.560850057512198 -3088.6623825799597398 -1613.0271177479594371 8087.2503503854304654 15553
81000000 308.66410575230804625 12880.046889941895643 3563.5054479332939081 -2912.9946652382823231 -1633.4264975280389081 8109.9266106996146846 15589
82000000 309.46987091330800013 12913.670148566885473 3511.0161023382743224 -2964.4761719960297341 -1607.5503059650154682 8083.0425802993195248 15575
83000000 313.07291283814157623 13064.019178704918886 3756.1264809923923167 -3037.8836760178501208 -1385.5567733287743977 8179.5669303390168352 15555
84000000 311.18108192214918972 12985.076177391454621 3653.5758855654994477 -3063.1138605375786028 -1483.105175069622419 8199.7949211726991052 15571
85000000 308.94242688362010085 12891.660774274263531 3708.9913959221203186 -3043.9018089730711836 -1437.7493379991310576 8190.6425428943230145 15563
86000000 309.3208461820379398 12907.451590947945078 3697.0058382542083564 -3066.405303935028769 -1536.4655087540336353 8299.8766509432716703 15575
87000000 311.96292973433105544 13017.701404277349866 3632.6056867923316531 -2992.0672691626650703 -1574.5847877115224946 8199.2577436665196728 15567
88000000 311.97056764752682056 13018.020121867990383 3494.0730946647781821 -3033.5025070431411223 -1605.2879154352824571 8132.8635171432015341 15595
89000000 309.03090713292965575 12895.352909960605757 3587.0108955349528514 -3015.1316010445407301 -1580.7562704777669751 8182.8987670572605566 15578
90000000 311.4597107681554462 12996.70290215332534 3563.6738714831617472 -3096.0414197492482344 -1502.4473026444907191 8162.1625938769011555 15587
91000000 309.43890457204008726 12912.377973933982503 3421.9706852262224857 -3174.0562792278497 -1551.57177569589021 8147.5987401499623957 15579
92000000 309.00594124807679464 12894.311124532494432 3576.7745916122034942 -3073.1193532334273186 -1606.2864174210819783 8256.180362266712109 15575
93000000 308.68884853705827709 12881.079365768633579 3596.9085393948307683 -3073.9677934431483664 -1577.0130721510736294 8247.8894049890550377 15575
94000000 307.58544744797268322 12835.036248020307539 3419.9566892111411107 -3087.0201480459591039 -1589.9256482985711045 8096.9024855556708644 15578
95000000 311.69904442076227724 13006.689902943080597 3579.9514339832689984 -3066.1752197846958552 -1504.7953198603781857 8150.9219736283430393 15579
96000000 312.46434292255798937 13038.62455424925065 3681.6116565680904387 -2983.5189440903513969 -1457.7927008282176757 8122.9233014866586018 15534
97000000 308.89082676438687258 12889.507585928535264 3571.2972819733386132 -2987.5083266493311385 -1546.1635276971981057 8104.9691363198689942 15577
98000000 311.11376781748430176 12982.267270206328249 3508.1610643762733162 -3122.8831329853246643 -1566.0881037269841727 8197.1323010885826079 15593
99000000 309.94084244871402234 12933.323018294229769 3446.8685557657663594 -3031.7181436880705405 -1583.3684186343969031 8061.9551180882335757 15567
100000000 309.79207911663763753 12927.115368434919219 3465.5764379093179741 -3067.6195871330073714 -1634.4035360356956517 8167.5995610780209972 15587
101000000 312.63245081105907275 13045.639420720963244 3519.7505819572838845 -3084.7963818533944504 -1509.6852256294291692 8114.2321894401065947 15574
102000000 307.25219861205380312 12821.130320662176018 3354.0525606836667976 -3141.6219360811865045 -1623.137379529699956 8118.8118762945523486 15590
103000000 309.50922848474920102 12915.312475472377628 3559.2318785852576184 -3046.638777291018414 -1573.4147207452203929 8179.2853766214966527 15568
104000000 308.80133112805168594 12885.773079806960595 3756.534019498359612 -2931.0192490288213776 -1518.7626211101410263 8206.3158896373224707 15571
105000000 311.57285107836293037 13001.424061735724536 3569.4779744396851129 -3042.1262992092629247 -1545.2775090590594118 8156.8817827080065399 15576
106000000 309.53831379150028624 12916.526157619997321 3429.876732416943014 -3047.4997161435831003 -1697.5623616515053982 8174.9388102120319672 15591
107000000 309.97710262213979604 12934.836095860613568 3505.2069679623386946 -3102.4380023533617532 -1612.8810236900687869 8220.5259940057694621 15576
108000000 309.74080045724798538 12924.975594081233794 3283.8140938937003739 -3085.0486443485178825 -1700.639912416177367 8069.502650658395396 15595
109000000 309.74527745455549166 12925.162411836106912 3651.4561199368395137 -3012.83756899631544 -1575.4481394591389289 8239.7418283922925184 15575
110000000 309.9094605229090007 12932.013502000198059 3413.9825364347311734 -3006.1914411990410372 -1682.8542740945481455 8103.0282517283212655 15577
111000000 308.78510045968238273 12885.095800635990599 3612.3597957610368212 -3010.1833368050120043 -1510.1854124789460911 8132.7285450449953714 15572
112000000 310.04337206727649345 12937.601411116984309 3530.2547333664410871 -3034.4237324939540486 -1510.5733290467369443 8075.2517949071316252 15576
113000000 312.72734159286648037 13049.59905741446164 3451.6960151191969999 -3029.5496382419487418 -1605.8346705353960715 8087.0803238965418132 15560
114000000 311.62022129377299962 13003.400743132420757 3710.1469144481711737 -3032.3718003496423989 -1466.4825476947198695 8209.0012624925329874 15587
115000000 306.80619353223738699 12802.519260178851255 3507.4004343071419498 -3033.0831302198007506 -1557.9183940383511526 8098.401958565293171 15590
116000000 312.30842565622555185 13032.118382446673422 3554.7524704865272724 -2923.5476542852920829 -1597.2442009303879331 8075.5443257022070611 15581
117000000 307.82739722458887854 12845.132415374240736 3558.6610482711957957 -2893.687932021593042 -1603.4877869272731914 8055.8367672200620291 15588
118000000 309.2515984455382636 12904.56199647772155 3562.0256875616132675 -2908.8825450620261108 -1681.2929165591713172 8152.2011491828106955 15578
119000000 315.07791619068547107 13147.684680180427677 3759.8750645503241685 -2917.4066904062578942 -1580.2836938108214326 8257.5654487674037227 15578
120000000 307.39051716370977374 12826.902126965132993 3654.7309579749908153 -3037.4898711440887382 -1490.6962586078657296 8182.9170877269452831 15557
121000000 307.08454694128323581 12814.134491408110989 3520.80235746809376 -3119.1962931737898543 -1528.0149009386514081 8168.0135515805341129 15574
122000000 309.02805085621406533 12895.233722217872128 3477.2217098332594105 -2971.9237961132130295 -1620.6508828524438286 8069.7963887989171781 15586
123000000 312.24888699440020901 13029.633931738659157 3493.0643696874021771 -3003.0039999890586842 -1543.9283546994392964 8039.9967243759001576 15571
124000000 309.69275268294660464 12922.970639263274279 3555.2459496108999701 -3046.6270058439476998 -1554.2850086197850032 8156.1579640746331279 15588
125000000 306.92161362029190741 12807.33555115172021 3357.9472197701984442 -3170.1475703052878998 -1633.4752020491187068 8161.5699921246050508 15580
126000000 309.5020311094938279 12915.012140807459218 3281.9922329405362689 -3177.3340850232689263 -1595.2934071998993204 8054.6197251637040608 15600
127000000 311.82019117827962873 13011.745158440264277 3550.0962810042206002 -3094.0492507158296576 -1523.4351379273966813 8167.5806696474464843 15576
128000000 310.44448866195529035 12954.339348737572436 3541.6842465849540531 -3098.5633293590090034 -1566.9679551390001961 8207.2155310829621158 15574
129000000 309.81717653681124602 12928.162642616232915 3445.0766877492801541 -2997.4394376509276299 -1726.4849867546638507 8169.0011121548723168 15589
130000000 311.94041212358627035 13016.761781312330641 3553.8833696843048529 -3036.8249547117202383 -1529.8129563975733163 8120.5212807935986348 15576
131000000 307.99841680815654854 12852.268782105580613 3414.6011860517546666 -3096.8651331946675782 -1610.851594196276892 8122.3179134426991368 15575
132000000 310.2325667311377515 12945.496194139845102 3665.4916643092119557 -3044.5121628069127837 -1446.5289751823197548 8156.532802298444949 15562
133000000 308.48879256413522398 12872.731358132365131 3470.6120668278663288 -3128.8965812599940364 -1638.0475277526729769 8237.5561758405328874 15574
134000000 306.86548775563755953 12804.993510872289335 3309.909121436749956 -3098.0383270994325358 -1569.7767066319925107 7977.7241551681754572 15575
135000000 307.55850668935931935 12833.912054349180835 3486.3330095305136638 -2984.2284416738207256 -1523.4507778829884046 7994.0122290873241582 15576
136000000 309.27088138267265549 12905.36664181820197 3565.8482478998230363 -3068.5371187334421847 -1539.2704538475693425 8173.6558204808334267 15574
137000000 310.99255712093309967 12977.209346638128409 3514.1653927858565112 -3013.688530248461575 -1614.1564542344203801 8142.0103772687380115 15563
138000000 310.14319773778873923 12941.766972622375761 3563.3616030759594651 -3070.9652623387164567 -1588.0816644246165197 8222.4085298392928962 15575
139000000 313.00716368233423736 13061.275574268929631 3566.2494108595692524 -3004.2582646453311099 -1557.1094878231522216 8127.6171633280519018 15560
140000000 306.5644050290609357 12792.429822501051603 3492.1385432971487717 -3018.3115883374580335 -1621.2034568519002278 8131.6535884865079424 15579
141000000 306.64244015882661643 12795.686100479973902 3493.3251299388803091 -3086.7995265052268223 -1535.925667199430336 8116.0503236435361032 15566
142000000 308.31161765402703168 12865.338139719900937 3430.9691145170040727 -3057.7653147932169304 -1604.3978984148329801 8093.1323277250539832 15585
143000000 312.78537942133260685 13052.020880807927824 3446.8991144176361558 -3106.0719389574569504 -1525.1124244540751533 8078.0834778291682596 15586
144000000 312.06698141971088489 13022.043310452036167 3265.6994839381304701 -3098.9138077415273074 -1646.018581602823815 8010.6318732824820472 15584
145000000 311.80600028486566089 13011.152995732725685 3580.4385813954518198 -3073.8697184805082543 -1549.4190772599840784 8203.727377135943243 15564
146000000 308.47263585936349273 12872.057165341015207 3693.9632966679641868 -2906.8989441811509096 -1468.5210351371151773 8069.383275986229819 15574
147000000 310.3990375894335898 12952.442750026002614 3546.3506413741752112 -3036.4763429774766337 -1562.1412936112110401 8144.968277962862885 15585
148000000 312.63222877757107199 13045.630155627668501 3651.1636356334374796 -2900.3699425172108022 -1612.0785925433144712 8163.6121706939629803 15566
149000000 310.14094643842759069 12941.673029592413513 3659.317351790716657 -2981.7484207067777788 -1526.5562212706727223 8167.6219937681671581 15567
150000000 309.52932521032528257 12916.151078869826961 3580.0007728691466582 -3015.7157515802882699 -1515.9544542888327214 8111.6709787382678769 15568
151000000 307.95940748636405715 12850.640987086761015 3415.0329315632161524 -3094.4727171232434557 -1549.0052562475889317 8058.5109049340480851 15574
152000000 309.21841625739938308 12903.177358189126608 3477.5804785637301393 -3087.7008883396592864 -1567.3012959854918336 8132.5826628888808045 15586
153000000 310.6334717263875973 12962.225302063308845 3527.3560054341073737 -3052.7458065949595039 -1533.1644313075307764 8113.2662433365985635 15568
154000000 307.21031049670961011 12819.382398309982818 3511.1402014808900276 -3022.379820645066502 -1698.5651749727066999 8232.0851970986623201 15575
155000000 310.68586988957173389 12964.411791474229176 3454.2691269149595428 -3086.3032916622269113 -1575.0209057960998962 8115.5933243732870324 15576
156000000 311.92742206470768451 13016.219727460453214 3535.9877262876584609 -3082.1030198378030036 -1427.2767470891699304 8045.3674932146313949 15571
157000000 308.67480026128367854 12880.493154261277596 3559.1310023751361769 -3100.7322563042971524 -1456.2366365904158556 8116.0998952698500943 15554
158000000 311.95958881390077977 13017.561993147272005 3763.3897595950802497 -3048.2703780098813695 -1414.8055193898703692 8226.4656569948310789 15567
159000000 311.56025836071506774 13000.898588281721459 3438.9472537658748479 -2982.1316153854231743 -1689.8018779416634061 8110.8807470929605188 15598
160000000 309.5980706052053506 12919.019711448157977 3592.7477174042523984 -2971.1659384046306513 -1486.8633599252943895 8050.7770157341783488 15570
161000000 308.52095237240666847 12874.073334185908607 3659.3739485299001899 -2998.9774326064102752 -1494.115689360281749 8152.4670704965919867 15568
162000000 308.62769153731687766 12878.527384473634811 3627.7939655936097552 -3044.8268142417819035 -1555.5494175080548303 8228.170197343446489 15568
163000000 307.97727917836004963 12851.386743482213205 3662.9444950011761648 -3022.3651441197280292 -1492.6245343580251301 8177.934173478928642 15566
164000000 309.29754620190703918 12906.479320991615168 3507.5559601180143545 -3070.5966625321361789 -1587.2745650831077455 8165.4271877332575968 15596
165000000 307.0642585044305406 12813.287888213517363 3549.5820821591960339 -2941.3306880375648689 -1551.4222005166250256 8042.3349707133857009 15561
166000000 308.09417669898596159 12856.26468529313388 3526.7842162644983546 -2972.9986022121001952 -1634.4101543498400133 8134.1929728264385631 15583
167000000 309.40082570258795158 12910.789005165281196 3432.0719876263856349 -3045.7837073025157224 -1473.4271736881300967 7951.2828686170305446 15574
168000000 310.90922692794583782 12973.732114355458179 3460.8949773275539883 -3105.6383340588208739 -1545.5187735193194385 8112.0520849056938459 15566
169000000 311.74443117315718155 13008.583817681250366 3568.5024942685686256 -3183.6846507145901342 -1434.5089323390370737 8186.6960773221962882 15561
170000000 313.3122261560385482 13074.005330960582796 3475.1872975244532427 -3052.791586738053411 -1585.2702111283747399 8113.2490953908818483 15574
171000000 309.51489672069016024 12915.549001661664079 3571.53775280908485 -2945.1136027024904251 -1653.9769225843465392 8170.6282780959218144 15591
172000000 312.94556060869842895 13058.7049790419278 3495.4706915592164478 -3026.1029507679068047 -1537.9814973651455148 8059.5551396922683125 15577
173000000 308.74473636602505167 12883.411473209227552 3469.8642211702576788 -2994.0150190847589329 -1680.7995588220728678 8144.6787990770899341 15597
174000000 311.78327872922210418 13010.204862481572491 3465.0574060048693354 -3053.427926924791791 -1619.6712301949669381 8138.1565631246285193 15576
175000000 308.9245619622163872 12890.915300404523805 3281.0132331356649047 -3051.4800550470940834 -1747.2572599343839101 8079.7505481171428983 15600
176000000 307.10948054926791428 12815.174929975450141 3718.9222170304624342 -3051.798927276320228 -1487.5643784674070957 8258.2855227741893032 15562
177000000 309.91985313923368039 12932.447168834392869 3644.3400228394129954 -3059.3215409122221899 -1442.0869281282809879 8145.7484918799164006 15543
178000000 309.12356874136986562 12899.219526905579187 3491.7335201721980411 -3081.5712412256689277 -1595.2046031296956698 8168.509364527562866 15586
179000000 311.71017722202498135 13007.154456480753652 3705.6526958368522173 -2972.7295001439233602 -1521.612003264204759 8199.9941992449821555 15570
180000000 307.81480213472065088 12844.606842931372739 3679.1379365443053757 -2922.4817662405716874 -1525.5211473175554602 8127.1408501024325233 15578
181000000 307.84060842539764735 12845.683697116166513 3753.1138880112348488 -2871.1302897930845575 -1522.2231850981042953 8146.4673629024237016 15585
182000000 311.74163359631313597 13008.467079387881313 3394.6772991787511273 -3112.508203112949559 -1556.9703325497719106 8064.1558348414728243 15566
183000000 309.95790941242802319 12934.035194698317355 3652.8470289785964269 -3110.2889368853216183 -1513.0215584348034099 8276.1575242987219099 15577
184000000 307.29299240079751598 12822.832578560148249 3612.8995847812602733 -3097.5907792826524201 -1481.9793260019032459 8192.4696900658163941 15562
185000000 308.09895623087766126 12856.464127320015905 3784.1664444380307941 -2994.1996119781351808 -1425.9232106423705773 8204.289267058535188 15553
186000000 310.73107951491147105 12966.29831499089596 3527.7340012115801073 -2981.9658324778424685 -1556.2247121241593959 8065.9245458135828812 15552
187000000 309.7550510740462073 12925.57024894764254 3459.5499363039398304 -3085.65517332089712 -1633.4214950588809643 8178.626604683718142 15577
188000000 309.59323117675324966 12918.817770036048387 3678.7933731898601764 -2962.8111755950885708 -1442.0588091197835183 8083.6633579047320382 15563
189000000 311.00186649151629581 12977.597811404173626 3533.1336322175739042 -3070.6884915936393554 -1498.4254689285141922 8102.2475927397272244 15567
190000000 309.82637080442952993 12928.546304324332596 3581.988226618452245 -3060.9225436512065244 -1622.258004486056052 8265.1687747557152761 15599
191000000 308.02432514603640357 12853.349894552782644 3557.3473244573524426 -2937.2163050353192375 -1552.4110038239296046 8046.9746333166021941 15586
192000000 307.72137058257527542 12840.708097498374627 3550.6776955557870679 -3077.395724154175241 -1584.9897964522085658 8213.0632161621706473 15573
193000000 306.33306664451129109 12782.776451134204763 3551.7505533873190871 -3008.5786296257301728 -1605.8973827349173007 8166.2265657479665606 15591
194000000 312.77335594942877606 13051.519161045198416 3533.5051460380964272 -3067.4187641500548125 -1672.3880820355925607 8273.3119922237438004 15588
195000000 311.15022792120618078 12983.78869053606104 3422.7672261928637454 -3030.8829674294784127 -1645.6895361222468637 8099.3397297445890217 15593
196000000 311.08748123035195476 12981.170374038190857 3407.485014420198695 -2993.8092796534037916 -1624.3643739624449154 8025.6586680360478567 15576
197000000 312.50696267135970174 13040.403006465667204 3812.6454999802608654 -3068.3523736179304251 -1395.4152813545679237 8276.4131549527592142 15554
198000000 310.64959618642086525 12962.898149334609116 3556.6388055330203315 -3042.2486811005874188 -1617.3210767255795872 8216.2085633591887017 15587
199000000 311.05229206451451773 12979.701987861899397 3586.6519602031098657 -2990.7800329181040979 -1606.2885176013660384 8183.720510722580002 15571
200000000 307.37827165509276028 12826.391141974527272 3515.4394950184664594 -2957.6043060641814009 -1595.6408758420784579 8068.6846769247258635 15570
201000000 307.83038522733102127 12845.25709982801709 3586.9263703665101275 -3006.8510529802078963 -1540.9005981740392599 8134.6780215207572837 15577
202000000 307.42341278478846789 12828.274807280309687 3453.2058384284200656 -3016.1185937090258449 -1638.7093604618544305 8108.0337925993007957 15586
203000000 308.22855278876676266 12861.871979128110979 3535.8962811526162113 -3039.3286516010598461 -1499.8091991718488316 8075.0341319255248891 15576
204000000 312.20302174941451767 13027.720050289455685 3506.7132478111561795 -3010.5361543894046008 -1638.6475163174952741 8155.896918518055827 15572
205000000 311.42598440817835126 12995.295556466422568 3520.9511366856891073 -3170.474446480552615 -1493.3529583216693482 8184.778541487910843 15558
206000000 310.59128438659092808 12960.464893565474995 3662.4176630293040944 -3014.71353832184559 -1629.0301921783529906 8306.1613935295026749 15585
207000000 313.11458576414275967 13065.758121558763378 3608.4407270806500492 -2935.6127518570242501 -1609.0757689339336594 8153.1292478716077312 15576
208000000 309.56686664789310726 12917.717621487443466 3664.2190203254604057 -2921.6678030862394735 -1603.5769336674034093 8189.4637570791028338 15563
209000000 308.47895717375411095 12872.320943422884739 3624.9366794480574754 -2903.4499785389889439 -1652.0257940158544443 8180.4124520029008636 15586
210000000 310.92934142097345784 12974.571459159516962 3632.5192339966197324 -2969.0228844851289978 -1583.2514595016750718 8184.7935779834242567 15568
211000000 311.19750375125579467 12985.761433386467615 3426.9074024877459124 -3031.9609604438087445 -1595.8837800361891368 8054.7521429677435663 15593
212000000 309.9553127670508843 12933.926840945512595 3440.9586059643934277 -3051.3901295280943486 -1568.8184836714813173 8061.1672191639690936 15598
213000000 307.91986946002930381 12848.991130094525943 3536.5300313384568653 -3004.9963661807100834 -1524.9190044210752149 8066.4454019402419362 15563
214000000 308.94716365194705077 12891.858431847726024 3731.7821047666311642 -2992.9259906116499224 -1438.705489595227391 8163.4135849735093871 15568
215000000 310.54558454274319956 12958.557914034481655 3636.8736947169318228 -2945.7473479745203804 -1540.499594380338749 8123.1206370717909522 15575
216000000 308.0253038257204139 12853.390733250853373 3600.8245964097814067 -3017.244441042058952 -1492.7539450706717616 8110.8229825225125751 15569
217000000 310.10045596178770211 12939.983428411067507 3506.400098053707552 -3044.3481124392287711 -1635.7265141670739013 8186.474724660009997 15585
218000000 310.48360478125295003 12955.971600241124179 3578.8256861077625217 -3034.370199112328919 -1443.4560610384291977 8056.6519462585201836 15565
219000000 308.91343783605850604 12890.451108864746857 3535.1328003408493714 -2967.2510608914626573 -1573.7384470038089148 8076.1223082361202614 15605
220000000 312.36859077195083501 13034.628974048478995 3541.8211219840281956 -2974.5084446379605652 -1645.8980537194311182 8162.2276203414203337 15587
221000000 309.12800771291750834 12899.404757907861494 3593.6161514351733786 -3058.0483452342050441 -1526.5209316588116053 8178.185428328190028 15578
222000000 313.00470485253754305 13061.17297133426473 3698.4146031138225226 -2970.009752039723935 -1497.2652109115956591 8165.689566065141662 15582
223000000 308.28366308071565527 12864.1716412241949 3554.9368818043813008 -3003.268939173423405 -1618.4681968792524458 8176.6740178570580611 15561
224000000 310.09618839395903933 12939.805349804859361 3496.2966594083090968 -3052.5656958260788088 -1572.3029062771402096 8121.1652615115272056 15570
225000000 309.37890962949092 12909.874483379713638 3606.6846308356234658 -2948.8989752822330956 -1578.1092630711395941 8133.6928691889970651 15579
226000000 308.37899392554777478 12868.14964102596241 3534.8529036574504971 -2963.3592647636237416 -1610.4298839106265859 8108.642052331701052 15565
227000000 312.73064952533178484 13049.737092010866036 3484.6870954264268221 -3079.8880230293761997 -1568.3744603837362774 8132.949578839539754 15573
228000000 307.90424765977093102 12848.339257991216073 3581.9962443123968114 -2939.7603767200380389 -1563.4197879547978118 8085.1764089872331169 15581
229000000 308.47194961917358569 12872.02852966339924 3593.0497634947823826 -3013.8982387107471368 -1539.03863227346028 8145.9866344789897994 15586
230000000 314.05919758601709191 13105.175223618236487 3671.1288145334042383 -2941.2620719622036631 -1593.7429435814224234 8206.1338300770294154 15572
231000000 311.369476172105351 12992.937560454822233 3692.2932332800796758 -2966.9322083203260263 -1477.6620850002375391 8136.8875266006434686 15564
232000000 310.79160712270862632 12968.824032792334037 3528.1093187138517351 -2938.6158827149465651 -1656.9089881890731704 8123.6341896178710158 15584
233000000 309.82615347842755682 12928.537235666708511 3614.7501327903005404 -2971.0325967160952132 -1498.6082162548991619 8084.3909457612944607 15597
234000000 310.48134396814231195 12955.8772602179979 3623.4258240531162301 -3033.4383871502705006 -1531.7652420701363098 8188.6294532735228131 15558
235000000 306.61513855231692105 12794.546849217962517 3594.2513996159541421 -2985.9202748082288963 -1580.6432239151679369 8160.8148983393502931 15581
236000000 306.9135699721000492 12806.999902905141425 3503.7223381840308321 -3008.7058879529104161 -1583.0180873772401355 8095.4463135141813837 15591
237000000 310.3834459276411053 12951.792135551442698 3774.3782348849258597 -2937.9036379351864525 -1499.6563505708750199 8211.9382233909855131 15570
238000000 311.40845366915630166 12994.564027479375 3626.7823626761737614 -2940.6479050278603609 -1589.1980101371677847 8156.6282778412014522 15595
239000000 311.74056022917966402 13008.422289537842516 3601.0943689588193592 -2934.0240295577250436 -1494.0021832753391209 8029.1205817918844332 15594
240000000 314.45364948700211016 13121.63505450181583 3393.4695601873095256 -2957.8708231897035148 -1753.7826767014307734 8105.1230600784438138 15584
241000000 310.02926514650459922 12937.012752450074913 3714.2112810474327489 -3002.3798415654473501 -1571.9991090608989452 8288.5902316737792717 15580
242000000 312.40236872827972547 13036.038472766516861 3444.6473501158197905 -3001.3431693835163969 -1583.7539430739398085 8029.7444625732750865 15583
243000000 308.79129507201287197 12885.354291648696744 3532.7582299792129561 -3052.8665102162231051 -1506.5782091667701934 8092.2029493622057998 15574
244000000 306.64417842911961998 12795.758635648346171 3684.5110200244771477 -2983.2921776751563812 -1474.6295279058517735 8142.4327256054857571 15564
245000000 311.1615348173613711 12984.260508768062209 3419.7969691912312555 -2952.9976271579016611 -1661.9967000513565836 8034.791296400489955 15583
246000000 309.83643424291335577 12928.966235107116518 3405.9802625008524046 -3092.8992514749061229 -1641.7967312337966632 8140.6762452095535991 15573
247000000 309.62321670809132002 12920.069017079214973 3325.1209242278882812 -3055.7356435734209299 -1631.9686702283479462 8012.8252380296562478 15576
248000000 307.89544148823165415 12847.971790895971935 3433.3424244800153247 -3095.3828985379050209 -1576.7950778747094773 8105.5204008926293682 15595
249000000 312.04799526006297583 13021.251049149319442 3287.7929296897241329 -3080.6617499719650368 -1588.329810325252538 7956.7844899869414803 15584
250000000 310.99279138426078362 12977.21912206257548 3614.0065334558421455 -3089.7796394154274822 -1515.3446587786752389 8219.1308316499435023 15565
251000000 309.025510319417549 12895.127709784112085 3566.9321787125263654 -3069.2561495783784267 -1652.8836799558180246 8289.0720082467232714 15588
252000000 310.6152883349513445 12961.466538961438346 3737.1517068635921532 -2992.6137236808644957 -1387.845524567946768 8117.6109551124036443 15552
253000000 307.13248317100755003 12816.134791653814318 3611.2952805934137359 -3046.4647588141097003 -1461.1317914598580501 8118.8918308673810316 15567
254000000 310.18185990655075557 12943.380281514602757 3504.4291004590795637 -3029.8005396322528213 -1594.4277408455379828 8128.6573809368701404 15582
255000000 306.40090666906252181 12785.607304093622588 3604.4782868515230803 -3013.8464654315566804 -1524.2136873024128363 8142.538439585492597 15583
256000000 305.36863184777496372 12742.532168845600609 3407.6699632935424233 -3029.7019697900168467 -1576.6362251709076645 8014.0081582544653429 15579
257000000 311.77350617796889765 13009.797069945836483 3512.8431851495147384 -3028.7650574471517757 -1598.9851434937822887 8140.5933860904478934 15602
258000000 311.11562084706872611 12982.344594091713589 3475.6849205276166686 -3062.7305935470226359 -1602.695670559260634 8141.1111846338999385 15583
259000000 308.65662715198772048 12879.734820216255684 3471.1477016176713732 -3167.6972077611067107 -1556.856969974427102 8195.7018793532042764 15587
260000000 306.96377038519256075 12809.094683809291382 3554.6258405876069446 -3077.8510803389399371 -1506.831090870512071 8139.3080117970584979 15581
261000000 309.53864989840622002 12916.54018280992932 3560.4461057449766486 -3065.7576884562759005 -1567.408257493221754 8193.6120516944738483 15572
262000000 310.61024932581835856 12961.256269374847761 3484.60113277688788 -2987.8989809686254375 -1657.9250746530594824 8130.4251883985725726 15584
263000000 310.24962042726161826 12946.207816909156463 3529.8727447677106284 -3064.9067970611486089 -1589.0781821869177293 8183.8577240157774213 15590
264000000 308.42677276522533703 12870.14337364315179 3499.6569666374771259 -3014.1137454904783226 -1628.6686754798579386 8142.4393876078138419 15591
265000000 308.69387268379267653 12881.289015171705614 3428.6402987645174107 -3047.9116002080290855 -1641.0536832406769463 8117.6055822132229878 15596
266000000 310.0935761134699078 12939.696343624475048 3595.0319449998096388 -2998.1440286592123812 -1503.8091525994539097 8096.9851262584761571 15574
267000000 309.99117228630836962 12935.423199870569078 3618.8797383691453433 -3102.7734649116314358 -1548.2517857548668871 8269.9049890356436663 15569
268000000 309.28222240598148574 12905.839884120352508 3634.874127846688225 -3012.4500044819660616 -1488.8505986737318381 8136.1747310023856699 15557
269000000 313.84094487015363484 13096.067895743728513 3446.3421714768192032 -2937.3932039374121814 -1637.7672058932114396 8021.5025813074425969 15584
270000000 311.94679163929083643 13017.027988039573756 3476.0975205960639869 -2982.2473513910263136 -1634.9390406871596042 8093.2839126742501321 15584
271000000 308.17697978919755997 12859.719922441483504 3619.3330404892494698 -3007.7726272004820203 -1495.2329984802886429 8122.3386661700205877 15583
272000000 307.00302034434429288 12810.732520230440059 3440.3087100619509329 -2949.0625864576104505 -1751.1625467279154691 8140.5338432474763977 15593
273000000 309.71757811643675495 12924.006563886374352 3744.75310837863708 -3031.1362732723250701 -1531.887300483298759 8307.7766821342611365 15567
274000000 312.39057254134689856 13035.546237232854764 3623.0920496549069867 -3008.0957218038129213 -1519.3175751321036842 8150.5053465908240469 15576
275000000 310.62205704055259048 12961.748985944755987 3580.915552978067808 -3029.731836498143366 -1521.1628606437607232 8131.8102501199718972 15575
276000000 310.62615799842330944 12961.920112190678992 3482.7086573808282992 -3065.2759480845575126 -1622.5508168208011739 8170.5354222861869857 15587
277000000 309.18336681086748285 12901.714802270300424 3692.5955926790575177 -2964.0566571679082699 -1464.3123571333885593 8120.9646069803548016 15557
278000000 310.89197289347038122 12973.012131795312598 3526.6140479742216485 -2987.0586149305095205 -1604.2147775623398047 8117.8874404670705189 15573
279000000 309.4715439348820496 12913.739961013230641 3653.9699329098111775 -2979.9653101080207307 -1543.0029961720611027 8176.9382391898916467 15563
280000000 314.12189909764163076 13107.791654860950075 3604.3118560286961838 -2979.0220840166739436 -1564.2609418723645831 8147.5948819177356199 15580
281000000 308.69120012988099688 12881.177493880253678 3572.2507043396526569 -2963.3350684592601283 -1570.959372121438264 8106.5451449203510492 15591
282000000 305.65716354304959168 12754.572123265677874 3602.1351003616036905 -3039.6544607559417273 -1521.6489675021180119 8163.438528619662975 15588
283000000 310.20364359378800145 12944.289279055368752 3674.8107406824219652 -2984.7100582215671238 -1516.0212861658765178 8175.5420850698656068 15571
284000000 314.18833286592297327 13110.563827052639681 3697.5311844283651226 -2921.3344618403170898 -1557.808288700853609 8176.6739349695362762 15560
285000000 308.8494578916946125 12887.781330720590631 3640.5367592158536354 -2851.8621061751555317 -1597.4208285677625554 8089.8196939587724046 15576
286000000 308.16010973044922139 12859.015962558667525 3626.0324757932589819 -2984.5622868936125087 -1498.2121723329637462 8108.806935019834782 15568
287000000 307.15908925108993799 12817.245019738753399 3692.3003975013589297 -2907.6458066585937559 -1550.4819604271783646 8150.4281645871305955 15564
288000000 309.36991531409751133 12909.499165350014664 3476.0481819590031591 -3086.3662238473107209 -1592.9086964867233291 8155.3231022930358449 15587
289000000 308.08669038235859716 12855.952293578657191 3621.2595267584360954 -3121.4084546080603104 -1477.2393287641423285 8219.907310130638507 15576
290000000 308.58053740329097536 12876.559719798702645 3420.3446253454521866 -3096.2735703999865109 -1615.8349662863911362 8132.4531620318302885 15579
291000000 311.01478875718515837 12978.137036356596582 3720.2519239180633122 -2925.7607029855134897 -1520.2872027926134706 8166.2998296961895903 15558
292000000 308.04564594955832035 12854.239576715288422 3601.6173998726803802 -3018.9487578318276064 -1618.973016325180879 8239.539174029687274 15577
293000000 311.28060392247363097 12989.229067237960408 3477.7405507415187458 -3102.1624346380749557 -1543.2988255954287524 8123.2018109750224539 15606
294000000 305.50600821696912135 12748.264659419708551 3576.4068700471189004 -3016.8983793916986542 -1619.9694027487339554 8213.2746521875506005 15602
295000000 310.9445276342331681 12975.205154931783909 3475.4561573373493957 -3041.0104979965526582 -1544.0742205528590603 8060.5408758867615688 15587
296000000 308.56257206764763623 12875.810055807432946 3455.4744310443993527 -2980.853139580513016 -1657.2553156903784384 8093.5828863152910344 15580
297000000 309.14636627258357748 12900.170830492666937 3699.6320340154884434 -2995.5936614698748599 -1434.1765296659079922 8129.4022251512706134 15575
298000000 311.07569638671037637 12980.678611841469319 3554.6704752569598895 -3065.3746626225029104 -1613.0151005793770764 8233.0602384588419227 15572
299000000 312.91706282326583732 13057.515813195330338 3517.955498625144628 -3053.743412161615197 -1588.8071992213890553 8160.506110008149335 15576
300000000 312.53799857703080534 13041.69808390702201 3439.2289664501759034 -3115.9294183329639054 -1610.6102357398131062 8165.7686205229529151 15581
301000000 312.46123541598643669 13038.49488309667322 3644.5727887504754108 -2965.9332099958564868 -1540.2529881573036619 8150.7589869036364689 15583
302000000 311.14569761688665039 12983.599648367004193 3412.6963171723568848 -3066.0723231875599595 -1601.1922651152804065 8079.9609054751963413 15582
303000000 310.07430460455719867 12938.892175164943183 3547.8076219264075917 -3049.7520837000383835 -1524.7541434171512265 8122.3138490435976564 15579
304000000 310.78491876402870275 12968.544938554263354 3600.5179387409712035 -2936.4220363127597011 -1545.634785061285811 8082.5747601150178525 15568
305000000 310.78149214481891249 12968.401951354671837 3626.3414413000959939 -2883.6454779962386965 -1571.8999067636000291 8081.88682605993381 15601
306000000 306.15621715666679847 12775.396812059076183 3514.9158804854487244 -2983.0481106115239527 -1681.6941560261689119 8179.6581471231402247 15588
307000000 309.68464937789906344 12922.632501633952415 3594.7932260894367573 -2959.4378783566585298 -1566.3661868936501378 8120.5972913397454249 15573
308000000 308.23760288647611105 12862.249624862366545 3741.3730484074271772 -2913.4604250059460355 -1555.7776622624596712 8210.6111356758337934 15557
309000000 308.6431734654594834 12879.173419942959299 3650.2250784753496191 -3050.6515362604109214 -1559.0047916118314788 8259.8814063475911098 15568
310000000 308.83807681101438902 12887.306416890029141 3449.0140687743569288 -3076.9903977199942346 -1545.4012169258767244 8071.4056834202274331 15586
311000000 309.71851295638435886 12924.045573224148029 3439.4925199001722831 -3144.068453615076578 -1577.6201635433806132 8161.1811370586310659 15580
312000000 307.8579082109683327 12846.405588794479627 3534.3862104519394052 -3053.1544385991701347 -1532.842949191104708 8120.3835982422142479 15557
313000000 310.84244956388738501 12970.945604475524306 3537.2917804565436199 -3049.1453561032749349 -1576.215914484426321 8162.6530510442444211 15587
314000000 310.76362431002849007 12967.656355914083179 3572.4460451646036745 -3059.5760860765221878 -1498.7826294139538277 8130.8047606550799173 15570
315000000 310.96582612687859637 12976.09390609800721 3496.0017667059678388 -2982.1166403062002246 -1649.2959072666976681 8127.4143142788670957 15580
316000000 308.13331711478605257 12857.89795064988175 3659.1565321384987328 -2830.9882095744987964 -1615.3815947182220043 8105.5263364312186241 15588
317000000 310.36496227861101715 12951.020843192636676 3675.2640910170039206 -2953.7669293698768342 -1633.9398837649505367 8262.9709041518308368 15583
318000000 313.06274213602273448 13063.594771986570777 3498.434867199801829 -3033.0685623027729889 -1657.2725354916688048 8188.7759649942436226 15595
319000000 306.19995572429905906 12777.22195075030686 3624.3002734596657319 -3036.8726421235492126 -1500.6391399802412252 8161.8120555634559423 15582
320000000 310.34702052615728007 12950.272163289189848 3467.2387442783979168 -3020.6002958086828585 -1685.8164473830397583 8173.6554874701205335 15598
321000000 313.81986509000768137 13095.188271091396018 3359.4957487536148619 -3078.6823162906243851 -1655.8541527984702952 8094.0322178427095423 15567
322000000 311.29862481127361207 12989.981049371343033 3532.8315866739249032 -2989.1634732678016917 -1609.2810640461948424 8131.2761239879209825 15586
323000000 307.48093173006856205 12830.674978529446889 3501.9849082225564416 -2997.1280611639422204 -1543.5880082734365715 8042.7009776599352335 15574
324000000 309.05525899311066951 12896.369073146228402 3641.4826870014148881 -3008.0987880986031087 -1519.4845416235420998 8169.0660167235600966 15562
325000000 309.1256777895470691 12899.307534026942449 3535.2193343633698532 -3018.4604495950652563 -1543.1395127935713845 8096.8192967520062666 15569
326000000 309.67184449165876003 12922.098174732567713 3462.157315401285814 -3008.1872059193960922 -1594.834424811336703 8065.1789461320195187 15593
327000000 308.70773504781857355 12881.867468886704955 3246.1268338157933613 -3086.4035722574913052 -1669.8897327650402076 8002.4201388383244193 15591
328000000 308.10061835121626928 12856.533484875684735 3531.594481767769139 -3167.2790295228032846 -1508.3300435401533832 8207.2035548307267163 15570
329000000 308.14977148164371101 12858.584564391880122 3685.6270614732143258 -3079.6512979699568859 -1489.4461754104627289 8254.7245348536343954 15600
330000000 309.79828565938987595 12927.374357284556027 3385.2934232916559267 -3060.0093134882936283 -1605.7160274256461889 8051.0187642055952892 15581
331000000 312.6372355152263367 13045.839078578421322 3559.0901741856387162 -2987.686965208154561 -1527.5102600104737576 8074.2873994042674894 15597
332000000 308.44076918417050592 12870.727421250066982 3728.4396869637739655 -3018.931305272562895 -1475.8862259749421355 8223.2572182112780865 15569
333000000 308.76130504549627176 12884.102857029103689 3677.7916896175929651 -2955.2688513146731566 -1543.4352468423926439 8176.4957877746583108 15576
334000000 308.65234716908150858 12879.556223549223432 3592.4098499486708533 -3003.4010762947718831 -1534.1255771142514277 8129.9365033576941642 15601
335000000 308.86415305558074351 12888.394535807872671 3638.7478429848897576 -3012.1720461580343908 -1627.397061723947445 8278.316950866872503 15602
336000000 309.12300669023380806 12899.196073433497077 3495.3621676213224418 -2982.1536833158770605 -1582.8413814899829504 8060.3572324271826801 15577
337000000 310.88185495187514107 12972.589926687080151 3670.7834668156524458 -2979.6547911990746798 -1465.5631425305150515 8116.0014005452430865 15554
338000000 304.17762443725064259 12692.833382987644654 3650.5321315896444503 -2955.9335300976763392 -1560.2201513313011674 8166.6858130186210474 15586
339000000 312.98695022152946876 13060.432099701847619 3871.8825525155525611 -2906.912969169644839 -1409.398973990212653 8188.1944956754095983 15568
340000000 309.01111327002291773 12894.526944525619911 3364.0081526710591788 -3019.4826064584694905 -1680.7173712584431087 8064.2081303879722327 15586
341000000 313.41122467957944764 13078.136376979469787 3471.2690298535126203 -3084.858925887231635 -1624.3763512115119738 8180.5043069522562291 15571
342000000 309.65038056853683202 12921.202520423885289 3660.288117319594221 -2986.4505507359099283 -1489.3984363492500052 8136.1371044047536998 15577
343000000 307.23929952286351863 12820.592062826191977 3447.8156750479247421 -2917.1580808085655008 -1667.7738414878331241 8032.747597344323367 15586
344000000 308.21328967919805564 12861.235074598987921 3487.595454729863377 -3085.4481989750133835 -1605.926371013588323 8178.9700247184646287 15576
345000000 309.83128914922463082 12928.751538786005767 3664.8156995531026041 -3046.0933742152387822 -1520.8433074762981505 8231.7523812446379452 15570
346000000 311.10305703044286929 12981.820326629958799 3414.7340115312754278 -3021.6473458382365607 -1695.3466947462452481 8131.7280521157581461 15576
347000000 308.22692285970350667 12861.803964861564964 3566.0627515280916668 -2999.4985594101599418 -1556.4488955140541293 8122.0102064523052832 15571
348000000 310.72864703681074161 12966.196811669284216 3718.0210551623872561 -2912.8556250333454045 -1482.6482720447461361 8113.5249522404774325 15565
349000000 308.13145007636774153 12857.820042198834926 3570.4234617781794441 -3062.5338808554824936 -1539.9765265576215825 8172.9338691912835202 15578
350000000 308.50925124358133189 12873.585065271166968 3424.0973575821926715 -3037.7762902285744531 -1584.5300807005589832 8046.4037285113263351 15568
351000000 311.83839594508185655 13012.504813501100216 3608.8549381408747649 -3015.6321314828146569 -1520.9695402959027888 8145.4566099195926654 15579
352000000 314.29367586543747848 13114.959617648268249 3736.7935461431193289 -2965.6133126885979436 -1509.833355382775153 8212.2402142144928803 15587
353000000 308.77868519354046839 12884.828102101631885 3563.2690589636913501 -2975.0338390286315189 -1617.0625536942725375 8155.3654516865972255 15569
354000000 307.96311223821254544 12850.795580305197291 3684.7097826867757249 -2911.9666468650716524 -1539.4626637116471102 8136.1390932634931232 15584
355000000 308.78650719524529222 12885.154501403831091 3469.4299747409686461 -3024.0471356906632536 -1734.6612152436960059 8228.1383256753288151 15587
356000000 307.87682934596068662 12847.195136724967597 3711.7223153505692608 -2972.0998586961095498 -1444.4192976681561049 8128.241471714834006 15584
357000000 309.97479534116143896 12934.739816809580589 3408.1056080130547343 -3007.2492054701015149 -1706.9043434809743758 8122.2591569641308524 15602
358000000 309.42279870710939349 12911.705902605815936 3671.3479158985473987 -3042.8974783947701326 -1508.6290613660557938 8222.8744556593737798 15568
359000000 308.507203251236092 12873.499605909531965 3754.2334649171552883 -2937.5117406628187382 -1481.8539712116476039 8173.5991767916211757 15578
360000000 309.94485799461330089 12933.490580438670804 3537.7632896886957496 -2901.2500719106456017 -1687.8430415368018203 8126.8564031361429443 15579
361000000 309.85571155266995902 12929.770645626349506 3627.2529240948056213 -2994.731028408081329 -1595.9881648825464708 8217.9721173854341032 15581
362000000 306.91710628053652954 12807.147467256261734 3432.8148909658266348 -3040.7777557223762415 -1638.3396565340815414 8111.932303222284645 15583
363000000 312.18120340004742275 13026.809606354861899 3583.0554469330672873 -2965.1998223561467967 -1547.1906569083671457 8095.4459261975807749 15587
364000000 311.32395005697185297 12991.037830338140338 3632.2697387784096463 -2955.2591258684351487 -1596.7830108574366932 8184.3118755042823977 15579
365000000 308.38350298222690071 12868.337796565832832 3575.4121443751237166 -2921.1335729704951518 -1606.4641022783000608 8103.0098196239187018 15593
366000000 308.45051771108177263 12871.134211289416271 3638.1241404217153104 -2945.3616060490221571 -1600.8781847062271027 8184.3639311769647975 15566
367000000 313.68832717075821392 13089.699409457780348 3534.9929652401638123 -3122.0451128475169753 -1538.4169429843477701 8195.4550210720281029 15558
368000000 308.32617289381323644 12865.945506003985429 3470.7367192974738828 -3077.7811253125328221 -1666.614226298867834 8215.1320709088759031 15580
369000000 305.06413764778670838 12729.826125284087539 3588.143048042859391 -2960.3745747482457773 -1570.7350240614455288 8119.2526468525502423 15578
370000000 309.86365448312835724 12930.102091087099325 3722.8551747906958553 -2839.3550866521954958 -1523.532370723959275 8085.742632166851763 15579
371000000 313.74191758965758936 13091.935649744265902 3679.5928521384498708 -2942.3569728522006699 -1569.3136312889321289 8191.263456279582897 15561
372000000 308.1486928053886345 12858.539553000902742 3660.507424464266478 -2909.4166929935290682 -1618.9271620082936352 8188.8512794660891814 15586
373000000 309.33889858449123267 12908.204888094394846 3602.3828855887854843 -3002.5973616232427048 -1561.1893401016909593 8166.1695873137196031 15586
374000000 309.63278135192365426 12920.468133979269624 3529.3440467210421048 -3077.5708820261215806 -1561.7201897463137357 8168.635118493477421 15572
375000000 309.60731279668851812 12919.405372940540474 3717.2766720214613088 -3051.3995709985119902 -1449.2043592026357146 8217.8806022226090136 15560
376000000 310.982088865815399 12976.772523521158291 3527.21270184046125 -3021.5549068717109549 -1659.6321893916392582 8208.3997981038119178 15571
377000000 310.20869357888676632 12944.500006651009244 3416.6640004159908131 -3039.6533757932684239 -1682.2775581529126612 8138.5949343621723528 15582
378000000 310.20219606739499341 12944.228876153090823 3265.089268462178552 -3200.1070213359967056 -1649.2968683669887469 8114.4931581651635497 15572
379000000 311.21244369001198038 12986.384852527618932 3610.1871117527039132 -3063.0545904321802482 -1510.9895006444639876 8184.231202829348149 15571
380000000 311.14862576171964292 12983.72183504840541 3387.7069364511344247 -3159.5089959633805847 -1582.4472350249093324 8129.6631674394247966 15586
381000000 306.55588654609158539 12792.074360177990457 3499.390369704978184 -3092.25114909077638 -1525.8604483288393112 8117.5019671245936479 15575
382000000 311.26049141923249408 12988.3898054644269 3500.3115125958347562 -3059.8376706574140371 -1620.9804097895334962 8181.1295930427822896 15576
383000000 311.02707276993146479 12978.649628061368276 3537.3452109309910156 -3083.3314905379138509 -1479.0499172893566993 8099.7266187582608836 15558
384000000 306.21703168102504833 12777.934502418032935 3631.5184793385128614 -3025.4063746650253961 -1463.8337684318357788 8120.758622435374491 15578
385000000 312.67950041730563271 13047.602723623100246 3551.6342352990354811 -2962.1687010873647523 -1541.1943423112816163 8054.997278697681395 15567
386000000 307.90316437091217949 12848.29405412385313 3525.8840925681611225 -3035.5100629179160023 -1504.7469267939691235 8066.1410822800462483 15557
387000000 308.93738674847793391 12891.450457701157575 3611.5651068007418871 -3026.3228788220858405 -1659.0610695972904978 8296.9490552201168612 15565
388000000 311.80262619909558452 13011.012200667413708 3453.6630245518053925 -2987.4261094490957476 -1650.7624203534394383 8091.8515543543398962 15597
389000000 313.80192497526570605 13094.439659526977266 3620.8168463272700137 -2948.7219946765153509 -1527.9768341665485423 8097.5156751703334521 15592
390000000 308.42903071097941847 12870.237594016189178 3586.7165849486545994 -3007.7980256082828419 -1548.8384423731426978 8143.3530529300805938 15575
391000000 308.91420818814060567 12890.483254393669995 3488.0681395543692815 -3083.1010501277019102 -1545.7094984011091583 8116.8786880831803501 15567
392000000 308.30845497164767721 12865.206166171357836 3574.6191171845230201 -3061.3999477221441339 -1422.8803102316185232 8058.8993751382859045 15569
393000000 310.66373300021240311 12963.488055388199427 3957.0781648288730139 -3020.8114481339312078 -1379.4610129422662794 8357.3506259050700464 15548
394000000 306.51568922232843306 12790.396991785388309 3730.3642561808123901 -2987.4235394065217406 -1525.2335112720502366 8243.0213068593839125 15580
395000000 312.80232370036429757 13052.727937781437504 3555.4540948976045911 -2948.4260253396514599 -1594.0869278738668982 8097.967048111121585 15574
396000000 310.51389543351496059 12957.235579480013257 3557.0431034445778096 -3055.9119072032044642 -1558.1121612520132658 8171.06717189979463 15567
397000000 309.03694876003123682 12895.605017150621279 3583.4161694387712487 -3104.4455943126040438 -1431.0097200023128607 8118.8714837536881532 15561
398000000 312.46147061245568466 13038.504697459586168 3547.5333464492346138 -3060.6369220741071331 -1542.1514548694331097 8150.3217233927744019 15574
399000000 306.59271149026250214 12793.611004701282582 3685.3440224215100898 -2949.7736405317746176 -1513.6481091648126949 8148.7657721180967201 15568
400000000 307.68981741176781952 12839.391435431251011 3748.089526815278532 -2973.9550870587445388 -1451.0323333536430255 8173.0769472276660963 15559
401000000 309.13761467692194174 12899.805640759288508 3766.3715200114620529 -2968.9849781663551767 -1484.6441002497897443 8220.0005984276067466 15556
402000000 305.90970639066250669 12765.110322098502365 3669.6776682048284783 -2936.577636833498218 -1547.4668926562594606 8153.7221976945857023 15567
403000000 311.40303899309003555 12994.33808192779361 3578.0973403721854993 -3007.2267581991291081 -1573.4568850019322781 8158.780983573247795 15584
404000000 311.6929308946700985 13006.434795526109156 3662.661398523947355 -3020.5896609067044665 -1527.3555292962000749 8210.6065887268523511 15573
405000000 308.60024836832513984 12877.382226041427202 3616.3887846523739427 -2907.7087689658574163 -1587.4608425162664389 8111.5583961344982526 15582
406000000 308.92776978034328295 12891.049157393783389 3506.5202550091134981 -2937.8368745930065415 -1627.3106403301212595 8071.6677699322408444 15584
407000000 310.22263800802454625 12945.081884808529139 3476.3113973871177222 -3007.5385454468523676 -1602.2236599495799965 8086.0736027835491768 15563
408000000 309.74013590963573961 12924.947863599305492 3643.6461026691645202 -2989.3939200030517895 -1550.4522962524574723 8183.492318924673782 15574
409000000 312.58914071023696124 13043.832161246988107 3535.625705451012891 -3006.2091553781706352 -1618.478633375307254 8160.3134942044907802 15585
410000000 310.00622690344835064 12936.051404352592726 3513.2665331716352739 -3138.4584605653935796 -1497.9595028370590626 8149.6844965740883708 15589
411000000 310.51338125448484107 12957.214123632396877 3393.5682055740221585 -3029.6304637833463858 -1554.4735263145435056 7977.6721956719120499 15593
412000000 311.38702486915298095 12993.669838800826255 3584.1136686395984725 -3127.8795920581260361 -1461.0428199724783553 8173.0360806702037735 15565
413000000 307.52337040244680111 12832.44587472369858 3600.9232543697116853 -3103.6693332997247126 -1482.6751235839333276 8187.2677112533674517 15591
414000000 306.95879004003057844 12808.886862173994814 3402.8886964415032708 -3075.5039182983882711 -1528.4869367512578719 8006.879551491148959 15569
415000000 310.8628616691418074 12971.797368149691465 3465.743310505548834 -3080.0227761630176246 -1559.4903059003195267 8105.2563925688864401 15570
416000000 308.42007297810852151 12869.86380251515584 3675.9687200553639741 -3078.1896146934600438 -1492.7633823228334222 8246.9217170716583496 15565
417000000 308.70658188103345765 12881.81934912808174 3461.4561942013119733 -3015.4250898236268768 -1694.3850949406396467 8171.2663789655789515 15592
418000000 308.27141564349642522 12863.660575756181061 3447.8906719320698357 -3150.73637825046535 -1562.477714911576868 8161.1047650941127358 15586
419000000 306.73750436177903111 12799.652973753423794 3433.8339344733112739 -2997.3612946063230993 -1630.4629570681836412 8061.6581861478180144 15587
420000000 310.14515191898317426 12941.848517398546392 3431.5297690192610389 -3078.8707399417398847 -1542.2339889145328016 8052.6344978755341799 15582
421000000 309.46313594875084618 12913.38910954199855 3618.3786107207188252 -2946.1369604321971565 -1603.4604715173750265 8167.9760426702914629 15580
422000000 308.45174828579803261 12871.185561154048628 3620.3378232402510548 -2974.0663621918679382 -1616.2475771996619187 8210.6517626317800023 15594
423000000 307.13605846032038471 12816.283982612971158 3502.4588608246708645 -2968.4930819218839133 -1625.1549738487622108 8096.1069165953167612 15576
424000000 308.22171197157570077 12861.586523046420552 3750.0883332819139468 -2987.6289385489162669 -1484.3509523557886496 8222.0682241866197728 15573
425000000 309.23940164838194278 12904.053044136479002 3680.2848225376519622 -2942.4729800382056055 -1564.257024518286471 8187.014827094143584 15589
426000000 308.4845454372233462 12872.554132492088684 3597.185499337836518 -2979.2155745659692911 -1576.897280572508862 8153.298354476314671 15567
427000000 308.69804315406105388 12881.463042055975166 3719.6361179112263926 -2989.473653556688987 -1487.4104505203699773 8196.5202219882849022 15569
428000000 307.73682020561579975 12841.352784928772962 3616.6204102772571787 -3035.6958199115711068 -1522.5079729687797681 8174.8242031576073714 15579
429000000 310.92319302520809288 12974.31489668827453 3528.3725876675644031 -2986.0221330843360192 -1572.958627018661673 8087.3533477705623227 15585
430000000 311.90177437361433022 13015.149491376163496 3515.628243607569857 -2950.6847030203007307 -1627.2713551557808387 8093.5843017836514264 15593
431000000 311.02128046951548868 12978.407924865019595 3538.977718944697699 -2971.3788552974519916 -1571.1181867861687351 8081.4747610283184258 15590
432000000 305.78015150392781152 12759.704209159335733 3741.8142535950551064 -2980.400107648962603 -1479.6713141670079494 8201.8856754110256588 15573
433000000 308.49041513658409031 12872.799065419460021 3502.4019552273475711 -2957.3452512573239801 -1621.5440117826510686 8081.2912182673235293 15585
434000000 314.38937155704320503 13118.952841907508628 3338.1436163631146883 -3068.0166144147628984 -1607.3125407445445489 8013.4727715224225904 15570
435000000 313.09375098539857163 13064.888720413098781 3537.6835025933983161 -3117.0483186006936194 -1573.0937509696227607 8227.8255721637142415 15570
436000000 312.52325380649108411 13041.082808815446697 3511.413091576786428 -2993.0032489814739165 -1567.6451734092674997 8072.0615139675273895 15573
437000000 311.22142811118806094 12986.759757687857928 3512.2457732043153555 -3093.9858003348481361 -1567.6411660767239482 8173.8727396158874399 15564
438000000 314.23228527200728877 13112.39788887175564 3499.2350338507758352 -3133.3949396745556442 -1544.592306965355192 8177.2222804906868987 15582
439000000 312.83157434810522091 13053.948519337385733 3439.3834137658350301 -3125.8506490990512248 -1574.2291468168923529 8139.4632096817776983 15595
440000000 310.78997417628545463 12968.755892616305573 3581.7522877251885802 -2980.4111219740289016 -1514.5613342625670157 8076.7247439617840428 15577
441000000 312.84296825060187075 13054.423968201315802 3573.1927340764023029 -3021.982533708702249 -1664.0156223628077896 8259.1908901479127962 15599
442000000 306.87043993511241524 12805.200157199655223 3629.6428427336354616 -2961.9346121522471549 -1560.448406944138469 8152.0258618300204034 15568
443000000 309.7079110638152315 12923.603173635508938 3472.8815694674376573 -2953.8185855265696773 -1559.4338031953400332 7986.1339581893480499 15569
444000000 311.79751336594898703 13010.798850525814487 3460.6319898382330393 -3004.2244313135861375 -1554.6303771305242662 8019.4867982823434431 15570
445000000 310.51819044150420268 12957.414803119119824 3704.5467951829177764 -3009.0759620139506296 -1433.9274186662466946 8147.5501758631162375 15584
446000000 311.1189358051083218 12982.482921853810694 3534.3233022444392191 -3020.2581774872382994 -1495.3338548405624806 8049.9153345722397717 15563
447000000 311.02665652593560708 12978.632258882105816 3640.2659876081311268 -3018.296186201007913 -1608.3027533560493794 8266.8649271651884192 15565
448000000 308.24367638121407253 12862.503061836581765 3441.3528952575716175 -3095.0610465740319341 -1481.6716994621988306 8018.085641293802837 15559
449000000 311.75308492738275845 13008.944924651974361 3564.7868537292160909 -3125.7117629174554168 -1490.7966885238984105 8181.2953051705690086 15566
450000000 310.30068826858416742 12948.338794170666006 3395.6288753883563913 -2955.2426001819549128 -1578.6401453461869551 7929.5116209164980319 15570
451000000 312.10304990535246361 13023.548389201572718 3729.3692361823186729 -2994.2488951675136377 -1472.7418201719758599 8196.359951521808398 15561
452000000 311.28224222237616914 12989.297430805901968 3373.0581170352024856 -3054.4907342375558983 -1529.6317057954943266 7957.1805570682527105 15560
453000000 315.76402926060882237 13176.315053287387855 3265.2899123675506416 -3080.6466649619169402 -1653.0808193567590934 7999.0173966862266752 15605
454000000 309.07780632908367124 12897.309936496269074 3394.2228045605234001 -3098.1593423741687729 -1590.3475224909075223 8082.7296694255983311 15593
455000000 307.7179196051573058 12840.5640938707038 3570.9091223518871629 -3125.3709845877638145 -1475.3523054355687236 8171.6324123752192463 15569
456000000 310.46220745445970124 12955.078724888011493 3755.8246668136398512 -2987.30054148040972 -1481.3583116458189579 8224.4835199398694385 15573
457000000 309.28817902529937101 12906.088444074977815 3513.8702779313734936 -3012.6208619912240465 -1579.5853307537236105 8106.0764706763211507 15582
458000000 309.82344804586119835 12928.424342402922775 3576.289514467306617 -3077.4942837229236829 -1517.1853547921120935 8170.9691529823430756 15581
459000000 308.81320962110549999 12886.268749840059172 3483.856024999381134 -3064.4104198798127072 -1572.6003404482326005 8120.8667853274264417 15586
460000000 309.00195320095889429 12894.144709867099664 3350.9544269658081248 -3100.5387548329476886 -1682.8472237960527309 8134.3404055948094538 15584
461000000 310.7267400262713295 12966.11723524718218 3494.0118271980136342 -3099.662216955054646 -1630.574987514369468 8224.2490316674375208 15572
462000000 311.00932225602264225 12977.908928228749573 3556.7538581139942835 -2969.6485773056792823 -1607.9162720770791566 8134.3187074967536319 15574
463000000 308.79011480455778837 12885.305041023564627 3424.6260704596670621 -3187.0991058414579129 -1548.7878180997772688 8160.5129944009013343 15584
464000000 310.73989913202620983 12966.66634314795192 3608.6792806013213522 -2965.5002362321397413 -1607.4162162170073316 8181.5957330504679703 15569
465000000 308.47042220261653256 12871.964793075605485 3610.8210083412623135 -3033.7669942052725673 -1586.5129289036149203 8231.1009314501498011 15568
466000000 310.81146611901579035 12969.652716137292373 3691.1353252455564871 -2992.7483096142677823 -1437.5242943791563448 8121.4079292389806142 15558
467000000 308.83014389518115195 12886.975389323164563 3526.3816863126894532 -3039.7972430410345623 -1599.7736338155150406 8165.9525631692376919 15586
468000000 312.12818691658742409 13024.597315452941984 3655.7741070190077153 -3029.5532640405490383 -1508.3475677791361704 8193.6749388386942883 15581
469000000 311.07794910139699596 12980.772613930641455 3402.6766241865034317 -3059.9615089152039218 -1635.0781542657659884 8097.7162873674733419 15597
470000000 308.24912754327789344 12862.730529888998717 3522.5330672735708504 -3007.6059961311757434 -1669.1649901398639031 8199.3040535446107242 15585
471000000 312.32985501406329831 13033.012594402736795 3604.9088747308383063 -3003.0662863681181989 -1527.7839782764774554 8135.7591393754337332 15581
472000000 310.13128295889600849 12941.269788440729826 3637.1639506082074149 -3015.7801744706357567 -1543.5511954002954553 8196.4953204791381722 15572
473000000 310.17787780715605095 12943.214115037942975 3665.7235963323328178 -3000.3062155669440472 -1450.3587244806815306 8116.3885363799581683 15561
474000000 308.91950353582416255 12890.704220567551602 3802.6225720176335017 -2904.9734456948144725 -1476.8205669995113567 8184.4165847119584214 15572
475000000 309.30872351890479877 12906.945732097901782 3636.0588575843398758 -2985.7607854293137279 -1499.8362786484258322 8121.6559216620789812 15558
476000000 306.83015875881119428 12803.519289778167149 3854.152426929367266 -2945.3755816440120725 -1400.5265044187094645 8200.0545129920883483 15557
477000000 313.51849462723373563 13082.612575960563845 3638.2858390709811829 -2997.2921920904082072 -1566.7702305044654167 8202.3482616658548068 15582
478000000 308.03956480685252473 12853.98582060391891 3691.3023148186007347 -2999.3252644282856636 -1518.3474107976453524 8208.974990044531296 15577
479000000 311.15953576841923223 12984.177091734367423 3696.7769304036660287 -3004.6327743090378135 -1534.1973284946845979 8235.6070332073886675 15562
480000000 308.3741981146715716 12867.949519703755868 3623.5422931844873347 -2950.337871266192451 -1602.6547223705549641 8176.5348868212349771 15584
481000000 311.82823412512624373 13012.080777420855156 3600.1097183046331338 -2996.4658320200041999 -1577.2554215294126152 8173.8309718540504036 15578
482000000 311.65111778605540849 13004.690003081717805 3558.9688986776864112 -2977.9881937127943274 -1671.9543842363657404 8208.9114766268467065 15605
483000000 309.11552587736582609 12898.883911381873986 3804.3837342864662787 -2842.3260184204518737 -1444.002534358921821 8090.7122870658404281 15567
484000000 311.0503252417157114 12979.619915572311584 3656.8692239701094877 -2930.1282649191625751 -1588.131399072296972 8175.1288879615694896 15553
485000000 310.97038330537014872 12976.284069682184054 3711.7059388265388407 -2916.3606958299283178 -1572.3151718503813754 8200.3818065068480792 15568
486000000 309.28105133215558453 12905.79101713028831 3558.3981738780585147 -2954.5750149849409354 -1576.4370320262930818 8089.4102208892927592 15573
487000000 306.10766381383939461 12773.370760695714125 3707.8727738972938823 -2913.1266053714725786 -1548.3096362158330521 8169.309015484599513 15571
488000000 308.67794611055541054 12880.62442539184849 3584.0957014761474966 -2968.406069386654508 -1562.4067476273708053 8114.9085184901723551 15576
489000000 311.63944466382014298 13004.202902836044814 3520.3914574701630045 -3105.3282511404931938 -1574.534176698660076 8200.2538853093174112 15570
490000000 311.35646704125423412 12992.394710760812814 3656.6602387806137813 -2923.8890317971372497 -1480.8083299531783723 8061.3576005309296306 15569
491000000 307.57778145002367864 12834.716358498975751 3519.0744208403866651 -2962.2798131661274965 -1586.7681896473332017 8068.1224236538473633 15586
492000000 305.74766394842248474 12758.348556751263459 3494.5636805740477939 -3065.0762913562157337 -1547.2295463609793842 8106.8695182912433665 15563
493000000 314.2366000010499647 13112.577935438075656 3639.8009874370518446 -3075.9889863736084408 -1465.7630816177770612 8181.5530554284378013 15572
494000000 307.71141164286012781 12840.292527277817499 3708.1667475619015022 -2992.1114976151638984 -1467.1822422411287334 8167.4604874181932246 15571
495000000 306.59159512766785838 12793.564420721164424 3471.1728266714731035 -2994.3143522533632677 -1639.5727113411576283 8105.059890265994909 15590
496000000 314.28844040776476731 13114.741150586311051 3573.0606265471542429 -3018.6669201864588103 -1478.6086013675603681 8070.3361481011725118 15562
497000000 309.28789589963980688 12906.076629705559753 3606.2989602090256085 -2941.3744214186849604 -1546.9924686777176248 8094.6658503054295579 15574
498000000 306.06667724046212697 12771.660458211172227 3527.2705742133352942 -3050.1161617142042815 -1554.5794748352027455 8131.9662107627427758 15593
499000000 309.3566151965745803 12908.944173259438685 3720.2978306650693412 -2950.7813159795241518 -1527.8548715608860675 8198.9340182054802426 15593
500000000 309.57026865351173228 12917.859581602244361 3674.66547455359796 -2925.7835923008806276 -1548.5796984443468318 8149.02876529882451 15584
