2221222122212122122121212212222222222221122122222222
211211221222122222111221121222112222122
221222222222221222111222222221211121212222222221222221212121222222211222222221222212222222222222222222222121212222122222212222222221222222222221222222222222112122122
2212221212222221211221121121121221121221121212222221221122122111222222211221221111212222222222
22121122212222222222222222222222222222212222211211222122111222222
2222212211212122222222222222222222122211221112221111122111112122222222
212222112211221111121221111211112221122221122122
22222222221222222212222222221212221222211212222111111111212222112121222222222122222112122222222111211222222222222222
21222222212222211121211211222122221222111112222212
22121211222222222212112112122122211222222222
22222222222111221122111212222222222121222222212222211222222222212221222122211212221222222222222221222112212122222121121111112121221121
21222222222212222222112222212112121222222212222222212222212212221222222212222222212111111121222221222112121212121112212211212221122221212122222222
22212222222122222112122212211111111212212112211112222121221112122122222212112111112222222212122211112211122221211221211221112222121121111122212211221212222221222222122211222121212221211222
2212212222211111222122122211211211122222122222212222212222221121211122212211122221222122212121222222221122221121221222211222122222222211212222212212212122212211121211122111222221122222211212122222212221222221122112122222
222121112121221221112121121222
222221222222222221121221212121
22222122222211111222211121221222
2211211111222211222121112212221111
2221221211112222211121222222222222222
2222221122212221122112121222122122112
12222222221121211121212121121222211222
222112112222221212212222222212121122222122
222222222222222122121211212121212212212222
2212222212221222212221222221211211111222221
2212212122221112222222122222212212111112121
22121222222212212111112112212222222222211222
22222221221121212121212211212212121122121211
221221221111222122222222122222221222212112122
222111211212121211212122222212122122221222221
212121112122222211221221112121212211122211121
211222112221222212222212221212121212212111222122
2221222211122211121112122221222122212222222221222222
22211222222122222222222212122111211221211211211211212212212
222222222222222111122221221221122222222121122211221221112222
2222222222222122222222112222222222122221212122121211122222222
2211222122122221121212221221212221212111111122112121122221212211
22222222222222211212222222212222221212221211212121112112112212211
22112122221221222122222222212222222211122222221112212122121212222222222
1112212211122221221222211211222222222211111222222222111212122222222122211222121
222222122222112212211122222211112212221122222221122112222221121221221112111121222
222122222122222211122222211212211222211222221122122222222112122222222222221212221221
2211122222221121122112121211212212111112112212112122212211221212212222222122221222212122111111221222221
212221221222211212221211222221112222222222222221122122222212222211222211222211221212212222222222222222222
112222221221212212222112221222222212221121221122222222212221122211212222222221111121222222222222212122221122222
22112222222222212222222122222222222222112221211211212211221122212121121222221222122112222211222222212212122211112122222
2121211222212212221122221222222212222212211222122222211222122112212212122221221212222212211212222222212221121222211111121222222
22222222111122222212222222122211222221222222222212222222221112111212111211222222222222222222221212212222222222111112112212222222122222222
22122222222211222121222212222121222111121222221222212212122221212222222211222222212222212222222222222112122122212111121212122112122222122
222122222221212221121221112212222122222222112122122222222221211212111222221122222221221221222122222222121112122222222221222212112222121122
1122222222122212222122122212212222122222211221222121212222222222212121221222211221222222222212222212121222211212222221211222221222211212212122222
1222221212222222222212221212211221122212212222212122212121221221222111222211222222222221222222222222212222221211222111221221221222211222111111221
22222212111221122222222221121112222121121121212222212222222222222222211222212122222222222122222222222222212212211221222222222222122221222122211222212222222211222
2222222222112112212112221222121112212211121122112222212221121211121112222222222222222222212111122122111122221222222212121211221111121212111122222211211222221222212221222112222111222112122111211111122112211111122222122
22222222222222222222222222222211211221111122122212111221221112112211222221222112221111111222222222222222222222121211221221111222212212222121222122211111212221111221222112122212122221222121221122211112211211221121111121122111111222222222
22121222212122211211222211112222
1112121221222122212122212112212212212211
12212212221221221121112122222122222222222221
212122221222222211111222211222122212222222221222222211211222222
222222122122121212121221222222222111111211211212221222122222222211111111211212221
2222212221211212121212222222222222211212122211212211121121212121111111221111222111112211122111222111222222222211111111121212
221221122122211221121111111221221222222122222222221122222222222221112111111112212222222222222222222211111121221121222221222121212222
211211122111112222222222122222211211221121111121221222122212222222121111222111222222112222222212112221112222211222222211121221112222221122212221111122122212
2122121211222221122212212212122222222222221111122221221222221122222121212212222211112122222222121211122122222122222221211111122121121111111112112221221222211111111221222
2212222211111111111212212222222222122212222222
12221121112221122212122222222222222222212212112112222221122222222211211
122121111121111222122221212222222222111212
2112212222221112211212121111212222222222212
1112222222212212221121221221211121222222221122122212212122221221122222222222222122222112112221222
222222222222122222222212121212212221121111221121222212122111211111212122221121212122211121111222222212111112222222221212122222222112212212222122222121121212211111212111122121121212121122122211112111112121
22222221222211111122221121222222212221221222222222211211212112212121221212222122122222221121221221221211222212222212122112222222112111122222212221221221212122122222222222122122222222221112111122222212121222212222212222222211111111222222122222121222122212222222211211222122221222211222222221221122222211212222222
1111222122122122121222222222212
2122212112111221112222222221222
2222222222222121111211121222222221
1211211221111121222222212122222222222
22212222222222212222221122222221121112121
222221222212222121221122212221221112122112
1222112122222222212121112212211212212211122222222
222112111222212211212222122211212122121211222221111
21221211221222221221221122122212211211222112212222222222112222
2222122111221221122112211212212121112112112121222122222222112211
222211222222221221211222222122222222211222121122122212112121121221222
21112122221222112222112122111221221211111221221122222221221222211212221221222212121212
22221222112221211221221122222222112112122211121222122222221122222222221122222212222122222111222212212121122212
11222222222212222222222222222212121222222222222222222222222222122112122212221122222112122222222121222221212211222
2222222122221211212121122212111221221112212211212221112222122221222212212221212221121122221122222222221211121122222111221221222222
222222222212222222212222111111112222221122121222222221122222122222212222111211222222222221222222221112222112112111112222222222222222
2222222222211211222222121212221222121111122212222222212222212222122111221212212222222212221112121112122221122212111112112222222211122222
222212221122222222222222122212222121222122212112121211122112121111212122212222212112112212221222112212222221221111221222211122222212122221212221111212212212212122122212122
22222212222222211222222212222222212222122222111211221122121112212121222112222222222122111222222222222222221212222222222222112212222222112222221122221212221121211222111221211221221221222122221221222222212122121222122221112222122222222
122222111121112211122222222221221222
1222221111211122111222222222212212222
222222122222222122112222121212112222121122222112112222222112211221121122222221122122112122121122122212212122121221211222111
222122212222122222222122222211112222212222222211221112212212212212212212212222212212122211121122122222222222212221122212122112122122222221222222222122122122121212121212212222212111212112222221221
12222122222222212221221212122222
2212212122211222112212222212221112
12112122112122222122222212222222211
22222222212122222222221222222222111111
2122221222222121111112222222222222222121
2112121221112112221221122212222121121122
2221112111221221221121122221212221222211222
22112212122222212221121212112222221112221212
22122222222222212212122112221121211121222112122
2222212222221112122222212112211222222221212122211
22222222222221222211111222121212211121222212222112
1122121212121222212221111111221212122211221112222222
22221221221122121222222221221222121212111222122221222
22221222222212222222111121111111122122111112222222222
12122222222122221211111112222212212222222221222221222122221
221222222222212212222222222222212212222112111122211122212221111121122212212122222222
21221222122212122212222121111121212122122222112111122222122222222112211222122211221221222
2212121221221112112112221222222122222122221212222222221212221122221212111211112222212222222222
22222222122211212221222222222222222212112222222222221122222121222211222211212212112222221121122122221221221
2221222122111111222212221222212212222221211122222211222211112221212122111222222222222212222121221222121111122
22222222222212222222222221121222112112122122121122211122212212211212222122222221222122111111212211212222212212122
2111121212222221211122222222222222121221222222121122111222122122112222222222222222222222122222222222212212221222222
21122222121112112122122212222112222212122121122222211122222122222122221221222222122222211212212222222221221112222222
222222222221222112112212222211222111111111211121211121222222221122212112122111111111212112122111111211112222222212221
22121222211222222222111212222211122222121122221221222222222212222222222122221221122112222222212222121121211222222211222
2222222121221122222222222222221222211122222222222111212222122222221222222212221211122222122121112222121221222222212221212221222222222222122
