# Fix print output for fix saveBond
1000000 58048 57214
2000000 134810 133814
3000000 216539 215541
4000000 300024 298998
5000000 386380 385306
6000000 474403 473320
7000000 564863 563760
8000000 656767 655594
9000000 750048 748911
10000000 845012 843901
11000000 938794 937660
12000000 1033523 1032372
13000000 1128950 1127810
14000000 1224181 1223052
15000000 1319440 1318256
16000000 1414865 1413680
17000000 1510639 1509469
18000000 1607295 1606142
19000000 1705194 1703988
20000000 1802943 1801742
21000000 1902365 1901147
22000000 2002518 2001298
23000000 2102328 2101108
24000000 2202190 2200983
25000000 2302318 2301084
26000000 2402112 2400892
27000000 2501860 2500654
28000000 2601396 2600183
29000000 2701940 2700714
30000000 2802755 2801507
31000000 2902882 2901682
32000000 3002704 3001477
33000000 3101387 3100166
34000000 3200154 3198969
35000000 3298927 3297722
36000000 3398598 3397375
37000000 3497538 3496325
38000000 3598111 3596902
39000000 3697887 3696658
40000000 3798802 3797557
41000000 3899072 3897851
42000000 4000370 3999155
43000000 4101146 4099916
44000000 4202930 4201707
45000000 4302266 4301037
46000000 4402221 4400996
47000000 4501708 4500499
48000000 4602641 4601440
49000000 4702452 4701253
50000000 4803074 4801848
51000000 4904102 4902881
52000000 5004618 5003408
53000000 5106018 5104802
54000000 5206489 5205262
55000000 5306685 5305467
56000000 5407321 5406118
57000000 5508334 5507112
58000000 5609126 5607894
59000000 5709471 5708219
60000000 5810358 5809134
61000000 5910956 5909712
62000000 6012372 6011120
63000000 6115304 6114017
64000000 6218331 6217104
65000000 6320761 6319519
66000000 6423011 6421765
67000000 6525842 6524595
68000000 6627832 6626586
69000000 6731158 6729899
70000000 6834265 6833034
71000000 6935896 6934632
72000000 7038594 7037294
73000000 7142491 7141239
74000000 7246379 7245132
75000000 7350304 7349004
76000000 7454886 7453631
77000000 7558525 7557260
78000000 7662987 7661729
79000000 7767454 7766174
80000000 7870730 7869482
81000000 7974131 7972893
82000000 8076670 8075422
83000000 8179951 8178712
84000000 8283970 8282730
85000000 8386309 8385069
86000000 8489603 8488348
87000000 8593031 8591778
88000000 8697374 8696080
89000000 8800881 8799581
90000000 8905450 8904179
91000000 9009960 9008684
92000000 9114074 9112824
93000000 9219191 9217908
94000000 9324262 9322965
95000000 9429196 9427899
96000000 9535368 9534071
97000000 9640163 9638868
98000000 9744379 9743105
99000000 9848236 9846962
100000000 9950902 9949658
101000000 10053233 10051991
102000000 10156588 10155331
103000000 10260252 10258971
104000000 10363569 10362305
105000000 10468610 10467295
106000000 10573358 10572116
107000000 10677539 10676228
108000000 10781614 10780373
109000000 10886667 10885367
110000000 10991331 10990059
111000000 11095429 11094179
112000000 11199258 11197972
113000000 11303934 11302653
114000000 11408148 11406888
115000000 11511972 11510683
116000000 11616198 11614924
117000000 11721059 11719767
118000000 11826723 11825438
119000000 11931546 11930263
120000000 12036377 12035085
121000000 12142065 12140774
122000000 12247202 12245937
123000000 12351464 12350197
124000000 12456573 12455308
125000000 12560220 12558959
126000000 12665044 12663726
127000000 12770950 12769666
128000000 12876503 12875213
129000000 12982476 12981191
130000000 13087532 13086233
131000000 13192608 13191322
132000000 13298237 13296919
133000000 13405118 13403848
134000000 13512277 13510970
135000000 13618524 13617217
136000000 13723909 13722636
137000000 13828585 13827309
138000000 13933962 13932646
139000000 14039661 14038389
140000000 14144873 14143561
141000000 14252085 14250816
142000000 14358349 14357051
143000000 14462886 14461591
144000000 14568574 14567281
145000000 14673689 14672395
146000000 14779000 14777686
147000000 14884476 14883228
148000000 14989666 14988389
149000000 15095562 15094283
150000000 15202310 15201007
151000000 15308494 15307203
152000000 15414081 15412768
153000000 15520928 15519626
154000000 15627686 15626370
155000000 15733543 15732248
156000000 15840387 15839072
157000000 15946250 15944961
158000000 16052169 16050859
159000000 16158679 16157373
160000000 16265037 16263751
161000000 16371182 16369878
162000000 16477292 16476028
163000000 16582405 16581133
164000000 16686320 16685030
165000000 16790779 16789483
166000000 16894598 16893377
167000000 16997832 16996556
168000000 17102938 17101666
169000000 17208225 17206894
170000000 17313995 17312670
171000000 17419593 17418295
172000000 17524824 17523539
173000000 17631337 17630036
174000000 17736766 17735483
175000000 17842111 17840834
176000000 17948063 17946803
177000000 18053884 18052626
178000000 18158347 18157092
179000000 18262954 18261684
180000000 18368255 18366978
181000000 18472609 18471321
182000000 18579094 18577850
183000000 18685114 18683822
184000000 18790534 18789238
185000000 18896418 18895103
186000000 19004005 19002699
187000000 19111154 19109863
188000000 19217509 19216211
189000000 19325101 19323815
190000000 19431458 19430162
191000000 19537840 19536557
192000000 19642877 19641590
193000000 19749193 19747888
194000000 19856718 19855406
195000000 19962640 19961341
196000000 20068554 20067285
197000000 20174958 20173697
198000000 20279802 20278505
199000000 20385775 20384459
200000000 20491091 20489819
201000000 20596030 20594764
202000000 20701950 20700680
203000000 20807486 20806204
204000000 20913385 20912094
205000000 21019848 21018529
206000000 21125757 21124448
207000000 21231516 21230219
208000000 21338020 21336732
209000000 21445099 21443803
210000000 21551561 21550249
211000000 21658499 21657220
212000000 21765135 21763830
213000000 21872067 21870779
214000000 21977170 21975870
215000000 22083469 22082178
216000000 22189483 22188171
217000000 22295456 22294175
218000000 22401338 22400042
219000000 22507310 22506011
220000000 22613505 22612226
221000000 22718583 22717282
222000000 22825320 22824009
223000000 22931795 22930488
224000000 23037893 23036596
225000000 23145494 23144184
226000000 23253393 23252084
227000000 23359706 23358406
228000000 23465903 23464628
229000000 23571402 23570110
230000000 23678219 23676918
231000000 23784601 23783304
232000000 23891309 23890003
233000000 23998378 23997059
234000000 24106378 24105090
235000000 24213568 24212280
236000000 24319728 24318433
237000000 24426575 24425222
238000000 24534414 24533100
239000000 24641317 24640005
240000000 24749247 24747903
241000000 24858036 24856692
242000000 24965410 24964104
243000000 25072522 25071211
244000000 25178175 25176909
245000000 25285063 25283728
246000000 25391311 25390008
247000000 25498156 25496830
248000000 25605408 25604122
249000000 25713080 25711766
250000000 25819256 25817962
251000000 25926222 25924908
252000000 26033603 26032314
253000000 26141069 26139762
254000000 26249230 26247920
255000000 26356689 26355393
256000000 26462717 26461429
257000000 26568962 26567691
258000000 26675545 26674266
259000000 26781599 26780337
260000000 26886299 26885000
261000000 26993960 26992659
262000000 27101377 27100060
263000000 27207667 27206358
264000000 27314234 27312927
265000000 27421420 27420105
266000000 27528714 27527417
267000000 27635656 27634361
268000000 27742793 27741514
269000000 27848816 27847499
270000000 27955116 27953841
271000000 28061695 28060381
272000000 28168438 28167132
273000000 28274126 28272841
274000000 28380062 28378775
275000000 28485368 28484115
276000000 28591034 28589755
277000000 28696160 28694888
278000000 28802049 28800752
279000000 28907420 28906145
280000000 29012506 29011222
281000000 29118522 29117216
282000000 29224123 29222811
283000000 29329156 29327880
284000000 29434612 29433315
285000000 29539191 29537919
286000000 29644118 29642847
287000000 29750079 29748813
288000000 29855369 29854093
289000000 29961148 29959881
290000000 30067875 30066548
291000000 30173920 30172637
292000000 30280146 30278863
293000000 30386082 30384785
294000000 30492516 30491216
295000000 30598608 30597331
296000000 30704676 30703357
297000000 30812358 30811027
298000000 30919317 30918008
299000000 31026399 31025096
300000000 31133164 31131857
301000000 31240853 31239514
302000000 31348361 31347060
303000000 31455773 31454456
304000000 31563256 31561950
305000000 31670263 31668982
306000000 31775678 31774400
307000000 31882542 31881237
308000000 31988824 31987538
309000000 32094689 32093383
310000000 32199429 32198162
311000000 32304273 32302982
312000000 32409899 32408634
313000000 32514623 32513342
314000000 32619170 32617876
315000000 32725576 32724264
316000000 32832643 32831356
317000000 32939982 32938662
318000000 33047059 33045783
319000000 33153985 33152711
320000000 33260027 33258730
321000000 33366156 33364826
322000000 33473323 33472035
323000000 33580349 33579049
324000000 33685930 33684642
325000000 33792611 33791305
326000000 33899079 33897789
327000000 34005497 34004229
328000000 34110546 34109292
329000000 34216884 34215571
330000000 34323502 34322197
331000000 34429626 34428322
332000000 34535799 34534462
333000000 34641471 34640177
334000000 34747188 34745914
335000000 34854114 34852834
336000000 34960645 34959330
337000000 35067450 35066131
338000000 35173551 35172274
339000000 35278525 35277216
340000000 35384475 35383161
341000000 35491304 35490011
342000000 35597089 35595801
343000000 35702369 35701064
344000000 35808917 35807601
345000000 35915556 35914255
346000000 36022859 36021596
347000000 36129512 36128201
348000000 36235662 36234339
349000000 36340888 36339612
350000000 36446374 36445079
351000000 36552271 36550968
352000000 36658621 36657319
353000000 36765424 36764153
354000000 36871570 36870264
355000000 36977922 36976633
356000000 37084613 37083320
357000000 37189620 37188350
358000000 37296488 37295183
359000000 37403755 37402462
360000000 37511298 37509973
361000000 37618764 37617413
362000000 37725858 37724569
363000000 37831720 37830410
364000000 37936928 37935647
365000000 38042666 38041376
366000000 38148302 38147012
367000000 38255263 38253991
368000000 38361268 38359988
369000000 38468234 38466949
370000000 38573601 38572309
371000000 38679373 38678114
372000000 38784510 38783251
373000000 38889326 38888031
374000000 38994526 38993269
375000000 39098476 39097194
376000000 39202818 39201561
377000000 39308519 39307219
378000000 39414371 39413083
379000000 39520307 39519023
380000000 39627000 39625681
381000000 39731687 39730380
382000000 39835857 39834570
383000000 39940099 39938851
384000000 40045860 40044565
385000000 40152163 40150834
386000000 40258272 40256996
387000000 40365108 40363807
388000000 40471841 40470542
389000000 40578890 40577580
390000000 40686317 40685026
391000000 40792966 40791699
392000000 40899813 40898536
393000000 41005893 41004607
394000000 41112088 41110815
395000000 41217846 41216562
396000000 41323640 41322340
397000000 41430283 41428993
398000000 41536284 41535016
399000000 41642466 41641143
400000000 41748670 41747401
401000000 41854567 41853307
402000000 41958879 41957597
403000000 42063840 42062567
404000000 42169028 42167748
405000000 42274359 42273065
406000000 42379572 42378299
407000000 42484508 42483191
408000000 42589773 42588452
409000000 42696695 42695415
410000000 42802420 42801124
411000000 42909230 42907943
412000000 43015832 43014541
413000000 43123011 43121693
414000000 43231318 43229994
415000000 43339915 43338599
416000000 43446852 43445554
417000000 43554211 43552867
418000000 43661195 43659908
419000000 43768710 43767397
420000000 43875429 43874115
421000000 43981645 43980362
422000000 44087240 44085958
423000000 44192695 44191415
424000000 44298249 44296958
425000000 44404129 44402841
426000000 44510093 44508813
427000000 44615468 44614177
428000000 44720814 44719534
429000000 44826081 44824769
430000000 44931612 44930320
431000000 45038481 45037154
432000000 45145422 45144113
433000000 45251704 45250403
434000000 45357997 45356706
435000000 45463684 45462392
436000000 45569411 45568104
437000000 45676081 45674763
438000000 45783540 45782221
439000000 45889362 45888042
440000000 45996110 45994831
441000000 46102358 46101040
442000000 46207441 46206174
443000000 46311767 46310513
444000000 46417896 46416591
445000000 46523720 46522409
446000000 46629997 46628695
447000000 46736923 46735610
448000000 46844062 46842721
449000000 46949951 46948679
450000000 47056449 47055143
451000000 47163073 47161786
452000000 47269086 47267815
453000000 47374254 47372969
454000000 47479619 47478344
455000000 47585958 47584645
456000000 47691688 47690377
457000000 47797581 47796308
458000000 47902221 47900956
459000000 48008350 48007050
460000000 48116635 48115346
461000000 48224278 48223005
462000000 48331034 48329691
463000000 48436957 48435661
464000000 48543616 48542292
465000000 48650486 48649202
466000000 48756268 48754951
467000000 48861665 48860377
468000000 48969103 48967812
469000000 49077110 49075789
470000000 49185005 49183681
471000000 49292844 49291500
472000000 49401086 49399806
473000000 49506866 49505548
474000000 49612314 49611031
475000000 49717444 49716136
476000000 49824097 49822802
477000000 49930882 49929581
478000000 50036103 50034806
479000000 50142549 50141245
480000000 50248266 50246989
481000000 50354289 50353013
482000000 50459259 50457977
483000000 50564379 50563097
484000000 50670445 50669125
485000000 50777663 50776338
486000000 50883992 50882708
487000000 50989110 50987840
488000000 51094568 51093241
489000000 51200762 51199466
490000000 51307501 51306188
491000000 51415426 51414135
492000000 51522882 51521579
493000000 51629253 51627948
494000000 51735447 51734139
495000000 51841675 51840387
496000000 51948842 51947564
497000000 52054560 52053287
498000000 52160034 52158755
499000000 52265703 52264378
500000000 52372563 52371255
