# Fix print output for fix saveBond
1000000 59361 58517
2000000 136728 135792
3000000 218132 217079
4000000 303875 302808
5000000 392591 391489
6000000 482281 481191
7000000 572331 571210
8000000 663292 662157
9000000 755517 754366
10000000 849110 847957
11000000 942538 941418
12000000 1035574 1034428
13000000 1129265 1128106
14000000 1223855 1222708
15000000 1318731 1317597
16000000 1414603 1413400
17000000 1511171 1510039
18000000 1607339 1606158
19000000 1705367 1704190
20000000 1803618 1802454
21000000 1901649 1900445
22000000 2000243 1999012
23000000 2099017 2097803
24000000 2197160 2195955
25000000 2295564 2294359
26000000 2394604 2393416
27000000 2492242 2491071
28000000 2590831 2589618
29000000 2689453 2688251
30000000 2788409 2787200
31000000 2886983 2885778
32000000 2986079 2984865
33000000 3085761 3084569
34000000 3186851 3185633
35000000 3287792 3286543
36000000 3389484 3388269
37000000 3490947 3489699
38000000 3593243 3591985
39000000 3696408 3695128
40000000 3797826 3796591
41000000 3898003 3896788
42000000 3998065 3996846
43000000 4099846 4098574
44000000 4202677 4201426
45000000 4304556 4303340
46000000 4407161 4405927
47000000 4508734 4507490
48000000 4611050 4609856
49000000 4711227 4710013
50000000 4812423 4811214
51000000 4915109 4913874
52000000 5017164 5015932
53000000 5119133 5117900
54000000 5221892 5220619
55000000 5324304 5323049
56000000 5428209 5426939
57000000 5533249 5531935
58000000 5637388 5636123
59000000 5740956 5739713
60000000 5845708 5844428
61000000 5950330 5949030
62000000 6056357 6055062
63000000 6161608 6160318
64000000 6265916 6264673
65000000 6370288 6369030
66000000 6474207 6472933
67000000 6578148 6576896
68000000 6682320 6681047
69000000 6785998 6784762
70000000 6889088 6887832
71000000 6993072 6991803
72000000 7096237 7094995
73000000 7198243 7196983
74000000 7300490 7299261
75000000 7403568 7402327
76000000 7506658 7505405
77000000 7609879 7608602
78000000 7714873 7713555
79000000 7820637 7819326
80000000 7925090 7923790
81000000 8029177 8027906
82000000 8133029 8131726
83000000 8237061 8235786
84000000 8340048 8338761
85000000 8445019 8443748
86000000 8548965 8547673
87000000 8653843 8652569
88000000 8758141 8756898
89000000 8862318 8861053
90000000 8966209 8964935
91000000 9069510 9068241
92000000 9174044 9172791
93000000 9278059 9276806
94000000 9381603 9380328
95000000 9487337 9486094
96000000 9591853 9590561
97000000 9694699 9693429
98000000 9799460 9798193
99000000 9904149 9902876
100000000 10008286 10007035
101000000 10112795 10111533
102000000 10215944 10214694
103000000 10318285 10317052
104000000 10421793 10420511
105000000 10526247 10524947
106000000 10631217 10629929
107000000 10736498 10735201
108000000 10839645 10838386
109000000 10944051 10942791
110000000 11048606 11047324
111000000 11153159 11151886
112000000 11256668 11255413
113000000 11359552 11358282
114000000 11464511 11463200
115000000 11568215 11566960
116000000 11672413 11671146
117000000 11776587 11775264
118000000 11882250 11880954
119000000 11988006 11986707
120000000 12093009 12091733
121000000 12198909 12197613
122000000 12304332 12303037
123000000 12410270 12409012
124000000 12515401 12514114
125000000 12620643 12619362
126000000 12725268 12723975
127000000 12829464 12828197
128000000 12934542 12933270
129000000 13040290 13039020
130000000 13146491 13145225
131000000 13252941 13251619
132000000 13359981 13358705
133000000 13466837 13465519
134000000 13574028 13572674
135000000 13680296 13679047
136000000 13786114 13784846
137000000 13890541 13889285
138000000 13994961 13993687
139000000 14100092 14098814
140000000 14206050 14204785
141000000 14311951 14310684
142000000 14416819 14415507
143000000 14523219 14521913
144000000 14629200 14627885
145000000 14734705 14733425
146000000 14840401 14839106
147000000 14945600 14944311
148000000 15050966 15049672
149000000 15156417 15155142
150000000 15263003 15261690
151000000 15368878 15367624
152000000 15473976 15472678
153000000 15578202 15576937
154000000 15683230 15681930
155000000 15788899 15787630
156000000 15893697 15892421
157000000 15998947 15997664
158000000 16102444 16101195
159000000 16207659 16206362
160000000 16314143 16312820
161000000 16419922 16418634
162000000 16524921 16523644
163000000 16629149 16627866
164000000 16733994 16732740
165000000 16838247 16836993
166000000 16943678 16942385
167000000 17048364 17047078
168000000 17153330 17152069
169000000 17258273 17256969
170000000 17363751 17362473
171000000 17469749 17468464
172000000 17575806 17574482
173000000 17680831 17679560
174000000 17786819 17785526
175000000 17891599 17890334
176000000 17996695 17995411
177000000 18101962 18100654
178000000 18207164 18205869
179000000 18313423 18312136
180000000 18419061 18417759
181000000 18524266 18522971
182000000 18629737 18628444
183000000 18734240 18732977
184000000 18839042 18837747
185000000 18944264 18942970
186000000 19049179 19047884
187000000 19154433 19153150
188000000 19258853 19257583
189000000 19363422 19362134
190000000 19469214 19467942
191000000 19573819 19572528
192000000 19679215 19677911
193000000 19785427 19784143
194000000 19890103 19888865
195000000 19994855 19993572
196000000 20100239 20098982
197000000 20206080 20204803
198000000 20312468 20311156
199000000 20417322 20416038
200000000 20522929 20521659
201000000 20628227 20626923
202000000 20732609 20731369
203000000 20835375 20834110
204000000 20940171 20938883
205000000 21044807 21043532
206000000 21148909 21147632
207000000 21254008 21252717
208000000 21359257 21357987
209000000 21464620 21463349
210000000 21569743 21568445
211000000 21675700 21674380
212000000 21780928 21779643
213000000 21886184 21884896
214000000 21991924 21990632
215000000 22097159 22095877
216000000 22202216 22200934
217000000 22307825 22306514
218000000 22413785 22412485
219000000 22520003 22518710
220000000 22626592 22625292
221000000 22732669 22731390
222000000 22837975 22836698
223000000 22944577 22943259
224000000 23050671 23049392
225000000 23155208 23153894
226000000 23260883 23259605
227000000 23365593 23364292
228000000 23471646 23470336
229000000 23577586 23576287
230000000 23682564 23681281
231000000 23787108 23785851
232000000 23892564 23891282
233000000 23999830 23998536
234000000 24106258 24104993
235000000 24211194 24209916
236000000 24316379 24315097
237000000 24419770 24418489
238000000 24524233 24522962
239000000 24628595 24627306
240000000 24734251 24732953
241000000 24840691 24839419
242000000 24946591 24945326
243000000 25052213 25050911
244000000 25157833 25156555
245000000 25261967 25260693
246000000 25368080 25366766
247000000 25472733 25471460
248000000 25578359 25577031
249000000 25684139 25682876
250000000 25790550 25789283
251000000 25896101 25894825
252000000 26002462 26001166
253000000 26108249 26106953
254000000 26214174 26212853
255000000 26321871 26320586
256000000 26428203 26426920
257000000 26534067 26532783
258000000 26640669 26639376
259000000 26745853 26744568
260000000 26850812 26849528
261000000 26957004 26955709
262000000 27062314 27060992
263000000 27168355 27167081
264000000 27272790 27271524
265000000 27377919 27376625
266000000 27483258 27481960
267000000 27589078 27587808
268000000 27694758 27693496
269000000 27800645 27799324
270000000 27904470 27903213
271000000 28009678 28008390
272000000 28115455 28114163
273000000 28221325 28220012
274000000 28327261 28325947
275000000 28433033 28431749
276000000 28538417 28537132
277000000 28644204 28642910
278000000 28750774 28749466
279000000 28856619 28855304
280000000 28962017 28960714
281000000 29067042 29065762
282000000 29172994 29171712
283000000 29278090 29276787
284000000 29384417 29383106
285000000 29490016 29488735
286000000 29594814 29593533
287000000 29700431 29699119
288000000 29805482 29804188
289000000 29912245 29910949
290000000 30019417 30018122
291000000 30126913 30125633
292000000 30234145 30232829
293000000 30341157 30339855
294000000 30447416 30446122
295000000 30554468 30553139
296000000 30661927 30660642
297000000 30768902 30767566
298000000 30876270 30875010
299000000 30982642 30981347
300000000 31089484 31088149
301000000 31196909 31195587
302000000 31302966 31301680
303000000 31408458 31407172
304000000 31515021 31513716
305000000 31621589 31620267
306000000 31729649 31728310
307000000 31836684 31835369
308000000 31943369 31942090
309000000 32051359 32050052
310000000 32158045 32156709
311000000 32265968 32264660
312000000 32373305 32372022
313000000 32479447 32478178
314000000 32586450 32585156
315000000 32693077 32691797
316000000 32799933 32798638
317000000 32906218 32904942
318000000 33012017 33010722
319000000 33117994 33116699
320000000 33224125 33222833
321000000 33329867 33328559
322000000 33435620 33434318
323000000 33542239 33540946
324000000 33649601 33648321
325000000 33756422 33755128
326000000 33861796 33860516
327000000 33967485 33966199
328000000 34074099 34072787
329000000 34180953 34179652
330000000 34288286 34286998
331000000 34395432 34394098
332000000 34502436 34501155
333000000 34608252 34606989
334000000 34713580 34712316
335000000 34818934 34817666
336000000 34925986 34924704
337000000 35033418 35032115
338000000 35139244 35137918
339000000 35245374 35244056
340000000 35351879 35350600
341000000 35459310 35458015
342000000 35564678 35563367
343000000 35670349 35669065
344000000 35777358 35776055
345000000 35882772 35881508
346000000 35988174 35986875
347000000 36094983 36093654
348000000 36201686 36200384
349000000 36308860 36307562
350000000 36416784 36415450
351000000 36524201 36522887
352000000 36631104 36629793
353000000 36738369 36737069
354000000 36845367 36844044
355000000 36950435 36949168
356000000 37057719 37056431
357000000 37164042 37162764
358000000 37269754 37268450
359000000 37377168 37375860
360000000 37484726 37483417
361000000 37593032 37591722
362000000 37700522 37699220
363000000 37806725 37805436
364000000 37911518 37910243
365000000 38016313 38015011
366000000 38121982 38120698
367000000 38228736 38227446
368000000 38335174 38333835
369000000 38442919 38441608
370000000 38549788 38548493
371000000 38657221 38655898
372000000 38765362 38764060
373000000 38872377 38871057
374000000 38979899 38978563
375000000 39088134 39086808
376000000 39195227 39193940
377000000 39302638 39301348
378000000 39408750 39407437
379000000 39514497 39513224
380000000 39620282 39619005
381000000 39725631 39724301
382000000 39832232 39830943
383000000 39939408 39938090
384000000 40046204 40044907
385000000 40152338 40151030
386000000 40260080 40258768
387000000 40366716 40365450
388000000 40472240 40470961
389000000 40578476 40577168
390000000 40684589 40683276
391000000 40791854 40790548
392000000 40898431 40897163
393000000 41004468 41003140
394000000 41111700 41110375
395000000 41218391 41217072
396000000 41324776 41323475
397000000 41431130 41429846
398000000 41536233 41534919
399000000 41641437 41640153
400000000 41747262 41745975
401000000 41851914 41850578
402000000 41957343 41956041
403000000 42063891 42062588
404000000 42169445 42168137
405000000 42275238 42273944
406000000 42381850 42380553
407000000 42488279 42486965
408000000 42595186 42593847
409000000 42702902 42701605
410000000 42810675 42809364
411000000 42917801 42916485
412000000 43024243 43022957
413000000 43130731 43129420
414000000 43237607 43236306
415000000 43344153 43342855
416000000 43450323 43449043
417000000 43556285 43555002
418000000 43662880 43661601
419000000 43769002 43767709
420000000 43874545 43873250
421000000 43979872 43978571
422000000 44085482 44084214
423000000 44191797 44190511
424000000 44297724 44296428
425000000 44403991 44402675
426000000 44511251 44509926
427000000 44618844 44617532
428000000 44725384 44724082
429000000 44832526 44831239
430000000 44939637 44938320
431000000 45046903 45045620
432000000 45155405 45154085
433000000 45262838 45261517
434000000 45368725 45367423
435000000 45474997 45473683
436000000 45581063 45579744
437000000 45688022 45686707
438000000 45794445 45793147
439000000 45901369 45900062
440000000 46007994 46006709
441000000 46115181 46113898
442000000 46221548 46220247
443000000 46328085 46326749
444000000 46435950 46434667
445000000 46542658 46541357
446000000 46648736 46647441
447000000 46755259 46753924
448000000 46863461 46862144
449000000 46971109 46969828
450000000 47077866 47076552
451000000 47185960 47184669
452000000 47293418 47292086
453000000 47399137 47397835
454000000 47505914 47504615
455000000 47612121 47610828
456000000 47718932 47717638
457000000 47825277 47824003
458000000 47932759 47931422
459000000 48039632 48038351
460000000 48145455 48144154
461000000 48252178 48250876
462000000 48360219 48358874
463000000 48467318 48466021
464000000 48574405 48573123
465000000 48680620 48679298
466000000 48788104 48786807
467000000 48894797 48893526
468000000 49000787 48999523
469000000 49107499 49106181
470000000 49213865 49212560
471000000 49320695 49319387
472000000 49427041 49425741
473000000 49532851 49531562
474000000 49639395 49638125
475000000 49745643 49744349
476000000 49851290 49849990
477000000 49956704 49955441
478000000 50061542 50060285
479000000 50166577 50165278
480000000 50272402 50271145
481000000 50378607 50377288
482000000 50485101 50483796
483000000 50591872 50590579
484000000 50698532 50697235
485000000 50804435 50803156
486000000 50910341 50909041
487000000 51017446 51016140
488000000 51124210 51122894
489000000 51230577 51229260
490000000 51337249 51335949
491000000 51444397 51443112
492000000 51552392 51551061
493000000 51659038 51657751
494000000 51765892 51764591
495000000 51873080 51871774
496000000 51979208 51977927
497000000 52085799 52084511
498000000 52192214 52190917
499000000 52297672 52296396
500000000 52404091 52402801
