# Fix print output for fix saveBond
1000000 57446 56596
2000000 133781 132789
3000000 217420 216365
4000000 304506 303425
5000000 393431 392318
6000000 483932 482841
7000000 573927 572816
8000000 665387 664298
9000000 757424 756323
10000000 848560 847413
11000000 942186 941044
12000000 1036590 1035432
13000000 1130038 1128898
14000000 1224171 1223041
15000000 1318561 1317396
16000000 1412272 1411157
17000000 1506575 1505421
18000000 1602790 1601625
19000000 1697180 1696039
20000000 1793439 1792256
21000000 1889881 1888688
22000000 1986720 1985526
23000000 2083377 2082201
24000000 2180695 2179537
25000000 2278777 2277568
26000000 2378424 2377231
27000000 2478023 2476792
28000000 2578644 2577416
29000000 2678162 2676970
30000000 2778118 2776876
31000000 2878219 2876992
32000000 2978334 2977131
33000000 3079055 3077847
34000000 3178288 3177054
35000000 3279738 3278501
36000000 3380572 3379352
37000000 3481308 3480117
38000000 3581896 3580682
39000000 3681151 3679963
40000000 3780189 3779005
41000000 3879514 3878309
42000000 3980763 3979551
43000000 4080219 4078976
44000000 4181095 4179857
45000000 4280973 4279766
46000000 4381008 4379768
47000000 4481717 4480515
48000000 4582918 4581711
49000000 4682835 4681616
50000000 4784233 4783038
51000000 4886176 4884923
52000000 4986952 4985750
53000000 5087817 5086596
54000000 5189265 5188041
55000000 5291167 5289907
56000000 5392596 5391335
57000000 5493758 5492516
58000000 5596139 5594905
59000000 5699050 5697812
60000000 5802585 5801322
61000000 5907190 5905920
62000000 6010530 6009277
63000000 6113112 6111849
64000000 6216637 6215340
65000000 6319978 6318712
66000000 6423346 6422104
67000000 6526630 6525344
68000000 6631557 6630263
69000000 6736111 6734852
70000000 6840277 6839017
71000000 6942949 6941687
72000000 7045326 7044072
73000000 7148945 7147671
74000000 7252665 7251397
75000000 7355222 7353943
76000000 7458494 7457260
77000000 7561409 7560108
78000000 7666002 7664706
79000000 7770222 7768989
80000000 7874176 7872919
81000000 7978410 7977170
82000000 8081703 8080447
83000000 8185479 8184204
84000000 8289338 8288126
85000000 8393171 8391914
86000000 8497560 8496254
87000000 8603038 8601791
88000000 8707499 8706211
89000000 8812544 8811255
90000000 8917387 8916116
91000000 9023478 9022175
92000000 9128827 9127547
93000000 9234094 9232826
94000000 9339743 9338466
95000000 9445749 9444481
96000000 9551210 9549916
97000000 9656089 9654813
98000000 9762734 9761438
99000000 9868739 9867462
100000000 9973788 9972490
101000000 10078887 10077617
102000000 10184424 10183132
103000000 10290093 10288819
104000000 10394957 10393688
105000000 10500278 10499037
106000000 10604576 10603318
107000000 10709683 10708409
108000000 10814758 10813474
109000000 10919369 10918076
110000000 11023908 11022633
111000000 11128947 11127660
112000000 11233674 11232401
113000000 11338967 11337688
114000000 11444323 11443042
115000000 11549255 11547980
116000000 11654406 11653134
117000000 11759709 11758444
118000000 11863704 11862421
119000000 11967987 11966661
120000000 12072924 12071650
121000000 12177245 12175925
122000000 12282820 12281554
123000000 12388032 12386749
124000000 12491161 12489887
125000000 12597072 12595793
126000000 12702360 12701086
127000000 12808277 12807017
128000000 12913450 12912149
129000000 13017859 13016555
130000000 13122969 13121678
131000000 13228304 13227026
132000000 13333448 13332136
133000000 13438313 13437034
134000000 13544356 13543068
135000000 13650840 13649556
136000000 13756639 13755349
137000000 13862498 13861233
138000000 13968503 13967205
139000000 14074869 14073554
140000000 14181093 14179812
141000000 14288024 14286704
142000000 14395492 14394195
143000000 14503278 14501966
144000000 14610577 14609280
145000000 14717066 14715748
146000000 14824233 14822952
147000000 14930874 14929591
148000000 15036490 15035208
149000000 15142691 15141400
150000000 15249425 15248101
151000000 15357155 15355828
152000000 15464298 15462984
153000000 15571647 15570361
154000000 15678647 15677329
155000000 15785465 15784111
156000000 15893680 15892370
157000000 16000389 15999114
158000000 16107653 16106351
159000000 16215520 16214178
160000000 16322685 16321373
161000000 16429522 16428241
162000000 16536040 16534770
163000000 16641877 16640584
164000000 16748595 16747334
165000000 16855284 16853958
166000000 16962598 16961274
167000000 17069306 17068008
168000000 17175457 17174163
169000000 17282061 17280744
170000000 17389648 17388335
171000000 17496293 17494991
172000000 17601901 17600604
173000000 17708534 17707203
174000000 17814735 17813453
175000000 17921482 17920175
176000000 18028751 18027435
177000000 18135511 18134218
178000000 18242613 18241285
179000000 18348867 18347574
180000000 18454722 18453420
181000000 18561131 18559826
182000000 18668291 18666975
183000000 18775619 18774313
184000000 18882788 18881466
185000000 18990228 18988934
186000000 19097653 19096323
187000000 19206041 19204727
188000000 19312649 19311386
189000000 19419184 19417859
190000000 19525501 19524199
191000000 19632300 19630993
192000000 19740305 19739008
193000000 19847375 19846079
194000000 19954131 19952856
195000000 20061281 20059965
196000000 20168097 20166791
197000000 20274836 20273544
198000000 20380832 20379555
199000000 20487524 20486241
200000000 20594491 20593198
201000000 20700674 20699378
202000000 20807012 20805758
203000000 20912629 20911325
204000000 21020286 21018951
205000000 21128165 21126840
206000000 21235368 21234028
207000000 21342405 21341118
208000000 21449612 21448321
209000000 21557062 21555766
210000000 21664086 21662748
211000000 21771348 21770031
212000000 21878547 21877252
213000000 21984795 21983496
214000000 22092147 22090825
215000000 22200160 22198853
216000000 22307901 22306611
217000000 22415495 22414165
218000000 22521566 22520228
219000000 22628834 22627524
220000000 22735905 22734595
221000000 22842988 22841689
222000000 22949351 22948051
223000000 23056795 23055486
224000000 23164031 23162739
225000000 23271108 23269803
226000000 23378777 23377479
227000000 23486873 23485569
228000000 23594565 23593234
229000000 23702116 23700827
230000000 23809042 23807721
231000000 23917468 23916164
232000000 24024272 24022954
233000000 24131128 24129802
234000000 24238220 24236901
235000000 24345234 24343920
236000000 24452492 24451203
237000000 24559497 24558209
238000000 24664093 24662814
239000000 24768529 24767246
240000000 24874043 24872742
241000000 24979985 24978681
242000000 25087331 25086026
243000000 25194541 25193240
244000000 25301524 25300225
245000000 25408152 25406871
246000000 25515261 25513918
247000000 25622248 25620961
248000000 25728624 25727311
249000000 25835141 25833828
250000000 25942205 25940906
251000000 26048734 26047410
252000000 26154825 26153523
253000000 26261209 26259902
254000000 26367566 26366262
255000000 26475851 26474525
256000000 26584440 26583115
257000000 26692851 26691531
258000000 26800409 26799093
259000000 26908573 26907245
260000000 27015988 27014649
261000000 27123192 27121855
262000000 27232213 27230911
263000000 27339583 27338291
264000000 27446933 27445600
265000000 27555053 27553728
266000000 27661734 27660442
267000000 27767349 27766041
268000000 27873146 27871844
269000000 27980027 27978766
270000000 28085991 28084707
271000000 28192742 28191433
272000000 28299503 28298170
273000000 28406270 28404970
274000000 28512491 28511183
275000000 28618320 28617000
276000000 28725668 28724417
277000000 28831182 28829882
278000000 28936012 28934730
279000000 29042911 29041560
280000000 29149690 29148408
281000000 29255848 29254556
282000000 29362837 29361517
283000000 29470234 29468958
284000000 29576872 29575560
285000000 29684746 29683441
286000000 29790946 29789661
287000000 29898547 29897237
288000000 30006725 30005386
289000000 30114981 30113662
290000000 30222375 30221041
291000000 30330037 30328711
292000000 30436820 30435543
293000000 30543464 30542149
294000000 30650415 30649132
295000000 30757527 30756241
296000000 30864524 30863236
297000000 30970400 30969119
298000000 31077424 31076130
299000000 31183968 31182642
300000000 31289525 31288230
301000000 31395844 31394534
302000000 31502896 31501590
303000000 31608319 31607026
304000000 31714371 31713057
305000000 31820517 31819216
306000000 31925378 31924088
307000000 32031270 32029990
308000000 32135454 32134144
309000000 32241253 32239967
310000000 32347650 32346346
311000000 32452830 32451560
312000000 32559284 32557986
313000000 32666660 32665348
314000000 32772132 32770824
315000000 32879458 32878142
316000000 32986163 32984860
317000000 33092537 33091202
318000000 33197577 33196305
319000000 33302729 33301453
320000000 33407717 33406457
321000000 33513354 33512048
322000000 33619456 33618177
323000000 33724855 33723564
324000000 33831053 33829757
325000000 33938271 33936962
326000000 34045151 34043856
327000000 34152048 34150721
328000000 34257282 34255991
329000000 34362500 34361232
330000000 34467914 34466625
331000000 34573973 34572672
332000000 34678753 34677461
333000000 34782782 34781501
334000000 34888827 34887510
335000000 34995060 34993773
336000000 35101189 35099871
337000000 35207485 35206192
338000000 35314649 35313367
339000000 35422472 35421168
340000000 35530624 35529342
341000000 35637387 35636082
342000000 35745659 35744335
343000000 35853393 35852087
344000000 35960817 35959497
345000000 36068423 36067099
346000000 36175971 36174674
347000000 36282610 36281308
348000000 36389966 36388644
349000000 36498320 36497017
350000000 36605652 36604350
351000000 36711591 36710279
352000000 36819141 36817858
353000000 36925828 36924547
354000000 37031815 37030512
355000000 37137663 37136391
356000000 37243442 37242169
357000000 37349278 37347955
358000000 37456294 37455007
359000000 37562616 37561311
360000000 37667943 37666607
361000000 37774642 37773322
362000000 37879619 37878318
363000000 37985369 37984100
364000000 38090792 38089515
365000000 38197081 38195784
366000000 38304100 38302793
367000000 38410102 38408824
368000000 38516615 38515308
369000000 38623596 38622323
370000000 38728825 38727538
371000000 38835401 38834110
372000000 38941123 38939825
373000000 39047470 39046163
374000000 39153486 39152193
375000000 39259508 39258223
376000000 39367580 39366268
377000000 39475948 39474631
378000000 39582267 39580983
379000000 39688942 39687633
380000000 39795535 39794230
381000000 39903561 39902225
382000000 40010505 40009185
383000000 40116954 40115665
384000000 40223883 40222600
385000000 40330530 40329217
386000000 40437568 40436292
387000000 40542844 40541545
388000000 40649215 40647906
389000000 40757005 40755688
390000000 40864442 40863139
391000000 40971950 40970647
392000000 41079801 41078498
393000000 41186222 41184947
394000000 41293074 41291748
395000000 41399350 41398083
396000000 41506151 41504840
397000000 41612102 41610827
398000000 41718641 41717349
399000000 41824677 41823384
400000000 41931161 41929861
401000000 42037396 42036084
402000000 42144389 42143078
403000000 42252428 42251060
404000000 42359681 42358360
405000000 42466332 42465037
406000000 42573830 42572522
407000000 42680712 42679403
408000000 42787369 42786096
409000000 42893756 42892456
410000000 42998891 42997598
411000000 43103752 43102464
412000000 43209566 43208249
413000000 43315719 43314419
414000000 43422056 43420777
415000000 43528966 43527665
416000000 43635070 43633784
417000000 43741591 43740282
418000000 43848582 43847259
419000000 43954933 43953627
420000000 44062005 44060674
421000000 44168712 44167368
422000000 44276114 44274794
423000000 44383397 44382089
424000000 44490033 44488747
425000000 44595249 44593951
426000000 44701226 44699919
427000000 44808039 44806722
428000000 44914739 44913464
429000000 45020779 45019470
430000000 45128218 45126900
431000000 45234555 45233242
432000000 45342758 45341459
433000000 45451028 45449701
434000000 45557649 45556335
435000000 45664219 45662958
436000000 45769571 45768288
437000000 45874872 45873572
438000000 45982268 45980958
439000000 46088612 46087330
440000000 46194528 46193229
441000000 46300131 46298820
442000000 46405790 46404513
443000000 46510670 46509410
444000000 46615390 46614094
445000000 46719600 46718305
446000000 46825725 46824427
447000000 46931765 46930453
448000000 47037418 47036161
449000000 47142867 47141570
450000000 47248455 47247159
451000000 47355059 47353802
452000000 47462265 47460959
453000000 47568294 47567029
454000000 47674198 47672879
455000000 47780720 47779403
456000000 47886636 47885326
457000000 47994085 47992790
458000000 48101029 48099707
459000000 48208241 48206964
460000000 48315142 48313854
461000000 48421788 48420481
462000000 48528526 48527177
463000000 48635841 48634502
464000000 48742616 48741320
465000000 48848405 48847135
466000000 48954418 48953104
467000000 49061867 49060549
468000000 49168909 49167615
469000000 49276158 49274859
470000000 49383309 49381989
471000000 49488920 49487643
472000000 49593910 49592611
473000000 49699543 49698262
474000000 49805749 49804473
475000000 49911357 49910068
476000000 50017918 50016604
477000000 50123799 50122509
478000000 50230341 50229009
479000000 50337723 50336447
480000000 50444167 50442861
481000000 50550035 50548731
482000000 50655940 50654639
483000000 50761865 50760549
484000000 50868641 50867338
485000000 50974614 50973294
486000000 51081089 51079802
487000000 51187306 51186019
488000000 51293280 51291973
489000000 51400104 51398760
490000000 51506874 51505591
491000000 51613422 51612149
492000000 51719319 51718056
493000000 51824890 51823636
494000000 51931245 51929945
495000000 52037406 52036114
496000000 52143226 52141947
497000000 52249168 52247898
498000000 52354716 52353445
499000000 52460365 52459074
500000000 52566703 52565367
