# Fix print output for fix saveBond
1000000 58855 57989
2000000 136003 135039
3000000 217543 216544
4000000 300517 299489
5000000 387638 386599
6000000 474150 473068
7000000 563172 562114
8000000 651630 650551
9000000 742014 740912
10000000 833574 832479
11000000 926019 924880
12000000 1018325 1017203
13000000 1110735 1109598
14000000 1203382 1202238
15000000 1297367 1296213
16000000 1391194 1390049
17000000 1485781 1484627
18000000 1582252 1581087
19000000 1679482 1678325
20000000 1776910 1775706
21000000 1874391 1873218
22000000 1972611 1971424
23000000 2069638 2068467
24000000 2167010 2165821
25000000 2264960 2263771
26000000 2363572 2362333
27000000 2461351 2460174
28000000 2558103 2556920
29000000 2656257 2655061
30000000 2754979 2753801
31000000 2852661 2851452
32000000 2950956 2949751
33000000 3049450 3048267
34000000 3148133 3146924
35000000 3247651 3246412
36000000 3349276 3348041
37000000 3450252 3449041
38000000 3550037 3548807
39000000 3649627 3648394
40000000 3749125 3747921
41000000 3848550 3847319
42000000 3949253 3948050
43000000 4049862 4048640
44000000 4150225 4149048
45000000 4250171 4248961
46000000 4350214 4348958
47000000 4451182 4449957
48000000 4552200 4550960
49000000 4653345 4652105
50000000 4754538 4753291
51000000 4856262 4854990
52000000 4958508 4957243
53000000 5060444 5059210
54000000 5161583 5160362
55000000 5262121 5260894
56000000 5364387 5363126
57000000 5466399 5465158
58000000 5568307 5567078
59000000 5670031 5668775
60000000 5771535 5770292
61000000 5874499 5873234
62000000 5977801 5976535
63000000 6081796 6080551
64000000 6183221 6182009
65000000 6284758 6283532
66000000 6387459 6386176
67000000 6489837 6488564
68000000 6591419 6590177
69000000 6692784 6691558
70000000 6795484 6794223
71000000 6897717 6896472
72000000 6998982 6997759
73000000 7098947 7097724
74000000 7200524 7199274
75000000 7303270 7302044
76000000 7407563 7406280
77000000 7511593 7510316
78000000 7615594 7614297
79000000 7720266 7718994
80000000 7823638 7822365
81000000 7927823 7926531
82000000 8032854 8031578
83000000 8137359 8136096
84000000 8241493 8240217
85000000 8346220 8344941
86000000 8450493 8449233
87000000 8554831 8553547
88000000 8659365 8658101
89000000 8763386 8762120
90000000 8868178 8866906
91000000 8971004 8969749
92000000 9074507 9073256
93000000 9177191 9175932
94000000 9279632 9278393
95000000 9382131 9380884
96000000 9484152 9482871
97000000 9586316 9585111
98000000 9689135 9687881
99000000 9791687 9790471
100000000 9894365 9893087
101000000 9997983 9996721
102000000 10103074 10101809
103000000 10207351 10206062
104000000 10312167 10310927
105000000 10415729 10414464
106000000 10520088 10518819
107000000 10623949 10622647
108000000 10728433 10727163
109000000 10832284 10831038
110000000 10936468 10935222
111000000 11040511 11039228
112000000 11144407 11143135
113000000 11247917 11246673
114000000 11351394 11350122
115000000 11455649 11454402
116000000 11559468 11558222
117000000 11664540 11663272
118000000 11770054 11768781
119000000 11874928 11873615
120000000 11979906 11978625
121000000 12085189 12083897
122000000 12190797 12189534
123000000 12295794 12294498
124000000 12401062 12399806
125000000 12505012 12503775
126000000 12609923 12608660
127000000 12714311 12713022
128000000 12818825 12817562
129000000 12922463 12921175
130000000 13026558 13025316
131000000 13129427 13128177
132000000 13231648 13230404
133000000 13333232 13331971
134000000 13437320 13436051
135000000 13541793 13540510
136000000 13648024 13646736
137000000 13752441 13751171
138000000 13855859 13854585
139000000 13958765 13957509
140000000 14062501 14061206
141000000 14165254 14164011
142000000 14268554 14267290
143000000 14372635 14371360
144000000 14477013 14475734
145000000 14582148 14580877
146000000 14686357 14685067
147000000 14791629 14790358
148000000 14895376 14894161
149000000 14999966 14998706
150000000 15104015 15102754
151000000 15208802 15207508
152000000 15312942 15311687
153000000 15417970 15416653
154000000 15524346 15523061
155000000 15628711 15627425
156000000 15734024 15732756
157000000 15838615 15837318
158000000 15943485 15942223
159000000 16048916 16047647
160000000 16153683 16152440
161000000 16259145 16257848
162000000 16364132 16362844
163000000 16469633 16468363
164000000 16574282 16572995
165000000 16678891 16677607
166000000 16783292 16782017
167000000 16888671 16887357
168000000 16994027 16992740
169000000 17098510 17097255
170000000 17203609 17202327
171000000 17308788 17307509
172000000 17415285 17413989
173000000 17522188 17520880
174000000 17628737 17627446
175000000 17734695 17733418
176000000 17839561 17838283
177000000 17945123 17943825
178000000 18051388 18050112
179000000 18157612 18156344
180000000 18264218 18262928
181000000 18370485 18369161
182000000 18478057 18476746
183000000 18584121 18582848
184000000 18691169 18689867
185000000 18797437 18796127
186000000 18904062 18902777
187000000 19009749 19008461
188000000 19115973 19114676
189000000 19220964 19219674
190000000 19326891 19325583
191000000 19432279 19430991
192000000 19536826 19535546
193000000 19641895 19640593
194000000 19746535 19745257
195000000 19851834 19850547
196000000 19957797 19956529
197000000 20062257 20060959
198000000 20167933 20166631
199000000 20273262 20272008
200000000 20377819 20376555
201000000 20482449 20481171
202000000 20587305 20586040
203000000 20691524 20690247
204000000 20794884 20793614
205000000 20898521 20897239
206000000 21003910 21002636
207000000 21109459 21108176
208000000 21215057 21213767
209000000 21318679 21317400
210000000 21422626 21421354
211000000 21525889 21524657
212000000 21628858 21627578
213000000 21732973 21731719
214000000 21837241 21835998
215000000 21941399 21940125
216000000 22045275 22044004
217000000 22150104 22148840
218000000 22255530 22254260
219000000 22360156 22358879
220000000 22465461 22464182
221000000 22571723 22570447
222000000 22676656 22675373
223000000 22782387 22781097
224000000 22887526 22886250
225000000 22992529 22991203
226000000 23098651 23097370
227000000 23204224 23202983
228000000 23309102 23307808
229000000 23415788 23414521
230000000 23521964 23520663
231000000 23628140 23626856
232000000 23735806 23734495
233000000 23841893 23840597
234000000 23948435 23947131
235000000 24054526 24053257
236000000 24160952 24159672
237000000 24266603 24265327
238000000 24371426 24370152
239000000 24477875 24476572
240000000 24584615 24583354
241000000 24690717 24689419
242000000 24797431 24796142
243000000 24903820 24902514
244000000 25010665 25009345
245000000 25117629 25116332
246000000 25223486 25222206
247000000 25329539 25328237
248000000 25435782 25434507
249000000 25542334 25540987
250000000 25648972 25647660
251000000 25756326 25755009
252000000 25862890 25861605
253000000 25968976 25967717
254000000 26074436 26073154
255000000 26180339 26179036
256000000 26285865 26284546
257000000 26392513 26391168
258000000 26501264 26499938
259000000 26607253 26605962
260000000 26714444 26713163
261000000 26821775 26820482
262000000 26928614 26927329
263000000 27033963 27032663
264000000 27138344 27137042
265000000 27243971 27242697
266000000 27349917 27348631
267000000 27456768 27455459
268000000 27563670 27562355
269000000 27670289 27668966
270000000 27776502 27775231
271000000 27883623 27882302
272000000 27990956 27989660
273000000 28098090 28096811
274000000 28204386 28203095
275000000 28309623 28308343
276000000 28416341 28415026
277000000 28523109 28521833
278000000 28629787 28628486
279000000 28735643 28734379
280000000 28840690 28839425
281000000 28946703 28945397
282000000 29053650 29052366
283000000 29159850 29158555
284000000 29267564 29266280
285000000 29373181 29371868
286000000 29480481 29479188
287000000 29586539 29585255
288000000 29692479 29691198
289000000 29798550 29797242
290000000 29905884 29904594
291000000 30012949 30011654
292000000 30119486 30118185
293000000 30226633 30225345
294000000 30334137 30332836
295000000 30441400 30440078
296000000 30548954 30547631
297000000 30656444 30655142
298000000 30763803 30762467
299000000 30870736 30869393
300000000 30977721 30976411
301000000 31083950 31082673
302000000 31191189 31189871
303000000 31296717 31295436
304000000 31402101 31400818
305000000 31507155 31505870
306000000 31613963 31612655
307000000 31720321 31719031
308000000 31826411 31825110
309000000 31934268 31932959
310000000 32040274 32038985
311000000 32147768 32146453
312000000 32256361 32255064
313000000 32362896 32361566
314000000 32470514 32469187
315000000 32578709 32577417
316000000 32684851 32683572
317000000 32791707 32790407
318000000 32899026 32897718
319000000 33005491 33004186
320000000 33112312 33111011
321000000 33218413 33217119
322000000 33326219 33324924
323000000 33433532 33432255
324000000 33540200 33538890
325000000 33648523 33647204
326000000 33754493 33753220
327000000 33861422 33860156
328000000 33968497 33967181
329000000 34075679 34074341
330000000 34182610 34181307
331000000 34289858 34288529
332000000 34397946 34396624
333000000 34505619 34504318
334000000 34612594 34611261
335000000 34720004 34718693
336000000 34827200 34825869
337000000 34934792 34933491
338000000 35040527 35039249
339000000 35146339 35145047
340000000 35252191 35250919
341000000 35358674 35357354
342000000 35465279 35463971
343000000 35571838 35570518
344000000 35678172 35676866
345000000 35785456 35784134
346000000 35892237 35890929
347000000 35998301 35997029
348000000 36103986 36102698
349000000 36210053 36208720
350000000 36317891 36316582
351000000 36424027 36422727
352000000 36530646 36529351
353000000 36637735 36636431
354000000 36744822 36743517
355000000 36851366 36850035
356000000 36957495 36956198
357000000 37064550 37063241
358000000 37171480 37170150
359000000 37278926 37277619
360000000 37386342 37385027
361000000 37492012 37490702
362000000 37598127 37596823
363000000 37704543 37703235
364000000 37809761 37808474
365000000 37915042 37913785
366000000 38019430 38018134
367000000 38124337 38123014
368000000 38230993 38229689
369000000 38337808 38336503
370000000 38444638 38443336
371000000 38549845 38548559
372000000 38655361 38654057
373000000 38760868 38759562
374000000 38867240 38865949
375000000 38972945 38971636
376000000 39078783 39077450
377000000 39185086 39183758
378000000 39291770 39290469
379000000 39398258 39396960
380000000 39505471 39504182
381000000 39611366 39610071
382000000 39718567 39717245
383000000 39825566 39824283
384000000 39931963 39930663
385000000 40039843 40038540
386000000 40146389 40145079
387000000 40253184 40251898
388000000 40359270 40357946
389000000 40466030 40464720
390000000 40573004 40571702
391000000 40678852 40677562
392000000 40784500 40783215
393000000 40890723 40889419
394000000 40997723 40996442
395000000 41102977 41101668
396000000 41209314 41208022
397000000 41315488 41314191
398000000 41422085 41420775
399000000 41528970 41527648
400000000 41635245 41633907
401000000 41742427 41741123
402000000 41848864 41847545
403000000 41954697 41953413
404000000 42060699 42059419
405000000 42165695 42164419
406000000 42272173 42270878
407000000 42378932 42377628
408000000 42485999 42484659
409000000 42593089 42591795
410000000 42699244 42697966
411000000 42804716 42803432
412000000 42910552 42909281
413000000 43016078 43014796
414000000 43122299 43121009
415000000 43228168 43226874
416000000 43334177 43332855
417000000 43441407 43440083
418000000 43548760 43547478
419000000 43656592 43655299
420000000 43763449 43762136
421000000 43870889 43869582
422000000 43978464 43977153
423000000 44084479 44083176
424000000 44190590 44189284
425000000 44297631 44296354
426000000 44403839 44402552
427000000 44509821 44508544
428000000 44616886 44615581
429000000 44722821 44721503
430000000 44828353 44827039
431000000 44934975 44933662
432000000 45041937 45040603
433000000 45148503 45147189
434000000 45254564 45253287
435000000 45360095 45358822
436000000 45465369 45464056
437000000 45572464 45571149
438000000 45679804 45678477
439000000 45787232 45785927
440000000 45893706 45892401
441000000 45999907 45998625
442000000 46107561 46106222
443000000 46214845 46213544
444000000 46322579 46321255
445000000 46430701 46429405
446000000 46538358 46537042
447000000 46646872 46645544
448000000 46754538 46753236
449000000 46862976 46861675
450000000 46970691 46969411
451000000 47079165 47077850
452000000 47187682 47186357
453000000 47295249 47293962
454000000 47402883 47401582
455000000 47509239 47507945
456000000 47613676 47612426
457000000 47719351 47718056
458000000 47825341 47824039
459000000 47931684 47930403
460000000 48038942 48037623
461000000 48145923 48144619
462000000 48253794 48252487
463000000 48360664 48359361
464000000 48467210 48465910
465000000 48574925 48573635
466000000 48682172 48680860
467000000 48788777 48787476
468000000 48895987 48894679
469000000 49002430 49001125
470000000 49109601 49108294
471000000 49217286 49215945
472000000 49323521 49322230
473000000 49428889 49427613
474000000 49534374 49533120
475000000 49640028 49638748
476000000 49745799 49744521
477000000 49851731 49850467
478000000 49958828 49957563
479000000 50065683 50064384
480000000 50172216 50170904
481000000 50278274 50276958
482000000 50385846 50384508
483000000 50493355 50492018
484000000 50601234 50599936
485000000 50708397 50707086
486000000 50816909 50815546
487000000 50924433 50923127
488000000 51030820 51029549
489000000 51136484 51135177
490000000 51241938 51240664
491000000 51348042 51346744
492000000 51454007 51452714
493000000 51559486 51558192
494000000 51665397 51664115
495000000 51771235 51769919
496000000 51877485 51876219
497000000 51983023 51981738
498000000 52088403 52087127
499000000 52194104 52192835
500000000 52299802 52298497
