# Fix print output for fix saveBond
1000000 57939 57077
2000000 133076 132120
3000000 215617 214580
4000000 301385 300328
5000000 388870 387812
6000000 477610 476540
7000000 567407 566300
8000000 658842 657715
9000000 751329 750203
10000000 844542 843395
11000000 937797 936676
12000000 1032304 1031112
13000000 1128847 1127662
14000000 1225590 1224394
15000000 1322377 1321193
16000000 1418656 1417499
17000000 1515349 1514161
18000000 1613602 1612444
19000000 1711234 1710064
20000000 1809690 1808488
21000000 1908459 1907235
22000000 2007852 2006645
23000000 2105980 2104764
24000000 2205474 2204282
25000000 2304643 2303426
26000000 2404153 2402989
27000000 2502497 2501283
28000000 2600880 2599700
29000000 2698213 2697026
30000000 2795779 2794552
31000000 2894299 2893075
32000000 2993801 2992564
33000000 3091389 3090166
34000000 3190781 3189585
35000000 3289631 3288408
36000000 3390894 3389637
37000000 3492107 3490872
38000000 3592548 3591347
39000000 3694329 3693113
40000000 3794905 3793695
41000000 3896962 3895709
42000000 3998671 3997426
43000000 4098817 4097581
44000000 4199095 4197885
45000000 4300536 4299308
46000000 4403416 4402198
47000000 4504868 4503621
48000000 4606874 4605627
49000000 4707526 4706282
50000000 4809362 4808139
51000000 4911433 4910182
52000000 5014769 5013503
53000000 5116924 5115713
54000000 5219699 5218446
55000000 5321774 5320541
56000000 5424527 5423272
57000000 5526749 5525504
58000000 5627684 5626453
59000000 5729239 5728006
60000000 5832400 5831135
61000000 5935734 5934480
62000000 6038679 6037453
63000000 6141090 6139836
64000000 6244040 6242794
65000000 6347240 6345993
66000000 6450622 6449308
67000000 6553649 6552390
68000000 6656504 6655229
69000000 6759447 6758189
70000000 6861107 6859865
71000000 6963265 6961995
72000000 7067245 7065972
73000000 7170411 7169157
74000000 7273570 7272299
75000000 7377934 7376698
76000000 7482492 7481224
77000000 7587055 7585776
78000000 7689742 7688511
79000000 7793059 7791786
80000000 7896518 7895255
81000000 7999352 7998072
82000000 8103576 8102305
83000000 8207075 8205781
84000000 8310951 8309663
85000000 8414390 8413135
86000000 8518424 8517159
87000000 8621923 8620650
88000000 8725813 8724575
89000000 8830237 8828945
90000000 8934324 8933056
91000000 9037844 9036570
92000000 9142193 9140925
93000000 9247646 9246363
94000000 9353058 9351781
95000000 9457513 9456221
96000000 9562234 9560933
97000000 9667219 9665953
98000000 9771109 9769843
99000000 9875921 9874639
100000000 9981314 9980015
101000000 10086742 10085419
102000000 10192755 10191483
103000000 10298919 10297637
104000000 10404828 10403551
105000000 10510310 10509021
106000000 10615848 10614563
107000000 10720828 10719540
108000000 10825234 10823943
109000000 10931295 10929993
110000000 11036391 11035133
111000000 11141921 11140611
112000000 11247148 11245825
113000000 11351960 11350668
114000000 11456730 11455469
115000000 11561588 11560305
116000000 11667253 11665958
117000000 11771664 11770374
118000000 11876937 11875622
119000000 11982500 11981214
120000000 12088332 12087066
121000000 12193496 12192229
122000000 12298837 12297558
123000000 12403374 12402099
124000000 12508194 12506934
125000000 12613140 12611844
126000000 12718951 12717659
127000000 12824266 12822964
128000000 12930684 12929386
129000000 13036756 13035459
130000000 13144059 13142759
131000000 13251416 13250124
132000000 13357580 13356269
133000000 13462859 13461608
134000000 13567783 13566504
135000000 13674271 13672947
136000000 13781413 13780111
137000000 13886666 13885371
138000000 13992915 13991625
139000000 14099636 14098330
140000000 14204106 14202819
141000000 14310248 14308957
142000000 14416828 14415543
143000000 14522345 14521055
144000000 14628476 14627172
145000000 14736027 14734718
146000000 14842154 14840858
147000000 14948397 14947070
148000000 15054672 15053373
149000000 15161014 15159722
150000000 15268032 15266689
151000000 15375321 15374010
152000000 15481439 15480138
153000000 15587779 15586505
154000000 15694569 15693295
155000000 15800148 15798843
156000000 15906851 15905550
157000000 16013118 16011843
158000000 16118868 16117587
159000000 16224351 16223097
160000000 16330456 16329167
161000000 16436365 16435100
162000000 16541962 16540698
163000000 16647897 16646566
164000000 16755262 16753901
165000000 16862555 16861257
166000000 16969866 16968561
167000000 17076640 17075330
168000000 17182856 17181537
169000000 17289238 17287942
170000000 17395346 17394038
171000000 17502709 17501409
172000000 17610232 17608924
173000000 17716941 17715633
174000000 17823344 17822042
175000000 17930447 17929143
176000000 18037359 18036060
177000000 18143989 18142667
178000000 18249469 18248225
179000000 18355434 18354138
180000000 18461296 18460017
181000000 18568095 18566794
182000000 18675766 18674467
183000000 18782817 18781519
184000000 18890060 18888753
185000000 18997060 18995763
186000000 19102927 19101598
187000000 19209579 19208293
188000000 19315601 19314292
189000000 19421645 19420318
190000000 19529318 19528008
191000000 19636655 19635340
192000000 19742794 19741488
193000000 19849601 19848288
194000000 19958804 19957461
195000000 20067009 20065668
196000000 20175441 20174144
197000000 20283099 20281795
198000000 20390826 20389531
199000000 20498410 20497100
200000000 20606832 20605522
201000000 20714838 20713535
202000000 20822712 20821397
203000000 20931080 20929754
204000000 21040418 21039081
205000000 21147999 21146693
206000000 21255084 21253765
207000000 21361113 21359837
208000000 21468052 21466779
209000000 21575133 21573832
210000000 21681817 21680504
211000000 21788504 21787208
212000000 21895299 21894021
213000000 22001694 22000404
214000000 22108063 22106771
215000000 22213730 22212439
216000000 22319645 22318334
217000000 22425944 22424633
218000000 22532108 22530837
219000000 22638597 22637298
220000000 22745337 22744046
221000000 22852219 22850945
222000000 22958684 22957399
223000000 23065415 23064091
224000000 23171619 23170308
225000000 23277973 23276681
226000000 23384517 23383255
227000000 23491007 23489696
228000000 23597744 23596474
229000000 23705081 23703774
230000000 23811250 23809949
231000000 23917893 23916585
232000000 24023160 24021886
233000000 24128352 24127087
234000000 24232875 24231618
235000000 24338296 24337020
236000000 24443566 24442256
237000000 24548982 24547678
238000000 24654916 24653647
239000000 24761545 24760242
240000000 24867779 24866465
241000000 24974728 24973425
242000000 25081304 25079983
243000000 25187675 25186384
244000000 25294679 25293342
245000000 25402440 25401108
246000000 25509338 25508040
247000000 25616944 25615667
248000000 25722733 25721400
249000000 25829870 25828557
250000000 25936861 25935571
251000000 26042975 26041692
252000000 26151743 26150395
253000000 26258941 26257643
254000000 26365979 26364688
255000000 26472625 26471324
256000000 26578919 26577633
257000000 26686806 26685513
258000000 26793959 26792663
259000000 26899848 26898577
260000000 27006140 27004848
261000000 27111916 27110617
262000000 27218041 27216747
263000000 27324343 27323061
264000000 27430259 27428955
265000000 27536403 27535115
266000000 27642502 27641204
267000000 27749221 27747909
268000000 27855367 27854076
269000000 27961786 27960486
270000000 28066400 28065098
271000000 28171937 28170668
272000000 28277402 28276115
273000000 28384573 28383233
274000000 28491305 28490039
275000000 28597561 28596255
276000000 28702855 28701514
277000000 28810183 28808915
278000000 28916791 28915513
279000000 29022324 29021057
280000000 29129036 29127732
281000000 29235676 29234381
282000000 29341125 29339823
283000000 29447932 29446609
284000000 29554664 29553315
285000000 29661126 29659827
286000000 29767199 29765909
287000000 29873108 29871825
288000000 29979187 29977899
289000000 30085008 30083718
290000000 30191597 30190306
291000000 30298657 30297350
292000000 30404910 30403624
293000000 30511362 30510056
294000000 30617737 30616421
295000000 30724446 30723169
296000000 30830652 30829339
297000000 30936471 30935176
298000000 31041368 31040072
299000000 31146855 31145568
300000000 31252836 31251551
301000000 31358402 31357100
302000000 31463535 31462272
303000000 31568691 31567422
304000000 31673887 31672609
305000000 31779912 31778623
306000000 31885176 31883894
307000000 31991674 31990387
308000000 32096402 32095129
309000000 32201709 32200431
310000000 32306623 32305339
311000000 32412223 32410921
312000000 32518413 32517142
313000000 32624298 32623024
314000000 32730248 32728929
315000000 32836786 32835467
316000000 32943708 32942424
317000000 33050440 33049139
318000000 33157292 33155995
319000000 33263676 33262326
320000000 33371347 33370025
321000000 33478141 33476840
322000000 33583585 33582302
323000000 33689276 33687988
324000000 33796088 33794774
325000000 33903032 33901726
326000000 34010213 34008932
327000000 34116991 34115692
328000000 34224029 34222737
329000000 34330132 34328857
330000000 34437115 34435818
331000000 34543920 34542594
332000000 34651152 34649848
333000000 34758127 34756819
334000000 34865135 34863857
335000000 34970922 34969643
336000000 35076513 35075249
337000000 35183646 35182320
338000000 35290478 35289196
339000000 35396467 35395149
340000000 35502908 35501614
341000000 35609692 35608355
342000000 35717000 35715719
343000000 35823229 35821953
344000000 35929564 35928297
345000000 36035599 36034254
346000000 36143284 36141963
347000000 36251174 36249815
348000000 36359689 36358359
349000000 36467719 36466399
350000000 36575845 36574541
351000000 36682609 36681303
352000000 36790232 36788893
353000000 36897095 36895772
354000000 37003691 37002390
355000000 37110859 37109544
356000000 37217320 37216042
357000000 37322868 37321566
358000000 37429892 37428564
359000000 37535608 37534348
360000000 37642418 37641136
361000000 37749355 37748043
362000000 37857116 37855815
363000000 37962724 37961418
364000000 38069627 38068304
365000000 38176573 38175249
366000000 38283869 38282580
367000000 38389921 38388648
368000000 38495737 38494436
369000000 38601119 38599834
370000000 38706108 38704862
371000000 38812555 38811278
372000000 38918591 38917304
373000000 39023031 39021745
374000000 39127391 39126097
375000000 39232995 39231676
376000000 39339119 39337805
377000000 39444978 39443702
378000000 39551054 39549749
379000000 39658203 39656908
380000000 39764121 39762842
381000000 39871855 39870560
382000000 39979143 39977860
383000000 40085651 40084377
384000000 40191765 40190472
385000000 40298207 40296900
386000000 40404073 40402751
387000000 40510687 40509387
388000000 40617100 40615791
389000000 40723980 40722683
390000000 40829616 40828328
391000000 40935462 40934169
392000000 41040605 41039296
393000000 41146426 41145131
394000000 41251896 41250626
395000000 41358092 41356798
396000000 41463856 41462547
397000000 41570004 41568725
398000000 41675999 41674698
399000000 41781977 41780681
400000000 41888073 41886789
401000000 41992940 41991659
402000000 42098469 42097160
403000000 42203811 42202528
404000000 42308788 42307504
405000000 42415717 42414388
406000000 42521816 42520525
407000000 42628321 42627040
408000000 42734483 42733161
409000000 42840082 42838779
410000000 42944868 42943587
411000000 43050314 43048996
412000000 43156845 43155558
413000000 43262367 43261060
414000000 43367254 43365987
415000000 43472542 43471231
416000000 43577903 43576624
417000000 43683083 43681791
418000000 43787756 43786481
419000000 43893489 43892219
420000000 43999579 43998299
421000000 44105401 44104106
422000000 44212393 44211077
423000000 44318733 44317434
424000000 44426099 44424785
425000000 44532153 44530862
426000000 44638706 44637388
427000000 44745220 44743946
428000000 44852001 44850655
429000000 44959344 44958021
430000000 45066194 45064910
431000000 45171954 45170664
432000000 45278398 45277094
433000000 45383971 45382670
434000000 45490423 45489100
435000000 45596800 45595501
436000000 45703534 45702220
437000000 45809609 45808338
438000000 45915159 45913860
439000000 46021945 46020655
440000000 46128090 46126789
441000000 46233482 46232201
442000000 46339635 46338372
443000000 46444959 46443644
444000000 46551067 46549757
445000000 46657771 46656478
446000000 46764491 46763214
447000000 46871361 46870066
448000000 46977603 46976288
449000000 47083504 47082210
450000000 47188595 47187345
451000000 47294264 47292979
452000000 47400495 47399201
453000000 47506615 47505294
454000000 47613070 47611752
455000000 47719707 47718405
456000000 47827056 47825749
457000000 47934145 47932821
458000000 48040041 48038736
459000000 48146533 48145257
460000000 48253045 48251772
461000000 48359607 48358315
462000000 48465786 48464496
463000000 48571262 48569988
464000000 48677999 48676696
465000000 48785070 48783776
466000000 48892681 48891365
467000000 49000020 48998712
468000000 49106044 49104772
469000000 49211813 49210511
470000000 49318831 49317518
471000000 49426247 49424940
472000000 49533064 49531749
473000000 49639253 49637988
474000000 49745563 49744284
475000000 49852275 49850963
476000000 49959369 49958075
477000000 50064183 50062887
478000000 50170661 50169379
479000000 50276724 50275427
480000000 50382846 50381542
481000000 50488279 50486996
482000000 50595011 50593677
483000000 50702647 50701334
484000000 50810986 50809652
485000000 50917259 50915975
486000000 51023681 51022366
487000000 51130606 51129309
488000000 51238674 51237376
489000000 51345123 51343832
490000000 51451672 51450374
491000000 51559274 51558001
492000000 51665174 51663920
493000000 51769848 51768561
494000000 51876274 51874934
495000000 51983083 51981787
496000000 52088809 52087549
497000000 52194629 52193320
498000000 52300739 52299447
499000000 52407273 52405957
500000000 52513610 52512310
