# Steps Temp KinEng PotEng Epair Ebond Eangle Bonds
1000000 309.44692049610000595 12912.712465298005554 9494.0119272230094793 -239.08041292764221453 1346.8309113117702509 8386.2614288388813293 14650
2000000 310.35561379126880865 12950.630746148393882 8905.0014458677742368 -242.44311025488838141 853.32474737508061935 8294.1198087475822831 14792
3000000 310.84664236095011347 12971.120563020302143 8698.6499428817733133 -231.21385158924277903 708.09049601293281739 8221.7732984580816264 14855
4000000 308.6924548278337852 12881.229850367981271 8695.5497722094623896 -223.43127362456161222 695.4631330264232929 8223.5179128075997141 14881
5000000 308.20797370967926554 12861.013247909744678 8391.6816081366632716 -243.97089573911506477 451.25018271423783744 8184.4023211615403852 14913
6000000 308.46471551045527804 12871.726662171318821 8597.2160191749571823 -209.84681937757613923 567.5535895216529525 8239.5092490308816195 14891
7000000 308.94231889994034645 12891.656268292412278 8416.3663230706169998 -264.0241387668179982 487.03554016281395889 8193.354921674619618 14911
8000000 309.40812370455637392 12911.093538817898661 8611.5068322652841744 -263.95609460233993104 668.67307404962662076 8206.7898528179975983 14889
9000000 311.35420943395439508 12992.300504510914834 8534.5557334074910614 -281.47773109660647606 551.35441186013872539 8264.6790526439581299 14901
10000000 306.82944830338055908 12803.489643638271446 8571.4606752268082346 -239.41106458084846054 549.41380241095987458 8261.4579373966953426 14947
11000000 308.23742302697820605 12862.242119620506855 8401.3920633401939995 -263.99390796446988361 387.10527155944794231 8278.2806997452171345 14942
12000000 307.71164110301714345 12840.302102273830315 8272.9180861666864075 -258.85578992903265316 367.00180230154393257 8164.7720737941754123 14958
13000000 311.28349160056018263 12989.349565308402816 8461.8927020675455424 -247.35960566399393201 477.93281165871235316 8231.3194960728269507 14940
14000000 310.8929224113469445 12973.051753618987277 8441.1817830098661943 -252.02003376700577064 475.82754461521176381 8217.3742721616599738 14930
15000000 311.60994172486647358 13002.971793581575184 8361.7036150234798697 -261.26181077560067934 321.56727245370103674 8301.398153345380706 14965
16000000 310.75994030046916805 12967.502628237354656 8545.0734935922373552 -239.05512287692985751 617.50243928200006849 8166.6261771871668316 14915
17000000 310.21105743902973018 12944.59864665778332 8330.11174455152468 -290.73473174653821616 452.29148493601513792 8168.5549913620479856 14954
18000000 308.2478515960506229 12862.677286703898062 8301.3278135889486293 -278.45582694229403842 329.81339075861114907 8249.9702497726320871 14965
19000000 305.83001983853375805 12761.78513297288373 8420.8098201399316167 -285.24586017597539467 441.04748918487138098 8265.0081911310371652 14941
20000000 307.92943456141227898 12849.39026608741915 8199.1134532019932522 -299.21534926288023826 263.93773903601356778 8234.3910634288604342 14983
21000000 308.66033145396369264 12879.889394662250197 8262.1343262165410124 -292.76427720732340276 302.79761590865086873 8252.1009875152140012 14993
22000000 308.84306460188395249 12887.514549222491041 8195.9098176115348906 -299.08826688633126878 339.25910489776833856 8155.7389796000970819 14994
23000000 309.19229046096114644 12902.087171552941072 8265.3010381126568973 -293.17813400609128394 289.50077705322092925 8268.9783950655255467 14976
24000000 308.30348173286529345 12864.998641073629187 8274.7166137151580187 -286.30949454670218302 298.40702959509360426 8262.6190786667648354 14958
25000000 311.24185144263645952 12987.61198981268717 8137.6182105416219201 -272.96747029023856612 187.23414640159148803 8223.3515344302686572 15009
26000000 310.690676015296674 12964.612343218155729 8161.7610150314903876 -299.67177218571572439 314.06488289411697679 8147.3679043230895331 14993
27000000 309.32942632093715929 12907.809626071837556 8185.8579673161120809 -291.98818041035053739 256.76969451455420312 8221.0764532119083015 15031
28000000 303.85750993637844886 12679.475529889257814 7984.4346946004025085 -301.93713155312730123 115.49093802779901807 8170.8808881257309622 15028
29000000 306.84032168499913951 12803.943372019673916 8146.212844725458126 -285.4635600388360217 274.40417902839692488 8157.2722257358982461 14992
30000000 310.41101500679354785 12952.942548008151789 7990.2601626610412495 -298.59309133709967909 127.03047044866100634 8161.8227835494799365 15042
31000000 307.18549549008633903 12818.346908782934406 8018.072894037099104 -298.48443675801411246 102.92428598051500899 8213.6330448145999981 15027
32000000 310.44324727216945803 12954.287547577825535 8174.1714216206610217 -269.95530735933050437 179.73511963872022079 8264.3916093412717601 15003
33000000 310.26328085306289495 12946.777844073241795 8290.0825189653241978 -278.65722052545697807 333.08604844935791789 8235.6536910414233716 15008
34000000 307.85574189756221131 12846.315192089034099 8198.5323486416982632 -281.89174842372631247 129.29745990218037832 8351.1266371632427763 15034
35000000 309.13276341492638721 12899.603205552817599 8128.8232057619043189 -291.41961809687535379 138.45452954910240351 8281.7882943096774397 15037
36000000 310.1821032782326597 12943.390437015732459 8127.0793129701141879 -309.84982226268743943 177.47576345314217861 8259.4533717796603014 15020
37000000 313.33864418055537726 13075.107711795200885 8359.67916859215984 -298.57113804406037616 310.60219463617045221 8347.6481120000480587 14991
38000000 309.65808557754985486 12921.524037812936513 8099.5453415039637548 -312.17544553175372357 240.17248990232252481 8171.5482971333949536 15014
39000000 309.35491396707027434 12908.8731837424275 8136.8280919320204703 -303.80709151128343137 225.75029341979961828 8214.8848900235043402 14988
40000000 310.98692322863638537 12976.974253552789378 8148.7674032732948035 -303.69097061914681035 245.96691667214281551 8206.4914572202978889 14984
41000000 309.47203671336171737 12913.760523850976824 8131.4377975285842695 -293.71784472330494964 275.57707260036079333 8149.5785696515285963 15005
42000000 310.52469099188937207 12957.686060425074174 8009.6967508517163878 -323.91764500594376841 114.5468104969356915 8219.067585360724479 15012
43000000 308.15380179385925885 12858.752742710479652 7889.5296018763847314 -290.47140068396100787 83.328958284203025642 8096.6720442761434242 15043
44000000 310.81505636954426564 12969.802531403438479 8177.5757585174887936 -317.13284333393085035 185.7537600371829285 8308.9548418142367154 15038
45000000 309.9088180206727543 12931.986691435655302 8168.1500598342327066 -279.01772958167867955 238.24355315357900054 8208.9242362623335794 15007
46000000 309.68797086632486071 12922.771101898353663 7935.0551750933691437 -279.71105408176401852 71.594353115937053644 8143.1718760591957107 15040
47000000 311.16938798698248547 12984.588208656288771 8097.0808153268408205 -300.05942762790948564 194.60835571194292015 8202.5318872428069881 15002
48000000 308.81136504566956091 12886.191778732425519 8099.879535029624094 -299.95807393492390247 249.37580319785905658 8150.4618057666884852 15007
49000000 310.65653471930852447 12963.187682932053576 8026.3746104872034266 -318.88222884418996728 177.39069917144445299 8167.866140159949282 15019
50000000 311.3275754388841392 12991.189111579315068 8163.5983212560404354 -296.04121467685979496 224.33081178872623695 8235.3087241441735387 14995
51000000 312.54903344124903697 13042.158550692456629 8047.2519004380419574 -291.64804318755534496 88.351131990467550281 8250.5488116351298231 15053
52000000 308.32383008108126887 12865.847744271150077 8202.6114514672644873 -273.70460895455005357 277.08618088663365597 8199.2298795351798617 15002
53000000 311.89390464901003952 13014.821100675640992 8143.8128774379829338 -294.14355513514720997 205.68954743911410787 8232.2668851340149558 15021
54000000 310.66906043644007696 12963.710360564398798 8040.3449830974877841 -274.95751478068234519 126.85242218520653523 8188.4500756929628551 15024
55000000 307.38659479895687809 12826.738453117104655 7880.4770696162413515 -281.35316958755811356 43.220848450129437879 8118.6093907536696861 15060
56000000 311.33627661962145794 12991.552197580589564 7899.8466462734668312 -286.27045236209210088 20.378114892274041381 8165.7389837432856439 15061
57000000 311.73974681746250326 13008.388347200971111 8116.1872706693247892 -294.55675236591650901 156.24935088106929015 8254.4946721541709849 15042
58000000 313.45908669650367528 13080.133580446743508 8038.0159865623372752 -351.34795681357712738 137.47628444119425239 8251.8876589347200934 15034
59000000 309.54103206610813004 12916.639586761113605 8004.4357692423227491 -303.3731684834926341 127.63246878595765565 8180.1764689398578412 15038
60000000 309.06771405815464959 12896.888802582836433 7827.5244300491594913 -272.0618104892221254 13.421588155753539695 8086.164652382629356 15063
61000000 309.93421156015517681 12933.046322190057253 8067.7985162669474448 -327.10172890688397729 94.532850416836851082 8300.3673947569950542 15070
62000000 311.06623446743230943 12980.283781468584493 8076.323889489512112 -304.3864752234954949 188.48458750167299058 8192.2257772113334795 15053
63000000 312.69101873740856945 13048.083364229683866 8041.2559464288788149 -323.44646513636701002 23.976584933898465124 8340.7258266313474451 15063
64000000 311.8365569635205361 13012.428075816678756 7744.625282024236185 -306.87620438036174164 -90.806161284418010382 8142.3076476890164486 15097
65000000 307.09160855978689142 12814.429161166437552 7812.32441793128055 -316.57467273140565567 -32.340002426698546856 8161.2390930893852783 15066
66000000 311.71895422292413969 13007.520706333027192 7994.3083975801218912 -298.68125870470760219 121.38657250229772444 8171.60308378253103 15042
67000000 310.16078584359797787 12942.500895431365279 7980.3503804893862252 -304.72644051727627357 -7.20075953205899566 8292.2775805387209402 15086
68000000 309.49095278964836098 12914.549860689970956 7674.6983876836802665 -315.17979192509352515 -138.94945768733703062 8128.8276372961117886 15094
69000000 311.89381406472807612 13014.81732074212232 7870.4359247264328587 -304.17702964826673906 -3.6828009941513784042 8178.295755368850223 15059
70000000 308.5357399660910005 12874.690396217074522 8040.732271182918339 -288.92434679906591555 81.071801385915023275 8248.5848165960705956 15060
71000000 308.01703259250035671 12853.04558825431377 7990.4785882101259631 -297.30828269124566532 106.76004390189038418 8181.0268269994812727 15062
72000000 308.81530050240451146 12886.355998887393071 7871.8651499901197894 -327.44719907705666628 43.656160122890327102 8155.6561889442855318 15054
73000000 309.41078863875827665 12911.204742151358005 7971.4926607355027954 -286.59311051052435459 -30.552871938437078825 8288.6386431844657636 15074
74000000 310.50384466005715467 12956.816177187994981 7936.8057879260313712 -317.87386546531780596 43.530906228235096478 8211.1487471631153312 15068
75000000 308.78634952146364867 12885.147921935524209 7847.2623662781152234 -318.2848145383597398 50.213084609423276561 8115.3340962070524256 15079
76000000 308.62906714719173351 12878.58478641756119 8066.3413413189591665 -331.90230413826515132 207.07117597502252693 8191.1724694822005404 15034
77000000 307.50258103509889906 12831.578368521120865 7738.0932105357733235 -333.43580902305620839 -45.939122215948913208 8117.4681417747797241 15101
78000000 308.88072188427355513 12889.085925854522429 7850.3088131819222326 -333.16752838308252649 -28.470725794468336289 8211.9470673594732943 15096
79000000 310.55392126929297092 12958.905791960254646 7990.2890878962934949 -332.84598903849411045 104.76935996174292143 8218.3657169730449823 15033
80000000 314.34903006430909045 13117.269457580201561 7845.498251042836273 -332.44141986405867328 64.825217032881539581 8113.1144538740118151 15057
81000000 308.4370973809123484 12870.574202922265613 7992.092583885590102 -355.31434510357308909 177.33908913290878218 8170.0678398562540679 15040
82000000 312.04852334001509462 13021.27308505961264 8010.1020903636417643 -306.08184115752902699 49.024176821775739654 8267.1597546993943979 15056
83000000 308.86853690363318492 12888.577466597107559 7886.8709725544240428 -294.88393781690325568 19.507425095024601092 8162.24748527630436 15075
84000000 310.9253696263118627 12974.405722682469786 8036.1915340604282392 -324.11171850668455363 212.19491698817961378 8148.1083355789323832 15012
85000000 307.93633070935317164 12849.67803103055121 7924.9535185667591577 -312.79355249563263897 25.497211339765570415 8212.2498597226258426 15057
86000000 308.96438926625552313 12892.577228480915437 7787.9360807561097317 -312.29604222453656348 -71.617622066686536186 8171.8497450473332719 15106
87000000 308.2229155943563228 12861.636748250983146 7994.8794253411888349 -357.47095100479242546 125.4035630393670715 8226.9468133066147857 15047
88000000 306.63897376083599511 12795.541453377098151 7685.8710400506897713 -331.00285401335258939 -136.37729908608497453 8153.2511931501258005 15088
89000000 308.56017097124441761 12875.70986199258914 7784.6730358320191954 -371.79227189508225138 -72.312832527996320664 8228.7781402550990606 15089
90000000 305.56687575953515079 12750.804562141522183 7910.8169009049015585 -295.61374563298193152 7.4143468256345812506 8199.0162997122497472 15071
91000000 309.19363128569256105 12902.143121969882486 7625.031316356453317 -326.31976731227865685 -210.03505363241504256 8161.3861373011468459 15103
92000000 311.65308958056198207 13004.772282832516794 7735.7442675505608349 -344.29951267631463452 -74.192559873669381432 8154.2363401005450214 15080
93000000 311.96221033417845092 13017.671384888877583 8024.3117438453627983 -316.20153541388197027 27.351843192236927393 8313.1614360670064343 15068
94000000 312.38157023589872097 13035.170585791274789 7837.3714989277232235 -285.85113893993275269 -12.870949703830717681 8136.0935875714858412 15077
95000000 310.58300524725365221 12960.119418659629446 7941.2261970998260949 -316.09854708224776232 -20.978097064153075735 8278.3028412462281267 15068
96000000 312.22040427202000501 13028.44539444853217 7763.916847929251162 -322.8171565159432248 -55.947803455191603916 8142.6818079003860475 15094
97000000 308.92756402050304132 12891.040571373119747 7899.3971106760391194 -330.48920189823007831 -6.4805344222922940389 8236.3668469965614349 15076
98000000 311.98001771423679429 13018.414457652648707 7840.8144936840835726 -331.72923615773493111 -34.274685951757874136 8206.8184157935756957 15096
99000000 309.50006387626808646 12914.930051391427696 7828.8204574069668524 -354.33737785686730604 23.481542446977897498 8159.6762928168564031 15077
100000000 307.90742576114610074 12848.471874949165795 7733.0565753992786995 -317.35644687564121114 -149.96323305798901515 8200.3762553329088405 15098
101000000 308.75531615068155133 12883.852950270931615 7829.3998224138540536 -331.16660393076477931 -17.083345042060258834 8177.6497713866792765 15070
102000000 308.3789973085339966 12868.149782192429484 7833.9112650940587628 -319.40780406009724857 -78.554451525300706294 8231.873520679455396 15092
103000000 311.02921442157412457 12978.738995671870725 7821.9950038856331958 -331.02899640261574632 -45.948680760145720114 8198.9726810483953159 15074
104000000 312.79666634604916453 13052.491865664551369 7883.3692040925807305 -353.95939370186198403 5.3854550831586891491 8231.9431427112831443 15069
105000000 309.47236473204327467 12913.774211532570916 8026.0713539169391879 -314.28892738036415722 75.544171189512979936 8264.8161101077912463 15041
106000000 308.65987908164299824 12879.870517907247631 7992.5249594933447952 -319.28003845061903121 45.806371144227568948 8265.9986267997355753 15058
107000000 313.14286303976319914 13066.938085892561503 7807.8872902366738344 -309.23622655811186632 6.7552320890077055537 8110.3682847057789331 15074
108000000 311.23913891472386695 12987.498800471739742 7864.3314124746193556 -369.91143180104347721 -15.074162332450725899 8249.3170066081147525 15084
109000000 313.9539983776076042 13100.78543318958873 7930.3801915143239967 -321.23725449669564114 -64.228973286082819527 8315.8464192971005104 15093
110000000 309.67659605869391726 12922.296449831850623 7884.6468553547947522 -297.68667768603859258 36.319617179842467181 8146.0139158609908918 15075
111000000 313.47508996249985103 13080.801370489645706 7768.255020661737035 -302.86087697469361046 -110.49547278625036029 8181.61137042268183 15087
112000000 310.78685894378116927 12968.62589907322581 7910.8793269442867313 -321.24580085960485576 64.775862121855126929 8167.3492656820362754 15073
113000000 309.43188115187251697 12912.084898129573048 7932.232605621699804 -340.22203250479731196 32.67619680057963194 8239.7784413259178109 15079
114000000 306.69731672755455065 12797.97600968937877 7763.9436890020733699 -299.38561436284089723 -51.207680522868855633 8114.536983887785027 15081
115000000 308.51375429221053537 12873.772970104968408 7902.7302493512379442 -299.97580919594810211 32.947160572926520672 8169.7588979742595257 15075
116000000 309.52318839744276602 12915.894999733287477 7872.5742045810529817 -304.35417542269192381 76.905193570849093021 8100.0231864328961819 15072
117000000 311.1944073777786457 12985.632226799658383 7951.7690465402665723 -310.05296844207504137 52.940089258460972133 8208.8819257238792488 15065
118000000 303.669795059254227 12671.642495939920991 7729.3169942711156182 -347.39001214485995206 -67.986062649379164213 8144.6930690653553029 15083
119000000 309.16152386262569962 12900.803331865010477 7445.9351843612930679 -304.09367041036534829 -268.3720155785138104 8018.4008703501722266 15126
120000000 306.15173657415965636 12775.209844699702444 7837.898938377509694 -341.1766913262433718 -14.108830875735890231 8193.1844605794885865 15074
121000000 312.7741458898430551 13051.552123963096165 7890.9095520018945535 -330.06722531031897461 -20.636297804806645217 8241.6130751170203439 15120
122000000 312.7335487672836507 13049.858072622440886 7867.7946439529350755 -338.37888868091829409 101.69415881978139282 8104.4793738140724599 15066
123000000 314.11037802150690368 13107.310899249680006 7834.4657859690560144 -326.07794035077472472 29.988980834833355971 8130.5547454849984206 15083
124000000 309.21638447729083055 12903.092575337539529 7761.8440835805904499 -340.16081260985674817 -32.43319843001839331 8134.4380946204655629 15074
125000000 309.39511479672808036 12910.550698430262855 7894.5990518821927253 -338.25729809569173767 -15.030684724153971388 8247.8870347020383633 15079
126000000 308.10314818114829905 12856.639050529549422 7783.7089893729471441 -346.36410545638511849 39.876915535613832731 8090.1961792937190694 15074
127000000 309.77677005878877026 12926.476546559424605 7900.1559280160145136 -351.29087342652684356 53.662604733300383941 8197.7841967092426785 15060
128000000 311.00400828681392795 12977.687185009162931 7818.9952908463492349 -319.47134537515569264 -69.524528906709562648 8207.9911651282163803 15101
129000000 312.42420911995247934 13036.949836490375674 7717.4766009343611586 -312.45384847782304405 -111.19460784888441651 8141.1250572610679228 15104
130000000 311.86057792138603872 13013.430430991391404 7749.7904149499590858 -326.98316156010463374 29.260208723541168752 8047.513367786521485 15091
131000000 309.99235857933712168 12935.472701933009375 7797.837360330946467 -337.00035369631689264 -34.376886335635433056 8169.2146003628986364 15078
132000000 309.59456359254784275 12918.873369561848449 7734.2537220220037852 -293.77083417963694956 -127.34404588091595656 8155.3686020825562082 15112
133000000 308.60480897332274708 12877.572532608082838 7807.8977291145029085 -372.93136476552376735 36.338088681361853105 8144.4910051986653343 15079
134000000 313.27300830725272363 13072.368834452337978 7733.9063125956727163 -331.72643559501392474 -79.544350009113514943 8145.1770981998006391 15088
135000000 312.06661022082892032 13022.027820931498354 7796.5286114321070272 -331.73860941433503058 -34.683994347306338568 8162.9512151937487943 15084
136000000 309.7152007751109295 12923.907361331950597 7968.7806731235250481 -343.53287040022496512 -40.49606161609634114 8352.8096051398460986 15090
137000000 310.91493259467841881 12973.970202470287404 7907.4075560550118098 -357.05121944513598464 140.78019465514196895 8123.6785808450049444 15065
138000000 308.17813817885041772 12859.76826014181097 7699.7844623894516189 -373.08540262750562988 -6.342748282625052525 8079.2126132995826993 15098
139000000 311.85790044925386155 13013.31870447066467 7727.9441847897469415 -349.18657746737159187 -65.34769865079772444 8142.4784609079169968 15115
140000000 310.51960503879075759 12957.473831943791083 7754.878389710996089 -333.13042674116962871 -80.454463617201014358 8168.4632800693671015 15081
141000000 308.03309343637437223 12853.715780927625019 7577.784474479639357 -359.5190457144268521 -193.37563899706970005 8130.6791591911369323 15120
142000000 308.72919345214410214 12882.762892905064291 7886.4228902681215914 -328.82621220584530874 -31.297320455328502931 8246.5464229292956588 15097
143000000 306.87157726865609675 12805.247616263080999 7757.5707090713349317 -349.23602097646158882 -75.475938387258281637 8182.2826684350548021 15112
144000000 308.80882692967935554 12886.085867314943243 7772.7837229926280997 -360.80640892300874611 -82.252604726639958699 8215.8427366422765772 15097
145000000 309.17064764643055241 12901.184052399175926 7673.4980701062086155 -334.61611280686179271 -158.68799632093424634 8166.8021792340050524 15118
146000000 309.79461683172087305 12927.22126312321052 7953.474482102446018 -332.68339228564065024 51.247318925930983369 8234.9105554621546617 15081
147000000 309.19579081450433478 12902.233235565332507 7796.1100162568764063 -306.62982104829131913 -25.138369246971834059 8127.8782065521390905 15083
148000000 311.10385996241979001 12981.853831664458994 7772.0226868872441628 -313.68793241843030728 -28.337537387103139963 8114.0481566927774111 15082
149000000 309.36699997142659413 12909.377512881839721 7748.6924767281616369 -350.22644887705541805 -22.426164160078684517 8121.3450897652946878 15091
150000000 309.90249002549961688 12931.722634575688062 7659.8023393431831209 -335.17621271337230837 -98.700196554800811555 8093.6787486113571504 15124
151000000 310.37688654210739969 12951.518423151235766 7673.8006000631430652 -363.72148979441243455 -122.45818036222368619 8159.9802702197785038 15127
152000000 312.50195655908623849 13040.194109611071326 7725.6268372277263552 -348.22768650991963568 -151.83893350396476762 8225.6934572416103038 15114
153000000 311.59401318559008587 13002.3071217621291 7734.9365935200357853 -336.76840332254164423 -70.845721944098826839 8142.5507187866760432 15086
154000000 310.12633648982364321 12941.063380399093148 7643.0616968829954203 -336.21038900950600237 -173.5273780071175338 8152.7994638996187859 15118
155000000 310.50664970583159175 12956.933227147577782 7631.0743103666400202 -353.05639297175264346 -268.61552941618731438 8252.7462327545799781 15154
156000000 309.13362219687320476 12899.639041114960492 7789.8987689833702461 -367.46570659783100155 -124.06358532667888994 8281.428060907879626 15110
157000000 306.50971884556543046 12790.147857755144287 7842.4665840878233212 -312.42927497475898235 11.735298367423382615 8143.160560695157983 15075
158000000 312.45072897524494238 13038.056466556248779 7708.6828740588462097 -308.16078812908119744 -55.476183496436107134 8072.3198456843629174 15102
159000000 309.96580699772437129 12934.364747979823733 7752.6162944520883684 -334.09968148233372176 -163.76441261851346098 8250.480388552934528 15142
160000000 309.04475150658709026 12895.930612967033085 7806.1656205257377223 -329.29467857436395661 -90.037623095512515192 8225.4979221956145921 15112
161000000 313.82233211105068449 13095.291215833334718 7770.3658526582812556 -331.19521003821319027 -56.254839272108412729 8157.8159019686027023 15081
162000000 313.40919870082200305 13078.051836208749592 7776.9735113018614356 -366.74849679778048994 -19.396350011526891421 8163.1183581111690728 15070
163000000 311.25814270768239567 12988.291797583586231 7929.0972349241692427 -336.3619243336200384 -4.9796892389707636539 8270.438848496760329 15093
164000000 310.80591543365778762 12969.421095141036858 7866.6548841117046322 -348.96008805858627966 128.46412721686391478 8087.1508449534285319 15061
165000000 313.46940611910338248 13080.564193026841167 7769.9814379051204014 -317.88583538361365299 -143.74440900751477557 8231.6116822962485458 15126
166000000 310.77891217728972606 12968.294293541110164 7736.4905341458561452 -363.98110582335868912 -213.0789352870381208 8313.5505752562512498 15124
167000000 312.03679123615660274 13020.783523607538882 7667.3276298803511963 -345.29360567106232338 -182.68759004803627022 8195.3088255994480278 15098
168000000 313.38670321434756261 13077.113136453244806 7843.4836432913562021 -334.91392385029047318 -82.875137029116928034 8261.2727041707639728 15094
169000000 313.0389633165374903 13062.602520849331995 7738.168259104729259 -347.5050668541616119 -157.72003309452981057 8243.393359053419772 15117
170000000 308.86499161205256314 12888.429527394117031 7729.6589260790233311 -337.04532906892995925 -115.95964646610144655 8182.663901614054339 15113
171000000 312.2534072419828135 13029.82255425657786 7796.6886503219748192 -335.7682861339250735 -134.5661304829642404 8267.0230669388638489 15102
172000000 309.283045896645433 12905.874247035144435 7945.3070000888183131 -317.03842813925894006 27.883993758815847741 8234.4614344692618033 15097
173000000 305.62875691689617952 12753.38676134628804 7754.4445687788720534 -335.51417399312055068 -106.97699256644803256 8196.9357353384402813 15131
174000000 307.69075424595769164 12839.430527985483423 7834.3535726600684939 -330.94100390527120226 -50.142810473181370412 8215.4373870385206828 15082
175000000 308.32154040860444866 12865.752199994007242 7671.2593256341351662 -340.83377340891621543 -134.55530055194333272 8146.6483995949947712 15107
176000000 308.63981451852697546 12879.033256596509091 7693.8743320911926276 -365.58845266118083828 -137.78326538875114693 8197.2460501411260339 15116
177000000 307.40569386765258741 12827.535425929203484 7733.3254328324710514 -340.10615100492140073 -46.246542855610869083 8119.6781266930029233 15093
178000000 310.9441712158608766 12975.190282177674817 7697.6794926278680578 -352.91673820376854565 -156.7181008611210018 8207.3143316927580599 15128
179000000 307.00475517821752192 12810.80491200265169 7836.3924708347367414 -323.57323876194834611 -66.705051111347614778 8226.6707607080315938 15093
180000000 308.84454944264786036 12887.576509192265803 7780.5257430574711179 -311.68355525642436987 -66.999083660385622352 8159.2083819742802007 15102
181000000 310.58948700440112134 12960.389891754597556 7675.8411059434401977 -324.09711441663472442 -134.61990510151196077 8134.5581254615863145 15105
182000000 311.93848655120081048 13016.681430334834658 7830.1657171828774153 -343.79153119174668518 -122.52213121267530482 8296.4793795872992632 15116
183000000 309.51001464583146117 12915.345280684950922 7746.4813776154423977 -353.05916213028967832 -61.612440845707595827 8161.1529805914397002 15106
184000000 309.0644128172993419 12896.751047216343068 7633.6381261626956984 -365.00069510514208559 -125.72594051030402795 8124.3647617781425652 15122
185000000 308.59794493949902972 12877.286107734389589 7601.7449136655986877 -329.32002180521146784 -145.04902070443773709 8076.1139561752479494 15094
186000000 312.83864632764903035 13054.24362144492261 7686.8512525309770353 -328.90619463020641433 -189.76302079470201534 8205.5204679558846692 15130
187000000 307.95557350124329332 12850.481001175829078 7637.8520211863951772 -355.64855847659538313 -99.467558901812992644 8092.9681385648036667 15114
188000000 313.85681699868433725 13096.730213635277323 7923.4986600175716376 -321.2003907225600301 89.773599124875516964 8154.9254516152568613 15063
189000000 310.97301585191684126 12976.393921531911474 7590.9691449934898628 -318.31075957110073205 -203.78817962895163873 8113.0680841935427452 15125
190000000 310.82189814122119742 12970.088027314259307 7656.5359989830540144 -341.0963799729489665 -82.130274943317331804 8079.7626538993208669 15102
191000000 305.5975103376403581 12752.082892841772264 7729.1456814752073115 -337.87549564324831408 -52.139425577230397835 8119.1606026956851565 15107
192000000 308.99992088507832477 12894.059904658624873 7706.5964683950132894 -345.88615314236699305 -71.685383937206196947 8124.1680054745866073 15097
193000000 312.64486614020449906 13046.157492043696038 7674.1436766620718117 -325.35220964405715449 -120.02781428859196922 8119.5237005947201396 15096
194000000 309.76166195732957931 12925.846110264481467 7866.36170737987959 -333.43608918190477652 -0.98875481119351604775 8200.7865513729775557 15075
195000000 309.58876829577809531 12918.631541332570123 7562.4497244368285465 -350.59848707196846362 -151.31832219539060702 8064.3665337041866223 15116
196000000 309.70353592407138876 12923.420606229708937 7707.3179881908326934 -357.78543784377563952 -10.373678354203264007 8075.4771043888122222 15106
197000000 311.43969802037213412 12995.86780301143699 7770.9505588205283857 -326.48974033665672323 -69.592779386845833756 8167.0330785440310137 15092
198000000 307.60854225479772595 12835.99995643109105 7761.9403798142302549 -342.43231675122979141 -6.5912516313608904284 8110.9639481968215478 15077
199000000 310.78704091050235547 12968.633492246055539 7859.1090939516270737 -391.03611314308989222 -6.1693079812135351858 8256.3145150759301032 15083
200000000 308.25204426415876924 12862.852239867614117 7689.3437500900663508 -326.18764401545615783 -95.462867423191113403 8110.994261528712741 15093
201000000 312.41433962244030909 13036.537998546255039 7651.9750485325384943 -333.54639858635789551 -114.983139786857123 8100.5045869057539676 15096
202000000 308.56083209800834766 12875.737449728127103 7701.4120086521397752 -344.08204623017013546 -55.53413058034544747 8101.0281854626573477 15054
203000000 310.5354121169752375 12958.133435391082457 7806.7529831938281859 -341.27592084032824005 10.039086985590031986 8137.9898170485666924 15104
204000000 310.69473169319388717 12964.781580005048454 7573.3692441375405906 -347.52822633621326531 -216.6006161277063029 8137.4980866014602725 15135
205000000 307.8377731894200906 12845.565387368922529 7672.6278933530629729 -340.63479264581485495 -63.445104759310652298 8076.7077907581888212 15125
206000000 315.45172641198047359 13163.283167625166243 7612.2169013791062753 -337.62209905247152619 -190.06068128368514181 8139.8996817152628864 15140
207000000 309.18017224818083832 12901.581498408821062 7826.2692451442198944 -360.23200317245016322 -50.772125174572011019 8237.2733734912435466 15087
208000000 310.19525547327458526 12943.939256543784722 7703.4332928995545444 -325.71606399980794322 -85.83264846211325505 8114.9820053614748758 15091
209000000 308.36291667816277595 12867.478763861041443 7659.1472778368242871 -314.8571944592579257 -101.76674672858268877 8075.7712190246656974 15096
210000000 309.36290674342694729 12909.206709190759284 7543.0214196766719397 -335.68345323938928004 -214.12934716286247294 8092.8342200789238632 15138
211000000 309.51720560622231915 12915.645347668094473 7710.6447204560117825 -357.22612510798791163 -161.72326380395682577 8229.5941093679557525 15117
212000000 310.64972789297661393 12962.903645233167481 7747.1469052501252008 -332.00076407899473452 -37.015651782828697947 8116.1633211119487896 15095
213000000 307.62273062662882239 12836.592013917112126 7827.9206272763112793 -332.73194242166340473 -46.872759217719746516 8207.5253289156953542 15099
214000000 308.34079651679775225 12866.555725806778355 7705.6168808661195726 -352.51093351891591965 -188.33121443472595047 8246.4590288197614427 15122
215000000 311.55002310755349981 13000.471487954231634 7646.8515886546501861 -375.45859065059516979 -187.20135154039195413 8209.5115308456370258 15107
216000000 309.90866107066381119 12931.980142169197279 7863.6547550016066452 -340.51051328951399455 -17.480073767535941442 8221.6453420586567518 15090
217000000 307.78171271138393195 12843.22607556582625 7599.9315283798787277 -309.55639853477839551 -144.81341968929393715 8054.3013466039519699 15130
218000000 309.6088502458509879 12919.469528172503487 7551.8167841921203944 -329.59391830871993534 -345.12732938364854363 8226.5380318844891008 15138
219000000 308.06951508224182135 12855.235596474165504 7694.4757237749190608 -326.10604905681975652 -136.46185601544391375 8157.0436288471828448 15110
220000000 311.862036962571608 13013.491314387076272 7605.2610799355034032 -361.25919771215853871 -233.0844346012639221 8199.6047122489253525 15110
221000000 308.33388616722373854 12866.267368252787492 7666.6839528678647184 -300.51846177698064366 -56.073169667047721987 8023.2755843118939083 15099
222000000 309.79608840550292825 12927.282669483593054 7883.079679611908432 -317.85240748092849117 6.1234134542810352286 8194.8086736385557742 15100
223000000 306.87540659153023626 12805.40740762610767 7787.7670116934805264 -354.37738517248931203 -86.305723799767633864 8228.4501206657387229 15109
224000000 309.64502214113099399 12920.978922036649237 7826.0566703981003229 -358.10453416417760764 -30.27328443315772688 8214.4344889954372775 15092
225000000 310.31400105927190225 12948.894315091623866 7909.2930677992571873 -339.71760958601163338 -4.119723502110829827 8253.1304008873794373 15105
226000000 311.17727561005557391 12984.917346230558906 7779.0626684091594143 -318.49457287707605246 39.769783506655357996 8057.7874577795791993 15098
227000000 310.53274427623250631 12958.02211077244101 7588.9883054405963776 -362.08500833735257629 -137.6311519993471677 8088.7044657772967184 15104
228000000 306.69705939820681806 12797.96527175774645 7648.4590630448674347 -312.7998596047442561 -163.37903611832552997 8124.6379587679366523 15131
229000000 311.95290455158107079 13017.283069843595513 7897.8822569232097521 -328.18834223918719317 -34.089213198021553808 8260.1598123604198918 15089
230000000 310.73965562284138286 12966.656181909049337 7809.6324843721122306 -322.68008598342260029 -125.25878770771474535 8257.5713580632491357 15121
231000000 311.83940724778551612 13012.547013504276038 7750.4668418043802376 -345.42802514537430625 -32.549300525789632843 8128.4441674755444183 15104
232000000 310.04339779257355758 12937.602484591438042 7641.1143438121143845 -366.84189596120302213 -140.98878936176566867 8148.9450291350831321 15118
233000000 312.20856892874559207 13027.951524984957359 7756.5942479886998626 -371.38311759490221675 -146.24381800437018342 8274.2211835879716091 15126
234000000 310.74347760003610119 12966.815666748922013 7615.4898791221294232 -351.77822392601342472 -150.17606378740165951 8117.4441668355448201 15119
235000000 307.3834293546558456 12826.606364318100532 7781.3242713986846866 -341.37161854769453839 -56.755142150246044253 8179.4510320966237487 15114
236000000 314.52427785765115686 13124.582260570699873 7820.6141358541699447 -352.5094266736945201 -48.31350833341330997 8221.4370708612786984 15089
237000000 309.15135664509227809 12900.379070552695339 7746.0495552877309819 -329.43855318880736149 -61.247447944623345961 8136.7355564211620731 15088
238000000 308.49589432038266068 12873.027702772909834 7966.1671616095300124 -318.25631274289048633 56.146507283037308866 8228.2769670693833177 15079
239000000 308.16010782709548721 12859.015883134838077 7829.7712459427966678 -334.17077554922150284 -26.102860615896574359 8190.0448821079144182 15083
240000000 306.67848508868019053 12797.190196285111597 7880.143465115381332 -304.51287857155375605 -36.57027348825826607 8221.2266171751944057 15101
241000000 307.98546160885189238 12851.728182886550712 7721.3739203044251553 -320.23024115948339841 -96.100179512172260843 8137.7043409760817667 15104
242000000 308.77761659597467769 12884.783511277828438 7773.5697175404766313 -356.59720038960523425 -111.40666666546238162 8241.5735845955459808 15105
243000000 309.33283297249380439 12907.951780054012488 7567.8769717676022992 -376.73464375424401851 -117.50756146545965919 8062.1191769873066733 15101
244000000 310.66701501511590777 12963.625008487257219 7810.0850869980167772 -365.06386362083435415 -56.460925100779320474 8231.6098757196305087 15099
245000000 310.33991835567604767 12949.975801363349092 7801.7810263076817137 -335.60993328699169069 -56.995949770540576651 8194.3869093652137963 15081
246000000 307.4855108054896391 12830.866055836580927 7524.4517919767376952 -323.26599326674312351 -236.94851766151663242 8084.6663029049977922 15143
247000000 307.49252919038389109 12831.158921527294297 7821.8285095474320769 -351.52865204707273961 -105.84642422361190484 8279.2035858181170624 15087
248000000 309.75169823142374526 12925.430340324039207 7761.0986316825274116 -350.10009794058828447 -128.51538570709959686 8239.714115330214554 15113
249000000 310.34786605933027204 12950.307446001732387 7801.327962618210222 -332.90012135832580498 18.85473887400878823 8115.3733451025273098 15113
250000000 310.81177047569320848 12969.66541644226163 7887.720718912938537 -329.51627650582042861 -6.283309955556632076 8223.520305374315285 15099
251000000 312.19916690549194982 13027.559193974935624 7598.5381032451450665 -319.20572151816929818 -203.93091849305926644 8121.6747432563734037 15124
252000000 307.30708374627272406 12823.420587295471705 7616.1700182840741036 -311.9055849921772392 -100.37397032585796808 8028.4495736021090124 15102
253000000 311.64937047363792999 13004.617090600320807 7713.0731228619970352 -327.06119769389147223 -152.6638814346332822 8192.7982019905230118 15107
254000000 306.54402013911800395 12791.579194477197234 7705.2390901580629361 -348.86897882457367359 -168.38707212304746008 8222.4951411056845245 15104
255000000 311.1478347405338809 12983.688827031684923 7585.043827000523379 -337.80739079114061951 -265.09512862811084233 8187.9463464197742724 15126
256000000 310.61315490341246459 12961.377514362382499 7674.0174493491567773 -339.51751622731529778 -115.37744174949348519 8128.9124073259645229 15125
257000000 306.47206342583183414 12788.576558848693821 7664.6690404142764237 -368.88983834213809132 -37.378591947412274976 8070.9374707038277847 15120
258000000 310.76791240304322628 12967.835291002644226 7625.4986425549077467 -345.62161273149899898 -127.18966451676891438 8098.3099198031759443 15116
259000000 309.27992350621542528 12905.743954803563611 7576.9573383848992307 -339.96303561019385597 -179.91347145417532261 8096.8338454492686651 15128
260000000 311.27564198964421394 12989.02201391910603 7586.1960233849240467 -334.44781483551082601 -257.00554571746982901 8177.6493839379054407 15139
261000000 311.7477222225005562 13008.721147772666882 7600.7594622880169482 -349.77096568296519763 -215.41042821381083172 8165.9408561847931196 15137
262000000 309.85181217179115265 12929.607930857690008 7682.0507736993968138 -336.89270491450110967 -87.580578527481421247 8106.5240571413796715 15102
263000000 310.4642145674027347 12955.162478419239051 7898.0322299846357055 -337.35528548770753332 20.107679721617301993 8215.2798357507272158 15092
264000000 308.79033458240024856 12885.314211992470518 7656.6848049869449824 -362.49730109508135456 -126.72144227668489691 8145.9035483587122144 15133
265000000 312.69716256735074467 13048.33973617661286 7667.2759812471904297 -345.94305191491162077 -168.22844859004356977 8181.447481752144995 15125
266000000 312.7881427048106957 13052.136188095379111 7723.1522099826852354 -336.47887599248474544 -50.820836512423056774 8110.4519224875930377 15092
267000000 307.20086625626936438 12818.988305646003937 7722.4702138051961811 -308.54852765339092002 -107.98572706248423003 8139.0044685210714306 15108
268000000 303.31701939070552498 12656.921745882302275 7703.8992151901529724 -294.35328912335489804 -154.84606218557050283 8153.0985664990785153 15102
269000000 310.93101216239341511 12974.641176458771952 7829.9093846771447716 -303.36713749340981394 5.6877229101312707371 8127.5887992604239116 15061
270000000 305.7069992376603409 12756.65168506576083 7700.2449166915112073 -316.15539721287103703 -63.811729614468958971 8080.2120435188508054 15084
271000000 310.50568193329178257 12956.892843586745585 7581.0327090611390304 -341.26543980395672406 -193.73730236448261621 8116.0354512295789391 15109
272000000 307.04548142496639684 12812.504351483954451 7680.8330022574209579 -320.69749512892087751 -195.33209958545060658 8196.8625969717922999 15133
273000000 307.30149522403451101 12823.187387428262809 7891.2634874551658868 -332.38810193362951395 45.356520570804477188 8178.2950688179917051 15100
274000000 309.23709240257699093 12903.95668309645589 7599.5348412795738113 -364.71823403689938914 -177.9649468941782402 8142.2180222106517249 15108
275000000 314.23912540800893112 13112.683316528527939 7623.2843428784826756 -349.14260483151423387 -190.14964177314863036 8162.5765894831438345 15120
276000000 311.60847200102608667 13002.910464416223476 7883.9018075310759741 -353.04682164450673554 60.335227881446073184 8176.6134012941365654 15051
277000000 312.67849265075068388 13047.560671177610857 7785.2504497475010794 -316.77632530022651736 -89.017403133620717881 8191.0441781813497073 15100
278000000 310.58491698303907924 12960.199192258498442 7883.3887725154982036 -322.29868313978101924 45.019662582442734333 8160.6677930728365027 15082
279000000 309.62313376675876953 12920.065556073439438 7503.8365074930916307 -364.07797362416539499 -285.11528163096062372 8153.0297627482177631 15151
280000000 308.9731325884429225 12892.942072975783958 7642.9718418647844373 -330.75248812551723177 -138.06893019131547362 8111.7932601816173701 15082
281000000 312.4449072034906294 13037.813533569287756 7914.0097656336420187 -325.72272353210018991 -103.5208401334735413 8343.253329299215693 15092
282000000 306.58328492028641676 12793.217649396792694 7754.6588512092957899 -329.46411509213271529 -130.52413809437342707 8214.6471043958008522 15120
283000000 311.16789903170337084 12984.526076994541654 7836.9054454147817523 -359.4139742700365332 25.832302924799577681 8170.48711676001858 15076
284000000 309.1504002672684237 12900.339162474670957 7726.8474434772524546 -335.63035289358924729 -77.477272413290606323 8139.9550687841328909 15112
285000000 312.36069422138928076 13034.299463944757008 7736.2808811257109483 -320.60895185240747196 -64.679324840202781388 8121.5691578183214006 15105
286000000 312.60040936852357163 13044.302383875448868 7853.5430284889680479 -340.25226485954317468 -100.81057808374050921 8294.6058714322516607 15085
287000000 311.77292623496452961 13009.77286987543448 7640.0411383624159498 -352.12970542812240637 -140.99458798360745959 8133.1654317741458726 15110
288000000 308.68722851145156483 12881.011764757085984 7632.6105367355103226 -337.51927649954473054 -216.0427527289899956 8186.172565964045134 15139
289000000 308.22259728139852086 12861.623465573322392 7751.7521310529746188 -348.48257361892990502 -50.061533208125467809 8150.2962378800293664 15119
290000000 315.6757704115483989 13172.632156270321502 7604.9949063028188903 -341.04256438858203637 -178.26055654820532936 8124.2980272396052897 15134
291000000 309.03227081935341403 12895.409814358472431 7625.2806796746353939 -318.58283373382300852 -175.00487579237147884 8118.8683892008302792 15126
292000000 308.48761586043934813 12872.682256217060058 7770.7467729789559598 -375.59233906685437887 8.52639357151196009 8137.8127184742997997 15077
293000000 309.11565719532308094 12898.889391064853044 7732.3837283223301711 -371.80514360354698056 -100.05047039281176069 8204.2393423186877044 15115
294000000 312.19423005450926212 13027.353187280406928 7775.461005473143814 -332.44403447492584291 -47.092649111560561437 8154.9976890596299199 15083
295000000 311.76628557131766684 13009.495765872869015 7868.9282839185862031 -369.39080384602090135 -59.952928177828127332 8298.272015942435246 15086
296000000 309.93382298850974621 12933.030107732593024 7843.3579188675212208 -328.86871268968980075 -30.75077345447141397 8202.977405011681185 15088
297000000 313.99611385705225075 13102.542843072791584 7886.1650271802373027 -333.41829304873346018 -25.352685142058774659 8244.9360053710297507 15081
298000000 310.55695589605687701 12959.032421957990664 7677.0114873150450876 -356.38815107424773032 -145.39253489384327622 8178.7921732831355257 15094
299000000 307.08908653556397894 12814.323921232013163 7635.5390107268030988 -309.02289913749063999 -200.97785769860527694 8145.5397675629001242 15126
300000000 311.5144424430059189 12998.986765178866335 7756.9876640089314606 -338.72247816592664549 -73.41567169835070672 8169.1258138732082443 15095
301000000 308.60173098631281619 12877.444093258394787 7862.4466617564175976 -328.8825958743565252 -113.70100036204546257 8305.0302579928211344 15110
302000000 309.03821356211432203 12895.657795267132315 7691.5017072945029213 -309.37077541846286977 -89.33202479963452447 8090.204507512600685 15106
303000000 309.22457335368693521 12903.434283718890583 7612.2093621109888772 -331.65863545888225872 -84.509711981077998644 8028.3777095509503852 15093
304000000 307.20413036561052422 12819.124511575313591 7738.3455159325339991 -354.17416015656357331 -116.3362417333183032 8208.8559178224168136 15114
305000000 314.53348784489361378 13124.966578232933898 7855.1200745623009425 -358.36726546172923236 -48.092842393780586008 8261.5801824178106472 15101
306000000 310.52746101817621138 12957.801649078875926 7779.1511551071525901 -298.00729931395414951 -67.277612476605142433 8144.4360668977133173 15090
307000000 307.58449126170347654 12834.996347935542872 7744.6789092694943974 -324.35349679611738338 -14.727309154717943329 8083.7597152203288715 15080
308000000 311.33010064772065562 12991.294484402442322 7787.7695061920303488 -343.21400776273230804 -49.78873598540393175 8180.7722499401670575 15110
309000000 309.7040756535317314 12923.443128254873955 7698.804122395919876 -359.22596233230683538 -121.58647984345083159 8179.6165645716782819 15086
310000000 309.3163950649853291 12907.265853133661949 7683.4598070130941778 -342.98906431846438636 -156.40777040591819969 8182.8566417374759112 15104
311000000 312.17348631954644134 13026.487585242415662 7933.1729339576304483 -321.06265157661835019 8.6254840139648365493 8245.6101015202839335 15070
312000000 306.84425132907790612 12804.107349622030597 7796.1540975734469612 -295.06999157243711807 -107.40263069549510533 8198.6267198413788719 15098
313000000 308.81258889875113027 12886.242848114265144 7685.0470813463289232 -369.39609425061041748 -94.689569025068053065 8149.1327446220084312 15112
314000000 307.47899709798684853 12830.594249505686093 7644.2252674594619748 -362.40640016329177797 -40.540682473405695418 8047.1723500961597892 15108
315000000 306.98444675307007401 12809.957474729300884 7619.0786719942552736 -343.66252025395755254 -178.87360871600066048 8141.6148009642138277 15116
316000000 308.99700674142587786 12893.93830222352517 7812.5108867222370463 -319.47735384420639093 -26.196771434356008967 8158.185012000799361 15103
317000000 308.42358458698424784 12870.010336194114643 7741.4869985138093398 -338.53121831464977731 -122.67898910682150415 8202.6972059352810902 15135
318000000 312.1179459835260559 13024.16997811254987 7801.7457800123165725 -309.86054201251982931 -51.059776125313334205 8162.6660981501499919 15072
319000000 309.50309575665659167 12915.056566787423435 7804.3483065495865958 -304.7268957911421694 -64.396086674041342235 8173.4712890147702637 15076
320000000 309.64412159210178288 12920.941343602660709 7940.983777655224003 -343.14251509472285306 91.63527185024859989 8192.491020899698924 15060
321000000 311.89518353037436782 13014.874466297467734 7745.7369346338055038 -329.14799362556050255 -100.40666538627911564 8175.2915936456447525 15106
322000000 306.35116142414136675 12783.531516610737526 7764.0225942028391728 -369.67464091417656391 -54.723796499593262865 8188.4210316166099801 15079
323000000 310.77109410839750581 12967.968058348731574 7786.6382518497184719 -334.57989589719670676 -135.76785647555703918 8256.98600422247182 15091
324000000 311.06723721719009745 12980.325624571356457 7815.0255752543398557 -353.11762477795110726 -71.630892090814086259 8239.7740921231052198 15096
325000000 308.22507380049677295 12861.726806653527092 7717.7483396109946625 -330.23718902724954205 -98.707485807958363466 8146.6930144462021417 15109
326000000 303.71170067553811123 12673.391148577624335 7788.2648690055284533 -345.03192535523282913 -8.3330685028116988633 8141.6298628635722707 15095
327000000 307.76385258092454933 12842.480801614336087 7811.221844865809544 -332.72668782585174085 -132.95172016691140016 8276.9002528585733671 15127
328000000 313.07983472115353152 13064.308017530358484 7723.9836890945534833 -325.14540003929329259 -76.920235015431970282 8126.0493241492795278 15091
329000000 310.53367260328474231 12958.060848337772768 7964.3161561726037689 -315.06753754703458981 93.521981119260004789 8185.8617126003782687 15068
330000000 309.94643757540762863 12933.556493754531402 7843.4257055962425511 -349.31556176158187554 -86.203333106154246934 8278.944600463979441 15089
331000000 311.11672160268568632 12982.390526818249782 7713.4605008823164098 -318.46495001234399069 -49.958051632997680258 8081.8835025276594024 15101
332000000 310.25841128313095396 12946.574644906611866 7797.7675311129751208 -306.51380266237697469 -23.200507330878210155 8127.4818411062306041 15092
333000000 304.31269889162098252 12698.469818431549356 7943.6521209414277109 -294.88249633839467378 35.304288586282098095 8203.2303286935421056 15081
334000000 312.19156471615974624 13027.2419670825293 7805.8328816028906658 -335.70995651167186224 -123.62155078120905216 8265.1643888957714807 15117
335000000 306.50894895669364359 12790.115731555226375 7828.9234736747084753 -318.19401398046289842 -92.763940745128294907 8239.8814284003001376 15087
336000000 314.99043862851743825 13144.034384983984637 7742.8417139137563936 -353.17099932655116845 -70.648445316857333864 8166.6611585571645264 15118
337000000 309.80079558045792965 12927.479092174180551 7775.3467134248949151 -335.89959605043344482 -63.011904749723527175 8174.2582142250512334 15093
338000000 307.52914433006412764 12832.686811253292035 7918.5885520643096243 -393.41505273592275671 -3.2330955666415377436 8315.236700366871446 15082
339000000 310.58856362023527709 12960.351360447808474 7797.4484811356051068 -330.42099787659969934 -90.209100184094936026 8218.0785791963007796 15104
340000000 309.95060253336964706 12933.730290619296284 7967.48414515600507 -326.02136689361850586 50.999988524284390223 8242.5055235253385035 15082
341000000 311.6734173145313207 13005.620525831336636 7806.1678106380222744 -369.71609596678581511 -54.683829048641513282 8230.5677356534506544 15105
342000000 311.46168330476018582 12996.785212870663599 7622.4663090257072326 -361.80530040358320321 -118.61117592088592687 8102.8827853501770733 15124
343000000 306.46843341221779156 12788.425084334201529 7821.6711179368339799 -354.72251591281627725 -71.353338714299312073 8247.7469725639512035 15106
344000000 312.57620561822170657 13043.292401072165376 7621.6176018608794038 -343.41935971869099831 -141.54688799282635614 8106.5838495723965025 15120
345000000 310.96877492653021591 12976.216954671112035 7715.9455337676672571 -319.38938629466150587 -178.52690400922980984 8213.861824071558658 15124
346000000 309.36456155845223748 12909.275761907685592 7660.1991447719383359 -356.7811122648911919 -122.69094643996743343 8139.6712034767970181 15097
347000000 310.18198626539856377 12943.385554262078585 7834.3279653022264029 -369.09558453777583509 33.272561127587010787 8170.1509887124157103 15102
348000000 311.15882398425929978 12984.147390148777049 7587.7461530467844568 -338.19445995611545186 -141.48876030340909438 8067.4293733063077525 15122
349000000 306.56920389831446982 12792.630071444327768 7675.9869402961103333 -341.28232726966740529 -194.27990309890233789 8211.549170664680787 15103
350000000 309.72097985300223399 12924.148512774030678 7622.8947613383315911 -344.93718955434792406 -170.15294574369590919 8137.9848966363761065 15102
351000000 305.171393273911292 12734.301726651236095 7653.1924193015765923 -315.86677793625176491 -76.34439594405932894 8045.4035931818880272 15112
352000000 310.49395857620459083 12956.403647123092014 7718.3690070642878709 -331.79889742770387784 -8.8974211469065238589 8059.0653256388977752 15083
353000000 309.44829429143004518 12912.769791523953245 7955.4743118104070163 -328.98219756559853977 49.312751365142659665 8235.1437580108631664 15081
354000000 307.6076153987133921 12835.961280246838214 7810.7792063809474712 -289.27389972850136246 -43.117426893404825705 8143.1705330028526078 15103
355000000 310.42935014728919896 12953.707643349385762 7790.1438450021150857 -316.765585412604878 -22.143637318537699343 8129.053067733257194 15072
356000000 310.71398670212397519 12965.585059947366972 7932.1258137530712702 -341.92589761618586408 149.96307483535503025 8124.0886365339010808 15073
357000000 310.78311083423596983 12968.469496609217458 7564.8710437850513699 -321.94221572570353374 -234.68047961175156502 8121.4937391225066676 15123
358000000 308.99538380078752198 12893.870579572487259 7910.0917330727406807 -327.11941480352055578 8.5696736875343333395 8228.6414741887274431 15087
359000000 306.59635549930146681 12793.763063221902485 7703.8189153745797739 -330.38922137458837369 -118.67812024268943105 8152.8862569918574081 15105
360000000 308.84667356717011444 12887.665145424782168 7768.9814666076645153 -314.48242406649609393 -188.31951458607750283 8271.7834052602374868 15136
361000000 305.97186509187150705 12767.704102752843028 7623.8819715034387627 -331.72470448908416074 -131.1817328178722164 8086.7884088103946851 15120
362000000 314.46603200083956153 13122.151756495566588 7767.1993265945347957 -326.18938341674083858 -61.988058465429162425 8155.3767684767044557 15101
363000000 311.91847178818755992 13015.846247100706023 7881.9345791123541858 -329.55892997471823946 45.704530925063451718 8165.7889781620087888 15069
364000000 312.53063165003885615 13041.390674126219892 8083.4261983329843133 -334.84773665651414376 117.21062843117238117 8301.0633065583260759 15077
365000000 312.16754331933157118 13026.239593590624281 7599.3771392563648988 -314.68528864645338672 -210.57851197811902466 8124.6409398809364575 15097
366000000 313.60249336982201385 13086.117705721591847 7568.2573693257982086 -336.81680685538174203 -177.41233408016012163 8082.4865102613421186 15107
367000000 313.09273838673266255 13064.846466331544434 7808.3430235481109776 -356.72370334414620174 -36.304274832771497472 8201.371001725028691 15078
368000000 310.93735307860458761 12974.905772492464166 7681.1019627080868304 -334.75050339697418167 -191.95033912814616883 8207.8028052332083462 15107
369000000 307.66377479286188645 12838.304719657067835 7725.1808512109155345 -388.86712109812219751 -89.214262505376055401 8203.2622348144141142 15073
370000000 310.3717424824018849 12951.30376997654821 7674.075590926247969 -322.06914236360842096 -118.00497672589551712 8114.1497100157521345 15087
371000000 309.73096859158169991 12924.565326452320733 7708.4041963784384279 -333.99909709947826286 -72.539444049010811 8114.9427375269260665 15091
372000000 311.42579758173343407 12995.287760505292681 7694.4487303274627266 -349.76808968966588509 -112.89980318929372061 8157.1166232064224459 15098
373000000 309.45529868698667997 12913.06207346255178 7689.450978039560141 -329.1714393649814383 -131.69697416364869014 8150.3193915681913495 15107
374000000 305.43526443666240766 12745.31263749509526 7853.1354873576146929 -327.48800268044578843 -62.778349274063245389 8243.4018393121223198 15093
375000000 313.13363704754175387 13066.553100368802916 7769.6312522556891054 -352.01331458707932143 -57.81036479465983291 8179.4549316374286718 15085
376000000 308.3036030599154742 12865.003703852442413 7641.1315326796357112 -334.191820195872765 -134.42829072533243107 8109.7516436008399978 15112
377000000 314.1349999649364122 13108.338332566296231 7746.7467596678270638 -323.7577312083896004 -109.3719590230298877 8179.8764498992486551 15117
378000000 310.03224177656585425 12937.136962340531682 7741.8288620657731371 -341.32782647038521873 -98.122166742283937424 8181.2788552784422791 15084
379000000 308.51766147918993966 12873.93601060940091 7620.1082341982601065 -335.59320110678817173 -200.3289239640167807 8156.0303592690652295 15109
380000000 309.72054737465748531 12924.130466162016091 7769.1093163783943965 -341.07744024934936533 -101.75490023079102286 8211.9416568585365894 15105
381000000 308.85393278643658732 12887.968060738852728 7649.3852769628974784 -352.28439673846321512 -197.21556475489438753 8198.8852384562542284 15136
382000000 308.28523695988968711 12864.237316620792626 7770.4163702636196831 -310.85035682720200612 -108.98127802215955739 8190.2480051129823551 15120
383000000 309.31030723544552075 12907.011817991675343 7800.9104677293235 -327.54174491041163719 -6.8110678782516487217 8135.263280517986459 15089
384000000 307.8411395911845716 12845.705861793285294 7711.5078595024224342 -348.27103550134643228 -45.552813905621135859 8105.3317089093907271 15083
385000000 309.86527253897338596 12930.169609903721721 7759.3135255104134558 -348.80406513143753955 -93.224711736321822286 8201.3423023781742813 15113
386000000 312.21304612220581021 13028.138350924962651 7878.0487249941879782 -320.62265169747638538 -17.72755903574895342 8216.398935727411299 15076
387000000 310.15386579869931438 12942.21213330737919 7694.6729750846916431 -317.30814549602951047 -121.54586934405892862 8133.526989924778718 15099
388000000 313.02626486682726181 13062.072635369779164 7712.4941222949728399 -302.35879508584935138 -113.17238085067457121 8128.0252982314959809 15109
389000000 308.61904327078087817 12878.16650649519579 7649.4065492259642269 -382.65134490401476342 -101.76286981834495293 8133.8207639483234743 15117
390000000 313.97517874703441976 13101.669255267632252 7613.6682198380112823 -312.03925383919016667 -65.426854206586369855 7991.1343278837875914 15103
391000000 308.65808032559107232 12879.795458767359378 7766.2327200033423651 -339.52338964246371233 -126.40397976113715117 8232.1600894069433707 15103
392000000 310.50703606156457681 12956.949349138649268 7711.4465846309303743 -325.26571218830406451 -45.282171912607068975 8081.994468731842062 15103
393000000 311.15163807484447034 12983.847533934578678 7775.6149264629520985 -340.41397795831767326 11.193895522725313185 8104.8350088985462207 15075
394000000 309.39888628388291636 12910.70807640357998 7667.7409208356802992 -355.48162926673217044 -195.32542442891420365 8218.5479745313277817 15126
395000000 305.88899014752684025 12764.245867249370349 7768.9225098488204821 -348.87601593956674151 -24.926452297990323359 8142.7249780863767228 15067
396000000 308.21665353202399729 12861.375442660326371 7733.5435800689501775 -321.11307449115236068 -95.226672814850005011 8149.8833273749523869 15111
397000000 310.39421490401861092 12952.241507273371099 7839.2298264791043039 -333.0988667289186651 27.760583336953146727 8144.5681098710701917 15075
398000000 306.52960064692507558 12790.977492717540372 7819.6409853500681493 -320.65633742833756514 -64.928196375572099441 8205.2255191539770749 15092
399000000 309.47228465735940972 12913.770870147345704 7973.2744575225233348 -334.63822350562952579 -18.140859108461853566 8326.0535401366141741 15093
400000000 307.84681052509364463 12845.942500564355214 7658.4113206683077806 -341.28371504465008002 -52.400754998270727469 8052.0957907112288012 15100
401000000 308.24258816856666954 12862.457652507593593 7637.4318463144763882 -353.33234941937803342 -69.770877917055415196 8060.5350736509089984 15112
402000000 309.11117475896065798 12898.702346347137791 7794.565411872342338 -336.43634881848822715 -46.729386834142175644 8177.731147524973494 15111
403000000 307.14977931148757762 12816.856531228471795 7567.7522718971695213 -343.72841235213053324 -287.40519511453095447 8198.8858793638319185 15168
404000000 309.54203531216109013 12916.681450573469192 7728.4527477958245072 -341.09477934068502236 -152.20868541717899802 8221.7562125536896929 15121
405000000 308.83939631218783006 12887.361477509870383 7570.7035797262051346 -340.47079786046253957 -188.83860924267835912 8100.0129868293452091 15095
406000000 307.83006767037886675 12845.243848697231442 7658.9022537237087818 -379.64934854107002593 -131.16046778771578829 8169.7120700524956192 15108
407000000 308.70876643124825023 12881.910506825643097 7689.8810183585856066 -335.3935396187337119 -78.773881170633117677 8104.0484391479521946 15109
408000000 308.8780590729920732 12888.974811107049391 7791.638911646609813 -339.12587822050392106 -43.454966991197949255 8174.2197568583114844 15073
409000000 310.59029585005538365 12960.423643557154719 7699.2870700267194479 -356.16955566487399665 -89.851823202334443863 8145.3084488939266521 15100
410000000 306.35988505101369128 12783.895539252411254 7841.092365689770304 -336.74924103086618743 -8.5873887703910298796 8186.4289954910273082 15093
411000000 312.17499693469773092 13026.55062073510453 7710.6603057119446021 -301.15322403558366204 -96.4200858677749153 8108.2336156153041884 15088
412000000 310.79901391760040497 12969.133106195207802 7653.373397752472556 -311.63882944137793629 -110.70322922396476883 8075.7154564178144938 15117
413000000 307.57391472749958439 12834.555006509894156 7704.3943762752805924 -361.92308708288180696 -49.097944131590040229 8115.4154074897542159 15100
414000000 308.97878558731872545 12893.177963347332479 7966.4254277259751689 -371.32466499013901284 85.627441261956207086 8252.1226514541576762 15079
415000000 307.56493664604613514 12834.180365895883369 7694.4033336615611915 -337.67876141498646803 -157.6284769539695958 8189.7105720305171417 15101
416000000 308.40535444365718831 12869.249622212517352 7880.5397473047996755 -339.6646049345032452 3.3396989030725876546 8216.8646533362298214 15086
417000000 310.37649098974588924 12951.501917399938975 7797.0754856962694248 -364.67844134294017522 -87.297543211951548869 8249.0514702511609357 15109
418000000 309.80849860161248444 12927.800526613156762 7640.4341654262207157 -338.93592896134896364 -193.01547858863830243 8172.385572976209005 15123
419000000 310.40520015833368461 12952.699903918912241 7701.2982647287644795 -355.67398077689989577 -92.445789347103669797 8149.4180348527679598 15106
420000000 310.3445458985094092 12950.168901136106797 7555.6193530995969923 -351.55863799397047842 -239.13251263985395667 8146.3105037334207736 15131
421000000 304.53784716701028401 12707.864886695595487 7796.9265051912962008 -353.48470149632908033 -132.59435190252824555 8283.0055585901536688 15144
422000000 311.19758405922317479 12985.764784506231081 7778.6348501245784064 -339.81506094623227909 -73.288910618216803528 8191.7388216890267358 15120
423000000 307.13235938165684047 12816.129626127238225 7766.5286357500535814 -330.63116073923413296 -102.45127868783963265 8199.6110751771266223 15108
424000000 312.52832083762910997 13041.294247714347875 7840.6029367859346166 -348.04687313252526337 -66.888719497485524812 8255.538529415945959 15086
425000000 311.44418224747244039 12996.05492245370624 7840.0192199128114225 -306.10153015947429367 -55.364134321379012249 8201.4848843936633784 15098
426000000 308.99394064827191642 12893.810359184941262 7702.344317160992432 -331.73111254151933736 -146.39420481073713631 8180.4696345132479109 15107
427000000 312.32396202734827284 13032.766689732266968 7679.4872052372120379 -352.73006132031969173 -102.24335277242110465 8134.4606193299532606 15117
428000000 309.28038555989132874 12905.763235545640782 7855.2817219859516626 -331.49174072085560283 15.95056023344504581 8170.8229024733627739 15075
429000000 312.55611121268287889 13042.453894486066929 7698.0860598860053869 -355.29225329387531929 -77.579413153715762519 8130.9577263335977477 15109
430000000 312.01454396368035304 13019.855181415079642 7626.666145580687953 -318.18643811782482089 -197.72387745221419664 8142.5764611507274822 15118
431000000 308.19240953189313359 12860.363780297693665 7770.9740805435449147 -313.47522747955542854 -60.700310432640719682 8145.1496184557408924 15113
432000000 311.72431126109711386 13007.744246749853119 7670.1372549238594729 -355.91567686024563955 -161.42071658362337416 8187.4736483677297656 15099
433000000 307.73530352480122474 12841.289496325904111 7577.4347892528903685 -374.56621337378737735 -190.58636898678682314 8142.5873716134647111 15127
434000000 310.11948385014380847 12940.777430984337116 7639.5636889099578184 -316.04754064423974569 -197.61172440014672702 8153.2229539543441206 15114
435000000 312.83158152550777231 13053.948818838622174 7894.9858690725213819 -323.27663957541903983 51.396591840245363869 8166.8659168076947026 15061
436000000 309.55305280897857756 12917.141192645754927 7693.6832527143615152 -322.98693459059052202 -114.80271344441088388 8131.4729007493624522 15083
437000000 310.83829304170762953 12970.772159622116305 7825.56288172747918 -350.85084117274567461 -7.8443062227467095227 8184.2580291229705836 15100
438000000 311.18826066121869189 12985.37573439890366 7742.6430264928676479 -327.95506184907708302 -55.992127124809456973 8126.5902154667537616 15110
439000000 306.49117680246007467 12789.374128707348063 7790.699501704105387 -334.93270268426988423 -103.13162906485814574 8228.7638334532330191 15082
440000000 306.69985249265300808 12798.081823008002175 7714.0090306761831016 -324.29582938929502234 -151.05405131540638308 8189.3589113808839102 15099
441000000 312.00998627832848342 13019.664996680452532 7791.0724018919645459 -320.8838818345664663 -73.004141225074263843 8184.9604249516050913 15111
442000000 312.90600329919516298 13057.054317394697136 7952.7857805248650038 -331.26579850168320718 66.579721004660711969 8217.4718580218868738 15077
443000000 310.42425828540950761 12953.49516830436005 7826.619180976039388 -315.30543535248159515 46.417375945443282603 8095.50724038307726 15060
444000000 308.31784662361252458 12865.598064404508477 7720.830335245018432 -292.45711524516491409 -125.0521513934518083 8138.3396018836356234 15096
445000000 309.73801394894917394 12924.859317660104352 7844.0546279271957246 -313.32375824477225024 -111.89781892035411204 8269.2762050923211063 15095
446000000 313.23442116866976903 13070.758656446425448 7638.6855372943509792 -336.91210157301441086 -80.883491615607979952 8056.4811304829745495 15098
447000000 308.74391482188843838 12883.377191519828557 7839.7517962077981792 -364.4297185868069846 -46.36254298193256318 8250.544057776536647 15112
448000000 311.5199180848617857 12999.215254732855101 7740.3213312205971306 -334.43706143631857231 -19.643737959062747223 8094.4021306159784217 15057
449000000 307.60499091373225156 12835.851764793018447 7757.0041051596626858 -333.39138033276901751 -51.89196469737571249 8142.2874501898077142 15097
450000000 313.48435988456094492 13081.188189133563355 7730.032107059106238 -331.39971803170539033 -90.081323595299451767 8151.5131486861109806 15096
451000000 309.84384188301072527 12929.275343779034301 7978.7977434707981956 -341.28873529721272462 117.20625794878000647 8202.8802208192319085 15057
452000000 308.89850896226647592 12889.828151446401534 7789.0063928859472071 -314.43831538305141748 -65.894575481402043238 8169.3392837503997725 15106
453000000 307.50411005844500778 12831.642172157586174 7725.9084037244047067 -334.40735127753288225 25.606070675595404396 8034.7096843263416304 15065
454000000 308.35972772707737022 12867.34569416247723 7411.0433109860950935 -342.22555345166256302 -235.26425551922821455 7988.5331199569864111 15119
455000000 315.42469858867923449 13162.155340887411512 7625.4271821695710969 -327.46193836782595099 -158.71417574411088935 8111.6032962815079372 15117
456000000 311.15081566250910328 12983.813216016671504 7602.8458105753852578 -349.07650880322728426 -109.0233860058499431 8060.9457053844616894 15110
457000000 308.02790796609474455 12853.499399757598439 7640.2999946667614495 -349.21501285479519083 -66.037075153165631036 8055.5520826747233514 15095
458000000 308.93877594747641524 12891.508426696924289 7683.9858442893673782 -312.07866848759874756 -114.22574592873539245 8110.2902587057014898 15122
459000000 307.90755376182607961 12848.477216207606034 7800.3442748205552562 -352.48072358168280971 -37.395405918418489932 8190.2204043206565984 15077
460000000 310.65816831258291586 12963.255850100120369 7886.5948734019875701 -312.48487175336288146 -30.166737625312961768 8229.2464827806634275 15088
461000000 314.55647716742538478 13125.925884957167 7738.4945711318923713 -343.32899564556294081 -96.139915471011946124 8177.9634822484676988 15107
462000000 310.04211380450971092 12937.548905875415585 7497.1934152524054298 -325.40348270844714307 -299.35949388805090621 8121.956391848903877 15149
463000000 313.7692680761323345 13093.0769406870495 7675.0885254230215651 -330.97801976413256853 -211.82844809769602534 8217.8949932848481694 15139
464000000 311.44837523983915162 12996.229889148200527 7796.2760736363497927 -331.08670129113374969 -119.18213951970155051 8246.5449144471858745 15096
465000000 308.20579920957777631 12860.922509586927845 7814.4265660873843444 -331.71771206190783232 43.405288801525770737 8102.7389893477657097 15070
466000000 311.15317897725941521 12983.911833265105088 7742.4368736653868837 -353.66781029781623147 -202.0927071129416106 8298.1973910761444131 15114
467000000 302.69767393836815472 12631.077475950964072 7752.9191114761542849 -356.40455847520843236 -133.05909769452060232 8242.382767645882268 15118
468000000 311.1064367572510605 12981.961357086540374 7639.0517217710139448 -319.06875484738583282 -110.40948938199936435 8068.5299660003993267 15094
469000000 313.13325116969161854 13066.536998318997576 7646.3480807370196999 -319.99971685374521257 -93.9499320561666309 8060.297729646931657 15099
470000000 307.02305518094391346 12811.568541102406016 7689.9943008232139618 -324.96717672473482708 -146.82852105002316989 8161.7899985979720441 15120
471000000 311.33706302218615747 12991.585012869827551 7768.2836122877315574 -350.62640229001044645 -7.4836201341748704863 8126.3936347119179118 15077
472000000 306.5392514975617928 12791.380206886153246 7788.1145942948369338 -335.94301935480075372 -60.195905785580549718 8184.2535194352176404 15099
473000000 312.35022803534320701 13033.862727166751938 7773.236277540514493 -337.09994170346328701 19.83360067623951295 8090.5026185677388639 15081
474000000 310.97513315135199718 12976.482272964736694 7737.8848753869824577 -340.12296969787519174 -30.80376068855476035 8108.8116057734132482 15076
475000000 310.27204755308036965 12947.143664086617719 7758.9185026303985069 -337.59444994260002204 -39.162784828043811558 8135.6757374010412605 15089
476000000 309.3648656263503085 12909.288450162366644 7791.8311813316777261 -322.69125148206683207 -34.048642021591945195 8148.5710748353358213 15114
477000000 308.41109453495010939 12869.489146807789439 7829.1040704162141992 -333.73640347087365399 22.45983544395107856 8140.3806384431372862 15090
478000000 306.69071612664680515 12797.700577439209155 7754.3937035604139965 -340.79727204658786377 -145.9983332785966752 8241.1893088855977112 15132
479000000 310.82444278628508982 12970.194211179277772 7750.3068460980102827 -374.61869302968801776 63.137180538012216857 8061.788358589685231 15076
480000000 310.2397118297178622 12945.794347384844514 7817.3897296070463199 -339.39508490564560361 -51.805925108289443415 8208.5907396209804574 15106
481000000 312.01981735154868147 13020.075231241888105 7684.6938475940733042 -304.49053939354735121 -79.531326105478143518 8068.7157130930991116 15104
482000000 307.24783625122955755 12820.948286499733513 7658.9034306820894926 -306.81767746681424569 -209.13047240129549209 8174.8515805502011062 15101
483000000 309.77807429890788171 12926.530970360498031 7722.1003552581578333 -340.5974798036340303 -65.371568492401152639 8128.0694035541928315 15116
484000000 309.18416948724456006 12901.748296639038017 7961.9921870899870555 -291.90916771443153266 51.30201992097903485 8202.5993348834399512 15103
485000000 309.17520942690941865 12901.374408016738016 7723.4194960260110747 -302.6457636846787409 -178.29530697683767926 8204.3605666875264433 15120
486000000 314.09434111837890669 13106.64170558443584 7786.8266340359432434 -322.21908827399187203 16.234231328349395085 8092.8114909815849387 15087
487000000 308.01583503684094012 12852.99561622076908 7781.6438752339327038 -339.3229944077328355 -23.874357555959662136 8144.8412271976249031 15087
488000000 310.13633909837307101 12941.480772848482957 7644.4076707805070328 -327.483526878122575 -176.2542924312605237 8148.1454900898897904 15107
489000000 312.54850196955277397 13042.136373250245015 7540.0754433948332007 -323.79684518003557514 -242.780830044705624 8106.653118619574343 15144
490000000 309.08908636311480223 12897.780633815891633 7768.3777298465884087 -357.78263004461678065 -27.776661145417733678 8153.9370210366223546 15083
491000000 306.39675319513833074 12785.433986438920329 7827.6203679583159101 -330.51307272961480521 21.908654824245274995 8136.2247858636837918 15073
492000000 309.49244001053529018 12914.611919978377045 7869.656852950425673 -321.80208309194063077 -2.4544339619502437699 8193.9133700043166755 15063
493000000 308.97878266864660191 12893.177841555931082 7816.5861745628444623 -329.63032835448268543 9.990131601107364645 8136.2263713162192289 15054
494000000 306.69864972500113254 12798.031633486561987 7802.1386540487283128 -284.98825420868627134 -39.859299167029661248 8126.9862074244447285 15100
495000000 308.60403911959213019 12877.540407874548691 7722.7534471222470529 -335.00188830136028173 -155.03972328183863283 8212.7950587054456264 15092
496000000 309.3861354796483738 12910.176006255594984 7879.6891722083764762 -316.0852875026799893 20.805868925030452488 8174.968590786025743 15079
497000000 307.77818580721782382 12843.07890363948718 7834.6216536637039098 -313.72914029079902321 12.047200709495797355 8136.3035932450084147 15070
498000000 308.53923961776024498 12874.836430941419167 7904.6547972417947676 -330.38168063314253686 -30.593278165269964575 8265.6297560402072122 15071
499000000 306.96029830228701485 12808.94979948424043 7890.2753143605714286 -331.89461905028457522 30.252741074890749928 8191.9171923359645007 15091
500000000 310.00465848147723591 12935.985956676122441 7542.4412871457589063 -340.62689233887124374 -258.29071396386876813 8141.3588934484978381 15136
