# Steps Temp KinEng PotEng Epair Ebond Eangle Bonds
1000000 310.48792097675732293 12956.151708000485087 9247.2977182100894424 -1356.9069517717127837 2249.0218845639483334 8355.1827854178554844 14660
2000000 310.20941953024566828 12944.530299410575026 8852.414508698060672 -1601.5652450809884613 2115.9183250452661014 8338.0614287337830319 14801
3000000 313.19626484235436692 13069.166455529857558 8685.7627450452819176 -1608.4622787273497124 1902.5113963268468069 8391.7136274457843683 14812
4000000 314.20316891998373876 13111.18291125583346 8404.4829127107477689 -1705.7554203556142056 1821.2480694321445753 8288.9902636342176265 14894
5000000 312.48954620227073065 13039.676245775510324 8434.3487076663368498 -1717.8538308415390929 1858.6346265851752833 8293.5679119226988405 14868
6000000 308.67744964117440531 12880.603708538843421 8393.3624222356902465 -1792.1047953769527794 1818.7643377893452907 8366.7028798232968256 14885
7000000 312.54905242956084521 13042.159343043565968 8066.336899991505561 -1841.7782241873746898 1612.961285911389723 8295.1538382674898457 14940
8000000 312.99149223344028314 13060.621630409486897 8268.7017915922879183 -1791.5343345283008603 1657.5597260388303766 8402.6764000817584019 14938
9000000 310.80600499958421779 12969.424832580249131 8122.7975549808179494 -1863.8354290454064994 1633.4023831359563701 8353.2306008902687608 14951
10000000 308.30441866574852838 12865.037737746171842 7995.2180498843308669 -1879.5682240260448452 1567.5810876136333718 8307.2051862967418856 14993
11000000 311.56661226017388344 13001.163726085043891 7978.0515450614848305 -1954.1628271386689448 1651.1167049581774791 8281.0976672419765237 14967
12000000 308.98521207093529028 12893.446129968509922 7832.0779383759736447 -2034.6016574929894887 1567.1900651806727183 8299.4895306882917794 15014
13000000 310.10234070012484153 12940.062075450698103 7870.9991949089835543 -2057.9338855287201113 1635.453438658021696 8293.4796417796806054 14991
14000000 309.15327038551447458 12900.458927801768368 7861.0987382678831636 -2028.4267374824917169 1513.4933552507395689 8376.0321204996344022 15031
15000000 313.40119580556961409 13077.717888515497179 7754.3991141653514205 -2115.7500695157009432 1461.4102477478986657 8408.738935933153698 15007
16000000 307.20505985948545913 12819.1632978302423 7648.6535187123627111 -2229.3907628754277539 1405.5119893738919927 8472.5322922138984723 15031
17000000 306.03486717599332678 12770.333076392895236 7678.8996438742251485 -2184.1252632290270412 1524.2520192672905068 8338.7728878359612281 15035
18000000 308.13353652098339808 12857.907106110646055 7719.0781268019354684 -2155.4345405797635067 1517.5957608905855523 8356.9169064911147871 15012
19000000 305.2816729683973449 12738.903517431304863 7364.5204780346302869 -2360.838336169768354 1428.8202479335598127 8296.5385662708376913 15071
20000000 310.59931948379926325 12960.800184993535368 7463.6035258038655229 -2274.4861502041885615 1492.6115527803090117 8245.4781232277437084 15043
21000000 312.88761226752478706 13056.286889806407999 7432.427764443169508 -2312.3039116956902035 1395.6452084647976335 8349.086467674063897 15056
22000000 309.13194650146044751 12899.569117093711611 7171.7876874591784144 -2307.1891231384392995 1299.7126148646075308 8179.2641957330106379 15107
23000000 307.96721860129144943 12850.966932101593557 7593.0555703078125589 -2278.704431534035848 1631.6546280176335131 8240.1053738242153486 15025
24000000 308.31438654954325784 12865.453681188500923 7511.5002741910766417 -2372.386584878829126 1451.3279008975096076 8432.5589581723961601 15048
25000000 307.53693132992810888 12833.011749986078939 7196.9554633801581076 -2371.9587678819393659 1269.5784964948993547 8299.3357347671990283 15112
26000000 314.56156956829244109 13126.138382493250901 7234.670595731827234 -2443.9243419107033333 1268.2873475848489306 8410.3075900576823187 15102
27000000 311.65049581776941068 13004.664049365239407 7342.1546764684208028 -2348.681776294827614 1443.3981721074192137 8247.4382806558296579 15087
28000000 313.28644486225897481 13072.929519855319086 7137.5018168151227655 -2424.465373653863935 1279.1370247421091335 8282.8301657268766576 15125
29000000 311.22894987413309309 12987.073628519034173 7280.2627220855047199 -2395.6404686567375393 1308.3573612879151824 8367.5458294543277589 15112
30000000 313.30213812401751738 13073.584373929827052 7255.365663907943599 -2375.8609868684970934 1360.5372971842068637 8270.6893535922336014 15108
31000000 310.69676446122912239 12964.866404081196379 7254.2660468415961077 -2364.373698898657949 1348.7753857757161313 8269.8643599645401991 15087
32000000 308.80264306924919993 12885.827824961404986 7142.700308551584385 -2393.2331848530893694 1186.1379635311470793 8349.7955298735250835 15138
33000000 312.03832203232440179 13020.847401220946267 7009.1796168294149538 -2413.8964180283028327 1148.9619026796001435 8274.1141321781178704 15131
34000000 308.89737101268781316 12889.780666676846522 7309.8157308837890014 -2341.1448514064964002 1328.0882021411691767 8322.8723801491159975 15101
35000000 309.47062014786638429 12913.701412896180045 7365.8213888991886051 -2500.6618375928251226 1470.4477720178285836 8396.0354544741858263 15078
36000000 308.61707217021000815 12878.084255701194706 7165.5942522703144277 -2445.6554131025786774 1297.9084655024394124 8313.3411998704541475 15075
37000000 311.3533309474427142 12992.263846709596692 7218.5488678273995902 -2476.524601968575098 1326.7307371127162696 8368.3427326832570543 15098
38000000 311.22797321304142315 12987.032874053509659 7231.3106665343375425 -2568.2503195851759301 1396.69552282341715 8402.8654632960970048 15094
39000000 307.15079222313130458 12816.898798370079021 7149.0180198238367666 -2442.3268188305778494 1419.1673986961002356 8172.1774399583136983 15092
40000000 307.64554586459706798 12837.544056378024834 7167.8352967068649377 -2516.0687425565852209 1392.8939982201354724 8291.010041043315141 15100
41000000 308.67292301102872898 12880.41481968703556 7036.2764358109834575 -2524.3091364610581877 1342.1256189578084559 8218.4599533142318251 15113
42000000 311.26212232722315321 12988.457860580008855 6973.3723364279649104 -2511.6314114428350877 1280.8339493211331046 8204.1697985496666661 15114
43000000 310.46301348594789715 12955.112359260034282 6892.3671739494338908 -2571.3401192358369372 1227.3011617853021562 8236.406131399970036 15139
44000000 307.29355028836783958 12822.855858293462006 7095.8972876216175791 -2559.4609628150169556 1336.9798408548822408 8318.3784095817518391 15107
45000000 308.78383010465489633 12885.042790804216565 6947.2673639384529451 -2487.6017824477421527 1298.3766116561816943 8136.4925347300131762 15100
46000000 312.71162249238301456 13048.943125132342175 7031.4197218829403937 -2456.5201169136180397 1270.7705343017400992 8217.169304494818789 15109
47000000 313.42139923138097402 13078.560944338763875 7222.507974748576089 -2493.2993738670311359 1393.43413663525007 8322.373211980357155 15093
48000000 309.12623720400523553 12899.330877474782028 7162.1690235661026236 -2442.9109354648408043 1290.6341723106888821 8314.4457867202527268 15136
49000000 312.3563035490478228 13034.116248389133034 7168.9029175637406297 -2492.6260125978965334 1349.5071292643860943 8312.0218008972497046 15134
50000000 313.10924861241204553 13065.535410970556768 7174.8830268072306353 -2449.7610622653323844 1317.8345075877969066 8306.8095814847656584 15102
51000000 309.023654210827317 12895.050257416864042 7173.0336121877062396 -2576.6494225439600996 1395.3029453095764438 8354.3800894220876216 15088
52000000 307.93172497417128852 12849.485841255323976 7172.4116968224934681 -2489.9109591307224036 1392.6860235358253703 8269.6366324173905014 15091
53000000 315.09706325237596047 13148.483655661482771 7063.008770839905992 -2525.697332757958975 1324.3198267080983896 8264.3862768897670321 15090
54000000 310.95489032712407607 12975.637573110165249 7175.3239615678103291 -2485.543357876455957 1406.4296404215772327 8254.4376790226888261 15071
55000000 310.4759594364837767 12955.65257254311291 7070.8306381216971204 -2516.5831504338621016 1366.4691689047349428 8220.9446196508233697 15097
56000000 309.88705184712790697 12931.07842471254844 6998.7751728413750243 -2510.0083632293572009 1272.7684172456029046 8236.0151188251311396 15121
57000000 312.48822209525155813 13039.620992961281445 6948.1757718568169366 -2527.2790861161192879 1309.1535773616894858 8166.3012806112474209 15089
58000000 310.10480914635178351 12940.165079663225697 6969.9848299008399408 -2600.6509351073077596 1296.9131647357753536 8273.7226002723728016 15128
59000000 310.69394936830121878 12964.748934870376615 7119.5308966901648091 -2527.974844124441006 1424.7802544766457231 8222.7254863379603194 15081
60000000 313.29600948128177151 13073.328635720112288 7051.5994484459861269 -2478.4969106492512765 1308.2653107855362578 8221.8310483097011456 15121
61000000 312.69836114950646788 13048.389751044165678 7030.3581598033933915 -2564.1907748339021964 1336.4623240467988126 8258.0866105904970027 15111
62000000 310.30770226569171655 12948.631476766237029 6893.9383886602236089 -2598.9219590421216708 1292.0362168067836137 8200.8241308955621207 15103
63000000 311.307631613602382 12990.356888460375558 6998.1339046543453151 -2555.7872348516602869 1278.3293525973219857 8275.5917869086824794 15146
64000000 311.97457065555767031 13018.187160827745174 7154.5869084567393656 -2516.8372422769598415 1342.3025576049226402 8329.1215931287770218 15118
65000000 308.55803332417997353 12875.62066148656595 7068.9942167259787311 -2586.4657177296485315 1358.5611963388519143 8296.8987381167753483 15115
66000000 306.78041547303070047 12801.443584047010518 7066.8438333358535601 -2568.6741262919767905 1415.603363112021043 8219.914596515809535 15128
67000000 309.35410818201023631 12908.839559653448305 6898.3796051015069679 -2601.8067228350255391 1245.007317497329268 8255.1790104392039211 15115
68000000 307.35731727338520614 12825.516749993363192 7162.6447396352068608 -2508.5259229232415237 1331.9594228639200537 8339.2112396945285582 15107
69000000 309.78413274122806342 12926.78377922200707 6930.1160729709117732 -2582.7758829922986479 1218.2638379387565237 8294.6281180244550342 15119
70000000 309.14019437132066059 12899.9132871755628 7153.5225054630245722 -2472.1154299976315087 1241.2054387059761211 8384.4324967546781409 15107
71000000 305.42185537604217416 12744.75309938774808 7134.3390156562845732 -2491.6824507897918011 1345.025178851068631 8280.9962875950077432 15092
72000000 310.83892617382520029 12970.798579186975985 7290.8571231319911021 -2449.8608145246817003 1350.4920621787716755 8390.2258754779013543 15089
73000000 308.59060870021079381 12876.979978501130972 7135.5145774908341991 -2580.2963813621490772 1327.6902497924943418 8388.1207090604875702 15116
74000000 311.70394828950617239 13006.894533342878276 6955.57328865926047 -2566.4308020246703563 1230.6607105536829749 8291.3433801302471693 15127
75000000 311.48556195516533762 12997.781629788456485 7115.7309263127717713 -2610.3450761035260257 1361.2747922626203945 8364.8012101536769478 15090
76000000 309.9846352792060884 12935.150421285603443 7020.9409956688841703 -2616.2984675150455587 1335.9543530524147172 8301.2851101315154665 15112
77000000 308.49613276463077227 12873.037652660308595 7160.0989484805368193 -2541.5063596436161788 1354.4593983473728258 8347.1459097767801723 15070
78000000 309.85549465107624201 12929.761594678586334 7024.3122732142383029 -2604.4441952785955436 1339.696372855719801 8289.0600956371145003 15113
79000000 306.64148978895480013 12795.646443103933052 7044.1895959935945939 -2539.4291119017352685 1285.8841473958937058 8297.734560499435247 15093
80000000 311.77775685245524073 13009.974443620576494 6953.955824661801671 -2650.7552297710444691 1333.0605864079150251 8271.6504680249308876 15114
81000000 310.57291623774460732 12959.69842083990261 6897.27431270505258 -2574.8067761651636829 1269.4850457324635045 8202.5960431377534405 15126
82000000 311.89501186932261589 13014.867303163320685 6736.8749469313843292 -2667.436456677856313 1154.7198879447948912 8249.5915156644459785 15156
83000000 310.36683761904583889 12951.099098073216737 6794.0607159414530543 -2721.9863180594834375 1189.3611030967490478 8326.6859309041865345 15151
84000000 309.38195289429222612 12910.001473828584494 6820.7470257098912043 -2696.4242527064034221 1231.8485033791662318 8285.3227750371297589 15147
85000000 306.95480799418982087 12808.720697932054463 6714.8030054662067414 -2630.9909978347468495 1257.0945769251693491 8088.6994263757842418 15114
86000000 306.25156097324281745 12779.375353150442606 7046.2990261437835215 -2585.7145020065072458 1347.1640602219133598 8284.849467928377635 15139
87000000 311.10633293049778558 12981.957024566414475 7081.8704170848122885 -2525.5302773079429244 1366.6566537045068799 8240.7440406882487878 15105
88000000 308.79604207624532819 12885.552376349707629 6921.5410754167842242 -2591.4252154673713449 1233.9989430839684701 8278.9673478001859621 15117
89000000 307.99374631806853131 12852.073890214325729 6879.7433338874907349 -2603.6897210277538761 1257.4371563138518013 8225.9958986013934918 15116
90000000 306.55409990026356581 12791.999806377883942 6946.2588244455018867 -2523.2090442711441938 1262.6404139452065465 8206.8274547714390792 15095
91000000 311.21364496148152057 12986.434979615825796 7066.4210417968988622 -2560.1449144682474071 1281.1128652836423498 8345.4530909815057385 15116
92000000 309.50181927907220825 12915.003301471389932 6980.8666602507519201 -2657.2144641602108095 1278.1214046393306489 8359.9597197716320807 15115
93000000 309.25978762338348815 12904.90371743805008 7219.2335286435554735 -2607.8585165814301945 1315.3984279950259406 8511.6936172299610917 15140
94000000 307.04139049813062456 12812.333643816667973 6989.4859799207470132 -2578.684301126263108 1271.1077801789922432 8297.0625008680181054 15129
95000000 307.96711560343453584 12850.962634169951343 6766.0868152682378422 -2566.9792549575645353 1147.7431468434372164 8185.3229233823658433 15143
96000000 309.44781117437361218 12912.7496318415524 6952.395834142655076 -2590.8923765933041068 1255.2705080926511982 8288.0177026433084393 15102
97000000 309.42569038326251984 12911.826567509018787 7089.3854057557664419 -2524.4169719193500896 1333.3485521667112152 8280.4538255084062257 15098
98000000 310.70194437402994936 12965.082553346746863 6917.1921970292487458 -2558.7186160323476543 1225.2907612897583931 8250.6200517718370975 15144
99000000 313.73904526095356005 13091.815792178382253 6974.0510658800467354 -2647.5772088235084993 1329.0805254284546209 8292.5477492751015234 15083
100000000 305.58262376346749534 12751.461700517158533 7034.0622490945224854 -2590.2363429675410771 1338.268867463791139 8286.0297245982710592 15107
101000000 311.20821510806939614 12986.208400738494674 7031.8546044534441535 -2532.9263662605335412 1399.5134135305363543 8165.2675571834415678 15111
102000000 312.40514919812915196 13036.154497213057766 6872.1032441539091451 -2644.7302152298429974 1270.9890655637036616 8245.8443938200489356 15165
103000000 308.75937313299669995 12884.022241489044973 6862.6300239762849742 -2728.9153656364210292 1273.2277060744609116 8318.3176835382437275 15142
104000000 305.0360134810408681 12728.652549932512557 7020.4278111770772739 -2630.1272357155858117 1276.8089268704479764 8373.7461200222151092 15119
105000000 306.82512614531435702 12803.309287070984283 6939.4846543808444039 -2695.4243953707691617 1332.8215094274682997 8302.0875403241443564 15099
106000000 312.10249237240321918 13023.525124266016064 7009.1384300199551944 -2566.5203168327170715 1292.6972918399578703 8282.9614550127134862 15109
107000000 308.31961143906659117 12865.671707258914466 6858.5356099253413049 -2620.985346953514636 1252.4025519002912006 8227.1184049785642856 15126
108000000 307.86878730789129577 12846.859555666158485 7045.1619179206845729 -2611.2457438332385209 1290.5115797493979244 8365.896082004524942 15129
109000000 307.04989426284231513 12812.688491970977338 7037.3268015473586274 -2549.9236205264069213 1257.0848424162418269 8330.1655796575250861 15130
110000000 311.25790977785055702 12988.282077803734865 7109.228219434939092 -2597.0346876791045361 1356.9086464707274899 8349.3542606433165929 15110
111000000 312.71779053900928602 13049.200507601781283 6755.0044570424543053 -2686.6364824141410281 1178.8518836794139588 8262.7890557771806925 15140
112000000 305.22755636354162334 12736.645320267862189 6721.9016457996749523 -2769.1149526542799322 1246.0938588694671125 8244.9227395844882267 15131
113000000 311.4609521106154375 12996.754701338242739 6942.3628934156149626 -2680.0891670123291988 1359.0230881056450016 8263.4289723222973407 15122
114000000 308.84638373656270005 12887.653051268889612 6899.6357459829887375 -2647.6036412752237084 1326.6923700682209528 8220.5470171899905836 15129
115000000 310.02071256968787338 12936.655867446681441 6616.1537632566614775 -2689.6647501583775011 1154.0011102140083494 8151.8174032010301744 15138
116000000 309.8580932655580682 12929.870030598898666 6843.8766840528351167 -2737.1887144040338171 1348.9634216272229423 8232.1019768296464463 15103
117000000 312.88801377490796085 13056.303644050991352 6871.0302266254102506 -2635.145386595169839 1220.9461329034838855 8285.2294803170971136 15136
118000000 307.78852073247384169 12843.510163120005018 7007.8117824949522401 -2573.8069683623825767 1305.2186970570121503 8276.4000538003238034 15096
119000000 305.92778689860972463 12765.864792041116743 6720.910663734541231 -2708.7958742495902698 1193.8223318262650992 8235.8842061578670837 15137
120000000 307.86991237447216463 12846.906502849345998 6935.5655252599099185 -2597.1555959346851523 1225.7319729963001009 8306.9891481982958794 15122
121000000 311.18945289701599677 12985.42548444332715 6663.9846030376065755 -2663.1135923367746727 1173.80218414193223 8153.2960112324499278 15154
122000000 310.20403219539053907 12944.305494762893431 6787.1976660144746347 -2607.5157584106368631 1273.0262592632846008 8121.6871651618275791 15117
123000000 311.126091750128694 12982.781527702973108 6823.9527351864535376 -2662.6961144298720683 1234.8484541530156093 8251.8003954633095418 15142
124000000 308.78898793529054956 12885.258018617232665 6844.2899550292231652 -2722.9848046554816392 1253.2728681521309682 8314.0018915325745184 15147
125000000 309.01626915015839359 12894.742090947462202 6717.3178080112593307 -2786.0152486948773003 1259.6245166794317356 8243.7085400267042132 15118
126000000 306.77677992177046917 12801.29187845562592 6755.0033249815551244 -2737.9398548093618047 1262.074765312722775 8230.8684144781946088 15123
127000000 309.26980299194917734 12905.32164234199081 6951.9282900006264754 -2597.9863599690479532 1380.2931484442942747 8169.6215015253801539 15112
128000000 312.29714411974902077 13031.647622432468779 6725.3158327095443383 -2747.0462913533569917 1243.9554465945693664 8228.4066774683324184 15115
129000000 310.21914331132546749 12944.936056846963766 6717.4305777835379558 -2740.3168693499032997 1262.0493719200239866 8195.6980752134168142 15127
130000000 310.13953101007513169 12941.613966088723828 6784.8891444121572931 -2766.7995626323099714 1312.282984044432169 8239.4057230000362324 15124
131000000 309.30473347300841169 12906.779234026758786 6714.7660407275561738 -2762.7650710271432217 1255.6692819515621977 8221.8618298031360609 15134
132000000 310.02395253476936432 12936.79106587563183 6647.0454892521956936 -2751.9489122738755214 1247.0636717180111646 8151.9307298080602777 15117
133000000 307.33818434162850508 12824.718364131269482 6823.4409928636396216 -2730.511330479616845 1282.4281757603002916 8271.5241475829570845 15125
134000000 311.28395476176251577 12989.368892265740214 6690.2176247291954496 -2854.024760418783444 1301.9351519813499181 8242.3072331666298851 15137
135000000 310.10851295823493956 12940.319633658449675 6737.0704453829139311 -2691.7158595377786696 1190.8420673619111767 8237.9442375587805145 15146
136000000 309.79301670785406486 12927.154492578627469 6668.4258044333746511 -2740.0273975262666681 1205.1359044901541893 8203.3172974694862205 15162
137000000 312.91466209648706354 13057.415634804308866 6422.997396576560277 -2837.6666220289766898 1077.732933329003572 8182.9310852765338495 15188
138000000 312.49053879214505969 13039.717664923009579 6801.9736007527835682 -2737.271536575828577 1300.0404658562015356 8239.2046714724110643 15119
139000000 306.33889935890812239 12783.019840739691062 6588.8338159770155471 -2883.3947779925274517 1273.1647625056800734 8199.0638314638636075 15146
140000000 311.94882780207171891 13017.112953772888432 6689.8005068481143098 -2810.6468707749281748 1264.8275627840071138 8235.6198148390358256 15116
141000000 310.22195951316598439 12945.053572330887619 6644.8446683536112687 -2791.1306966148144966 1237.9366058917059945 8198.0387590767204529 15159
142000000 309.22089619048546183 12903.280841729445456 6692.1380518962814676 -2778.3518402340814646 1295.4800061076934981 8175.0098860226680699 15125
143000000 310.72779912878559117 12966.16142985805709 6562.5239627937953628 -2876.6651672822481487 1315.8824089797269608 8123.3067210963163234 15146
144000000 306.97014046736529735 12809.36049689072388 6673.3437720597376028 -2898.6870967066852245 1163.4737700604778183 8408.5570987059436447 15177
145000000 309.22750009129839555 12903.556411679246594 6652.5898858428299718 -2775.4270207068902891 1242.3938378937582456 8185.6230686559611058 15139
146000000 312.20967262449192958 13027.997580398268838 6714.2859116821946373 -2855.3726562566125722 1338.5988911100669156 8231.0596768287396117 15132
147000000 309.07453760733847048 12897.173538098904828 6636.4212947252226513 -2904.7737643839973316 1192.9619084197393022 8348.2331506894806807 15136
148000000 312.69742946480494084 13048.350873369636247 6506.2047883913992337 -2798.2446761575511118 1157.9536278479690736 8146.4958367009821814 15139
149000000 309.41151319695370603 12911.234976776497206 6825.3374369597386249 -2765.4151751707067888 1352.5956503175550552 8238.1569618128905859 15125
150000000 308.61776481920679771 12878.113158807811487 6653.1752111645573677 -2870.9158520855035022 1248.8093271778657254 8275.2817360721946898 15131
151000000 313.31313601750650832 13074.043297987367623 6593.9695555809703365 -2824.6550628814243282 1205.7949054667997189 8212.8297129955954006 15166
152000000 304.90112055671613689 12723.02368943968213 6528.9300219762944835 -2834.7985084567503691 1248.8065521899302439 8114.9219782431155181 15143
153000000 311.03916458904694764 12979.154199841143054 6623.0597195644131716 -2821.5451799394140835 1195.0852553356496628 8249.5196441681782744 15149
154000000 312.30016441512526626 13031.773654404903937 6609.7764786523857765 -2833.3312375124628488 1211.4808521730246866 8231.626863991823484 15144
155000000 309.3036296817206221 12906.733174626659093 6777.2433839287004957 -2790.6464875874994505 1284.3324134250647148 8283.5574580911361409 15122
156000000 308.02264191843488561 12853.279656225649887 6698.346669388918599 -2868.4097852298127691 1329.3844470342614841 8237.3720075844703388 15128
157000000 311.7364307393852414 13008.249972701538354 6667.3044006394966345 -2825.5562457403930239 1283.3180900711074628 8209.5425563087810588 15147
158000000 310.18258115540942299 12943.410378046546612 6472.895338414183243 -2918.3974901320561912 1140.2423743381712029 8251.0504542080689134 15174
159000000 310.25568712099487811 12946.460970088599424 6636.4401240159222652 -2869.7980979070412104 1284.2652425108676653 8221.9729794120958104 15159
160000000 311.11181854063374885 12982.185930080384423 6893.4578383428415691 -2924.1626237592672624 1373.8615204893098962 8443.75894161279939 15112
161000000 312.55645531311301966 13042.468253232655115 6539.9048377928265836 -2850.7898927297264891 1180.5068453557901194 8210.1878851667643175 15182
162000000 306.47608006063575203 12788.744166431337362 6591.4352236133163387 -2854.9720478581652969 1239.7676074234518637 8206.6396640480306814 15142
163000000 308.05291267345478445 12854.542805185259567 6622.2350169037217711 -2783.9617740416933884 1286.1256926665332685 8120.0710982788823458 15134
164000000 307.51724751993089058 12832.190376878510506 6651.868065553930137 -2872.4033766906204619 1202.501010805875012 8321.7704314386755868 15132
165000000 307.56371649836268034 12834.129451134229384 6549.948783997031569 -2922.877466703077971 1198.00667095470817 8274.8195797454009153 15138
166000000 308.70155472653806328 12881.609574216075998 6663.6088613031697605 -2894.2059968919047606 1219.1991818441558735 8338.615676350917056 15138
167000000 310.64625110613326342 12962.758564620506149 6605.7598974880274909 -2890.4738994402187018 1280.796901522272492 8215.4368954059718817 15124
168000000 308.88960059002442904 12889.456419683450804 6709.2502376935217399 -2901.2030023284291929 1266.5697971905863142 8343.8834428313639364 15126
169000000 310.9953862971319154 12977.327403520745065 6653.2099035605151585 -2776.597119743872554 1137.5527620758414287 8292.2542612285469659 15138
170000000 310.21053525702183151 12944.576856859030158 6676.9806955341573484 -2868.1536295589244219 1230.512671863896685 8314.6216532291855401 15153
171000000 308.45716801543790098 12871.411717582966958 6710.9386477539828775 -2784.898384081104723 1277.5091768060478898 8218.3278550290397106 15101
172000000 312.36787170675052039 13034.598968637015787 6684.033074914059398 -2797.5142114449809014 1220.8089371149608269 8260.7383492440803821 15137
173000000 308.39449017619529059 12868.79627414992683 6742.9319293285680033 -2806.5831585025593995 1336.9616503780869152 8212.5534374530398054 15122
174000000 305.64299023555503254 12753.980694389714699 6634.5788219862624828 -2866.9594239600542096 1294.5847197189077633 8206.9535262274093839 15142
175000000 310.13557477098947857 12941.448878720346329 6580.0906942970350428 -2939.6751964423001482 1226.7322956458976932 8293.0335950934368157 15162
176000000 308.32652699538778052 12865.96028208192547 6444.7396992098092596 -2910.3491547349085522 1200.4099882759712727 8154.678865668745857 15152
177000000 313.03691939187763182 13062.517231225538126 6678.3035853191213391 -2799.5559359371964092 1354.2595471532245028 8123.5999741030937003 15143
178000000 314.1001232953066733 13106.882986344224264 6686.3669586277046619 -2925.4592905882177547 1279.4898825592085814 8332.3363666567165637 15132
179000000 311.29236881714183482 12989.719996996742339 6575.0426673113561264 -2847.9034849514923735 1235.7241733940404629 8187.2219788688089466 15142
180000000 309.14118554901870084 12899.954647395261418 6639.1630031484110077 -2836.4348175674108461 1320.7775705283636398 8154.8202501874584414 15139
181000000 308.566769198502584 12875.985195194254629 6591.5329809341119471 -2965.7150299001805251 1291.2278402694369106 8266.0201705648560164 15122
182000000 310.46086975525741991 12955.022904894274689 6724.9391561623870075 -2835.4775325958298708 1320.4014399161342226 8240.0152488420826558 15151
183000000 310.16447530544155597 12942.654850622973754 6730.2461968044499372 -2824.6431506543485739 1291.0983149188457446 8263.7910325399534486 15134
184000000 309.64849941108843723 12921.124022808868176 6505.1295002718934484 -2962.0188955149324102 1192.891457685030673 8274.2569381017947308 15156
185000000 309.06592964965074088 12896.814342142593887 6455.5262321520549449 -2965.8515964107655236 1202.6477204244051791 8218.7301081384139252 15166
186000000 313.84699303651348146 13096.320275806265272 6624.8537059904610942 -2913.3682941487804783 1272.5552327023392536 8265.6667674369018641 15133
187000000 308.9097375953002711 12890.296703886706382 6604.5009417075098099 -2893.569722459231798 1308.068990143566225 8190.0016740231749282 15111
188000000 310.87898357388843351 12972.470108793071631 6611.8307568532236473 -2862.7027475228101139 1194.7062718348047383 8279.8272325412290229 15163
189000000 306.1350576692143477 12774.513861351573723 6485.3641991642280118 -2929.9797911276932609 1247.3732770969136254 8167.9707131950071926 15142
190000000 308.02912408494285046 12853.550146402560131 6332.302571547916159 -3004.8096529732069939 1122.6143370658812728 8214.4978874552416528 15164
191000000 309.64178416397328419 12920.843806560496887 6580.7508108924612316 -2841.231864893366037 1201.1186970313569873 8220.863978754470736 15135
192000000 309.22333791719148621 12903.382730980187262 6570.3950296143757441 -2901.2006189641369929 1226.0656209597459565 8245.5300276187663258 15152
193000000 308.88594344245655066 12889.303812913567526 6482.4848324207814585 -2960.1416355438118444 1272.4489622789924397 8170.177505685601318 15148
194000000 306.75849170049912118 12800.528740976667905 6554.8343697622276522 -2939.5084678362036357 1220.9359596440649511 8273.4068779543667915 15183
195000000 310.15084293324713371 12942.085994089891756 6369.881309604856142 -2870.8212742343648642 1129.0047963419822281 8111.697787497239915 15149
196000000 310.05123420990804561 12937.929485434220624 6674.5489978774166957 -2863.6635365787906267 1223.8048281861219948 8314.4077062700853276 15135
197000000 308.84649362179686705 12887.657636599486068 6530.3754204069227853 -2847.8373372200885569 1194.100200222417925 8184.1125574045945541 15164
198000000 312.4154501023198236 13036.584337050317117 6609.4924326191467117 -2844.8719458877972102 1182.3398866441978043 8272.0244918627467996 15120
199000000 307.25778014102155566 12821.363228711679767 6501.6910732784845095 -2906.1408313370793621 1246.5270836951799538 8161.3048209203834631 15122
200000000 308.19742576769687048 12860.573099590605125 6538.2352277484733349 -2939.5343478273271103 1248.5398528258135684 8229.2297227499875589 15147
201000000 314.26682813918517923 13113.839306064985067 6582.8704519616367179 -2941.7618148281489994 1308.8706307969680438 8215.7616359928179008 15130
202000000 312.13391915009810873 13024.83651215584905 6562.8906587568162649 -2913.4488228231662106 1219.6404438771314744 8256.6990377028505463 15165
203000000 308.83053724823435005 12886.991803300930769 6652.8994345513392545 -2846.3079844645212688 1263.5930329130121663 8235.6143861028485844 15152
204000000 310.72297054150936901 12965.959940830434789 6457.0314993125903129 -2988.3395731522778078 1232.300441998999986 8213.0706304658688168 15145
205000000 306.17055153814402502 12775.994962288157694 6232.3654569374075436 -3045.8520265184934033 1126.502329916306735 8151.7151535395951214 15169
206000000 312.34368872573264753 13033.589852501889254 6527.3724668007689615 -2951.520465020741085 1209.2232231299708474 8269.6697086915373802 15172
207000000 310.97343576908008345 12976.411443986424274 6407.1510048723484942 -2983.6930294124967986 1163.0922052203609383 8227.7518290644838999 15148
208000000 309.01873910513791088 12894.845158117759638 6383.6616989990907314 -2929.7783748740880583 1184.5428984171435332 8128.897175456034347 15169
209000000 308.37675412978762779 12868.056178022403401 6552.6789047800830303 -2891.4726460250517448 1289.430851560030078 8154.7206992451046972 15131
210000000 312.72131885892650871 13049.347738605092673 6419.0610220966955239 -2961.62578559280837 1149.7682090876651273 8230.9185986018383119 15159
211000000 307.48007798272652735 12830.63935305310406 6504.8147430248500314 -2954.9046714942064682 1230.7825082616211603 8228.9369062574351119 15166
212000000 306.91826153538278277 12807.195674146250894 6386.647562207996998 -2990.2691576763245394 1242.8448166536923054 8134.0719032306287772 15172
213000000 310.611673065393461 12961.315679692226695 6220.1670018980548775 -3036.5170376513774499 1155.9406265143575183 8100.7434130350757187 15153
214000000 309.76495754233002344 12925.983629621428918 6318.4132918224713649 -3052.7119728094494349 1189.6440297599256155 8181.4812348719951842 15151
215000000 310.99387167838102641 12977.26420096441143 6387.8958475650979381 -3099.6254768350081577 1220.2572830145331864 8267.2640413855733641 15166
216000000 306.87391275227867027 12805.345072164200246 6391.878088358941568 -2941.0301266994179059 1205.9824369521893459 8126.9257781061705828 15159
217000000 309.7174185546574563 12923.999905635024334 6318.9162095893007063 -3057.7798895352357249 1247.0330586924344516 8129.6630404321031165 15163
218000000 308.81288889012137133 12886.255366262126699 6442.1637103339899113 -2881.3650574242651601 1135.5490791415493277 8187.9796886167068806 15133
219000000 307.11946661633993472 12815.591632176117855 6257.7310457760913778 -2976.6335002571536279 1143.3473479695337574 8091.0171980637114757 15158
220000000 307.59768382161638556 12835.546851823459292 6488.1395460770918362 -2994.9517994115653892 1253.5113691895612646 8229.579976299097325 15157
221000000 310.01108008903679547 12936.253919827438949 6441.2648546143100248 -2921.7881168214225909 1222.9774438267306778 8140.0755276090012558 15185
222000000 309.08305047190577852 12897.528765975264832 6231.3026892733714703 -3022.7048924776026979 1133.820946120731378 8120.1866356302434724 15168
223000000 310.13733505034656446 12941.522332290865961 6614.0345826636048514 -2970.0405396495052628 1245.123393656576809 8338.9517286565314862 15153
224000000 308.66678398104039616 12880.15864803430668 6249.7650488194803984 -2988.0055790146871004 1124.194201481221171 8113.5764263529463278 15185
225000000 310.71628549049563617 12965.680984615850321 6279.7131626882810451 -2996.5346780532117918 1119.4102008679044502 8156.8376398735890689 15153
226000000 316.01346996314885018 13186.723804694180217 6294.4251819755745601 -2957.2299343806062097 1076.8792676285315792 8174.7758487276487358 15163
227000000 310.9019853444541468 12973.429934953343036 6492.3658873214317282 -2909.1278937739812136 1163.380366614578179 8238.1134144808347628 15155
228000000 307.5098281313361781 12831.880777961066997 6422.3314420918823089 -2910.3112534171268635 1151.3697985711783076 8181.2728969378295005 15164
229000000 310.30838229147911989 12948.659853127028327 6614.8520654523499616 -2933.1360137133069657 1280.6469757175427731 8267.3411034481141542 15154
230000000 306.82551636243158555 12803.325570191287625 6284.5934343113931391 -3071.4994797687295431 1129.2014467975297975 8226.8914672825940215 15160
231000000 308.79069470205934067 12885.329239195209084 6599.0669141334346932 -2944.9128364719117599 1282.7578879620104999 8261.2218626433350437 15160
232000000 312.89239699470687128 13056.486548624237912 6375.425118204071623 -2965.9021316083099009 1247.6801599341565634 8093.6470898782254153 15155
233000000 312.910287709100146 13057.233098793129102 6449.9057436293041974 -2963.036430963987641 1136.211496388910291 8276.7306782043815474 15182
234000000 309.43883635082664796 12912.375127174636873 6076.1505245620346614 -3101.0369998100431985 1091.8049912805099666 8085.3825330915669838 15160
235000000 306.20766489766992891 12777.543641911179293 6501.444042662411448 -2934.3648584261941323 1229.67355196600829 8206.1353491225963808 15153
236000000 310.52041967418597324 12957.507825342741853 6441.4612262173923227 -2964.0979186008062243 1186.0004284726646802 8219.5587163455347763 15156
237000000 305.25544945078348746 12737.809253050732877 6272.7703772606482744 -2921.6311436921914719 1158.1458401367162878 8036.255680816124368 15178
238000000 309.38054342790098872 12909.942659107757208 6360.5135985979177349 -3077.8295265906381246 1231.9709743401576816 8206.3721508483995422 15155
239000000 309.5720717131642914 12917.934820324329849 6555.236606315793324 -2902.9906059027307492 1183.838204104322358 8274.3890081142017152 15159
240000000 308.78172632308076118 12884.955003449560536 6410.9050746405209793 -2986.8943276402842457 1224.1225908919066114 8173.6768113888983862 15186
241000000 314.0372548443380083 13104.259588996479579 6484.8209358438771233 -2961.7815225729709709 1304.7881537016644415 8141.8143047151825158 15137
242000000 311.56380869151541901 13001.046737763086639 6394.6852026410124381 -3021.0527920358972551 1230.3411213775823398 8185.396873299327126 15157
243000000 309.23581255078880758 12903.903276980432565 6285.6478588478794336 -3061.5018760405855573 1248.7803747766683955 8098.369360111795686 15175
244000000 310.82374636650786215 12970.165150724178602 6454.69533925649921 -3117.4077904496739393 1275.1523510147439993 8296.9507786914291501 15172
245000000 307.51756720458126892 12832.203716794652792 6435.6763574263941337 -2973.3654803681188241 1150.4651112526187262 8258.5767265418944589 15150
246000000 310.36639157787186605 12951.0804855065835 6462.1002787522074868 -3094.1873670423988187 1263.4466079591697962 8292.8410378354346904 15179
247000000 310.60035313721067496 12960.843317655087958 6403.8802733982101927 -3044.3998983733135901 1210.8659880020029505 8237.414183769520605 15164
248000000 306.35261576470395539 12783.592203857137065 6500.6311014560897092 -2940.2314563113741315 1168.791250753375607 8272.0713070140882337 15155
249000000 309.6024908291079214 12919.20416014195871 6378.2556247629527206 -2911.9940999295831716 1151.0910130179199768 8139.1587116746159154 15148
250000000 307.70673908058677171 12840.097548917667154 6532.9519819432935037 -2980.752074811955481 1248.7654919661397344 8264.9385647891085682 15154
251000000 308.50738905829842906 12873.507359333500062 6605.8720958892863564 -2856.7618939023100211 1249.185690121372545 8213.4482996702245146 15166
252000000 309.25902858915111437 12904.872044184434344 6461.4832955959427636 -2959.9599029560586132 1192.1536146817497865 8229.2895838702515903 15169
253000000 307.44519720826900766 12829.18383554329921 6484.0396291499437211 -2968.1228197377095057 1261.2970735386061278 8190.865375349047099 15131
254000000 308.72970868674127587 12882.784392799761918 6576.7804921378192375 -2830.659020268913082 1149.0237295980966792 8258.4157828086354129 15162
255000000 308.82728393006249235 12886.85604766942015 6363.4713446006462618 -2926.1916509366533319 1076.5998742163201314 8213.0631213209817361 15203
256000000 311.19222355232301425 12985.541099345109615 6469.4452896682159917 -2926.7657445332783936 1196.3548435511434036 8199.8561906503509817 15176
257000000 313.48323775681257075 13081.141364583036193 6684.7794475036871518 -2888.5349221022756865 1271.4628483744404548 8301.851521231521474 15151
258000000 310.52563895129105731 12957.725617216148748 6538.084359437346393 -2884.2149285231262184 1237.1458707447673078 8185.1534172157053035 15119
259000000 308.80101211132051731 12885.759767761990588 6479.6894053375872318 -2916.5111554096092732 1146.3382453842173163 8249.8623153629796434 15158
260000000 307.34716152082438612 12825.092967095552012 6464.2123973699781345 -2924.8374945594650853 1202.9191478688842381 8186.1307440605596639 15176
261000000 307.74373116626384217 12841.641167981879335 6607.0934116192147485 -2964.2249241532408632 1302.8746163714149588 8268.4437194010424719 15127
262000000 311.58235898454046264 13001.820811066500028 6376.0072681387046032 -3024.2584562260999519 1200.0147012957183961 8200.2510230690859316 15150
263000000 308.74518255211938822 12883.430091823149269 6239.6719517870178606 -3039.3416745877702851 1208.19941197982007 8070.8142143949689853 15174
264000000 302.44998148378613223 12620.741676064140847 6514.1022691167800076 -2904.258152821576914 1142.2790846679247352 8276.0813372704324138 15177
265000000 312.92311896271075966 13057.768525961631894 6413.5343817885341196 -2984.9918348177789085 1174.3638998088486005 8224.1623167974648823 15164
266000000 307.66578563329608187 12838.388628730386699 6623.9721685024351245 -2796.1703402453799754 1186.945478006184203 8233.1970307416322612 15161
267000000 312.52027668822000805 13040.958578552796098 6587.7667278679964511 -2968.5071194304218807 1288.2843480515389274 8267.9894992468780401 15150
268000000 308.24001061677813595 12862.350095498926748 6457.5275480337913905 -2910.7870683699857182 1196.4878524827149704 8171.826763921062593 15163
269000000 311.92014178204379959 13015.915933205353213 6421.9466499196078075 -3009.0222373942488048 1185.1010619361809404 8245.8678253776761267 15176
270000000 308.91136305557273545 12890.364531677943887 6250.1582205415079443 -3009.0821909125788807 1108.8098819406486655 8150.4305295134381595 15196
271000000 306.59142863682671987 12793.5574733314279 6370.6794814580880484 -3020.5128171488422595 1180.1573062069487605 8211.0349923999820021 15138
272000000 309.20475449114400135 12902.607275090089388 6256.6141113527201014 -3033.1776234855406074 1111.3352857218196732 8178.4564491164410356 15201
273000000 308.28670149436482006 12864.298429242440761 6388.4806681485861191 -3031.2743050849207975 1227.9329960088052758 8191.8219772247011861 15158
274000000 309.5951498928301362 12918.897834911031168 6771.6483420642816782 -2884.6595053822261434 1342.4907232030373052 8313.8171242434709711 15123
275000000 307.88785686858614099 12847.655297157776658 6523.7833701025101618 -2906.4867189304932253 1270.7531048558407747 8159.5169841771630672 15133
276000000 308.66112937003015304 12879.922690391033029 6711.838410241096426 -2817.3501885232044515 1327.1532745150173014 8202.0353242492838035 15148
277000000 311.0862491141585906 12981.118959850249666 6402.4950686715392294 -3019.3346515966422885 1180.2031083427182239 8241.626611925465113 15196
278000000 306.74131399304565093 12799.811943417964358 6642.26330094057721 -2902.8776043021998703 1185.6963627285965686 8359.4445425141802843 15153
279000000 311.34482605014244427 12991.908951294222788 6677.6552769975241972 -2929.7237515451015497 1401.480642685503426 8205.8983858571209566 15098
280000000 311.57312141526193727 13001.43534245113733 6487.7804100547791677 -3001.712922085718219 1215.6252212841804976 8273.8681108563159796 15173
281000000 309.25246138187515044 12904.598005395750079 6441.1168379340188039 -2902.2933761371823493 1129.6208926931137739 8213.7893213780880615 15164
282000000 310.55267695727104638 12958.853868860387593 6490.5530138760559566 -2989.9941268980628593 1177.1131722173854541 8303.4339685567356355 15169
283000000 310.82784710995184696 12970.336268022425429 6285.4144159630714057 -3004.9863500168812607 1106.1665476813916484 8184.2342182985612453 15170
284000000 308.62402978936950149 12878.374585737459711 6403.060713876515365 -2988.6853139561335411 1174.8242729067164873 8216.921754925931964 15179
285000000 312.93882071948638668 13058.423734519268692 6433.7098619422540651 -2913.3548935537146463 1120.4157997661973241 8226.648955729771842 15179
286000000 312.40551299244236816 13036.169677753085125 6422.0127343862495763 -2980.6113567642441922 1237.985359305098882 8164.6387318453962507 15176
287000000 311.21491090953725234 12986.487805551896599 6338.0633766253431531 -2931.7941034663658684 1151.3385035716737548 8118.518976520034812 15168
288000000 307.72140277745864978 12840.709440938053376 6611.3429910432460019 -2930.8082906274685229 1282.7629615229438969 8259.3883201477692637 15125
289000000 308.5925551523617969 12877.061200756996186 6561.0153980223985855 -2975.3547532805760056 1256.1546884121662515 8280.2154628908101586 15162
290000000 312.41593556994251912 13036.60459481799262 6423.8444261213953723 -2851.9822987360603292 1197.8305301113789483 8077.9961947460760712 15182
291000000 311.13567314828304688 12983.18134373340763 6451.2119691747138859 -2913.2459048956452534 1244.7571432354939134 8119.7007308348656807 15146
292000000 312.96200446852338928 13059.391154342683876 6501.4739487862943861 -2872.0131795786719522 1188.0214976489403398 8185.4656307160257711 15187
293000000 307.41326960745595898 12827.851549126149621 6409.0207666031892586 -2945.6080127873919992 1149.2496746684510072 8205.3791047221293411 15133
294000000 311.56685968874211312 13001.174050873385568 6497.6394266928291472 -2949.941792519518458 1218.796702151964837 8228.784517060383223 15161
295000000 310.30529497369974479 12948.531024419635287 6515.1857740139339512 -2972.4063344700093694 1201.4683581137846886 8286.1237503701595415 15130
296000000 306.40505145679520638 12785.78025928779789 6432.9956646121609083 -3001.1901788833538376 1137.7349841929653849 8296.450859302549361 15197
297000000 308.39931588010887253 12868.997642859554617 6466.7297136342804151 -3001.8627121965478182 1248.9104667740330115 8219.6819590567956766 15129
298000000 307.79906374847763573 12843.950105886136953 6359.8482989877666114 -2957.405129026299619 1164.6445032167591762 8152.6089247973068268 15181
299000000 311.01284891576779046 12978.056089955804055 6535.4791823922987533 -2931.6912466335411409 1191.2102777602908645 8275.9601512655499391 15143
300000000 308.20250902475430621 12860.785215570509536 6626.410210905655731 -2979.8755375386622291 1313.6653940045634954 8292.6203544397540099 15143
301000000 314.17051783419509547 13109.820434997247503 6671.687748082793405 -2859.7914704491677185 1336.6600617307926768 8194.8191568011679919 15119
302000000 309.49007896853294142 12914.51339756798734 6483.6784452761849025 -2901.2500968443773672 1162.1573362911074128 8222.7712058294546296 15164
303000000 311.13129970015472736 12982.998846915948889 6429.7046473169511955 -3106.7934333941257137 1243.0458304064616186 8293.452250304613699 15159
304000000 308.29244604529645812 12864.538139931122714 6563.518429127672789 -2944.1211910984839051 1243.2252279992258082 8264.4143922269286122 15137
305000000 311.62943885716316572 13003.785376934873057 6566.2312280385613121 -2936.4638718228511607 1223.8638847876604814 8278.8312150737510819 15168
306000000 311.90649485498232707 13015.346469321541008 6566.1190752467446146 -2950.6536766892031665 1325.1153108120875004 8191.6574411238598259 15136
307000000 309.10795352728894159 12898.567929632652522 6497.1356369551658645 -2930.3823672696835274 1205.8500881700085756 8221.6679160548410437 15149
308000000 309.17306136772373293 12901.284773029972712 6489.1781629616370992 -2909.7153130097985922 1241.1428572626209643 8157.7506187088147271 15122
309000000 310.33620901815271509 12949.821016792222508 6456.9970871557870851 -2959.2756499596225694 1182.2293904053301503 8234.0433467100792768 15149
310000000 313.87520217240984266 13097.49739678113292 6381.2762675262747507 -3000.6841902174637653 1159.9633637642527901 8221.9970939794839069 15177
311000000 307.28922215015330721 12822.675252184391866 6392.1532027048851887 -2961.9271593864368697 1205.9938062152250495 8148.0865558760960994 15139
312000000 311.04726635531091006 12979.49227325954962 6391.8191416628105799 -3048.8835162406176096 1192.6633133131563227 8248.0393445902718668 15144
313000000 310.03310490639648833 12937.172979332735849 6352.1717065141556304 -2998.2448479011459312 1197.8663827935529298 8152.5501716217486319 15161
314000000 310.77541383884926063 12968.148313615649386 6572.7184159259804801 -3027.1101024807958311 1325.2518904791470504 8274.5766279276285786 15149
315000000 305.26870296255270887 12738.362300359645815 6619.2506743557414666 -2924.6207707738976751 1274.427935649705887 8269.4435094799337094 15146
316000000 310.44384459103508789 12954.312472714420437 6462.1164848792004705 -3009.0931737716473435 1204.1773231274214595 8267.0323355234268092 15143
317000000 313.13619119632483034 13066.659680808435951 6322.7285633869933008 -2938.3949127526511802 1155.6845059684696935 8105.4389701711752423 15141
318000000 305.82839934010507932 12761.717512231251021 6449.7157852791387995 -2969.2949996762163209 1159.3341635350980141 8259.6766214202580159 15162
319000000 309.11372481028081438 12898.808755806363479 6463.9893180131984991 -2961.1484905795987288 1221.8385297875947799 8203.2992788052033575 15148
320000000 313.48970126665670932 13081.411076247964957 6367.4410059366773567 -2977.9055236135850464 1192.9749663982233869 8152.3715631520399256 15165
321000000 305.4747347146144989 12746.959667458435433 6363.6978356079980585 -3007.3092322262868947 1137.4532565341282861 8233.5538113001566671 15171
322000000 311.84273234318391133 13012.685764281728552 6263.1498207396871294 -2997.8970287978240776 1044.7454759376132643 8216.301373599897488 15185
323000000 309.93927969608995454 12933.257807190313542 6084.2859706723738782 -3061.0621732378999695 1025.9090266327768859 8119.4391172774967345 15202
324000000 309.53162456957045379 12916.247027359924687 6498.3154969822880958 -3021.2519123716465401 1183.4917058468681716 8336.0757035070655547 15159
325000000 309.50950560515173038 12915.324039252267539 6578.8069109312555156 -2939.3972245890099657 1188.1737597621988698 8330.0303757580659294 15165
326000000 310.27854617292564399 12947.414840834309871 6501.3696034212116501 -3032.571607305535963 1231.2871627621289008 8302.654047964617348 15162
327000000 310.58494426250223341 12960.200330585754273 6410.3374403341931611 -2915.4276197388926448 1153.8223735556005067 8171.9426865174846171 15179
328000000 307.10651225869634118 12815.05106807822267 6519.8922171201438687 -2970.6075898737458374 1204.4589992412963966 8286.0408077525935369 15162
329000000 309.59783151437011384 12919.009734579740325 6391.6079816800320259 -2995.5203590607716251 1220.7018676486475215 8166.4264730921559021 15184
330000000 308.38981860297565163 12868.601337061365484 6331.9970165433924194 -2922.8455895468787276 1149.2937379481388689 8105.5488681421338697 15194
331000000 307.8341513600765893 12845.414254370616618 6464.234839423151243 -3044.4293843729928994 1352.0360545121591258 8156.6281692839847892 15149
332000000 310.92730117459973371 12974.486323024570083 6455.3802925083364244 -3012.6117092801587205 1276.4246095138614692 8191.5673922746336757 15163
333000000 306.46603165149969072 12788.324862798586764 6285.2298703080778068 -3005.6392245883653231 1163.3532834151926636 8127.515811481250239 15152
334000000 308.17181787792151226 12859.504524350035354 6378.8231693157104019 -3041.9434602880405691 1173.9493159623543761 8246.8173136413970497 15178
335000000 309.01568646769283077 12894.717776563838925 6459.0665003718440857 -2941.9417370828023195 1164.3929980971106488 8236.6152393575357564 15146
336000000 308.38545675247087274 12868.419324193715511 6537.7730759307996777 -2939.7984089440737989 1216.1841319136733546 8261.3873529612010316 15151
337000000 309.82595786738608012 12928.529073138772219 6621.3654255792553158 -3018.4301120148606969 1374.8835000729975491 8264.9120375211168721 15143
338000000 312.624617649393997 13045.312555731927205 6612.7074375459342264 -2882.8136165318342137 1249.0564577152977108 8246.4645963624698197 15121
339000000 309.66910489911191462 12921.98385602882081 6332.2655247130669522 -3005.3026585086845444 1200.1412561701972663 8137.4269270515542303 15178
340000000 313.00171772967382822 13061.048323596372938 6335.4211911872043856 -3102.4929427860142823 1178.5023856156915372 8259.4117483575264487 15168
341000000 310.70499158681894869 12965.209708538668565 6439.1480911039343482 -3001.9018811173064023 1253.0539550995945319 8187.9960171216462186 15138
342000000 307.5363091675780538 12832.985788171627064 6630.0286339161202704 -2905.2651406483273604 1291.2487861108556899 8244.0449884535919409 15138
343000000 314.43911242677467044 13121.0284468209029 6378.6018168754380895 -2990.2068628569977591 1248.5431727620716629 8120.2655069703641857 15143
344000000 311.82432640268780233 13011.917714572593468 6182.2186204014360555 -3033.5155137505716993 1077.7327020983379953 8138.0014320536702144 15165
345000000 311.73514305333333141 13008.196239674540266 6517.2238687465051044 -2925.6156849839039751 1304.045165880492732 8138.794387849917257 15142
346000000 311.40753659932136088 12994.525759659258256 6553.8612678892332042 -2937.3345086254330454 1168.708938575196953 8322.486837939468387 15170
347000000 313.47185997799954293 13080.666588533978938 6590.9819380218932565 -2926.6477579603051709 1323.4070764656460142 8194.2226195165530953 15153
348000000 309.31617543395270786 12907.256688290888633 6501.1002784214933854 -2849.4142626237357945 1198.6162148598264139 8151.898326185402766 15155
349000000 308.80232274497126355 12885.814458354652743 6231.2710935669902028 -3037.1049485127914522 1117.0414710382590329 8151.3345710415223948 15187
350000000 308.67328313169741705 12880.42984693190192 6381.5092759047001891 -3003.2607133813880864 1184.4863585830903503 8200.2836307029974705 15151
351000000 311.59135813492440548 13002.19633085242458 6443.4285445989562504 -2853.5295682672085604 1150.0907104599712056 8146.8674024061938326 15177
352000000 313.98989382054469388 13102.283291150875812 6536.2570763879193692 -2973.1172768805172382 1282.5172596261222679 8226.8570936423147941 15147
353000000 312.61519623356326747 13044.919415501470212 6458.1771934231483101 -3017.7649466243219649 1198.5241866919416225 8277.4179533555288799 15140
354000000 310.82735117611440501 12970.315573516774748 6480.0391533718357095 -2926.7156222027037984 1196.3111703031377147 8210.4436052714008838 15143
355000000 311.88284177113143869 13014.359464926103101 6512.9476332223075588 -2952.7631717964413838 1265.5005773718489763 8200.2102276469013304 15172
356000000 310.41387964022220558 12953.062084462815619 6328.8096691128621387 -2989.2318958008695517 1182.6373576325293016 8135.4042072812017068 15168
357000000 309.09336531081635258 12897.959187285530788 6538.389750386752894 -3052.9986538053003642 1287.9633546191639653 8303.4250495728902024 15163
358000000 310.08229465953309045 12939.225587054517746 6330.801663871450728 -3041.8620027571842002 1255.1093676798204797 8117.5542989488130843 15178
359000000 309.2570638367386664 12904.790058288672299 6313.927445081741098 -3033.6637021799597278 1133.5274760708764461 8214.063671190826426 15170
360000000 311.192020705196569 12985.532634867213346 6223.3348874917483045 -3173.7032211525506682 1268.4150008627248098 8128.6231077815764365 15147
361000000 309.57478789631664995 12918.048162192437303 6312.8245985576559178 -3109.3380095174738926 1202.0072897538234429 8220.1553183213072771 15161
362000000 309.48976752353217989 12914.500401478910135 6630.3637391574275171 -2906.6340152993043375 1401.8768233732769204 8135.1209310834547068 15117
363000000 310.14296481145390771 12941.757252988447362 6341.1372582588674049 -2960.6818693033192176 1164.9790634029845933 8136.840064159202484 15188
364000000 309.00310600125936844 12894.192814332918715 6443.6852148483349083 -2932.9954615486494731 1202.7169827357374743 8173.9636936612459976 15154
365000000 309.37467861916752554 12909.697930258242195 6388.9365475371087086 -2953.7775749908078069 1169.9111736815580116 8172.8029488463580492 15166
366000000 312.15714842973852683 13025.805831896668678 6408.4626349257705442 -2981.3536437624143218 1277.4095576655122386 8112.4067210226730822 15147
367000000 307.43259780352587995 12828.658083047779655 6456.2571779395093472 -2993.3667054400166307 1262.2068611824590789 8187.4170221970671264 15132
368000000 307.27973361290418097 12822.27931108723169 6262.2862744149679202 -2953.4663353172409188 1148.3665002084026128 8067.3861095238053167 15173
369000000 308.54463894921144629 12875.061736187379211 6590.202934692877534 -2947.3178686698174715 1264.9693900648021554 8272.5514132978933048 15135
370000000 311.68956205800907355 13006.294219497507584 6340.0820539702699534 -2978.8372458025996821 1218.1914805394667383 8100.727819233403352 15138
371000000 311.24039516698888974 12987.551221818366685 6362.1112010521301272 -3116.3828131976069926 1206.4367554475318229 8272.05725880220416 15154
372000000 308.53892799098821342 12874.823427267323495 6422.7424520580952958 -3103.0721182367587971 1348.3911881503508994 8177.4233821445022841 15126
373000000 309.85999450541885381 12929.949366220047523 6380.7771501807019376 -3044.5404212002968052 1184.5438586187715373 8240.7737127622276603 15152
374000000 311.20884250725805487 12986.234581077633266 6556.8991573260482255 -3029.3458546460683465 1303.6793921977869104 8282.5656197743282974 15130
375000000 308.13658984833369914 12858.034516453182732 6383.0226590676611522 -3008.8385823533303665 1178.5128746813929865 8213.3483667395994416 15164
376000000 306.41420756848225437 12786.162328811467887 6471.9084920550058087 -2961.3768841814594452 1254.1806611667839206 8179.1047150696822428 15165
377000000 310.31863762261099282 12949.087791275289419 6376.6667051639578858 -3036.070159014328965 1153.2533746571996289 8259.483489521087904 15204
378000000 311.94866660943830539 13017.106227468670113 6528.8961431439729495 -2987.1329924634605959 1262.6386050512933252 8253.3905305561402201 15161
379000000 309.87761350244824143 12930.68457806898914 6485.6276007031547124 -2913.9286466808530349 1178.6972448200833696 8220.8590025639241503 15161
380000000 305.26316660933292724 12738.131277420012339 6424.4072993111194592 -3017.9592287881418997 1173.3508702407393685 8269.0156578585228999 15164
381000000 307.47923178490776763 12830.604042605984432 6447.3851469055152847 -3033.1078770779731713 1217.4742034245359719 8263.0188205589529389 15171
382000000 309.52855045664750833 12916.118749669534736 6419.3244958398336166 -2893.9607898907133858 1188.7525220111842827 8124.532763719362265 15155
383000000 306.73357246465894832 12799.488902135346507 6392.873362981414175 -3006.8146669723946616 1202.0316166919892567 8197.6564132618186704 15179
384000000 311.33249421623560238 12991.39436409085647 6370.7814000633698015 -3069.0648157145651567 1265.192218866973235 8174.6539969109617232 15176
385000000 312.38235211835467453 13035.203212463788077 6454.8005108659308462 -2956.090461093801423 1171.5343390645748514 8239.3566328951565083 15189
386000000 312.12036057463842553 13024.270735039473948 6533.1687774590600384 -2939.8706609557011689 1286.8581785083267732 8186.1812599064342066 15140
387000000 309.45978112215607325 12913.249118130483112 6467.0647758468967368 -2970.3336928747567072 1149.1418671822698343 8288.2566015393858834 15167
388000000 307.40662187530244864 12827.574150166396066 6535.7351900907979143 -2876.8799989420131169 1213.4325064397689857 8199.1826825930402265 15149
389000000 311.9160043501524342 13015.743284958371078 6509.204759957981878 -2943.4045943502296723 1253.6178289589338419 8198.9915253492763441 15151
390000000 309.69579651715719137 12923.097653472659658 6728.1381681532648145 -2887.0915943477839392 1391.1664922226404997 8224.0632702784077992 15124
391000000 303.64086648887177944 12670.435354143899531 6518.219059608045427 -2937.7060051852849938 1280.9859547615585598 8174.9391100317716337 15151
392000000 305.6297858816687949 12753.429698358635505 6647.3881921778956894 -2893.8397296134885437 1321.9493452639849238 8219.2785765273983998 15141
393000000 302.61907696805315027 12627.797753287401065 6592.0390614772150002 -2928.6321229494901672 1232.9495177201843035 8287.7216667065204092 15165
394000000 308.28148103804574021 12864.080588162369168 6476.2927678256592117 -2907.7091637921835172 1190.8806286914966677 8193.1213029263453791 15149
395000000 310.01959545718131039 12936.609252173970162 6430.9085016314338645 -2899.6955969649479812 1207.7633558116131098 8122.8407427847687359 15172
396000000 313.96046428252782334 13101.055244797113119 6436.1101350283315696 -2890.9032825992680955 1222.6085166191514872 8104.4049010084490874 15145
397000000 305.79720382394089029 12760.415774505800073 6354.7822372469563561 -3022.6333707834401139 1193.9754491233238696 8183.4401589070739647 15130
398000000 311.05140701308624784 12979.665056117379208 6606.4343682626786176 -2995.8100672208456672 1255.1150862849619898 8347.1293491985634319 15155
399000000 309.26955116829839199 12905.31113415406071 6206.4116540418326622 -2969.910333767758857 1118.7711485638715203 8057.5508392457195441 15162
400000000 309.51151438819294981 12915.407862473952264 6204.7291432536167122 -3003.084076494729743 1060.6728220810537096 8147.1403976672927456 15195
401000000 309.63669691652995652 12920.63152406833251 6410.1805753794442353 -3036.1598706293525538 1210.4132928725634883 8235.9271531362319365 15164
402000000 306.15140421432641915 12775.195975868968162 6458.4215618121270381 -3027.9361829461931848 1255.4501346265901702 8230.9076101317295979 15183
403000000 308.75100564387525992 12883.673079891610541 6359.7308452183269765 -2995.3818722432733921 1144.4343020241610702 8210.6784154374399805 15141
404000000 311.86538340838626482 13013.630956082382909 6429.030101396383543 -2951.6818597074798163 1144.1236854580188265 8236.5882756458449876 15172
405000000 306.61948457992440353 12794.728201822059418 6440.5195625213837047 -2999.4011734387095203 1226.8264411776442557 8213.0942947824496514 15131
406000000 310.92002002974822972 12974.182492791796903 6269.9691366393053613 -3050.9487378470048498 1139.8294705055081977 8181.0884039808033776 15185
407000000 309.2765410114108704 12905.602808843033927 6252.6543731029851187 -3046.2355330167083594 1069.3333222763110371 8229.5565838433831232 15184
408000000 309.18062083794001182 12901.600217323735706 6463.6991811954012519 -2950.0660001010837732 1180.3118171476762654 8233.4533641488087596 15197
409000000 311.31145183081127925 12990.516299858925777 6674.4539681845344603 -2915.4267936334681508 1312.7415904886615863 8277.1391713293414796 15118
                                                                                                                                                                                                                                                                                                         414000000 310.0442877964404147 12937.639622993097873 6469.2551697459421121 -2976.8943903130420949 1250.4859956684715598 8195.663564390511965 15165
415000000 312.09330617074465408 13023.141799137185444 6505.0152650582449496 -2917.0688785255283619 1224.7231411042585023 8197.3610024795161735 15124
416000000 307.52170278314235929 12832.37628770520314 6355.0487675642561953 -2956.8255699936712517 1099.1484837493048872 8212.7258538086207409 15183
417000000 307.61490822753069097 12836.265598032341586 6458.1253672672282846 -2984.6707976579364185 1210.596384022077018 8232.1997809030872304 15143
418000000 309.52346573289105436 12915.906572486683217 6529.297571180968589 -3003.3786666996452368 1315.5095637530228032 8217.16667412759125 15152
419000000 310.54508658964834922 12958.537135268532438 6512.7698501312806911 -2969.0136188080086868 1143.1510502021067168 8338.6324187371828884 15158
420000000 307.71635778534039218 12840.498921691301803 6562.0802609323282013 -2951.4416544229075043 1326.6279698483435823 8186.8939455068921234 15135
421000000 303.9800043274312884 12684.587019923610569 6664.7934427374984807 -2959.1428870255349466 1273.5750412378692999 8350.3612885251641273 15155
422000000 309.67681512449991033 12922.305591088643268 6449.247383850020924 -2910.0569614467517567 1158.8023786738003764 8200.5019666229727591 15143
423000000 310.83259613544390731 12970.534437067284671 6454.0591548230131593 -2928.9169197519222507 1178.6875755580254008 8204.2884990169095545 15159
424000000 311.00700577716503403 12977.812265365300846 6416.2003411618779865 -2969.5271227897446806 1201.0124531632061462 8184.7150107884162935 15184
425000000 308.84460327804742974 12887.578755655194982 6387.5266206632622925 -3045.4502537901880714 1198.9524440991308438 8234.0244303543186106 15146
426000000 311.24332462585209669 12987.673463332093888 6295.904118851189196 -3042.8205292585530515 1130.4906698900372248 8208.2339782197050226 15179
427000000 307.50252146236982753 12831.575882648841798 6344.0074984531820519 -3069.7164313299094829 1223.3880620424367862 8190.3358677406540664 15156
428000000 311.57909585616425829 13001.684646071251336 6340.255448416877698 -3022.1022822148497653 1203.3315923998084145 8159.0261382319185941 15184
429000000 309.34151161413194586 12908.313925535645467 6534.0004212074109091 -2947.7926423516473733 1251.7798266194536154 8230.0132369396051217 15139
430000000 307.06842594672815494 12813.46178874553334 6399.011935351858483 -3010.9618342853245849 1292.7019393191039853 8117.2718303180790826 15173
431000000 309.36005887340314757 12909.087872245485414 6399.0554733446178943 -2947.2837662676470245 1154.4857134697886067 8191.8535261424749478 15153
432000000 305.01188425996673459 12727.645677111668192 6583.6834475036503136 -2876.5756546032926053 1274.4430340681085454 8185.8160680388346009 15137
433000000 309.84704800689041804 12929.409130070138417 6508.6339401981895207 -2963.0028860392358183 1248.4882375749914445 8223.1485886624341219 15126
434000000 308.52101649899191216 12874.07601008313577 6573.2528240139845366 -2863.8512746273454468 1207.9172869256560716 8229.1868117156736844 15147
435000000 309.51444145645643857 12915.530004231874045 6510.3212056907550505 -2928.6159885160959675 1168.5280286615939076 8270.4091655452575651 15133
436000000 310.09344033880591951 12939.690677970431352 6503.2536124314237895 -2889.4724909196775116 1237.2395848249434493 8155.4865185261569422 15159
437000000 312.3225620920009078 13032.70827272626957 6279.354221311834408 -2932.8952433969866433 1054.5145742039521792 8157.7348905048693268 15183
438000000 311.882840367015433 13014.359406334644518 6516.6448755829778747 -2999.8419861901029435 1247.4614978541794699 8269.0253639189013484 15176
439000000 310.38073426962955637 12951.678982510038622 6359.9534289208131668 -2995.361942698668372 1225.1664731191983719 8130.1488985002833942 15171
440000000 309.19288015852748686 12902.111778665215752 6475.9762853931069913 -2822.7219997062006769 1188.9477717135382591 8109.7505133857684996 15140
441000000 310.24380517237591448 12945.965155860432787 6352.0922873511653961 -2946.1398367309884634 1042.2923160436178023 8255.9398080385362846 15188
442000000 310.43848986121116695 12954.089028621214311 6345.0627204515312769 -2946.4573990666958707 1159.8289187145869619 8131.691200803639731 15161
443000000 310.24555477986297092 12946.038164111319929 6504.6236138332442351 -2945.2102731792947452 1180.5698170905102415 8269.2640699220282841 15156
444000000 308.84974620984496596 12887.793361764131987 6540.8363817888966878 -2846.6592339911485396 1224.8340334457727749 8162.6615823342726799 15155
445000000 306.04895540035727208 12770.920954889365021 6486.4956679708557203 -2873.0366098009703819 1148.9427190699284438 8210.589558701896749 15169
446000000 309.03049376740119669 12895.335660895067122 6458.0071703365074427 -2947.5364432641626991 1136.5783776768305415 8268.9652359238389181 15143
447000000 311.88187447341744019 13014.319101178973142 6542.2815827268050271 -2907.722452221722051 1182.0751784559588486 8267.9288564925700484 15167
448000000 313.09539175575685022 13064.957187069105203 6661.7624037848672742 -2898.564834793213322 1259.9586602021563522 8300.3685783759246988 15128
449000000 313.48503133139234933 13081.216207508590742 6525.9599022658776448 -2933.0322387208880173 1221.2471891380175748 8237.7449518487483147 15160
450000000 312.13326096219606143 13024.809047054197436 6227.6666142589892843 -2997.3460524402953524 1132.78429822522412 8092.2283684740605167 15164
451000000 312.60074162338696624 13044.316248325963898 6533.4920216869650176 -2889.7159192189278656 1287.9564179806293396 8135.2515229252639983 15156
452000000 306.4026872074693415 12785.681603041059134 6209.9426626172826218 -3075.4084399705275246 1101.9596626926627323 8183.3914398951474141 15162
453000000 309.43479381544995022 12912.206438803570563 6251.5004285886097932 -3001.820301545588336 1085.8251929716429913 8167.4955371625555927 15187
454000000 308.98033236966182358 12893.242508037616062 6385.0005982580896671 -3028.2087021435381757 1183.3426467180008785 8229.8666536836262821 15150
455000000 311.70341493007265399 13006.872277128484711 6399.3886359418593202 -3000.0870738484554749 1203.5885351142194395 8195.8871746760960377 15159
456000000 313.98308229767422972 13101.999057473138237 6477.0767341082046187 -2956.8657057351006188 1258.6775932250393453 8175.2648466182663469 15188
457000000 309.12319457905994113 12899.203913726054452 6487.7761274364720521 -2984.9697717470030511 1193.9357696964757451 8278.8101294869993581 15156
458000000 308.98879497213602008 12893.595638559265353 6525.9764942550318665 -2939.0616127568746379 1204.1057489316949614 8260.9323580802119977 15175
459000000 310.6554963713365396 12963.144354374187969 6487.3989582071426412 -2927.6100564388816565 1190.2397263396794642 8224.7692883063464251 15143
460000000 307.31170824622137161 12823.613560093639535 6453.4294305624744084 -2977.1042011467698103 1194.7077136975572103 8235.8259180116874631 15152
461000000 311.92407065599081761 13016.079878671376719 6628.345559331430195 -2897.5111816437929519 1320.7958005004938968 8205.0609404747283406 15139
462000000 308.27799360461733613 12863.935063285176511 6662.2185696684318827 -2847.0933048392980709 1315.1969937575836411 8194.1148807501449483 15168
463000000 310.38135470193441279 12951.704872132542732 6398.484947476369598 -2908.2003314022413178 1162.5773043979997965 8144.1079744806111194 15183
464000000 313.38932888073418326 13077.222701205177145 6479.7047221508883013 -2894.643084414772602 1162.3771069935737614 8211.9706995720880514 15143
465000000 310.1298115175339376 12941.208387606016913 6401.2552239986707718 -2977.367024024467355 1130.355770868261061 8248.2664771548770659 15160
466000000 310.89642252969508718 12973.197807817075955 6503.0467160801272257 -2935.0517923673005498 1251.3216485699599616 8186.7768598774673592 15145
467000000 311.04500179051865416 12979.397776684903874 6573.4536693971913337 -2871.6691185259915073 1249.6135180699820921 8195.5092698532007489 15161
468000000 306.84724830327030531 12804.232408439713254 6483.9302983070801929 -2916.6464848686728146 1148.5598958819277868 8252.0168872938247659 15146
469000000 312.35759500620025619 13034.17013877797217 6413.4420526373587563 -2948.0616806861253281 1138.7707948904030673 8222.7329384330805624 15162
470000000 307.73142122309923252 12841.127494243282854 6557.7103096343507787 -2896.8849202869287183 1209.6834092051944936 8244.9118207160827296 15159
471000000 309.35887479884530649 12909.038462756199806 6459.3054597749915047 -2982.4986578509438004 1211.2421288320297208 8230.5619887939064938 15168
472000000 308.19602751917227579 12860.514752972954739 6580.8026793460912813 -2874.4797870742659143 1227.3827186181865727 8227.8997478021701681 15144
473000000 309.04354864648655621 12895.88041958786016 6584.8518445128893291 -2878.4318030994782021 1303.5770806948696645 8159.706566917498094 15128
474000000 308.63170200415174804 12878.694734677046654 6537.7972447688116517 -2942.1364737674089156 1213.9713423603639058 8265.9623761758557521 15159
475000000 309.10066925476309052 12898.263968887156807 6496.8149299022570631 -2995.5837895126669537 1245.631268421568393 8246.7674509933549416 15151
476000000 308.60049295273466896 12877.392432147691579 6396.3273782532533005 -2958.892713701872708 1163.4171807096033717 8191.8029112455214999 15140
477000000 308.6111852832921727 12877.83860556525724 6425.1628970180427132 -2993.9231451029654636 1182.970650108109794 8236.1153920128981554 15141
478000000 307.72417203714940115 12840.824997603058364 6552.0812470694972944 -2967.4774071827869193 1275.1471980220446767 8244.4114562302384002 15157
479000000 311.24856287543315148 12987.892046895805834 6449.638124649418387 -2946.6713280159256101 1262.850352451605886 8133.4591002137385658 15150
480000000 310.79993424375805944 12969.171509896330463 6427.7607014873055959 -2920.9749772842751554 1251.1712933781197989 8097.5643853934616345 15125
481000000 312.65325749572684799 13046.507649546896573 6497.5682246140931966 -2942.8160740297025768 1221.6892713300574087 8218.6950273137372278 15144
482000000 312.10926644976046873 13023.807795403901764 6512.9733022552200055 -2903.6896508206782528 1220.4007891177475358 8196.2621639581520867 15135
483000000 310.65300069018570639 12963.040213692955149 6636.4094716520976363 -2879.0368781456663783 1212.8461638342801052 8302.6001859634852735 15170
484000000 306.42818951545905293 12786.745772526877772 6596.770384862600622 -2897.637002755708636 1244.8176876883662771 8249.5896999299438903 15130
485000000 308.5329938933170979 12874.575807104081832 6567.989254776000962 -2891.8708001719569438 1286.3556639576115685 8173.5043909903461099 15128
486000000 309.33333965492590778 12907.972923080889814 6516.7129729289863462 -2967.992878471601216 1233.3971781162356365 8251.3086732843512436 15145
487000000 309.01100062106291944 12894.522243869276281 6527.2591066850955031 -2922.6821228018438887 1175.2666362570321326 8274.6745932299072592 15164
488000000 310.20746504001823496 12944.448741738962781 6642.9417717465639726 -2880.0002385496750321 1321.9238076720864683 8201.0182026241527637 15130
489000000 307.54277559812010168 12833.255621712487482 6640.4662756404713946 -2935.3448794994174023 1313.1461056091980026 8262.6650495306912489 15128
490000000 312.05554057044730598 13021.565902576518056 6736.5433347714333649 -2847.6696001770833391 1288.5743834116656217 8295.6385515368529013 15114
491000000 308.30079687936381561 12864.886606540467255 6580.0425878095347798 -2829.6584330964897163 1234.463299528038533 8175.2377213779855083 15154
492000000 308.11467702281390757 12857.120130183686342 6567.8302680715460156 -2891.4839070229063509 1221.7617738385249595 8237.5524012559289986 15159
493000000 309.79151500722377932 12927.091829074279303 6568.0236232174338511 -2841.052049313056159 1222.4321678862033878 8186.6435046442848034 15166
494000000 310.59162955417281182 12960.479296842553595 6559.3649168220872525 -2785.0227258182189871 1203.9435329081436521 8140.4441097321632697 15159
495000000 310.04213278998685155 12937.549698108239681 6607.5141166874209375 -2861.1322535674535175 1250.02131539363927 8218.6250548612351849 15147
496000000 305.61437685195045333 12752.786704820993691 6614.6379731892502605 -2891.7502935518732556 1348.201814925177132 8158.1864518159454747 15126
497000000 309.14846236472260443 12900.25829697980771 6332.8587131762515128 -2927.566958227568648 1114.747999898433136 8145.6776715053856606 15200
498000000 309.90819924639640703 12931.960870999961116 6465.5200848508011404 -2978.7796556716057239 1234.3875326849074554 8209.9122078374984994 15180
499000000 309.44312700134582883 12912.554168983662748 6567.0459829825394991 -2861.0441669638848907 1201.8247982735999813 8226.2653516728241812 15189
500000000 308.21817427923258492 12861.438900947146976 6669.5903124343676609 -2737.7753610531867707 1180.8383601509299297 8226.527313336624502 15150
