# Steps Temp KinEng PotEng Epair Ebond Eangle Bonds
1000000 310.92153381865830397 12974.245660720232991 9170.1168794588465971 -1483.3855428674262384 2275.3161837927268607 8378.1862385335462022 14689
2000000 305.07389191071791856 12730.233154678142455 8769.6327541378595924 -1526.356826182066925 2012.5564486728280826 8283.433131647099799 14808
3000000 311.31690169437746363 12990.743713727168142 8788.5040146602441382 -1612.7423967768802413 2037.2422627686455598 8364.0041486684785923 14796
4000000 307.4819189816066114 12830.716174916928139 8518.042325967708166 -1689.6112339980215893 1862.7159493304397984 8344.9376106352901843 14865
5000000 307.87720060734972094 12847.210628853821618 8608.1816147357349109 -1701.363884582568744 1945.2741810506088314 8364.2713182676925499 14837
6000000 305.03904275898850074 12728.778956732918232 8363.9362043297314813 -1829.9658592242233226 1811.0655087611314684 8382.8365547928260639 14886
7000000 312.6867516750698428 13047.905306716740597 8034.4638406206177024 -1859.8169066609457332 1648.2841264142298314 8245.9966208673322399 14944
8000000 308.53927591938963815 12874.837945748873608 8183.5032644429802531 -1844.9149421634069768 1723.3793619461096114 8305.0388446602773911 14908
9000000 310.38578970893041742 12951.889937700587325 8143.3250327910154738 -1913.0037028309816378 1632.8035609496350844 8423.525174672360663 14968
10000000 309.84082916169523969 12929.1496278597333 7966.4982095515943001 -2012.3266841539389134 1710.4796556478258935 8268.34523805770732 14963
11000000 310.39960481319758401 12952.466419343365487 7963.3635204330403212 -2002.05095896077205 1640.6055588673937109 8324.8089205264186603 14942
12000000 309.59163532616440762 12918.751177808346256 7699.122981703179903 -2059.4838516147428891 1448.1856979635297193 8310.4211353543923906 14990
13000000 306.28042548617753482 12780.579821934230495 7743.2814078275732754 -2083.2233428705967526 1543.573692809400427 8282.9310578887707379 15009
14000000 311.94147594166389581 13016.80617269592949 7835.0729792170895962 -2052.126917667377711 1550.6386530544830293 8336.561243829983141 14984
15000000 307.62603549510430412 12836.729920658244737 7732.5360351099734544 -2125.7772977954182352 1511.3683445363396913 8346.9449883690522256 15006
16000000 311.52536995843718159 12999.442752475484667 7498.6631819102431109 -2283.478254273379207 1374.5126969674688553 8407.6287392161539174 15031
17000000 309.68836073357482519 12922.787370419269791 7687.3508332540641277 -2123.8055622126703383 1422.7829151542991895 8388.3734803124334576 15034
18000000 309.18079426013218836 12901.607453947382965 7643.6489327246699759 -2157.0719054840201352 1458.341755952161293 8342.3790822565279086 15034
19000000 310.29479109975954998 12948.092714987620639 7461.9994448473489683 -2266.0584791371866231 1398.698136300426313 8329.3597876841085963 15040
20000000 311.19648293273417039 12985.718836303814896 7564.4316067382260371 -2239.3135419852219457 1481.1672155928786196 8322.5779331305711821 15054
21000000 311.67044755654785604 13005.496602701416123 7684.6025850359237666 -2209.3265671263588956 1524.8302450174969636 8369.0989071447856986 15061
22000000 310.65767680225224012 12963.235340180151979 7439.1236052769781963 -2253.9049098968239377 1301.4111169869788682 8391.6173981868232659 15086
23000000 309.37094610231929437 12909.542178451903965 7421.9505235754941168 -2288.017349235094116 1401.1280821122900306 8308.8397906982972927 15083
24000000 308.55141161695763685 12875.344348504508162 7294.6439301276477636 -2342.487858489726932 1249.5021425018449008 8387.6296461155288853 15070
25000000 309.88459401402457161 12930.975863368263163 7452.9692650216884431 -2316.7828250009361 1410.8763849174822553 8358.8757051051434246 15064
26000000 307.71693453891361969 12840.522988671973508 7188.953683938825634 -2448.4668089331389638 1319.5765014705928024 8317.8439914013724774 15070
27000000 308.49842886335176217 12873.133465094080748 7058.6888273422391649 -2430.5988261062020683 1270.7429897087363315 8218.5446637397035374 15101
28000000 309.46204529947573292 12913.343598536532227 7508.567529807703977 -2344.8078635634092279 1524.2096041637742019 8329.1657892073399125 15045
29000000 310.38910131318402819 12952.028125514694693 7148.5020473018430494 -2458.1824103844437559 1253.248828282450404 8353.4356294038370834 15095
30000000 307.099359389167887 12814.752590564292404 7184.0794547979739946 -2473.9557350520462933 1365.0110086985832822 8293.0241811514370056 15118
31000000 308.31103258973251968 12865.313725946462 7287.9749611595752867 -2495.770789104296 1311.6721610804338525 8472.0735891834374343 15093
32000000 308.84061874923179403 12887.412487802783289 7182.9194581685042067 -2487.677914991313628 1364.2160789042839042 8306.3812942555341579 15088
33000000 309.37909665826180117 12909.882287783575521 7585.1361838273242029 -2314.9298174214609389 1623.4613104757675046 8276.6046907730160456 15037
34000000 311.62285863100555616 13003.510794889611134 7315.4527189488362637 -2433.3487550748341164 1411.2565045329688473 8337.5449694907001685 15057
35000000 307.82611429750863863 12845.078880931323511 7169.2280902441543731 -2426.2314999824784536 1332.8770113339965064 8262.5825788926376845 15094
36000000 309.75643366797913814 12925.627942324857941 7291.5527023134090996 -2455.6568594107930039 1350.5951592908218117 8396.6144024333807465 15084
37000000 312.65637978028343014 13046.637937360552314 7053.7077499454608187 -2468.3502298066896401 1351.2332679544595067 8170.8247117976907248 15093
38000000 307.58468298972803723 12835.004348431553808 7132.5568305950346257 -2531.5200875163436649 1392.5722336248966258 8271.5046844864809827 15120
39000000 310.99166564044401184 12977.172146619444902 7076.0153997603065363 -2363.1604069383993192 1267.4837163148526997 8171.6920903838527011 15116
40000000 308.62634597049208196 12878.471236176912498 7201.2101976784679209 -2394.5161434410574657 1330.5688223907736756 8265.1575187287508015 15097
41000000 313.50728553667784126 13082.14483899580955 7166.0639713799537276 -2537.4921008457718017 1370.6454529026634646 8332.9106193230618373 15085
42000000 309.52766202090816705 12916.081676703264748 7016.9299044205272367 -2578.3082442658733271 1220.6760232571782581 8374.5621254292218509 15122
43000000 309.18951815385923965 12901.971487724467806 7226.2226489802987999 -2531.5782583251875621 1391.0312651993870077 8366.769642106097308 15107
44000000 308.06191021798088059 12854.918257961371637 6873.1299451826880613 -2548.1161584387818948 1253.1322599298632667 8168.1138436916080536 15150
45000000 305.73324643389446464 12757.746937516320031 7183.7232979457985493 -2444.9037662186092348 1420.982026236917136 8207.6450379274901934 15093
46000000 315.33982959686386494 13158.613897053441178 6987.703465403980772 -2579.9574814056741161 1242.0490302632824751 8325.6119165463715035 15126
47000000 307.72551818296273041 12840.881170060021759 7070.7561439190849342 -2581.8470746000680265 1358.3706349550302548 8294.2325835641240701 15120
48000000 311.12620488666789242 12982.786248705197067 7061.0130191501757508 -2546.9873359895773319 1309.9562531273618333 8298.0441020123926137 15114
49000000 309.8741413339341193 12930.539690171633993 6892.2215159182760544 -2579.2680727767378812 1227.1004286303145818 8244.3891600647002633 15124
50000000 305.9720175973072287 12767.710466554550294 7026.5304593156888586 -2611.7784173207164713 1329.8413521758861862 8308.467524460518689 15120
51000000 307.84498616278642658 12845.866372917429544 7202.4678619926835381 -2422.637329935919297 1400.3096894556947518 8224.7955024729089928 15092
52000000 308.23294603345999576 12862.055302023754848 6981.5848510644373164 -2569.0291131573703751 1154.8081248526450509 8395.8058393691626407 15148
53000000 308.80823045805288984 12886.060977532250035 6948.8972657194353815 -2573.3618224753749928 1276.7689715617075308 8245.490116633101934 15120
54000000 308.11946329026790181 12857.31985327453549 6962.9924234122481721 -2553.4563195479986462 1304.1210635632119192 8212.3276793970362633 15139
55000000 310.83964884457412836 12970.828735052069533 6957.28903209400778 -2600.2319912888897306 1316.8298522550976486 8240.6911711277989525 15120
56000000 310.30046733174367546 12948.32957483867358 7061.7712544032210644 -2547.1689125393168069 1361.9700905688221155 8246.970076373716438 15091
57000000 310.84534777831936481 12971.066542210379339 6876.3470071174579061 -2678.1149945249253506 1284.0496508561955125 8270.4123507861877442 15130
58000000 309.25315318751432869 12904.626873310435258 7023.9629067624091476 -2590.1131204660423464 1323.2408754993659841 8290.8351517290848278 15101
59000000 308.82216500388187796 12886.642443275504775 7247.9508347582959686 -2605.259917705123371 1479.8929895709816265 8373.3177628924368037 15090
60000000 310.98664046773802738 12976.962454404259915 6888.8715849644322589 -2588.7184634020441081 1275.0194322488309808 8202.5706161176458409 15120
61000000 309.30507484408002483 12906.793478881691044 6841.7635032534017228 -2666.6724023590359138 1211.165499547526224 8297.2704060649120947 15140
62000000 310.26042945653586003 12946.658859972772916 6858.3880178684521525 -2649.9578860374172109 1201.0979341592928904 8307.2479697465751087 15144
63000000 309.13721453886239487 12899.788943654333707 6994.6064922037876386 -2558.3572494335512602 1327.4347434759069984 8225.5289981614332646 15130
64000000 311.20619634488031124 12986.124161061607083 7100.3899670892587892 -2448.0637469280682126 1247.1925615697184639 8301.2611524476087652 15121
65000000 306.81098384153682446 12802.719151929282816 7076.0501295044659855 -2453.1428053319482387 1327.9422054563929123 8201.2507293800208572 15116
66000000 308.72018517868531262 12882.386992428188023 7085.3699279514876253 -2483.2430584075577826 1298.3738823379583209 8270.2391040210859501 15093
67000000 306.88237897462875026 12805.698353737332582 7056.1258211925232899 -2633.2838749567590639 1341.9215004744401085 8347.4881956748431548 15114
68000000 311.63939541239312803 13004.200847654772588 6943.6588727865619148 -2571.8706663728007698 1266.1136164472775363 8249.4159227120853757 15137
69000000 309.5133953749794955 12915.486352967529456 6677.199717615472764 -2722.9483334275246307 1147.5810251391878865 8252.5670259038088261 15163
70000000 306.92800292704521326 12807.602166443370152 6883.3610046000012517 -2707.0902772517824815 1266.5968918145449607 8323.8543900372387725 15142
71000000 309.39151221411071901 12910.400368566273755 7064.5492653695018817 -2633.3434937834445009 1386.0907801823900627 8311.8019789705558651 15102
72000000 311.40441980142679768 12994.395700795008452 6737.1835921851088642 -2781.6414509477417596 1227.104598327418671 8291.7204448054308159 15131
73000000 306.45196955523192628 12787.738074584718561 6851.3850296621412781 -2636.7664973749706405 1375.709166069888397 8112.4423609672248858 15092
74000000 308.34035586333419587 12866.537338060463298 7083.3574471031788562 -2677.5833594249334055 1353.5359655197480606 8407.4048410083632916 15113
75000000 309.55412125084814079 12917.185776972610256 6636.6011846130495542 -2789.6723630671076535 1201.8153502748054962 8224.458197405350802 15158
76000000 313.75660467001284815 13092.548517519062443 7025.1381375751316227 -2573.1301975401679556 1353.6428690616121457 8244.6254660536869778 15101
77000000 309.04510762239021915 12895.945473095429406 7080.8046308318935189 -2574.7681525544289798 1442.670248633215806 8212.9025347531078296 15083
78000000 309.67837753264603862 12922.370787818059398 6904.2395672573929915 -2528.8122010958095416 1269.1705012692859782 8163.8812670839170096 15097
79000000 307.32845042401606861 12824.31218371399882 6877.0937157099870092 -2629.1865662497575613 1235.784148093070371 8270.4961338666744268 15134
80000000 304.80569026410773859 12719.041539845316947 6824.7113065887842822 -2629.5689574011898912 1176.5073143403533322 8277.772949649621296 15137
81000000 310.71143456827127238 12965.478563587474127 6972.8871225112998218 -2549.1913337797718668 1306.6687527198293992 8215.409703571243881 15128
82000000 310.67654950654087997 12964.022867176805448 6751.0280873322244588 -2718.7998941576088328 1157.1390686818692757 8312.6889128079656075 15148
83000000 311.76387682925496847 13009.3952530171955 6897.5270504648906353 -2748.3484955768699365 1317.2056698453216086 8328.6698761964398727 15112
84000000 309.61260163311487759 12919.626067410337782 6987.3296220680686019 -2694.9745825853524366 1400.1242757082536627 8282.1799289451664663 15133
85000000 310.19242550732604968 12943.821166706207805 6923.9545212551602162 -2650.6576439802247478 1300.8419759285570763 8273.7701893068297068 15119
86000000 312.13449473535530387 13024.860530384608865 6992.0846014823582664 -2631.9771373418889198 1313.9639933623629986 8310.0977454618841875 15106
87000000 310.63237142725722606 12962.179388385211496 6818.2539797692134016 -2662.7876709406782538 1173.5502435371845422 8307.4914071727071132 15161
88000000 304.95718280143995571 12725.363074963755935 7053.2352968519489878 -2566.9310477746885226 1348.4064806733463229 8271.7598639532916422 15108
89000000 307.40501030414304751 12827.50690194506933 6842.1805810659452618 -2685.3439839112365917 1227.6008133983852986 8299.923751578797237 15152
90000000 308.33410870711014695 12866.276654477258489 6818.3150168443680741 -2706.3985215968659759 1288.4776246747373989 8236.2359137664971058 15117
91000000 312.51064662151065932 13040.556731663384198 6798.8432561679819628 -2612.4537680301459659 1229.1495239144305742 8182.1475002836978092 15136
92000000 308.94057371008352675 12891.583444381991285 6858.1226405964989681 -2663.3069491435867349 1254.2662144464266021 8267.1633752936577366 15111
93000000 308.05087704776241253 12854.457861863767903 6688.1397787818395955 -2769.5069117082975936 1200.8056565177191715 8256.8410339724177902 15149
94000000 306.06425337209117288 12771.559314159463611 6674.3197635396918486 -2698.3734811651115706 1202.9649062904131824 8169.7283384143902367 15145
95000000 312.49897737043636425 13040.069792954909644 6617.3087645635569061 -2774.1390823337324036 1190.7442548622711911 8200.7035920350190281 15155
96000000 304.42192045341079165 12703.027455069655844 6545.9764429253227718 -2763.4814792820507137 1187.7521254373821193 8121.7057967699911387 15152
97000000 306.68563038779768704 12797.488357898208051 6860.8371300962089663 -2742.9667875579198153 1391.2668725173989515 8212.5370451367307396 15115
98000000 308.21375930976643076 12861.254671512360801 6691.163907276439204 -2854.2065974620591078 1241.6312112549112499 8303.7392934835879714 15142
99000000 312.71319157458742666 13049.008600359264165 6835.082829082563876 -2695.873914483579938 1243.1252916483997524 8287.8314519177438342 15121
100000000 308.31886230267207338 12865.640447025838512 6776.0116981164846948 -2752.5909885714390839 1265.3972047605734588 8263.2054819273489557 15147
101000000 307.34087199107381139 12824.830515334580923 6907.9488842637638299 -2718.0700902441722064 1328.8345679962378654 8297.1844065116983984 15124
102000000 308.26001042821638976 12863.184654828353814 6581.5845092419967841 -2786.6993937257875587 1181.3682114407226891 8186.9156915270623358 15146
103000000 309.1202291359373362 12899.080170648199783 6643.0402414363443313 -2856.954830709792077 1253.8000339783770869 8246.1950381677597761 15152
104000000 308.55751095273836881 12875.598863783056004 6612.2041935417873901 -2784.464607685984447 1175.4672759648849478 8221.2015252628880262 15184
105000000 308.01634069271545968 12853.016716411080779 6832.980362725107625 -2705.7545772138728353 1270.322572190046003 8268.4123677489351394 15127
106000000 309.19745405688905748 12902.302639942146925 6846.4131110324851761 -2674.0607771117347511 1291.4979229946256964 8228.9759651495951402 15122
107000000 310.06367484564469805 12938.448612759499156 6819.3623691591619718 -2657.0708038031998512 1162.5517379040122705 8313.8814350583488704 15145
108000000 310.85469402370989656 12971.456545701656069 6550.660216403344748 -2800.4639297297726444 1154.3370972533125496 8196.7870488798071165 15176
109000000 311.87338475892164524 13013.9648393171301 6744.3088145676447311 -2697.5650171079932989 1211.1693113148530756 8230.7045203607849544 15167
110000000 309.59884751537435932 12919.052130635292997 7021.4658919895136933 -2711.8929884147055418 1279.4942048953671474 8453.8646755088520877 15126
111000000 308.76543937869661249 12884.275375972791153 6847.40007026346575 -2728.9837784186292993 1306.5071195114771854 8269.8767291706171818 15110
112000000 309.46294858288297291 12913.381291071633314 6912.3630893379213376 -2651.9939894849499069 1305.0769078163293671 8259.2801710065396037 15094
113000000 313.01603279825462778 13061.645667929962656 6550.3762219468089825 -2702.4453568371309302 1053.6475162762972104 8199.1740625076436118 15148
114000000 310.82247772543161091 12970.112212412777808 6700.2075318256593164 -2728.2496092545475221 1341.3985120272752738 8087.0586290529317921 15121
115000000 310.08933372893483238 12939.519315875802931 6703.652615078416602 -2788.6263612717921205 1310.4510576389727703 8181.8279187112366344 15123
116000000 313.54192358999546286 13083.59022815053504 6809.349230583949975 -2740.1063954718110836 1265.5673105958424003 8283.8883154599188856 15139
117000000 313.14569460671862089 13067.056242537528306 6696.3978114933006509 -2739.9096231774910848 1205.4218739100551829 8230.8855607607365528 15144
118000000 305.92076406337798744 12765.571740645118552 6664.4525339542124129 -2716.9282773637696664 1187.6006212093736849 8193.7801901086095313 15141
119000000 309.58961900099171771 12918.667039865884362 6817.648549154921966 -2632.9250040948095375 1237.3535474410598454 8213.220005808670976 15141
120000000 310.40295920353173642 12952.606392550440432 6760.6141826366529131 -2720.2730596699720991 1295.1642124616469118 8185.723029844978555 15152
121000000 308.17045172911593909 12859.447517201013397 6609.3741972885654832 -2789.3303858991112065 1231.1942629845157171 8167.5103202031623368 15112
122000000 308.49444045634811573 12872.967035411245888 6638.2878913682707207 -2833.4583496374625611 1189.8836546764123341 8281.8625863293218572 15171
123000000 313.16443020266535768 13067.838048227948093 6784.9742585593285185 -2745.5779776698391288 1283.7243606603315129 8246.8278755688352248 15114
124000000 307.08973643357381889 12814.351040410057976 6793.2993229433723172 -2643.6247842349175698 1246.037291434908866 8190.8868157433826127 15164
125000000 308.0540558088941907 12854.59050635227868 6563.2786124715057667 -2809.8753958454285566 1154.4056231939300687 8218.748385123004482 15155
126000000 312.70894421938669439 13048.831365192867452 6625.9389179151266944 -2792.3785479853067955 1208.7460210468464084 8209.5714448535873089 15144
127000000 308.65028888321973 12879.470334656025443 6647.6935907659935765 -2700.5797709622243019 1131.2911752556228748 8216.9821864725963678 15161
128000000 310.04460431404470455 12937.652830753600938 6862.170898925522124 -2628.6998101300587223 1270.0386449532165898 8220.8320641023638018 15134
129000000 308.63701732541170486 12878.916534315512763 6827.1827721096142341 -2657.849212811012876 1272.6248643625262957 8212.4071205581003596 15142
130000000 310.61555695030909874 12961.477747839757285 6810.6549544953832083 -2658.8508209714459554 1209.9026804314348738 8259.6030950353924709 15117
131000000 312.34591040893360514 13033.682559698061596 6845.4755335681029464 -2624.7508783670509729 1194.8599058315280672 8275.3665061036244879 15119
132000000 310.77728884371464346 12968.22655449346712 6590.8276414187657792 -2798.755306675951033 1150.9889385392714303 8238.5940095554451545 15137
133000000 309.49886654993679258 12914.880088927369798 7021.9917465501293918 -2619.8627791270855596 1361.933378550548241 8279.9211471266680746 15100
134000000 308.69991085016926036 12881.540977951342938 6716.5478813845238619 -2745.4729268878622861 1287.3247086755072814 8174.6960995968784118 15143
135000000 311.66146477554434568 13005.121765982888974 6841.0703990827569214 -2702.3841445587322596 1271.8957911988561591 8271.5587524426318851 15124
136000000 309.4397195945156227 12912.411983485160818 6786.4367566220907975 -2739.7346275329159653 1315.0063615883152579 8211.1650225666908227 15129
137000000 309.66642794986501031 12921.872151327237589 6874.209239802976299 -2874.2043234799375568 1384.4306888786156833 8363.9828744042988546 15123
138000000 310.13205818344317777 12941.302137289629172 6567.5721927599097398 -2803.0475433724077448 1229.0790207107506831 8141.5407154215672563 15172
139000000 311.52854812302575738 12999.575372071225502 6604.9476620813393311 -2784.5742806656598987 1157.1209693948926542 8232.4009733521052112 15164
140000000 311.28724467897615114 12989.506175115238875 6727.916104015926976 -2791.9246721252670795 1242.1589109371529958 8277.6818652040419693 15110
141000000 309.1232349428508428 12899.20559804084769 6739.1473431676458858 -2758.4725894497796617 1281.8746992524154393 8215.7452333650089713 15141
142000000 307.23612422307684255 12820.459562773934522 6753.2859344198895997 -2843.4245496757266665 1232.682766438374756 8364.0277176572417375 15168
143000000 309.61614559208175024 12919.773951005543495 6568.4937587771109975 -2804.0423797779585584 1155.6743126597086757 8216.8618258953611075 15148
144000000 303.74803425068910201 12674.907289077613314 6689.5191084915804822 -2754.158005023815349 1279.6040790535112137 8164.0730344618841627 15146
145000000 308.61911615180997615 12878.169547701007104 6617.9386236437876505 -2861.3042177411216471 1267.3359167170924593 8211.9069246678172931 15151
146000000 308.51027895774348053 12873.627950097588837 6612.2636048580689021 -2868.0272098146119788 1241.4679460854440549 8238.8228685872345523 15134
147000000 309.72136653265295081 12924.164648281657719 6699.1196265137441515 -2676.6482020775083583 1245.4166566956114366 8130.351171895639709 15130
148000000 308.79276125646532591 12885.415473121194736 6845.7261486761108245 -2658.1415196951238613 1288.0136211162507607 8215.8540472549830156 15141
149000000 312.57022393312632857 13043.042795163757546 6735.5726310114732769 -2792.8102835266527109 1234.6465225314573217 8293.7363920066673018 15166
150000000 305.50941365243551218 12748.406762656431965 6513.5402710371881767 -2883.0741202701192378 1164.9101260341949455 8231.704265273112469 15162
151000000 309.57789421048403256 12918.177783587945669 6750.4106451285888397 -2800.5746565672684483 1317.8096537500659906 8233.1756479457908426 15144
152000000 309.35619198257541029 12908.926513233371224 6835.9843278029857174 -2683.5180700211949443 1234.9690657909263791 8284.5333320332538278 15125
153000000 312.38853827233623406 13035.461350523464716 6761.3620718370439135 -2733.9835828443201535 1345.2700050519833894 8150.0756496293815871 15111
154000000 309.73193611856760299 12924.605699766590988 6712.1454551606420864 -2846.6932049536517297 1327.2924286374327494 8231.5462314768610668 15125
155000000 306.00999079918290136 12769.295025988592897 6647.2124684859118133 -2767.9850182828413381 1130.6807280757507215 8284.5167586930019752 15149
156000000 308.07412670519488529 12855.428031936427942 6583.9541918503837223 -2823.823086938668439 1125.5945991981834595 8282.1826795908673375 15157
157000000 307.23177107041328782 12820.277912852934605 6660.8198792909443 -2861.4258102550502372 1236.0646656356216226 8286.1810239103724598 15121
158000000 308.60073301579939198 12877.402449585651993 6682.4878300271957414 -2915.3252533783684157 1299.4185136684909594 8298.394569737072743 15153
159000000 311.33691767597440503 12991.578947810794489 6422.1555887065678689 -2824.6252578124790489 1139.2942838968115211 8107.4865626222344872 15187
160000000 307.42117056149436394 12828.181242979739181 6474.6159133800483687 -2836.2996838596773159 1164.2944666058519942 8146.6211306338736904 15184
161000000 309.83293679145805299 12928.820292194091962 6514.6448508775620212 -2815.7205341613789642 1160.8557411016015521 8169.5096439373392059 15145
162000000 316.54223260414511287 13208.788202474032005 6835.2095584547259932 -2784.2525676761324576 1335.4795858658931138 8283.9825402649657917 15115
163000000 310.95509632309239123 12975.646168984067117 6540.5978668363150064 -2789.7969664493425626 1212.97329367356906 8117.4215396120871446 15150
164000000 311.26631041798879096 12988.632622738728969 6319.6981271796094006 -2904.9485225632997754 1077.4914701555489955 8147.1551795873601804 15160
165000000 307.12986596110465598 12816.025579777078747 6320.6944618366442228 -2879.7306767450672851 1081.2424445571637079 8119.1826940245464357 15168
166000000 309.34052339730106951 12908.272688868077239 6625.6726975637066062 -2798.9264099512438406 1222.9271587861651369 8201.6719487287846277 15147
167000000 309.59905371541543673 12919.060735024817404 6409.3379876724111455 -2904.1926106658420395 1173.3977846012267037 8140.1328137370264812 15169
168000000 309.32825357794160936 12907.760689430060665 6754.1321141535272545 -2838.1646746337723926 1277.2460223277653313 8315.0507664595334063 15127
169000000 312.08738802280470281 13022.894844530064802 6767.0535609650614788 -2824.1076742862023821 1266.8785489382867127 8324.2826863129776029 15091
170000000 310.81486723003263251 12969.794638921828664 6674.9506466727425504 -2760.020042939429004 1260.3953750131372544 8174.5753145990347548 15118
171000000 308.28149123662922193 12864.081013732531574 6633.1860278262356587 -2799.2146287589366693 1245.8904275440909259 8186.5102290410814021 15143
172000000 308.02842145408993701 12853.520826769459745 6589.2229242614594114 -2753.8787551951913883 1221.5610323384817093 8121.5406471181686356 15143
173000000 310.75550288111190866 12967.31746200543239 6660.3861029042527662 -2833.5944735645489345 1306.6474938010178448 8187.3330826677847654 15140
174000000 307.1622440172440065 12817.376662956199652 6552.1939464836059415 -2846.1694175899592665 1194.8240760652522567 8203.5392880083127238 15174
175000000 309.32156500643577601 12907.481586311116189 6807.1617996514896731 -2771.5766922727380006 1341.8900205587278833 8236.8484713654997904 15154
176000000 313.44292586784808918 13079.459215572484027 6718.2120574122809558 -2816.6079654661984932 1272.6933172439953523 8262.1267056344840967 15158
177000000 310.42509578762269484 12953.530115898121949 6661.3174607510964051 -2839.9987230770257156 1225.5124287237636054 8275.8037551043580606 15139
178000000 311.16468820089397695 12984.392094290982641 6687.1114521179988515 -2883.1859074257190514 1321.4417729897249956 8248.8555865539929073 15130
179000000 311.87673318172790005 13014.104563509052241 6765.7452486139345638 -2772.8169646600931628 1303.0547013610066642 8235.5075119130215171 15110
180000000 310.31468652794131913 12948.922918574953655 6649.7819432189180588 -2890.8355035572776615 1343.8333915244234049 8196.7840552517718606 15132
181000000 312.33526456245317604 13033.238325984792027 6498.6577736555027514 -2858.5300977817178136 1179.353042040215314 8177.8348293970047962 15166
182000000 313.06408234080407738 13063.650696534012241 6665.2947721640575764 -2849.9700657057496755 1268.1351947043062864 8247.1296431655009656 15117
183000000 314.83730313473347451 13137.644291987440738 6595.3676295390132509 -2793.6988436429865033 1221.3563646243212588 8167.7101085576778132 15096
184000000 306.26514889986975732 12779.942355042889176 6603.4942097617358741 -2903.0867346299919518 1279.2035645961827868 8227.3773797955436748 15132
185000000 312.10919205407287791 13023.804690993874829 6793.7074877274899336 -2890.6920261544146342 1427.5634672133828644 8256.8360466685226129 15088
186000000 308.22252480275307107 12861.620441158320318 6738.8218604833655263 -2923.2427486548490378 1302.78018573977306 8359.2844233984415041 15123
187000000 306.03114690408784782 12770.177835547934592 6813.2480502558628359 -2806.3915617009342895 1314.1702075637222151 8305.4694043930740008 15134
188000000 307.79184136806253491 12843.64872779691359 6645.1449756731799425 -2906.6306065461822072 1337.4832537788274749 8214.2923284405333106 15132
189000000 310.88317402955914304 12972.644969635401139 6557.0997811492143228 -2849.8199204199004271 1195.7568671486974381 8211.1628344204182213 15163
190000000 312.40722204414731777 13036.240993677700317 6675.6812881981377359 -2909.0765240158380038 1363.1664905208815526 8221.5913216930948693 15101
191000000 311.69557909113279948 13006.54530042116312 6603.3678413125380757 -2849.5153745041466209 1272.9755295498316627 8179.9076862668525791 15120
192000000 307.87573085118719973 12847.149298339722009 6481.4777026983110773 -2859.3241460348594956 1209.1125689694540597 8131.6892797637165131 15122
193000000 308.01722458633361157 12853.053599842083713 6466.4224941907705215 -2918.643152104771616 1265.333387674550977 8119.7322586209902511 15148
194000000 303.87156778683959146 12680.062140932579496 6412.6080495294345383 -2862.6780931519574551 1239.6505676599508661 8035.6355750214415821 15127
195000000 312.27619619924297467 13030.773500066647102 6536.091498174246226 -2908.6853410547596468 1184.0879506915389356 8260.6888885374683014 15182
196000000 307.80860716152994883 12844.348336860562995 6345.1840350813017722 -2964.7659095614990292 1227.7742128501090519 8082.1757317926922042 15126
197000000 307.82620441703869574 12845.082641471506577 6725.4302153726694087 -2800.4718064182798116 1279.6156988131458547 8246.2863229778031382 15138
198000000 309.5817646900688942 12918.339292353010023 6794.9636865804304762 -2823.5102864925584072 1315.979268752400003 8302.4947043205902446 15104
199000000 311.89840817179504029 13015.009025295184983 6642.1940902393780561 -2840.4466546674966594 1251.7072712360993592 8230.933473670775129 15124
200000000 308.75158697396369689 12883.697337842755587 6471.5445366409840062 -2903.9580567074090141 1217.9009021149440741 8157.6016912334489462 15141
201000000 311.1972741996552827 12985.751854574667959 6647.6967366753269744 -2860.2230480777661796 1306.1655967385154327 8201.7541880145781761 15137
202000000 307.8834773324462617 12847.472546297580266 6693.3119497805746505 -2842.3525123202348368 1235.4742554223812476 8300.1902066784277849 15130
203000000 307.17499175435642655 12817.908605118207561 6578.256560227186128 -2831.0886973644583122 1200.2257644803194125 8209.1194931113241182 15133
204000000 307.06139921740788168 12813.168574855606494 6729.7406514776685071 -2757.31771125956584 1345.7525636800014581 8141.3057990572324343 15131
205000000 312.68828738382467236 13047.969389324347503 6756.1456342934779968 -2932.4942502553030863 1287.8012634392866858 8400.8386211094930331 15124
206000000 312.19699291269779451 13027.468476821222794 6520.6322224097903018 -2907.7969882461306952 1255.4901854002048367 8172.9390252557159329 15122
207000000 309.65188956349169302 12921.265488308434215 6571.0593514711272292 -2909.9485691339823461 1150.4277922109295105 8330.5801283941800648 15144
208000000 309.26150221720217814 12904.975264625982163 6454.9736586119443018 -2906.6295736659321847 1231.899989479960368 8129.7032427979156637 15163
209000000 307.02614352969686706 12811.697412830633766 6526.256052334627384 -2939.4799301843927424 1294.3427941430786632 8171.3931883759414632 15150
210000000 308.23503428554090533 12862.142441358128053 6491.2466184399199847 -3002.3615514621601505 1349.7228719830670798 8143.8852979190132828 15146
211000000 309.07753171982176355 12897.298477502159585 6565.4594668732916034 -2936.0957021473814166 1204.1179822243764193 8297.4371867962963734 15142
212000000 312.08144204650545817 13022.646728691153839 6554.9646196774674536 -2983.9557892279071893 1311.5255666824689342 8227.3948422229041171 15150
213000000 314.68116185322622869 13131.128772399029913 6442.9790204264299973 -3026.6016003159238608 1189.6475244096268398 8279.9330963327283825 15166
214000000 310.91831701495050311 12974.111428777418041 6400.013937877582066 -3003.1544094998935179 1267.0082465539871919 8136.1601008234893015 15155
215000000 310.32787223588513825 12949.47313654143727 6549.8603631554669846 -2938.1012130930675994 1265.885353164038861 8222.076223084495723 15118
216000000 312.93654958002724698 13058.328963594558445 6488.2053389167967907 -2943.1334326664887158 1207.2977756341040276 8224.0409959491807967 15164
217000000 309.51548041060624428 12915.573358084546271 6302.246815066668205 -2956.1793885219781259 1125.24887953994903 8133.1773240486973009 15174
218000000 310.75362707592660172 12967.23918773157493 6555.8148845653258832 -2949.4912999129501259 1216.97486964466475 8288.3313148336128506 15165
219000000 312.22217705823703682 13028.519369909805391 6445.4096323731919256 -2934.3004017775647299 1249.296351437326166 8130.4136827134307168 15150
220000000 311.09897310644703339 12981.649911179698393 6574.1546565603484851 -2863.4816148941727079 1154.3418882928615403 8283.2943831616594252 15133
221000000 310.25145431854093658 12946.284342184457273 6746.1773801220242603 -2797.959326201993008 1288.0113464052622021 8256.1253599187548389 15137
222000000 306.67573449274169661 12797.075418427877594 6733.9453080555576889 -2924.8838501295294918 1351.0435889938062246 8307.7855691912809561 15126
223000000 309.79335486806445488 12927.168603449586954 6534.1288707026833436 -2934.6761091738712821 1267.3517620232901209 8201.4532178532645048 15132
224000000 312.34650038153932883 13033.707178287277202 6495.447194232901893 -2937.8649580902210801 1209.8035857324139215 8223.508566590708142 15166
225000000 309.40675640412638359 12911.036483613477685 6539.9245829469073215 -3000.4688281362746238 1260.2625946256616771 8280.1308164575202682 15145
226000000 305.65934006034854065 12754.662945762835079 6519.7026874681341724 -2990.5675109900425923 1276.1397630707867847 8234.1304353873892978 15137
227000000 306.78991581047313275 12801.840017546885065 6624.1266334070132871 -2875.351324491248306 1235.763582444004669 8263.7143754542557872 15151
228000000 310.66034789113393799 12963.346800338305911 6609.0827215730269018 -2847.7314624068221747 1269.2584662642634612 8187.5557177155851605 15142
229000000 308.36738894392976817 12867.665384176489169 6783.5959445822345515 -2814.3308279357697756 1322.0818436509841831 8275.8449288670199167 15096
230000000 307.10982422196599373 12815.189270873481291 6683.1338798314882297 -2965.2679951378599981 1245.2459327032647707 8403.1559422660830023 15145
231000000 308.59213178908458985 12877.043534501801332 6555.0849733450013446 -2993.9684063507183964 1287.6418996151837746 8261.4114800805364212 15145
232000000 310.98811227508724642 12977.023870511016867 6556.1881357721103996 -2858.9061543013576738 1165.774078545780867 8249.3202115276872064 15179
233000000 312.01333406307725227 13019.804694247282896 6688.3726646549257566 -2783.6537801307990776 1255.3752577556942924 8216.6511870300291775 15142
234000000 310.74484366747168451 12966.872670502509209 6531.6656018897929243 -2867.1652546702516702 1162.3979207883191975 8236.4329357717251696 15143
235000000 309.35211965827170388 12908.756581819237908 6695.9550111196067519 -2897.8022429774528064 1320.9251382303834816 8272.8321158666767587 15134
236000000 311.79689821564716112 13010.773181312633824 6492.523841353617172 -2959.3705873373419308 1208.9949270560462082 8242.8995016349126672 15145
237000000 311.0533991781471741 12979.748185898002703 6354.4047433976138564 -3006.9651749789231872 1180.5589678384426406 8180.8109505380944029 15165
238000000 313.90807573186162927 13098.869156500801182 6278.5835804592261411 -3062.5942522815412303 1170.3680098166882999 8170.8098229240786168 15169
239000000 307.98074156577825988 12851.531223230478645 6437.0903746394596965 -2922.9463204155363201 1231.4297281863159697 8128.6069668686805016 15201
240000000 309.38298236700234156 12910.044432036327635 6328.5232931679011017 -3082.0008873540791683 1213.8738954981567986 8196.6502850238248357 15136
241000000 311.58878434347593611 13002.088930756581249 6202.2039754470733897 -3138.418503137809239 1151.6451693284413977 8188.9773092564410035 15180
242000000 306.94447900217375036 12808.289686035906925 6451.2965065395974307 -3075.8861656113740537 1282.4603069207246335 8244.7223652302473056 15141
243000000 310.96532095660643336 12976.072826171084671 6243.1967170087809791 -3054.2617720013367943 1126.4846795770877179 8170.9738094330296008 15170
244000000 313.1446613243815591 13067.013125360299455 6492.2176267161885335 -2943.5091210639084238 1160.0762663616683312 8275.6504814184299903 15158
245000000 307.79270501036967289 12843.684766173921162 6374.5924114642330096 -2944.2332514487538901 1218.65329323233982 8100.1723696806466251 15140
246000000 311.77910762679596246 13010.030809218396826 6418.4843027945998983 -3025.0267580456729775 1213.2084448565651655 8230.302615983708165 15163
247000000 312.83826656334269956 13054.227774503275214 6523.1548947851588309 -2974.5438991773758062 1289.6411102925026171 8208.0576836700329295 15140
248000000 310.05304454997616403 12938.00502795610555 6620.8197737348773444 -2944.1827645389071222 1267.9334317627603923 8297.0691065110240743 15164
249000000 309.30354265834887428 12906.729543284083775 6379.4704249462338339 -2924.9659864183176978 1149.2537478436108813 8155.1826635209417873 15147
250000000 310.7484603803421237 12967.02358999878561 6582.1809721734844061 -2913.619973205624774 1255.3691348664838188 8240.431810512625816 15138
251000000 307.41042498147015749 12827.73284754926317 6486.0500120821398014 -2919.843964113558286 1143.1225669561263203 8262.7714092395726766 15150
252000000 307.31637184625475356 12823.808164474216028 6466.9977749736171972 -3046.2438586475200282 1242.2966854112682995 8270.9449482098680164 15156
253000000 307.18253124342288629 12818.22321563136029 6453.8898757544493492 -2958.2018020684881776 1182.7260414939148632 8229.365636329021072 15177
254000000 305.48851821105085946 12747.534830158274417 6390.0797815927817282 -3001.5039702743351882 1230.8331591538376415 8160.7505927132788202 15146
255000000 310.5483715102586757 12958.674209617969609 6462.9513146978979421 -2896.5252423768274639 1258.5000773733581809 8100.9764797013676798 15147
256000000 308.86575198668873554 12888.46125658058736 6388.3182755051893764 -3030.4329965179927058 1133.5133831173336603 8285.237888905849104 15166
257000000 311.85491944337746872 13013.194311984620072 6505.1690173430679351 -2926.7498799960685574 1169.9644041083936372 8261.9544932307435374 15175
258000000 307.52408592619264027 12832.475732356073422 6628.023652617260268 -2873.9199178157350616 1320.8454991486300969 8181.098071284364778 15131
259000000 311.28717575736607159 12989.503299129490188 6573.6422211005310601 -2957.6699181039871291 1243.2039791787390186 8288.1081600257784885 15146
260000000 310.05688064555153005 12938.165101932847392 6402.2387013391889923 -2932.1661475517994404 1211.6814608476076955 8122.7233880433814193 15188
261000000 309.58989075080074826 12918.678379539716843 6403.0922323269915069 -2973.1318339114786795 1217.9451404965566326 8158.2789257419135538 15148
262000000 310.58631038910669986 12960.257336808361288 6485.7169210811298399 -3019.5667542549895188 1276.3088441537329345 8228.9748311823859694 15161
263000000 308.15341884061678002 12858.736762699754763 6417.8871416834508636 -2965.5173772822417959 1194.4585097671129006 8188.9460091985793042 15144
264000000 310.16675001151259039 12942.749770376551169 6498.9680751690439138 -3025.321858049959701 1196.6496387695178782 8327.6402944494839176 15167
265000000 306.49425317870526442 12789.502500842465452 6298.0359964848048548 -3010.5105590906409816 1153.1919779921049667 8155.3545775833417792 15194
266000000 308.21026172019588785 12861.10872283601384 6318.1415576255712949 -2978.2859120397106381 1141.1427119610711998 8155.284757704211188 15201
267000000 308.42777685898516893 12870.185272828925008 6398.3432718360436411 -2938.0616874009429011 1192.1595543171804366 8144.2454049198067878 15173
268000000 310.54258262391147127 12958.432648885111121 6543.9435745069813493 -2859.4959821548918626 1220.7434070635549688 8182.6961495983177883 15151
269000000 309.52796100991872663 12916.094153024299885 6589.9245619844932662 -2941.445738883499871 1285.6224652275566314 8245.747835640435369 15130
270000000 308.32754006655716239 12866.002555880275395 6491.790101419610437 -2913.6676272796239573 1259.8655749729032323 8145.592153726331162 15143
271000000 309.76145166198506331 12925.837334984662448 6602.8248019069196744 -2917.1956221890804954 1290.9442498278392577 8229.0761742681606847 15136
272000000 309.67526463324020369 12922.240891631352497 6580.0764037243698112 -2999.7908341996640047 1187.0714039199033323 8392.7958340041313932 15181
273000000 314.24159783191811357 13112.786486723211056 6759.0625833474387036 -2858.8961157711646592 1301.0491309854528481 8316.9095681331509695 15128
274000000 307.93890577402811459 12849.785484256046402 6494.3647873547561176 -2901.1846713415034174 1191.7790044590724392 8203.770454237186641 15155
275000000 308.96478228602995841 12892.593628551507209 6434.4261268073769315 -3042.8948155784491973 1287.195185503770972 8190.1257568820547021 15144
276000000 309.36902427919341108 12909.461983924862579 6289.968193585096742 -3009.1509634085987273 1105.1554447179196359 8193.9637122757740144 15157
277000000 309.99027801123372683 12935.385883238413953 6516.5004271000652807 -2953.6571192524488652 1274.6008057912404183 8195.556740561274637 15144
278000000 310.35279165041367833 12950.512982839130927 6632.9047035901658091 -2867.9829749037162401 1254.7086329923731682 8246.179045501508881 15133
279000000 310.82494184606917997 12970.215036125553524 6531.7070606216138913 -2979.1634044045295013 1280.9678623954387149 8229.9026026307055872 15138
280000000 311.31062725512975931 12990.481891668132448 6540.6146639450444127 -2872.8075127716842871 1184.4803169162255472 8228.9418598005031527 15153
281000000 307.97968748242209358 12851.487238060837626 6494.4956490630820554 -2844.8907346450782825 1158.0599534634689007 8181.3264302446914371 15153
282000000 306.48851438994557839 12789.263030599768172 6492.5302390602919331 -2894.108948891662294 1159.9666507391898449 8226.6725372127639275 15143
283000000 310.44808175626474167 12954.489282670036118 6631.4549534811185367 -2893.8297450906889026 1303.2194091708470296 8222.0652894009617739 15128
284000000 309.68200844115204973 12922.522299674927126 6428.1222188968768023 -3010.4279670939004063 1219.2726808815696131 8219.277505109206686 15133
285000000 311.67963883200917508 13005.880139551713 6494.7049725819997548 -2975.8844592615182592 1278.8980152641634049 8191.6914165793541542 15139
286000000 310.74615582087386656 12966.927424511904974 6567.648018640535156 -2905.3046211882519856 1265.5515513102764089 8207.4010885185107327 15167
287000000 311.29327234551334413 12989.757699753799898 6595.9617768901762247 -2922.0855503980324102 1255.8811437672529792 8262.1661835209561104 15169
288000000 309.28477203217278202 12905.946275839647569 6464.7412208782407106 -3036.2876887773090857 1268.2488257774825797 8232.7800838780658523 15182
289000000 310.08215774882495452 12939.219873995216403 6534.8137338376736807 -2908.0480711917853114 1239.0271147838629986 8203.8346902455959935 15133
290000000 311.10059973461585514 12981.717787705332739 6487.5857032201010952 -2916.6040738125952885 1154.1193945574832469 8250.070382475212682 15154
291000000 312.14294507701845305 13025.213149282722952 6697.2499628357818438 -2864.8987926389290806 1283.9279978823078636 8278.2207575924039702 15161
292000000 307.69055352253826641 12839.422152126398942 6674.6979340658726869 -2818.1553936630175485 1303.4407896235297812 8189.4125381053599995 15132
293000000 308.13277583592275732 12857.875363970673789 6540.564822172285858 -2899.0192734872225628 1141.2686114890213958 8298.3154841704854334 15180
294000000 310.74687184704595211 12966.957303109704299 6577.0687272503382701 -2950.1877758919399639 1216.8644795337572759 8310.3920236085195938 15168
295000000 306.0115390501733259 12769.359631963119682 6491.1915874279657146 -2943.4839665189583684 1247.6201597366989517 8187.0553942102242218 15138
296000000 311.9690911922465375 13017.958511810693381 6475.2228757087304984 -2949.4816484470056821 1208.2577736048694987 8216.4467505508655449 15146
297000000 307.66752060761376697 12838.461026363114797 6455.7772162001347169 -2937.8263940264596386 1241.4542338802802988 8152.1493763463140567 15132
298000000 310.82599341232014467 12970.258916260521801 6454.6639808018589974 -2936.7245671387718176 1215.2239742288013531 8176.1645737118287798 15171
299000000 310.40256230020281691 12952.589830425489708 6422.1243856689779932 -2976.7745746407144907 1245.7706239158460448 8153.1283363938455295 15137
300000000 309.23024579136222201 12903.670985239659785 6459.8558885000338705 -2982.689785097332333 1203.1046735735799302 8239.4410000237876375 15171
301000000 309.55717937484638469 12917.313387471396709 6527.6073487205303536 -2950.2352595759302858 1265.8154210396378403 8212.0271872568227991 15166
302000000 313.3537153604088985 13075.736607412096419 6423.1665862160616598 -2947.000968416030446 1262.2785449729888114 8107.8890096591039764 15148
303000000 307.91464089764019718 12848.772950761447646 6530.1126703900908979 -2858.6342637124907924 1214.8838725112175325 8173.8630615913652946 15137
304000000 308.45689204978128828 12871.400201988730259 6446.5940928640302445 -2941.7410062764993199 1195.8777561209931264 8192.4573430195378023 15161
305000000 308.91865543469015165 12890.668830698208694 6589.0595820774415188 -2822.6483068484903924 1182.5703197282261954 8229.137569197706398 15154
306000000 311.63376356695874847 13003.965839981643512 6510.409294254888664 -2944.8269549089777684 1228.8255006273830077 8226.4107485364838794 15155
307000000 309.69223598335952374 12922.949078236950299 6464.7231940986039262 -2917.1170839001079003 1199.8593423246975362 8181.9809356740151998 15166
308000000 310.01327602036354847 12936.345552440136089 6447.724048204778228 -2908.0926857319859664 1219.5643957615700401 8136.2523381751952911 15144
309000000 312.1656399400914097 13026.160168696684195 6422.3788670451649523 -2909.6730468738005584 1195.9675104395091694 8136.0844034794572508 15141
310000000 305.25482934925901191 12737.783377231151462 6372.0562995348773256 -2999.7793396059228144 1304.3020612711773083 8067.5335778696226043 15124
311000000 309.21952577823725505 12903.223656673955702 6342.6639867052545014 -2944.4101381019536348 1100.394067035979333 8186.6800577712292579 15205
312000000 312.98588703607163097 13060.387734716432533 6397.1293209118266532 -2982.6997227869333074 1233.8338422192775852 8145.9952014794835122 15156
313000000 308.72923772090103967 12882.764740167685886 6403.3482855515921983 -2953.414895030365642 1179.7165145268336346 8177.0466660551246605 15160
314000000 312.61914557122804581 13045.084214884871471 6758.657760885668722 -2798.1951214640530452 1356.4641132671556534 8200.388769082564977 15109
315000000 310.47192890062495962 12955.484384892246453 6427.7090013314664247 -2951.9176608623138236 1221.6065785962061909 8158.02008359757383 15142
316000000 306.3592002685527973 12783.866964403438033 6330.6522662867482723 -2984.6573638637719341 1142.6802416927762351 8172.629388457742607 15159
317000000 311.44627918896759411 12996.14242438308429 6490.4688572722052413 -2940.7334609756908321 1156.8641761163767114 8274.3381421315189073 15146
318000000 309.18629241343791136 12901.836882867253735 6288.3978930438788666 -3064.3831708683210309 1196.6225279972754834 8156.1585359149230499 15157
319000000 310.5710095720377808 12959.61885880709815 6271.7437967636560643 -3026.423532114498812 1127.0582389817175226 8171.109089896437581 15172
320000000 308.64030334099885522 12879.053654356537663 6490.8018490054200811 -2951.3102960595524564 1138.6757132164129871 8303.4364318485586409 15158
321000000 308.68212653195843131 12880.798867520645217 6309.2712800959989181 -3016.4852063175967487 1187.965393920354245 8137.791092493240285 15178
322000000 309.15934468847029848 12900.712398501589632 6450.4254794606331416 -3082.0650596100094845 1250.6087684314384205 8281.8817706392037508 15160
323000000 310.14120249731263357 12941.68371450972154 6611.2255982037077047 -2910.4093335396273687 1390.7577811343812755 8130.8771506089542527 15117
324000000 309.34196275726645808 12908.332750998724805 6396.2478293796521029 -3060.5068579071294153 1204.8895598133342446 8251.865127473447501 15141
325000000 310.23560578302834756 12945.623008790860695 6459.0631888832976983 -2972.8722781656560983 1194.7811517544582784 8237.1543152944977919 15159
326000000 308.86186216338523991 12888.298940633869279 6542.0032306028078892 -2898.6276219133119412 1307.2015093501399861 8133.4293431659789348 15129
327000000 308.30141282255789292 12864.912308839740945 6436.3730063398033963 -2958.8723548479010788 1270.6125782979963788 8124.6327828897083236 15162
328000000 311.98707772780943515 13018.709060439836321 6587.7092410202867541 -2909.7667367419253424 1258.8797898457098654 8238.5961879165042774 15128
329000000 308.36664731600262712 12867.634437259441256 6436.1377908214744821 -2916.1732170278946796 1143.5229803758822982 8208.7880274734870909 15162
330000000 306.95518097745247132 12808.736261911870315 6439.5169852151966552 -2953.4884711615532069 1237.1349859702745562 8155.8704704064748512 15137
331000000 309.70662521690684343 12923.549517352952535 6373.4924746552133001 -2961.3648957077125488 1196.4275112523289408 8138.4298591105971354 15165
332000000 309.37213412836439375 12909.591752830272526 6498.5319779361634573 -2912.3613981939033692 1170.4219926707119157 8240.4713834593549109 15183
333000000 308.83665082830469828 12887.246912970322228 6608.6140560598305456 -2911.9822094691871825 1304.015178920591552 8216.5810866084266308 15119
334000000 312.37770050763123209 13035.009108377453231 6712.0199594855012037 -2949.7200447229870406 1261.8641047994672135 8399.8758994090221677 15138
335000000 312.39827281099854872 13035.867556856128431 6419.230638077938238 -2921.0406101779090022 1155.4254770274319526 8184.8457712284161971 15186
336000000 310.8513571646606124 12971.317304046344361 6457.7363425280709635 -2868.9655800343516603 1103.3005237499503437 8223.4013988124715979 15185
337000000 309.08234136673769399 12897.499176179610004 6434.3365865724545074 -2812.1599949186584126 1170.0327084645700779 8076.4638730265432969 15130
338000000 307.75371071147242219 12842.057598035880801 6361.332537492049596 -2988.0756161458511997 1164.0243410301795848 8185.3838126077207562 15154
339000000 310.45042207463433215 12954.58694031721825 6563.2867162210077367 -2977.965638540747932 1256.5248969598651456 8284.7274578018914326 15146
340000000 311.61026772229877224 13002.985396919753839 6530.859629396636592 -2961.6157114341372107 1236.0358088337407025 8256.439531997031736 15157
341000000 308.58056016433323521 12876.560669579665046 6474.2324747511738678 -2832.4635206108441707 1152.4430653695148976 8154.2529299925026862 15183
342000000 309.63934111498326729 12920.741862133012546 6481.2100819976840285 -2891.5376488929914558 1193.2141197527300847 8179.533611137945627 15134
343000000 313.07530873935809268 13064.119155733142179 6324.9011707423551343 -2975.1366067797557662 1161.2272027533931578 8138.8105747687186522 15185
344000000 314.13119999135608396 13108.179765901164501 6510.2689971190629876 -2979.8807274800174127 1227.1526085214754858 8262.9971160776040051 15154
345000000 305.78016280964851603 12759.704680928518428 6542.9073425291544481 -2889.812840550051078 1105.8455141457679929 8326.8746689334366238 15186
346000000 308.883839002925356 12889.215998103443781 6628.2037547630789049 -2970.4727543682429314 1271.884291871339201 8326.7922172599828627 15126
347000000 309.4568071768289883 12913.125020269581 6704.6888960461028546 -2883.6358038952926108 1250.6485595850563186 8337.6761403563396016 15138
348000000 309.05269018375622636 12896.261880944997756 6370.0682592361754359 -2848.9853876674669664 1099.1071478601002127 8119.9464990435417349 15199
349000000 312.72969930340815381 13049.697440808460669 6561.5233022605552833 -2902.8939416197554237 1222.8426394358039033 8241.5746044445058942 15164
350000000 310.88867273347932496 12972.874421531510961 6431.3917593298929205 -2899.5685825201894659 1122.2479628176349706 8208.7123790324476431 15163
351000000 309.46836857335966897 12913.607458384843994 6607.1599532480313428 -2889.5783944750241972 1272.2804677004201039 8224.457880022635436 15152
352000000 307.25564852227671508 12821.274279757546537 6723.9019594564542786 -2842.2949298485082181 1303.580420562100926 8262.6164687428627076 15133
353000000 311.1185680736203949 12982.467577021940087 6583.6790271574300277 -2931.6977731832521386 1241.6424364008776138 8273.7343639398022788 15156
354000000 308.09287211966579889 12856.2102473377563 6246.4031068970161868 -3061.8956663217873029 1160.7469087455710905 8147.5518644732328539 15188
355000000 311.82525883162912805 13011.956623303029119 6590.1711678303563531 -2934.7226891771438204 1238.098167021777499 8286.795689985723584 15140
356000000 308.00975101502302778 12852.74173996877289 6649.1571937413373234 -2921.4544969238841077 1364.8626043799540639 8205.7490862852664577 15142
357000000 308.45109945594731471 12871.158486548529254 6375.2339252777273941 -2893.1191833500506618 1118.9379271791378869 8149.4151814486394869 15181
358000000 315.13846075207641206 13150.21110542752831 6481.6632790694939104 -2942.2900004815965076 1268.0657158936323867 8155.8875636574593955 15154
359000000 307.40223979964173395 12827.391293336160743 6523.9789924827455252 -2974.4428054368700032 1231.1510533973639667 8267.2707445222513343 15152
360000000 309.80652173554744877 12927.718035234540366 6374.9379327522165113 -2998.339672680906915 1219.8754413013498379 8153.4021641317731337 15146
361000000 312.88176498506436474 13056.042892299521554 6421.4003099670644588 -3046.5516186516779271 1193.469449119703313 8274.4824794990381633 15160
362000000 308.80177970082064576 12885.791798012900472 6601.7824347058467538 -2888.2053897439704997 1277.139636980762134 8212.8481874690551194 15145
363000000 308.31559649540622559 12865.504170244917987 6664.5741291329541127 -2848.9214214095472926 1295.9631910211091963 8217.532359521392209 15129
364000000 308.49960355173232074 12873.182482913583954 6666.8838171961597254 -2859.1580387921594593 1249.5215420592776354 8276.5203139290424588 15114
365000000 308.29493374739729461 12864.641947659685684 6549.286923362129528 -2867.5616039639580777 1240.498017696171928 8176.350509629915905 15132
366000000 309.30794701113666179 12906.913329702294504 6601.8511175551411725 -2947.0415641492650138 1264.9196420740784106 8283.9730396303275484 15118
367000000 308.98708125666780688 12893.524128023458616 6660.7897973880244535 -2891.9926156244409867 1317.2990472031767695 8235.4833658092884434 15147
368000000 311.36055303882977796 12992.565212738154514 6571.3739981849739706 -2893.0183866534389381 1178.4878337309723975 8285.9045511074400565 15167
369000000 308.03104048107161361 12853.630114469913678 6441.0831414403064628 -2951.6086842414215425 1218.6011598022030284 8174.0906658795247495 15164
370000000 307.48985457839137325 12831.047314355504568 6583.7400709054572872 -2940.1669552510470567 1269.0157223997171059 8254.8913037567872379 15167
371000000 305.03738100846680936 12728.709614609102573 6507.0080474618061999 -2934.6228614865553936 1159.5765586738950788 8282.0543502744658326 15153
372000000 308.3343250206297057 12866.285680885650436 6625.1819917215761961 -2969.5963560399495691 1300.8306673999677514 8293.9476803615580138 15159
373000000 311.19928831274853565 12985.835900210680848 6316.8339688097639737 -3004.9689399569924717 1225.7153382508377035 8096.0875705159187419 15141
374000000 307.77976589055282375 12843.144837925545289 6445.387160576230599 -2942.5092028841413594 1138.1595452571966689 8249.7368182031750621 15182
375000000 310.37949290490712428 12951.627182396146964 6594.0356647676198918 -2969.7142759156522516 1326.8298278631593803 8236.9201128201129904 15128
376000000 308.05532843367188889 12854.64361089700833 6232.274142718370058 -2939.8601177553091475 1103.9309073313384033 8068.2033531423412569 15176
377000000 306.23340197063799906 12778.617607754506025 6578.4094886216671512 -2917.103539261151127 1259.8953612619613978 8235.6176666208575625 15146
378000000 310.17709885683638049 12943.181610718667798 6631.4593681196383841 -2866.2075526588737375 1266.9663555111587812 8230.700565267352431 15137
379000000 308.49867598542800806 12873.14377709301516 6602.2632341991184148 -2963.1210527692423966 1190.2699051338813661 8375.1143818344789906 15146
380000000 308.85785143454540957 12888.131579497419807 6426.9903091894284444 -2980.7912199976753982 1215.5697746658504457 8192.2117545212549885 15155
381000000 310.8806073669764487 12972.53786701543504 6583.3097215170437266 -2899.9058034860199768 1219.9732336723172921 8263.2422913307455019 15152
382000000 311.97952053981691733 13018.393711379527304 6605.6986362315601582 -2942.9605767427456158 1321.3304604072909569 8227.328752567014817 15155
383000000 308.11619965533481036 12857.183667141498518 6470.0660358232225917 -2985.1958097247525075 1111.103261766524156 8344.1585837814527622 15176
384000000 306.24041520243810055 12778.91025841505143 6554.746739034757411 -2953.7772104284240413 1174.1722574192674529 8334.3516920439142268 15164
385000000 312.63094322981385176 13045.576511828199727 6322.1246242882070874 -2886.9705936083837514 1151.9588205416403071 8057.1363973549505317 15177
386000000 307.92769315424339993 12849.317600022361148 6428.7660589522274677 -2945.0869674494952051 1178.5832649804206085 8195.2697614213029738 15169
387000000 310.85366106288631727 12971.413441940656412 6449.6004464821999136 -3020.182141912939187 1241.9034132899641918 8227.8791751051758183 15173
388000000 310.27337635768856217 12947.199112923532084 6385.0539853444424807 -3005.5293426884504697 1229.0983451802726449 8161.484982852621215 15157
389000000 306.98116135112888969 12809.820380294715505 6516.3721090306680708 -2886.0269592034819652 1251.2921814082692435 8151.106886825879883 15162
390000000 314.49535890792731152 13123.375520228983078 6354.4301879088452552 -3033.1540883072357246 1206.9018954991265673 8180.6823807169548672 15148
391000000 311.36478011401635513 12992.741601652820464 6377.7843647685558608 -2976.2755403946903243 1173.6656484215159253 8180.3942567417288956 15168
392000000 312.6111544200302319 13044.750757251755203 6434.6007679557988013 -2931.1163983685255516 1127.0380482473433403 8238.6791180769814673 15171
393000000 309.49371427369345611 12914.665092890036249 6288.3372011590226975 -3041.150748852887773 1118.1566721503181725 8211.3312778615927527 15155
394000000 310.89800542160736541 12973.263859300457625 6498.1965167770358676 -2873.357921823650031 1176.523493616147789 8195.0309449845372001 15144
395000000 310.18992558571449081 12943.716849077503866 6211.824151873242954 -2881.6090043455042178 1129.9352922069624583 7963.4978640117842588 15165
396000000 312.42143080628142116 13036.833902017622677 6310.7789400011315593 -3124.3768860129785025 1196.181508270951781 8238.9743177431591903 15188
397000000 310.38760983734181309 12951.9658886739835 6285.5607594997873093 -2989.5489778622459198 1175.8738287576206858 8099.2359086044125434 15165
398000000 308.99821679483972048 12893.988795767863849 6410.4837175213915543 -2994.6265042935910969 1160.4188980261101278 8244.6913237888729782 15153
399000000 307.0494285467614759 12812.669058402749215 6619.9731256607028627 -2804.9323317675803082 1186.076097463258975 8238.8293599650241958 15161
400000000 308.93873657384449416 12891.506783699842345 6555.6873298255050031 -2887.9328259548919959 1233.3953215697301857 8210.2248342106649943 15167
401000000 307.43319421550921788 12828.68297034166244 6581.8101207546906153 -2894.957138550838863 1145.2253273171659202 8331.5419319883640128 15172
402000000 308.89085472896420015 12889.508752844481933 6591.5371076248957252 -2888.8926701946747926 1283.4295128605449463 8197.0002649590260262 15143
403000000 310.47976558005188963 12955.811396671715556 6352.4116781592902043 -3034.4060373845404683 1131.9451005306850675 8254.8726150131460599 15180
404000000 311.24202033818409063 12987.619037546883192 6318.7525521786537865 -2957.9700626135163475 1064.9346539454554659 8211.7879608467155776 15174
405000000 306.4412870461033549 12787.292310999273468 6485.0691233686520718 -2974.4718942565896214 1210.4259681927765087 8249.1150494324647298 15170
406000000 308.32746484588284375 12865.999417044906295 6495.2229416643212971 -3057.1637524369543826 1327.9076835790194764 8224.4790105222564307 15164
407000000 309.45486498783839124 12913.043975908407447 6585.1675136799894972 -2942.2340010539182913 1301.3207555565888924 8226.0807591773191234 15131
408000000 309.37562318798723027 12909.737345565890791 6290.5772521404524014 -3009.9004059661974679 1119.8742318697743485 8180.6034262368757481 15188
409000000 310.86748130158343884 12971.990137834774941 6457.7996327694054344 -2964.7239906709228308 1264.5924278605671134 8157.9311955797611517 15155
410000000 307.93144064278425276 12849.473976572877291 6340.4764924879937098 -3047.724973424127711 1123.6137195960618556 8264.5877463160577463 15174
411000000 307.15148261706093535 12816.927607376439482 6229.7107489425015956 -3096.2446372504955434 1076.870654072832167 8249.0847321201654267 15194
412000000 304.94974259232293434 12725.05260724006439 6292.1960003029453219 -2989.4001005162181173 1233.8810817094147296 8047.7150191097480274 15125
413000000 306.92965617041045334 12807.671153577499354 6690.8294475693528511 -2875.6137104733675187 1339.2733410615371668 8227.16981698118434 15120
414000000 309.61517812128244032 12919.733580035846899 6623.2044529816203067 -2963.9543792249778562 1186.2740568044921474 8400.8847754021044238 15139
415000000 309.32896301428326069 12907.790293045043654 6442.5959019375968637 -2937.5892452240404964 1159.688881494512998 8220.4962656671250443 15165
416000000 309.02432720469300875 12895.078340347095946 6529.7471562883729348 -3009.5205328694337368 1324.238742508261339 8215.0289466495451052 15122
417000000 311.23989331058345442 12987.530280173667052 6347.6608699697226257 -2968.9124161330992138 1130.796606041384166 8185.7766800614372187 15155
418000000 310.08728972830914472 12939.434023082079875 6457.5935160731214637 -2940.6129099757522454 1067.7088338804469458 8330.497592168427218 15190
419000000 310.79648974213858992 12969.027776493112469 6435.4278399130234902 -2943.2116970046963615 1220.1940016329099308 8158.445535284809921 15160
420000000 309.39094663466255497 12910.376767863514033 6328.5181656766180822 -2977.8163728288091079 1128.3060981171172443 8178.0284403883106279 15197
421000000 311.29420437738633609 12989.796591915224781 6641.0278388262795488 -2899.7420928438805277 1287.5327778701598618 8253.2371538000006694 15130
422000000 307.70945090373879793 12840.210708850112496 6386.6642551453314809 -2999.2913882857128556 1156.0505601348872915 8229.9050832961584092 15182
423000000 312.16366607428261659 13026.077802513840652 6552.9837848519018735 -2988.4418934488703599 1293.5737941946056253 8247.8518841061668354 15125
424000000 308.38258634046297857 12868.299546608417586 6483.7849971222185559 -3040.0497997940883579 1271.5324392157440343 8252.3023577005624247 15147
425000000 311.44524052304745965 12996.099082557764632 6608.9101509885949781 -2985.7591387205893625 1309.9031551839502754 8284.76613452523452 15157
426000000 307.5499542002310136 12833.55517300487918 6599.173025444661107 -2859.8317129319857486 1289.4693149280187754 8169.5354234486276255 15127
427000000 311.57903129540784448 13001.681952056771479 6629.4692566477315268 -2925.7361953666495538 1228.7964336812817692 8326.409018333100903 15172
428000000 308.79008140388316406 12885.303647268194254 6466.1508994114574307 -3002.9803532801502115 1241.9820032614759384 8227.1492494301310217 15136
429000000 310.81590340182299315 12969.837876671204867 6648.8803795473722857 -2923.9262309491487031 1215.4942507755165479 8357.312359721003304 15134
430000000 309.62427281546843005 12920.113086707928232 6451.9403099328083044 -3003.9243854034948527 1214.4727368957744602 8241.3919584405284695 15135
431000000 309.7115695278330918 12923.755835338690304 6498.290129914686986 -3014.7908799048254878 1315.4520271483831948 8197.6289826711290516 15130
432000000 309.14809891268822639 12900.243130722514252 6461.2016482268154505 -3022.2022694789930028 1229.3950202959492799 8254.0088974098580366 15158
433000000 307.40252273980013342 12827.403099964918511 6538.565550097167943 -2911.3855233938820675 1196.34706259993618 8253.6040108911147399 15144
434000000 312.21469250836474885 13028.207051919120204 6520.1974860981063102 -2896.5576974146251814 1200.3104676201455732 8216.444715892585009 15160
435000000 309.22094466378860034 12903.282864440883714 6386.6374312402977012 -2940.7933660025491918 1227.9646652785729657 8099.4661319642727904 15152
436000000 307.93816823060285515 12849.754707778563898 6440.8532261947257211 -2938.0588093189717256 1090.2192434730723107 8288.692792040623317 15188
437000000 310.23425068145627392 12945.566462624772612 6611.0695215538735283 -2838.4309527354466809 1207.0933684198498668 8242.4071058694698877 15147
438000000 308.71946836945659243 12882.357081154719708 6454.4627717646890233 -2841.4894655705293189 1110.6435379399879366 8185.3086993952301782 15196
439000000 309.90085216394595591 12931.654289299327502 6621.171791171123914 -2904.1506077321755583 1286.7729580701338818 8238.5494408331651357 15150
440000000 309.88707421358247984 12931.079358028013303 6674.283342527158311 -2859.1246559136052383 1281.5829479078324766 8251.8250505329306179 15173
441000000 307.61764473748399951 12836.379788104515683 6757.1654667787606741 -2904.5716117372512599 1317.9859587379783079 8343.7511197780331713 15147
442000000 309.93153601364008409 12932.934676022172425 6349.0849128035915783 -2996.0103878171357792 1115.3123330289083697 8229.7829675918201247 15179
443000000 312.45191282924434972 13038.105866841993702 6565.9787811559181137 -2932.5075615227915478 1307.4773361182233202 8191.0090065604872507 15132
                                                                                                                                                                                                                                                                                                         448000000 310.78105483867449266 12968.383703286495802 6507.7077341487402009 -2926.477677612881962 1271.9220232754150857 8162.2633884862079867 15158
449000000 308.58292072969265973 12876.65917210052794 6294.9882592817457407 -2967.9217332054677172 1109.1891473212144774 8153.7208451660007995 15173
450000000 311.00731496258759989 12977.825167165887251 6563.5258036565392104 -2942.4435088903906035 1206.284083889944668 8299.68522865698651 15131
451000000 309.82031891356530195 12928.293768844336228 6538.1743454990373721 -2892.0650562965083736 1227.4989723097987735 8202.7404294857478817 15154
452000000 308.16017154060455141 12859.01854179507427 6556.7200356400062446 -2903.815488714654748 1261.7666994194744348 8198.7688249351867853 15140
453000000 311.65617048735850858 13004.900844020108707 6610.6054215148396906 -2977.0567699161633755 1339.0285697708902717 8248.6336216601121123 15140
454000000 307.15303220343031398 12816.992269074142314 6329.0823684915321792 -3028.6005538953941141 1198.6362095520516959 8159.0467128348736878 15165
455000000 308.01987835999261733 12853.164337464393611 6338.100696239302124 -2984.7552789321771343 1217.8274478094247115 8105.0285273620547741 15160
456000000 311.1139404739026304 12982.274474875490341 6311.287231604610497 -3047.6107891096926323 1165.9011066142254549 8192.9969141000783566 15186
457000000 310.6336759613235472 12962.233824452217959 6561.4569787556665688 -2910.9199997622390583 1297.3237957980131796 8175.0531827198919927 15147
458000000 309.93473857881861022 12933.068313814512294 6570.6583647410425328 -2867.6272510279536618 1280.25063672627698 8158.0349790427189873 15127
459000000 308.68004574686864316 12880.712039771564378 6621.4578001382233197 -2956.3306285910084625 1278.3673692551367367 8299.4210594740943634 15129
460000000 312.92014046378858438 13057.644238086675614 6537.8572385277748253 -2855.2422454253578508 1248.3000066576510108 8144.7994772954825748 15136
461000000 308.05709886210837567 12854.717487971964147 6500.9793108048415888 -2982.1407346511505239 1241.3512417493661815 8241.7688037066254765 15149
462000000 308.08934569287129079 12856.063095331350269 6685.7043067444046756 -2935.8592649048150633 1319.8932648398617857 8301.6703068093593174 15136
463000000 309.32125145972133851 12907.468502520972834 6535.1766504976285432 -2924.590732040452167 1223.2731993990596493 8236.4941831390206062 15162
464000000 310.92983147621032458 12974.591908360807793 6379.8969805212855135 -2923.7875748072965507 1173.7464055305317743 8129.9381497980493805 15151
465000000 303.26343202708642366 12654.685633087650785 6429.6282996109039232 -2979.5693011479670531 1159.5177028098887604 8249.6798979489831254 15183
466000000 310.77506526562154932 12968.133768226554821 6460.786233161013115 -3046.5797290697410062 1272.6209808026369501 8234.7449814281171712 15144
467000000 309.06903614334464692 12896.94397102945004 6391.2424128752572869 -3013.8338501267908214 1247.7530565341417059 8157.3232064679050382 15162
468000000 311.90389372634956544 13015.237928489832484 6288.9528815993253374 -3039.8675878525718872 1179.7680339596909107 8149.0524354922054044 15154
469000000 309.39094019054692808 12910.376498961137258 6380.2348690249073115 -2998.3204324418529723 1173.4603728725733163 8205.094928594186058 15204
470000000 309.08385155341284189 12897.562193792691687 6525.2678454573760973 -3005.659724986751371 1338.4552215918570255 8192.4723488522704429 15130
471000000 309.79817052880088113 12927.369553073904171 6288.3731187805515219 -3033.4142424825440685 1169.9614152839408234 8151.8259459791543122 15135
472000000 313.22141400356360919 13070.215888779726811 6397.0320831875142176 -3047.9882753169858915 1272.3194245032277649 8172.7009340012718894 15154
473000000 311.61649976452673627 13003.245449820691647 6450.5516944678702203 -2941.3731626673497885 1183.4920442674667811 8208.4328128677534551 15169
474000000 310.8636268555208062 12971.829298122298496 6438.287294899508197 -2965.315149465954164 1167.9826761065019127 8235.619768258960903 15150
475000000 312.0142738461726708 13019.84390985450591 6390.529115209763404 -2975.2907935035682385 1117.2149253557622615 8248.6049833575689263 15174
476000000 309.528337943488566 12916.109881843956828 6561.7601167590210025 -2919.4048178401076257 1262.6095934525828852 8218.5553411465480167 15153
477000000 307.60226225645237719 12835.737902400027451 6352.2318548897965229 -3003.4177870433213684 1275.8989871245446466 8079.7506548085730174 15145
478000000 309.42086192316486404 12911.625083788349002 6416.5854306698620348 -2954.7472874771101488 1260.0198617337134692 8111.312856413258487 15127
479000000 309.02131711375898249 12894.952734189299008 6158.8317512983212509 -3090.2417853811566602 1210.2963464475237743 8038.7771902319545916 15182
480000000 306.65335972818451182 12796.14175619998241 6572.087621654412942 -2909.9050930942776176 1278.193621805809471 8203.7990929428815434 15139
481000000 312.26751508730131945 13030.411251503301173 6565.4488033055222331 -2916.259497627894234 1245.6052093067492024 8236.1030916266663553 15173
482000000 309.25070040879836597 12904.524522877445634 6559.9756330694581266 -2909.2574044873163075 1268.0528979144785353 8201.1801396422961261 15159
483000000 309.37607756118677571 12909.756305814285952 6281.336024369932602 -3037.7171168039180884 1171.6999309639643343 8147.3532102098861287 15169
484000000 309.93832748335233873 12933.218072914507502 6361.0719301477001864 -3004.0482200089741127 1274.2522270342369666 8090.8679231224377872 15143
485000000 307.82844038189858793 12845.175944617882124 6617.0332943905323191 -2861.9090773149896449 1310.086313614962819 8168.8560580905595998 15118
486000000 308.78733652830862866 12885.189108112366739 6534.5355940711087896 -2849.8206408965288574 1182.2293618338680972 8202.1268731337695499 15164
487000000 310.49485598745661719 12956.441094622785386 6435.357880062501863 -2978.0168651034878167 1222.15100415754614 8191.2237410084444491 15156
488000000 310.07138424779554953 12938.770313466986408 6540.5761154925839946 -2892.5668351716262805 1287.8610485721997065 8145.2819020920096591 15154
489000000 307.69859538309270874 12839.757725777799351 6503.7899327751856617 -3007.3660739795873269 1319.2743780619302925 8191.8816286928413319 15130
490000000 306.95044308270809097 12808.538557334855795 6444.0885415321545224 -2958.7654714046352638 1218.0256958777351883 8184.8283170590530062 15165
491000000 309.31712646476876216 12907.296373247048905 6336.760917171892288 -3018.5672912184936649 1164.1150418382535463 8191.2131665521319519 15178
492000000 309.95386678892941745 12933.866502650067559 6527.122979729506369 -2930.1414558579276672 1330.1591955589672125 8127.1052400284661417 15132
493000000 307.6519215089631416 12837.810101560662588 6843.0183371381754114 -2773.7813931536120435 1303.1634960969017811 8313.6362341948843095 15130
494000000 309.40973521038785066 12911.160784313198747 6490.2550954907619598 -2855.7906836795327763 1185.891145060954841 8160.1546341093398951 15146
495000000 307.77955120564638491 12843.135879476507398 6617.3142176170231323 -2803.4609378378149813 1250.3538569665988689 8170.4212984882396995 15161
496000000 309.37863898677051111 12909.863189902875092 6645.741561186105173 -2889.1943178216351953 1274.7545117685272089 8260.1813672392127046 15118
497000000 312.01100051520415946 13019.707319121813271 6544.8638302675772138 -2950.678100033240753 1239.886356939420466 8255.6555733613968187 15146
498000000 310.20238548854257488 12944.236780386907412 6301.0073694817865544 -2997.1671753563823586 1146.9950158374472267 8151.1795290007212316 15160
499000000 309.91849709653615719 12932.390583396685543 6452.8987231422297555 -3005.1630477337839693 1227.2574920791976183 8230.804278796817016 15154
500000000 310.6080238166205163 12961.163402526100981 6465.7964235096342236 -2965.9025683470026706 1175.2800220834858465 8256.4189697731526394 15177
