# Steps Temp KinEng PotEng Epair Ebond Eangle Bonds
1000000 310.94906037471150739 12975.39429875775204 9260.3593936184679478 -1356.6185025061577107 2339.3447318127350627 8277.6331643118919601 14642
2000000 309.06844094470068285 12896.919134366227809 8574.9724106696121453 -1528.2492429727669787 1969.6296035559289521 8133.5920500864485803 14787
3000000 311.97971527280054715 13018.401837267550945 8599.359916559946214 -1634.3305040960549377 1983.2455876824019469 8250.44483297359875 14837
4000000 309.98535133156457277 12935.180300976116996 8324.055775318040105 -1764.9024807523642266 1764.7031591866220879 8324.2550968837822438 14893
5000000 311.26396273696019534 12988.53465785986009 8273.2205608435760951 -1759.7735703893995378 1675.4057213249093365 8357.5884099080685701 14931
6000000 311.27001892620171475 12988.787372704093286 8202.885782218148961 -1803.0121529452817413 1693.1273167805509274 8312.7706183828795474 14943
7000000 312.72244172488774439 13049.39459396003258 8002.115645693256738 -1937.8732364710358524 1613.6851559691831426 8326.3037261951103574 14943
8000000 311.76413022472405601 13009.405826794523819 8066.2657405529171228 -1982.7989484767556405 1692.4710597134430827 8356.5936293162303627 14963
9000000 308.56320771705924244 12875.83658041484523 7953.7172167582066322 -2071.3146356824345276 1670.3265876445866525 8354.7052647960554168 14986
10000000 309.08601512347883045 12897.652476023053168 7826.0590457134394455 -2137.0391584814879025 1615.6761772574118368 8347.4220269375146017 15007
11000000 310.7207015691496963 12965.865260335229323 7673.8714340138240004 -2096.795144622216867 1547.6417689366894592 8223.0248096993509535 15013
12000000 310.2145517440058029 12944.744458273389682 7531.378982206287219 -2173.1782018683256865 1358.5156601124342615 8346.0415239621797809 15030
13000000 306.42561946559573016 12786.638528561246858 7549.3843037412743797 -2145.9620341415147777 1437.9975773452702015 8257.3487605375194107 15081
14000000 310.58662234744508623 12960.270354318176032 7748.2007849666169932 -2182.4672389475463206 1495.6680488404736025 8434.9999750736897113 15010
15000000 310.25453626507987792 12946.412946758797261 7550.8008155829975294 -2157.4195565782856647 1490.2495882388175232 8217.9707839224647614 15003
16000000 310.92625606728728371 12974.442712410513195 7581.8798042682319647 -2193.2058566384039295 1487.6339877521268136 8287.4516731545099901 15028
17000000 310.91962382380523877 12974.165959767617096 7262.3405059606138821 -2265.1935533158466569 1379.5132888952396115 8148.0207703812211548 15059
18000000 308.85087469041252461 12887.840451407382716 7277.2733358871764722 -2336.9985294633629564 1372.6940815266123082 8241.5777838239282573 15051
19000000 311.54830351696438129 13000.399732259264056 7310.4900266978002037 -2256.8029397060627161 1335.7374293018783646 8231.5555371019836457 15053
20000000 308.80970747613844196 12886.122611074488304 7505.7185424828458054 -2229.0184527228661864 1454.2813240943671644 8280.4556711113455094 15046
21000000 307.18461099887809951 12818.310000415478498 7265.5749366159534475 -2308.6368703998741694 1261.2904442115686834 8312.921362804259843 15101
22000000 309.02395323533204419 12895.062735219013121 7342.8261135872362502 -2278.1730268883675308 1382.039294572828112 8238.9598459027747595 15062
23000000 312.88339661213399268 13056.110977421089046 7291.5958549537936051 -2319.4293202960725466 1341.0751801626793167 8269.949995087186835 15076
24000000 313.83283915992802804 13095.729657750269325 7548.4486704477967578 -2334.6786296372351899 1410.6335019803375417 8472.4937981046950881 15045
25000000 310.42241777569137184 12953.418366852461986 7417.4364356701080396 -2360.3099962669025444 1421.8527946490462455 8355.8936372879652481 15066
26000000 306.37738492314031191 12784.625780214539191 7498.5228339452351065 -2292.9338643371111175 1445.8868181102320705 8345.5698801721136988 15061
27000000 307.48711530042459117 12830.933008778667499 7397.8811651999512833 -2328.2796514994679455 1453.2317953556671455 8272.9290213437525381 15064
28000000 310.17864698021719505 12943.246211368255899 7269.5538252254773397 -2362.3462147439745422 1407.2580747203592182 8224.6419652490949375 15049
29000000 307.52289805537475331 12832.426164455082471 7312.1307194233504561 -2361.1659085990877429 1363.9012410127306794 8309.3953870097066101 15095
30000000 313.53832244202175161 13083.439958151870087 7324.0124013909917267 -2334.6951474363440866 1346.6032844452051904 8312.1042643821310776 15098
31000000 312.18164782997234852 13026.828151686713682 7327.3022279478827841 -2338.0211841327850379 1407.5496896270760772 8257.7737224535903806 15091
32000000 311.75738381632413621 13009.124310236846213 7505.2441299994798101 -2272.344223836123092 1375.5480903442041836 8402.0402634913989459 15072
33000000 310.90998354348903376 12973.763686681142644 7360.3312396926003203 -2432.3892252782652577 1508.479185139983656 8284.2412798308814672 15059
34000000 308.08836309962345013 12856.022093326679169 7331.424640573319266 -2306.4947076591347468 1457.4309530311363687 8180.4883952013187809 15063
35000000 309.66640533942552338 12921.871207830681669 7129.8674159920674356 -2437.0742241106104302 1358.2765950150335357 8208.6650450876441028 15107
36000000 307.6634806822771111 12838.292446904739336 7149.7754666572836868 -2394.0163582374607358 1285.4929963016134025 8258.2988285931314749 15090
37000000 307.56812783910254439 12834.313529148219459 7232.0484408763459214 -2464.7154803465336954 1401.5383076376517693 8295.2256135852276202 15104
38000000 308.19390905169137795 12860.426352799497181 7111.1626133458485128 -2422.497641772978568 1296.2162977691114065 8237.4439573497147649 15104
39000000 312.39033643812302898 13035.536385032559338 7096.0833027688486254 -2410.3003935589126741 1277.1655156995223024 8229.2181806282387697 15117
40000000 308.16428031591311765 12859.189994249856682 6957.0457294463822109 -2537.6576614693417469 1227.8326632604910174 8266.8707276552322583 15120
41000000 309.63249584719324048 12920.456220335128819 7054.8598235260433285 -2500.7340480910656879 1289.846669318883869 8265.7472022982256021 15113
42000000 310.30173861066896279 12948.382623223187693 7136.1422295078500611 -2482.4384891586350932 1342.8171241746688338 8275.7635944918165478 15101
43000000 311.25076235188709006 12987.983827440844834 7098.106743009568163 -2458.9268598246244437 1394.557919697707348 8162.475683136484804 15109
44000000 307.14957238318345389 12816.84789644972625 7122.2743077772684046 -2569.659610269980476 1388.3183384905014464 8303.6155795567465248 15117
45000000 306.9252922844624436 12807.489055774141889 7061.2039202255436976 -2497.2190148090098774 1293.8541595707074521 8264.5687754638456681 15104
46000000 310.71733319679873375 12965.72470368152608 7030.0688066094053283 -2550.731859188315866 1299.1599676298551458 8281.6406981678646844 15131
47000000 312.67016945014006524 13047.213357667094897 7029.1063912453100784 -2522.9615168448599434 1326.0321298512808426 8226.0357782388891792 15134
48000000 311.02038569673555912 12978.370587464438358 6873.2446353044269927 -2622.6621572205849588 1256.2499039644212644 8239.6568885605884134 15113
49000000 308.44231082756817841 12870.791751500586543 7054.4307695811530721 -2513.0340433823112107 1287.6034316874665819 8279.8613812759977009 15081
50000000 312.79236293856632756 13052.312291528352944 7272.2654892496248067 -2443.3114933982951698 1431.2395437771956495 8284.3374388707234175 15108
51000000 309.42519849559698741 12911.806041843487037 7092.8113557128208413 -2560.8240602067330656 1393.2220100597692181 8260.4134058597846888 15086
52000000 309.43573655839810499 12912.245777920594264 6973.595571615951485 -2532.619776202380308 1284.5012646169532218 8221.7140832013774343 15116
53000000 307.8952308185524771 12847.962999995781502 6903.4356872120833941 -2599.030737462785055 1228.5780721972660103 8273.8883524776028935 15144
54000000 307.38571957201548912 12826.701931332308959 6950.3860410322349708 -2580.906635612019727 1300.5779484776492154 8230.7147281666075287 15120
55000000 312.62611625811939575 13045.375090216155513 6776.7963418287981767 -2669.6070273074037686 1286.3142577617268216 8160.0891113744755785 15130
56000000 307.76441718521311941 12842.504361625286037 7007.7905808038522082 -2581.7242027835864064 1341.8725342772256681 8247.6422493102145381 15089
57000000 311.23202448068383319 12987.201926807703785 6847.902818949201901 -2598.8103786149395091 1262.7943467559380224 8183.9188508082042972 15132
58000000 307.29770043181275696 12823.029036972726317 6955.356102930922134 -2636.1504732786233944 1219.9803421423457621 8371.5262340671979473 15128
59000000 310.78321265470015078 12968.473745410190531 7042.167243123463777 -2646.5868892412722744 1335.9100380535351178 8352.8440943112018431 15131
60000000 306.65888650643682922 12796.372379591926801 6847.6780408155373152 -2630.2913521191903783 1234.6926299506956184 8243.2767629840309382 15157
61000000 310.58374402463340402 12960.150246628010791 6741.082842947721474 -2686.0622761777326559 1203.6928304226917135 8223.452288702763326 15139
62000000 307.30360718738637615 12823.275516195084492 6921.9553604825714501 -2663.392598436685148 1213.2970245448780133 8372.0509343743797217 15118
63000000 310.75862073308110212 12967.447564854484881 6955.593468289653174 -2536.7599628411235244 1226.2198878088322544 8266.1335433219446713 15088
64000000 311.62455868614847532 13003.581735402447521 6913.5120132373358501 -2648.2226543674987624 1282.2181748131761196 8279.5164927916594024 15128
65000000 311.79728526381057918 13010.789332197691692 7206.4695191321943639 -2561.0979844427311036 1317.5470949022928835 8450.0204086726316746 15091
66000000 314.76731191281237443 13134.723673089980366 7009.9865852648335931 -2677.975212414438829 1350.2581463311794323 8337.703651348092535 15118
67000000 307.07962226048101684 12813.928992555252989 6891.2342085850805233 -2655.6287654811044376 1322.9121606928272286 8223.9508133733579598 15098
68000000 313.2821989691710769 13072.752345700493606 6780.7710255769707146 -2612.7936174366386695 1206.5243665096277255 8187.0402765039825681 15152
69000000 308.64039983885402307 12879.057681053765918 6971.3535629684311061 -2709.8210271120915422 1347.9633260070804681 8333.2112640734412707 15122
70000000 312.99548189667297038 13060.788112512698717 6827.070444439824314 -2748.7475575446605944 1292.2516405200994996 8283.5663614643854089 15125
71000000 308.2985684138312763 12864.793616328723147 6865.684819137814884 -2649.2651627972691131 1219.5877461298389335 8295.362235805245291 15121
72000000 305.35437233129499646 12741.937142610067895 6784.3581821794023199 -2657.7328949828270197 1193.0518523916821323 8249.039224770547662 15172
73000000 311.49573407996894048 12998.206095873107188 6722.0792598798434483 -2625.646373510623107 1187.9965725731626662 8159.7290608173043438 15156
74000000 311.13022075277285694 12982.953824211295796 6888.6209762532471359 -2661.1944381689686452 1212.0372324831487276 8337.7781819390656892 15134
75000000 310.43608097422372794 12953.98850971806678 6957.6704783276072703 -2623.8206206562726948 1317.2258268173852684 8264.2652721664962883 15100
76000000 308.87267045306123237 12888.749952835263684 6982.6495060951310734 -2683.7631607669472942 1384.5653758002822542 8281.8472910617965681 15087
77000000 310.7025144260946945 12965.10634068446052 6757.4351152068411466 -2745.5579975044129242 1298.6892371630826801 8204.3038755481720727 15130
78000000 309.35573591251227299 12908.907482177641214 6931.31762011709543 -2677.8365375227185723 1335.3814263481958733 8273.7727312916176743 15117
79000000 310.9423036770760973 12975.112352847154398 6771.6206044990576629 -2722.0048687987368794 1223.4470753947925914 8270.1783979030024057 15137
80000000 306.98200384204034208 12809.855536058672442 6879.2664785935357941 -2579.2845687482458743 1200.1530507097418194 8258.3979966320384847 15152
81000000 310.69178700587116282 12964.658703032682752 6718.2403869548479634 -2679.8449082396164158 1314.3995328855980915 8083.6857623088671971 15119
82000000 310.54301805226310762 12958.450818596074896 6750.9000042723819206 -2775.4380343990751498 1215.8418955191691566 8310.4961431522879138 15171
83000000 309.68938897917257691 12922.830277421628125 6857.1879625120454875 -2699.5606257502558947 1354.2285015128129544 8202.5200867494877457 15098
84000000 310.63267476121029631 12962.192046013571598 6760.3648600985343364 -2608.8206704222543522 1262.7538962591868312 8106.4316342616011752 15132
85000000 306.08103706871997929 12772.259670292673036 6848.0010195231989201 -2703.3864548092560653 1260.968183217517435 8290.4192911149402789 15120
86000000 308.11323605388440683 12857.060000913606927 6748.74504279212033 -2678.1785852876728313 1221.5084046000624767 8205.4152234797293204 15169
87000000 306.8984256700723563 12806.367956019848862 6997.8499512652724661 -2648.4676118006582328 1342.8857190261414871 8303.4318440397910308 15108
88000000 309.79439197605586287 12927.211880265096624 6841.418560011489717 -2692.4017892353481329 1308.99456916493682 8224.8257800819010299 15131
89000000 304.67466044418949878 12713.57388036345219 6845.4660003252101887 -2638.296603978287294 1228.9509546270674036 8254.8116496764305339 15145
90000000 307.71272276908803178 12840.347238424916213 6872.2034347997396253 -2695.6209803848541924 1294.172148063862096 8273.6522671207312669 15120
91000000 309.93853797096198832 12933.226856217235763 6851.0762776259407474 -2691.6379121163745367 1246.6468886189097702 8296.0673011234048317 15153
92000000 308.35514922565278084 12867.154640807275428 6910.4848467591582448 -2668.7452083546445465 1269.2514349386920003 8309.9786201751103363 15153
93000000 308.42186051018455828 12869.938393296939466 6766.9780885775617207 -2733.4159674558645747 1250.8617671086458358 8249.5322889247818239 15134
94000000 309.52334684765486372 12915.901611600762408 6607.675250550148121 -2801.115800514413877 1210.1293562044920691 8198.6616948600694741 15181
95000000 310.35202591685651896 12950.481030033677598 6725.8407766858854302 -2727.3394493450114169 1257.7530708327844877 8195.4271551981109951 15122
96000000 306.92034568604537981 12807.282642335163473 6576.8874226500756777 -2798.1314384061565761 1173.4712900152003385 8201.5475710410319152 15163
97000000 310.80755976098458859 12969.489710223506336 6860.2555109942595664 -2785.3477324888708608 1315.842436457205622 8329.7608070259248052 15142
98000000 309.90549606533585347 12931.848071687818447 6839.1862027308770848 -2702.8914121781572248 1277.3675684024151451 8264.7100465066178003 15103
99000000 313.45972449827667106 13080.160194868665712 6756.000771806990997 -2791.8230899049653999 1391.9911700715219922 8155.8326916404339499 15110
100000000 306.47051047357899733 12788.511756698195313 6722.3279718169796979 -2700.1298906800411714 1158.941410954675348 8263.5164515423457487 15151
101000000 306.08739573811658374 12772.525007137675857 6921.4732695583334134 -2777.6623890128589665 1311.8743905779156194 8387.2612679932753963 15105
102000000 307.99015935082070428 12851.924211954095881 6825.869625047847876 -2693.3364842792079799 1256.5711732325869434 8262.6349360944695945 15117
103000000 309.40116269121102732 12910.803067147824549 6804.9566635211804169 -2702.3383033235795665 1254.3105240291060909 8252.9844428156538925 15114
104000000 308.38497650571724762 12868.399284284343594 6873.9695149256667719 -2682.7301783372204227 1211.4556377040339612 8345.2440555588527786 15162
105000000 312.99803900847530258 13060.894816594265649 6922.4460451344039029 -2752.563685000987789 1291.7659768984672155 8383.2437532369240216 15142
106000000 308.39879701672833789 12868.975991541678013 6891.2013157831652279 -2659.2552779978959734 1293.1503110873868536 8257.3062826936748024 15120
107000000 309.38126617921727757 12909.972818334794283 6786.8068279710369097 -2763.1363671268841244 1258.4687860035310223 8291.4744090943895571 15146
108000000 308.84251991381802327 12887.491820282848494 6747.9835506128611087 -2712.8176227993958491 1172.519494668869811 8288.2816787433876016 15161
109000000 308.67693732551049379 12880.582330446441119 6836.0894827544270811 -2671.7699424866682421 1285.336201662768417 8222.5232235783259966 15119
110000000 308.10252774837130119 12856.613160887343838 6818.7557969193003373 -2654.6885171121380154 1238.5550059622712524 8234.8893080691668729 15150
111000000 311.45594072171644484 12996.545584298717586 6896.1025684968853966 -2616.3088983336274396 1303.0328385053689999 8209.3786283251429268 15105
112000000 310.06573569285012582 12938.534608533365827 6872.0835349590379337 -2696.1842987370032461 1288.1771913759998824 8280.0906423200412974 15100
113000000 305.54959794364964409 12750.083587222137794 6537.2280310148853459 -2781.2615144494616288 1168.203152476626201 8150.2863929877203191 15161
114000000 308.46071380400991302 12871.559677524594008 6800.8741825345332472 -2725.3132270866926774 1247.0774855617089543 8279.1099240595158335 15141
115000000 312.84372610103196166 13054.455592056805472 6849.071644336960162 -2681.7746864641662796 1272.531709153629663 8258.3146216474960966 15137
116000000 308.98555671857349125 12893.460511549192233 6561.7760054824520921 -2804.9798240457253087 1110.9532397192390363 8255.8025898089381371 15156
117000000 308.59763984487443622 12877.273376636094326 6654.0942157975250666 -2793.1420142042943553 1300.6754869881851846 8146.5607430136351468 15110
118000000 312.93313831171207084 13058.186616962620974 6664.3637086976032151 -2734.0867467939733615 1219.3137338122066922 8179.1367216793696571 15157
119000000 312.41623158837023766 13036.61694718147919 6610.6066693473676423 -2819.8797409987437277 1263.5151380979741589 8166.9712722481381206 15120
120000000 312.36683564608910046 13034.555735524867487 6587.3313743333355887 -2851.4554505083169715 1229.3702655996908106 8209.4165592419631139 15155
121000000 308.55620929294155985 12875.544547654599228 6574.8218533420249514 -2897.105190683391811 1249.2422162101602225 8222.6848278152556304 15150
122000000 310.0352618836725469 12937.262986456786166 6602.4082487965551991 -2899.2669334248530504 1328.2089460716292706 8173.4662361497785241 15104
123000000 305.81525647224071918 12761.169081911020839 6639.260113050311702 -2842.6916871439220813 1206.2769156920946898 8275.6748845021393208 15156
124000000 311.40264760804927846 12994.321750071958377 6624.9148854940485762 -2699.7781451994396775 1232.8858780020761969 8091.8071526914136484 15144
125000000 310.60302191304316466 12960.954681293491376 6511.9354538547131597 -2884.3476867704157485 1224.7357192795352603 8171.5474213455945574 15164
126000000 309.40684752717874062 12911.040286028999617 6622.7185507516032885 -2891.5475677431113581 1199.0618787630749011 8315.2042397316399729 15165
127000000 307.20349970590734756 12819.098195180251423 6671.7637060421639035 -2884.8713182397918899 1237.8153121395662311 8318.8197121423891076 15151
128000000 308.57865313821389464 12876.481092507438007 6352.3339743141277722 -2892.8962384135338652 1087.764741593276085 8157.4654711343864619 15152
129000000 307.87182732890647685 12846.986410757153863 6629.5909823345773475 -2857.7363743255209556 1229.2681189691902546 8258.0592376909080485 15142
130000000 310.52572598131934001 12957.729248836491024 6550.5433700788235001 -2893.2251004313493468 1194.8862096888160522 8248.8822608213577041 15138
131000000 311.14162370960968929 12983.42965089799327 6503.7453429801598759 -2971.1590597309614168 1176.2903789034596684 8298.6140238076623064 15159
132000000 309.48000195669777668 12914.092900391515286 6592.6947653944589547 -2918.462129561572965 1252.8635275992905918 8258.2933673567422375 15161
133000000 309.14449572354584461 12900.092775549230282 6599.6170511765840274 -2867.2935150060252454 1205.4539418196227416 8261.4566243629869859 15165
134000000 308.03833236387043826 12853.934392779618065 6786.7934581109657302 -2803.8303028012778668 1341.3811989216060283 8249.2425619906371139 15133
135000000 308.72300898150183457 12882.504825088373764 6655.2764865528752125 -2759.6238520575943767 1265.2751934639109095 8149.6251451465586797 15155
136000000 310.14447524658811517 12941.820280969317537 6640.2485359277743555 -2767.707906126056514 1316.9793049811305536 8090.9771370726994064 15153
137000000 309.06409290819664193 12896.737697934173411 6672.3304704451638827 -2807.6070950834946416 1267.8300553540120745 8212.1075101746464497 15140
138000000 304.80610958824144063 12719.059037553677626 6490.1662131796429094 -2876.9293062601673228 1199.5747883072367586 8167.5207311325730188 15174
139000000 310.262813535059081 12946.758343659395905 6564.1848211259421078 -2853.7876471574409152 1261.3895766160057974 8156.582891667376316 15161
140000000 310.03683644703238542 12937.328690403333894 6556.886629564114628 -2858.8280572238209061 1193.1699193900185492 8222.5447673979160754 15143
141000000 311.78626000750563207 13010.32926633472016 6482.2557193350039597 -2859.5499166526733461 1178.4898819211643968 8163.3157540665124543 15181
142000000 309.31337146048286968 12907.139683076818983 6602.5639957675912228 -2859.8510320106674953 1215.9040487856311756 8246.5109789926282247 15168
143000000 307.01466451408822422 12811.218412336134861 6570.4872131947313392 -2841.6274193240537898 1248.2110666559376568 8163.9035658628490637 15142
144000000 310.72829727714787396 12966.182216772196625 6244.5342742905049818 -2937.5187321484045242 1027.4432810342732409 8154.6097254046371745 15201
145000000 307.64412758742327014 12837.484873997693285 6623.4249936505657388 -2854.0018549684227764 1287.6137240321286299 8189.8131245868589758 15134
146000000 308.27786913632422738 12863.929869427447557 6792.037502632466385 -2824.206798136782254 1360.5450875988319694 8255.6992131704173516 15126
147000000 312.08185078530590317 13022.663784690919783 6438.4521470579347806 -2960.6860720250274426 1218.4712560603782094 8180.6669630225824221 15143
148000000 310.14250023966673098 12941.737867169716992 6496.0649708399851079 -2965.6242757358018025 1203.0790225756384189 8258.6102240001491737 15172
149000000 309.98931753390911581 12935.345804094946288 6517.3586474916128282 -2797.1536044143840627 1161.4461074785663186 8153.0661444274301175 15168
150000000 308.92775876038638216 12891.048697549056669 6558.7403153615850897 -2868.6386870600417751 1270.9363120616328615 8156.4426903599942307 15157
151000000 308.97314618478628745 12892.942640328894413 6448.4156212592833981 -2840.373795300018628 1195.0188504801085401 8093.7705660791925766 15188
152000000 307.23136826663323973 12820.261104511835583 6481.5294657538279353 -2818.7006285812963142 1242.8095853650925164 8057.420508970031733 15133
153000000 309.45053946312128801 12912.86347885629948 6692.5028861053397122 -2950.7527932728226006 1238.0768881066171616 8405.1787912715444691 15144
154000000 311.13897983972123029 12983.319326543783973 6645.6411068483012059 -2857.2513459844972203 1274.206762614862555 8228.6856902179351891 15139
155000000 309.86098028069875454 12929.990501005697297 6532.3116953081043903 -2917.0053395224231281 1234.2814905762249964 8215.0355442543022946 15155
156000000 308.01458884256288684 12852.943614577441622 6556.2760113406175151 -2894.7087350448600773 1193.8117257154017352 8257.1730206700758572 15142
157000000 305.03128776155892865 12728.455353409231975 6543.871637419304534 -2949.3533491254170258 1220.217747586632413 8273.0072389580891468 15153
158000000 306.76927696299003401 12800.97879229139653 6399.7955387209576656 -3009.8323945714009824 1099.8838383460820296 8309.7440949462761637 15209
159000000 310.33087268923628699 12949.598340538706907 6501.8535956121977506 -2885.434099198650074 1111.158594293394799 8276.1291005174534803 15194
160000000 310.07149661273160746 12938.775002271477206 6735.071653312219496 -2797.4086800573122673 1230.1750834553947698 8302.3052499141376757 15161
161000000 313.80176134378837105 13094.432831453801555 6265.3851097303468123 -3008.436216576707011 1078.6241159762580537 8195.1972103307962243 15196
162000000 309.30590996999353592 12906.828327316363357 6381.1196225662915822 -3066.6613702025711063 1161.8767209379957421 8285.9042718308664917 15158
163000000 311.55446066146140538 13000.656659800730267 6480.254527125011009 -2911.8237464367266512 1207.4264257438503591 8184.6518478178868463 15146
164000000 308.02096991001729975 12853.209886056662071 6237.7991803578988765 -3045.7802756394089556 1046.0557542473827652 8237.52370174992393 15191
165000000 309.2154345800304327 12903.052937682799893 6301.2175866184115876 -3054.3646434014931401 1203.0354870521136945 8152.5467429677919426 15180
166000000 311.88189238010238569 13014.319848395567533 6451.7827178358065794 -2876.1522964604728259 1182.3838195985013044 8145.5511946977785556 15147
167000000 313.32242142108628968 13074.430762649668395 6285.5926718004538998 -2936.2828811230219799 1074.4842416348471943 8147.3913112886293675 15202
168000000 309.9224339538037043 12932.554861993579834 6519.7290041037849733 -2962.969606002106957 1241.9073754147409545 8240.7912346911507484 15139
169000000 305.05881275588723156 12729.603926278532526 6363.5340688631877129 -3084.926013121431879 1221.4154582558330731 8227.0446237287869735 15154
170000000 309.99735163390590742 12935.68105391100471 6527.1135198528963883 -2931.2047712081571262 1232.3299219427474327 8225.9883691183058545 15144
171000000 308.87648731535989555 12888.909224238914248 6501.8142815712353695 -2920.5420673793169044 1196.810952384027587 8225.5453965665255964 15163
172000000 306.55423182977580154 12792.005311580049238 6472.5421407028097747 -2984.2573372342149014 1291.6458217677354696 8165.1536561692901159 15140
173000000 312.45279657632289627 13038.142744158138157 6392.4124232910153296 -3029.7881567018621354 1197.9691079482622627 8224.2314720446156571 15161
174000000 311.93747265167144178 13016.639121970381893 6344.1082823977985754 -3019.642224916932264 1049.3958494145481382 8314.354657900183156 15210
175000000 311.5930252850783404 13002.265898294039289 6660.9675012627467368 -2813.5740099486183681 1303.7761159011051859 8170.7653953102590094 15159
176000000 313.10469837304134444 13065.345536944510968 6621.2160289486673719 -2877.3696472395795354 1336.2263490040922989 8162.3593271841546084 15133
177000000 309.85252682006318992 12929.637751957981891 6214.9305196123004862 -2964.9370469360992502 1193.6115436085951842 7986.2560229398040974 15155
178000000 310.11061366041036536 12940.40729251484845 6308.7427152169466353 -3015.5964234038606264 1173.5514439105759266 8150.7876947102313352 15174
179000000 307.26417882008416882 12821.630235094424279 6439.2373481977738265 -3038.0988991027479642 1188.8899621149757877 8288.446285185546003 15169
180000000 307.08728100526212756 12814.248579413784682 6342.7392068427652703 -2983.6516360443220037 1168.2861767497465735 8158.1046661373402458 15166
181000000 309.85404027868764842 12929.700906104140813 6610.7740973106529054 -2801.8625921320508496 1226.5168527287050892 8186.1198367139986658 15150
182000000 311.15997239928117324 12984.195311624112946 6272.4795252335015903 -2974.7710400954028955 1132.9582846291095848 8114.2922806997958105 15176
183000000 308.88763339199039137 12889.374331735911255 6292.420540058217739 -3034.3629634452909158 1158.1654024199074229 8168.6181010836007772 15164
184000000 308.53303073052398986 12874.577344260307655 6283.3221868077489489 -3123.6920450623802026 1189.4156543057515591 8217.5985775643785018 15170
185000000 306.42305050854804449 12786.531330197018178 6490.7887980614250409 -2984.0927678916600598 1286.6067913657525423 8188.2747745873330132 15147
186000000 308.40947883264891516 12869.421726200689591 6393.9563791079954171 -2867.9773727295732897 1186.7728653142289659 8075.1608865233392862 15143
187000000 309.42222933466302948 12911.68214362746221 6445.5463385565972203 -2983.1867299235918836 1225.5998917119011367 8203.1331767682877398 15157
188000000 310.70253863420168727 12965.107350849060822 6423.6828866647965697 -2983.0524945610141003 1247.1606768462856962 8159.5747043795254285 15138
189000000 310.16723494830756636 12942.770005993654195 6559.6461838387822354 -2834.128876374864376 1239.084735746126853 8154.6903244675186215 15148
190000000 312.21609387422694226 13028.265528618154349 6552.773898524786091 -2962.1613137613785511 1240.9244508872468487 8274.0107613989184756 15154
191000000 309.85498042579524736 12929.740136900996731 6613.6049475057016025 -2842.9294158572847664 1260.3454397448649615 8196.1889236181214073 15169
192000000 309.30125275781909977 12906.633989490665044 6653.9639108970495727 -2892.4601027852218067 1193.0851484595184502 8353.3388652227513376 15147
193000000 311.11661527390629089 12982.386089892675955 6339.7881125024632638 -3038.6515511684442572 1129.2562520127912649 8249.1834116581176204 15171
194000000 309.23395354737209573 12903.825703816823079 6463.6195747279898569 -2972.8320115557380632 1228.016160068594445 8208.4354262151337025 15180
195000000 304.32932344832568106 12699.163533916733286 6545.2774294497639858 -2891.3599165934879238 1258.1474808110733647 8178.4898652321780901 15124
196000000 305.82998972848429275 12761.783876529903864 6452.870352400676893 -2877.212733388547349 1157.8176562526341513 8172.2654295365900907 15169
197000000 308.2800127613779182 12864.019319385155541 6476.7735751978889311 -2905.0366943500703201 1169.6494030824583206 8212.1608664654995664 15168
198000000 310.68125341236225267 12964.21915345180787 6627.7462061474770962 -2855.5183184792117572 1152.3075139546342598 8330.957010672054821 15149
199000000 308.79426030105486234 12885.478025793316192 6378.8153120017104811 -2923.4396772939653601 1161.8799625811439 8140.3750267145314865 15198
200000000 311.40012566252960369 12994.216513421690252 6605.2494266485009575 -2913.1705104337265766 1252.460472437037879 8265.9594646451914741 15144
201000000 309.58724685477739058 12918.568054094941544 6587.2845266471213108 -2923.0510400725988802 1315.4712409626322369 8194.8643257570874994 15130
202000000 311.6457625080927869 13004.46653611558213 6403.830845415775002 -3014.9927321850709632 1163.831662086570077 8254.9919155142761156 15191
203000000 307.14989142335099359 12816.86120947265772 6458.1294992484281465 -2924.5965724876659806 1148.8292743802544464 8233.8967973558392259 15191
204000000 305.06301645132805334 12729.779339594753765 6598.3749557793453278 -2915.7071856301308799 1208.2546990855942113 8305.827442323881769 15152
205000000 308.69886670264207851 12881.497407387550993 6474.122145548167282 -2972.6247475563582157 1165.829557017334082 8280.9173360871900513 15165
206000000 311.95896719646822248 13017.536054071331819 6658.2500145094481923 -2949.0331304393816936 1304.7282255091504339 8302.5549194396789972 15154
207000000 311.48304793674105895 12997.676723922879319 6404.8323840352950356 -3063.7542742480700326 1172.8256263416585625 8295.7610319417071878 15162
208000000 304.69442348019441624 12714.398559442384794 6464.0979328493403955 -2923.6929366004233088 1199.0956915508888869 8188.6951778988750448 15173
209000000 308.52919935622611547 12874.417467294733797 6302.8899286502437462 -2897.9856326298777276 1132.7478064052099853 8068.1277548749112611 15157
210000000 309.41573226257634133 12911.411031465198903 6630.7377443375207804 -2917.6231573002633013 1228.064555409665445 8320.2963462281186366 15151
211000000 306.983948316779788 12809.936675800398007 6367.8724690360604654 -2969.6979620405700189 1116.7061641424895697 8220.8642669341406872 15178
212000000 309.17152169120038252 12901.22052485389213 6428.5140455493228728 -3027.6948026389545703 1151.584249141024884 8304.6245990472525591 15162
213000000 308.0080297585890321 12852.669914760832398 6308.3397759588779081 -2974.0828400560485534 1066.6336024789288786 8215.7890135359975829 15175
214000000 306.72364995296226198 12799.074851996254438 6555.9683570074048475 -2990.228637652269299 1278.7166438796364218 8267.4803507800370426 15162
215000000 308.40504315265798141 12869.236632549671413 6496.4493070401049408 -2913.5444702983845673 1174.2681643969947345 8235.7256129414945462 15161
216000000 309.07495920605038009 12897.191130721685113 6523.4310975504422458 -2912.7964499810141206 1221.4627698974536543 8214.7647776340036216 15138
217000000 306.09465310814090344 12772.827845285904914 6488.6915849040578905 -2941.9857785727199371 1161.4504432461599208 8269.2269202306197258 15142
218000000 309.78422607044586812 12926.787673697195714 6569.9348550196482392 -2932.2020865633726316 1198.7724771132488968 8303.3644644697706099 15176
219000000 312.50419590204108999 13040.287553719808784 6558.6327400091695381 -2822.3213537937799629 1194.7113465847123734 8186.242747218236218 15160
220000000 311.48883504180770387 12997.918210325820837 6706.9177432303686146 -2857.8723844294013361 1270.8262455091739866 8293.963882150595964 15143
221000000 309.34001900921367678 12908.251641580442083 6387.6114673735710312 -2910.8941188191256515 1129.0108296712055562 8169.4947565214906717 15154
222000000 307.23362195225104188 12820.355147116373701 6570.2808121513007791 -2886.4116293151164427 1137.0872171018390873 8319.605224364579044 15161
223000000 307.63968654331353036 12837.299556510793991 6559.4038088939505542 -2861.3885745403513283 1323.9487716671669659 8096.8436117671353713 15152
224000000 309.06254887681717491 12896.673268037089656 6542.0329877585054419 -2929.3076790443137725 1301.4999438546481088 8169.8407229481717877 15135
225000000 308.97366937683636934 12892.964472275050866 6638.6997190207548556 -2872.1344021344671091 1250.3514418074587411 8260.4826793477623141 15135
226000000 312.50884055694325525 13040.481367551130461 6340.089608380700156 -2914.7489420237116065 1170.8188596493789646 8084.0196907550325705 15174
227000000 308.62882951361325468 12878.574870358075714 6478.8229829612573667 -2915.3274275265912365 1201.5791350032686751 8192.5712754845808377 15169
228000000 310.14600032296112886 12941.883919905070798 6616.8110852101772252 -2917.8847820007567861 1282.9585387721338066 8251.7373284387995227 15140
229000000 311.64697892963016557 13004.517295391271546 6606.3051791212374155 -2916.9363969948672093 1330.5675506882157606 8192.6740254278884095 15136
230000000 311.73304142549881135 13008.108542191906963 6688.899594512557087 -2895.1164397652678417 1362.2326437028846158 8221.7833905749394035 15147
231000000 311.14238878623331175 12983.461576290686935 6465.0127006742295634 -2956.7395827129985264 1207.8923894909385126 8213.8598938962877583 15181
232000000 313.93504232126315401 13099.994428048352347 6478.5001300817393712 -2935.3586401809479867 1267.3138524254381991 8146.5449178372491588 15127
233000000 309.03332654064979579 12895.453867876671211 6471.1691805366208428 -2954.5671990668552098 1221.6017755814621069 8204.1346040220141731 15171
234000000 308.27560588716039547 12863.835427751817406 6539.7109092607770435 -2956.7583626070008904 1313.3549818908420548 8183.1142899769347423 15131
235000000 307.23100890091780002 12820.246108769930288 6544.4207069925078031 -2935.6903870091709905 1184.2445571025377831 8295.8665368991405558 15178
236000000 309.07866729871329881 12897.345863346828992 6611.1290614708668727 -2897.9970542146934349 1159.9134147518509508 8349.2127009337091295 15188
237000000 307.73598792125744694 12841.318055067536989 6547.07777377585262 -2901.7584942881039751 1166.8090271478490649 8282.027240916107985 15190
238000000 310.73975482678571325 12966.660321526942425 6671.972176352805036 -2798.5167920583626255 1208.392951344021867 8262.0960170671460219 15153
239000000 310.54585590723303312 12958.569237629575582 6709.7015830926375202 -2816.2085707344558614 1229.4003003097880082 8296.5098535173056007 15137
240000000 310.83660478606628885 12970.701711483128747 6481.6127198128206146 -2927.4784685639765485 1151.6499988474129168 8257.4411895293833368 15164
241000000 312.94104321885225772 13058.516475772663398 6428.7790051619758742 -2930.1720400017825341 1186.4366972583322877 8172.5143479054258933 15145
242000000 309.42035320029833656 12911.603855617491718 6512.0882959586242578 -3061.9017948831838112 1267.0033025456673386 8306.9867882961407304 15184
243000000 311.35129773994788138 12992.179004295521736 6626.1766507841330167 -2969.7468796892085265 1268.0825350267946305 8327.8409954465460032 15162
244000000 308.70246895688597988 12881.647723549056536 6415.3567914946306701 -2996.1309779243201774 1193.1825111777848178 8218.3052582411655749 15171
245000000 309.77607381165296374 12926.447493308369303 6377.4586790287230542 -2982.4290085376978823 1194.9816908807922573 8164.9059966856293613 15150
246000000 307.09575667461518833 12814.602255194857207 6331.0571092601476266 -3042.8193715393845196 1075.3329309186976843 8298.5435498808328703 15161
247000000 307.00994717666003453 12811.021565582208495 6187.4106530574808858 -3146.93935730762405 1116.6129385198335058 8217.7370718452712026 15173
248000000 309.80093103186226244 12927.484744339128156 6345.9377781421007967 -2940.5570713448173592 1118.9810674045415908 8167.5137820823774746 15200
249000000 312.44928629314426871 13037.996265798345121 6184.9088080166411601 -3082.2218663683743216 1083.1262130437489759 8184.0044613412665058 15202
250000000 310.03968036802518782 12937.447362562021226 6526.8010937522649328 -2913.1902211735500714 1276.542401142727158 8163.4489137830869367 15163
251000000 311.34291331399492719 12991.829135951886201 6393.8809609993113554 -3003.8346599734586562 1139.6843968803816551 8258.0312240923885838 15161
252000000 307.36651941064235416 12825.900740088585735 6538.4659417402781401 -2854.7974322835407293 1158.0293345626841983 8235.234039461134671 15168
253000000 307.3528661449143442 12825.331011702613978 6478.3023564416780573 -2927.5646636147594108 1154.0151019087022632 8251.8519181477349775 15169
254000000 312.44934756130282949 13037.998822418116106 6584.9387562351939778 -2940.1145558144080496 1277.4225378959279169 8247.6307741536766116 15170
255000000 310.66816266881431829 12963.672898193812216 6475.3338089460812625 -2992.1342363919275158 1244.158878184938203 8223.30916715307103 15126
256000000 307.6651474372668531 12838.361997856798553 6675.9936512767626482 -2894.5371333047419284 1274.6754581698965012 8295.8553264116089849 15144
257000000 309.83833832735024316 12929.045689427759498 6465.2629426659859746 -2894.4535154214472641 1233.2591120327501812 8126.4573460546835122 15169
258000000 311.643782216492923 13004.383901795015845 6470.9714747679463471 -2984.8435082082141889 1203.0436076024043359 8252.7713753737552906 15161
259000000 312.2581620562846183 13030.020964858973457 6567.5656919617031235 -2916.7481829080015814 1306.8184599695050565 8177.4954149002005579 15161
260000000 308.44481057465299045 12870.896061846575321 6428.7246677565935897 -2930.3742005376589077 1252.7458433550968948 8106.3530249391551479 15155
261000000 306.92765591292680938 12807.587686113349264 6232.8036738591417816 -3043.9948693400983757 1137.0051623168287733 8139.7933808824118387 15175
262000000 309.69274750394328066 12922.970423151959039 6387.1449139283213299 -3074.8573288904522087 1220.0915271020489854 8241.9107157167236437 15145
263000000 309.84262575780741145 12929.224596868878507 6513.806499694293052 -3001.6773458057878088 1267.3695140898857971 8248.1143314101955184 15162
264000000 311.13299668144037469 12983.069659161763411 6456.5674422627071181 -2859.5814549614797215 1198.6021588755543235 8117.5467383486329709 15172
265000000 309.42128650582372984 12911.642800926341806 6328.1888330368146853 -2937.5311242666630278 1154.6042940589845784 8111.1156632444944989 15182
266000000 306.52834032351597671 12790.9249014887464 6373.9359782806677686 -3018.8378063504692363 1220.0153918365917889 8172.7583927945461255 15174
267000000 311.86237695981469642 13013.505501914398337 6344.579862011847581 -2948.9154352278937949 1163.1489114814228287 8130.3463857583174104 15160
268000000 308.94720768981693482 12891.860269475808309 6183.4767841766833953 -3128.4248180692102324 1170.0026722275561042 8141.8989300183375235 15169
269000000 307.88412238339270743 12847.49946321562129 6497.7274942274134446 -2887.9957739052015313 1249.3777211831206841 8136.345546949493837 15148
270000000 309.85428553819815534 12929.71114038126143 6381.7869528138044188 -3069.9350410344472948 1189.0459875448291314 8262.6760063034234918 15172
271000000 308.19540145034864054 12860.488628147766576 6577.4096731159406772 -2918.4814683450049415 1328.9343725686212565 8166.9567688923243622 15135
272000000 311.70831755885586745 13007.076855786757733 6342.5076494042314152 -3064.8890317450550356 1173.6543897462988753 8233.7422914029866661 15157
273000000 310.77976790914573257 12968.330001827966043 6508.1314675948415243 -2856.5567009323603997 1175.1965455250428931 8189.4916230021590309 15150
274000000 311.18548165465415423 12985.259771012841156 6481.3418467535029777 -2930.285780666205028 1178.0723217341926556 8233.5553056855151226 15162
275000000 313.34300380868717184 13075.289631926871152 6226.661781224564038 -2996.8575406900858979 1108.1056268023316989 8115.4136951123182371 15168
276000000 307.9451024577359135 12850.044061703929401 6552.9283786516289183 -2969.4388563420729952 1274.2283131843976207 8248.1389218093045201 15147
277000000 305.95139416750708961 12766.849884653685876 6287.8577608174218767 -3069.967382528485814 1136.6116402721677332 8221.213503073739048 15188
278000000 308.77691231763168389 12884.754122897669731 6643.3766808075342851 -2902.7363658448211936 1283.8754178181907264 8262.2376288341638428 15115
279000000 313.99050130968373651 13102.308640676299547 6385.0255578216401773 -3007.8101340146176881 1146.4001883198650376 8246.4355035163935099 15177
280000000 306.66596893825015968 12796.667917855529595 6591.1535929065830715 -2918.7054658861879943 1286.6463884724307718 8223.2126703203393845 15142
281000000 313.17345798493653319 13068.214762775567579 6665.5650891752229654 -2848.4606708899545993 1273.2038093236660643 8240.8219507415105909 15131
282000000 309.45714467201912612 12913.139103390336459 6660.6361120225119521 -2811.5896424730644867 1376.6356463190677459 8095.5901081765096023 15114
283000000 311.64766824614270035 13004.54605943878596 6520.0709252555061539 -2855.0123047265547029 1188.0575804608670296 8187.025649521194282 15139
284000000 310.79242800986440898 12968.858287066997946 6450.5690770674227679 -2921.7002524872195863 1213.9907195915077409 8158.2786099631339312 15136
285000000 308.90926965582576713 12890.277177539908735 6459.8300357061325485 -2882.7443571674934901 1191.4844549234667284 8151.0899379501588555 15142
286000000 309.8189438082098377 12928.236387953176745 6433.8901361993384853 -2904.1194690179986537 1151.9758003123661183 8186.0338049049714755 15186
287000000 308.73428057930539126 12882.975170378056646 6640.0941442743060179 -2825.4795983849344339 1199.2948587853416029 8266.2788838738979393 15148
288000000 309.98296350874915106 12935.080661046322348 6599.5156233405914463 -2983.3828165432942114 1239.3243385997029691 8343.5741012841826887 15183
289000000 313.6192271753035925 13086.815979979055555 6382.0489601193094131 -2910.4187258370875497 1142.6965566134715573 8149.771129342925633 15171
290000000 310.06886255145172981 12938.665087214418236 6437.9465497032433632 -2893.860068098048032 1197.6924791043782079 8134.1141386969129599 15160
291000000 311.86744795113133932 13013.717106065058033 6330.0467672112281434 -2949.2768738782506261 1130.4082981507306158 8148.9153429387497454 15191
292000000 309.75927584988170338 12925.746541914160844 6490.9276435139818204 -2902.2056312724598683 1246.0160451723554615 8147.1172296140857725 15131
293000000 313.17442759021020038 13068.255222813377259 6597.4004260837609763 -2853.8510528457109103 1219.1073732107379328 8232.1441057187330443 15140
294000000 311.27714112409034897 12989.084570340797654 6500.732734465035719 -2950.3595179753165212 1162.5368094285383904 8288.5554430118136224 15165
295000000 311.82909393052074165 13012.116655689793333 6604.311699946758381 -2878.3009013448063342 1262.3896742647366409 8220.2229270268289838 15153
296000000 309.40834107377168039 12911.10260927874333 6613.6371350560311839 -2940.1310552884547178 1185.285731793260311 8368.482458551225136 15172
297000000 309.71502467834750405 12923.900013102829689 6516.4757700068512349 -2940.677258237771639 1173.5416165468011513 8283.6114116978224047 15148
298000000 304.59152096360315909 12710.104606196482564 6631.1561387983856548 -2921.1890805131879461 1262.5941036811927916 8289.7511156303789903 15140
299000000 312.0464000006473384 13021.18448159030595 6437.1862440190016059 -2962.0033311846241304 1212.1128868481782774 8187.0766883554470041 15163
300000000 308.23229088586987245 12862.027963789332716 6509.544802736989368 -2898.221083861565603 1171.8804719243203181 8235.8854146742341982 15135
301000000 311.03979375849047528 12979.180454050114349 6458.9295195654285635 -2957.8593907457548084 1272.326574955076012 8144.46233535610736 15162
302000000 311.95909485952961404 13017.541381241502677 6496.9584393294189795 -2981.0137636820099942 1205.6552202710274742 8272.3169827404017269 15148
303000000 307.13617369466197715 12816.288791153048805 6556.395540377121506 -2915.3274987144804982 1260.5699465750558375 8211.1530925165461667 15115
304000000 310.9332886520293755 12974.736170637588657 6340.6974250774619577 -2938.5658054494138014 1261.4845457071767214 8017.7786848196992651 15174
305000000 309.6855448987163868 12922.669870248906591 6404.190275239075163 -2922.2693184989157089 1229.1756511588280318 8097.2839425791626127 15139
306000000 307.307454593337809 12823.436062135268003 6520.244536389127461 -2949.9230210641162557 1164.0537482646000171 8306.1138091886441543 15166
307000000 307.97071956703047135 12851.113021659914011 6424.4001554370879603 -2921.5030963556582719 1140.9186425228967892 8204.9846092698498978 15172
308000000 309.04620921567374126 12895.991440776415402 6401.3732019140716147 -2964.9004131445103667 1185.6107867118930699 8180.6628283466880021 15148
309000000 306.39989878356709596 12785.565246684940576 6496.8597819901315233 -2916.0300024168404889 1189.9699770376387278 8222.9198073693351034 15154
310000000 311.77443577825783905 13009.835860641245745 6536.8301131368289134 -2932.925465444935071 1208.5373755787359187 8261.2182030030289752 15158
311000000 309.72572798381480652 12924.346644485382058 6439.0040538381826991 -3059.6092091165128295 1249.6805160984354188 8248.9327468562587455 15175
312000000 312.1265020730714923 13024.527009696352252 6462.0071027444109859 -3000.2672360123165163 1203.241436742843689 8259.0329020138833584 15163
313000000 309.05806212868515104 12896.486043396300374 6553.5033202299200639 -2907.9134885575513181 1312.6676337330475235 8148.7491750544231763 15133
314000000 310.773514393162543 12968.069052862441822 6488.814284770291124 -2974.5953421448480185 1250.127836217454842 8213.28179069768521 15157
315000000 313.56166169107808628 13084.413866736054842 6553.4717614753917587 -2881.6188024906286955 1177.8480168579690144 8257.2425471080496209 15133
316000000 313.6905337334025603 13089.791485697922326 6567.6135809754487127 -2881.1151372418862593 1239.1369309479916865 8209.5917872693444224 15162
317000000 308.77115742791011144 12884.513980788240588 6433.8383401940845943 -2919.5818095823124168 1190.5732302985277329 8162.8469194778690508 15155
318000000 306.58244903698465578 12793.182769357550569 6424.7860094280713383 -2871.7493279578211514 1158.1345003499491213 8138.4008370359424589 15137
319000000 313.07961108204057155 13064.29868543696648 6773.9961052883072625 -2800.7371879598445048 1240.1365355704342619 8334.5967576777184149 15146
320000000 309.97398149651803578 12934.705856407406827 6452.5155209185631975 -2983.9483719004956583 1208.4529957691493109 8228.0108970499095449 15139
321000000 309.56709513736723238 12917.727155978449446 6326.4665517101066143 -2962.1585402763721504 1106.603943579755196 8182.021148406723114 15170
322000000 310.62581988253185727 12961.90600316907512 6369.2854582732943527 -2932.6722436374884637 1183.3303693899085829 8118.6273325208740061 15159
323000000 309.7325902914362814 12924.632997327486009 6566.9693396867141928 -2969.6184621363972838 1291.4058541615427202 8245.181947661569211 15135
324000000 310.59582704806558695 12960.654451378346494 6393.888717211140829 -2916.879391316913825 1049.9353962260177013 8260.8327123020353611 15173
325000000 306.71824232376684449 12798.849200499036669 6557.724370429244118 -2954.7479941304159183 1249.6090217494077024 8262.8633428102511971 15148
326000000 311.08977170988015359 12981.2659519922654 6650.8861785156950646 -2819.3373774463361769 1251.0735037810843551 8219.1500521809466591 15157
327000000 309.44065997352799968 12912.451223959022172 6333.89059472514964 -2941.7625976185668151 1139.5342333348608008 8136.118959008856109 15153
328000000 309.43625641349387934 12912.267470621121902 6634.3746135524934289 -2944.3771714337854064 1212.9338048233639711 8365.8179801629157737 15139
329000000 309.36078682468405532 12909.118248458518792 6473.2419557809489561 -2911.5407019760268668 1250.4742301002290787 8134.3084276567469715 15142
330000000 309.22303441825619075 12903.370066467388824 6396.4486277866490127 -2905.2142331626710074 1218.9830682803840318 8082.6797926689359883 15145
331000000 308.72374353266985736 12882.535476703871609 6324.1923075117847475 -2944.2156014112651974 1099.4911510361998808 8168.9167578868500641 15155
332000000 309.31158541214693969 12907.065154209076354 6337.9376064583311745 -2997.6632356698755757 1213.1636659883467928 8122.43717613985973 15158
333000000 307.14625350332039488 12816.70940503636848 6273.9275906306456818 -3092.0971446023590943 1151.3571044395951049 8214.6676307934103534 15167
334000000 308.42521352651090183 12870.078309168920896 6396.3816157472647319 -3028.1809818365300089 1138.0647123654616735 8286.4978852183339768 15174
335000000 307.20127054285256918 12819.005175862046599 6492.7586636215619365 -2898.2536599841796487 1202.6464461747327732 8188.365877431008812 15178
336000000 309.57529418720218928 12918.069288880718887 6413.0649791960777293 -2923.4916242805679758 1101.3971639750284339 8235.1594395016163617 15194
337000000 310.04090632144470874 12937.498519587517876 6474.0521413366768684 -3023.6388343018079468 1181.8045743728212074 8315.886401265664972 15156
338000000 308.91700763384648099 12890.600070671576759 6442.6736989035662191 -2936.8779216785851531 1189.979452370740546 8189.5721682114108262 15153
339000000 310.07602799340912725 12938.964089355185934 6333.9895576556100423 -3036.5942839109625311 1100.3254078161423877 8270.2584337504304131 15191
340000000 308.50746198522978148 12873.510402454736322 6351.0965267096107709 -3051.7789642769739658 1253.4235271629142972 8149.4519638236706669 15143
341000000 308.30071673034672131 12864.883262053437647 6324.3948751247426117 -3013.3968111483613939 1138.649507370324045 8199.14217890278087 15193
342000000 308.36122516689499662 12867.408179870100867 6220.7695908003952354 -3053.6293696669799829 1120.7137435226934485 8153.6852169446829066 15181
343000000 311.13668706053931601 12983.22365262893436 6502.9534512465452281 -2948.0195567936498264 1252.2420528873103649 8198.7309551528833254 15151
344000000 312.55170580458167251 13042.270064031357833 6479.8402973029387795 -2976.8056002272624028 1222.9843854638563698 8233.661512066344585 15150
345000000 308.90182986745850258 12889.96672737341396 6594.452387655084749 -2904.7498580103601853 1214.0028131576546002 8285.1994325077903341 15159
346000000 308.99742844029964317 12893.955899025895633 6439.9111740304069826 -3007.7139937229462703 1232.5329135738384139 8215.0922541795152938 15168
347000000 311.85040735068326967 13013.006029756819771 6457.7444542042467219 -2918.5856998206290882 1244.641637618203049 8131.6885164066734433 15144
348000000 309.81207603279534624 12927.949806949036429 6587.5227432286228577 -2916.1224705287613688 1275.7260822199727954 8227.9191315374118858 15151
349000000 309.72113506681455419 12924.154989591850608 6379.964083651351757 -3019.3174469529726593 1193.7847828122464762 8205.4967477920781675 15169
350000000 308.20070565587445799 12860.709963944877018 6374.4702674324389591 -3070.2813449556870182 1211.3962099468769793 8233.3554024412496801 15187
351000000 308.03174104272932254 12853.659347758890362 6499.6858841798712092 -2863.7904464336770616 1203.7996471968954211 8159.6766834166537592 15175
352000000 308.16341870481335263 12859.154040631799944 6281.2935222761616387 -3065.7105235649723909 1151.8318825250371447 8195.1721633160959755 15163
353000000 312.48170926580297646 13039.349223270150105 6384.5547692270747575 -2865.6282054819466794 1127.638894034544137 8122.5440806744772999 15158
354000000 308.05296371357133012 12854.544935005613297 6331.2471673264226411 -2983.7334380921702177 1165.7723600939523294 8149.208245324640302 15190
355000000 305.75713920876972907 12758.743943825085807 6190.8413296423632346 -3053.4498871353644063 1066.0222141616598037 8178.2690026160680645 15180
356000000 308.69643635342066545 12881.395992900581405 6384.2113993217517418 -3093.9163662064684104 1193.1794945877886676 8284.9482709404310299 15166
357000000 311.40708851226116849 12994.507061721147693 6430.580572253507853 -2995.9435668168239317 1187.7745583958856059 8238.7495806744464062 15163
358000000 307.53790354540495855 12833.052318943387945 6502.404210341952421 -3030.5337422475158746 1262.7317819569450421 8270.2061706325239356 15138
359000000 312.46755782039645055 13038.758706663264093 6356.1133181215682271 -3047.6861968738185169 1118.1521192892619183 8285.6473957061243709 15200
360000000 306.75001259166350565 12800.174921671628908 6336.1241632454157298 -2946.4188080549083679 1131.6666943207719669 8150.8762769795521308 15188
361000000 306.71021315706349242 12798.514156541223201 6506.3331548750684306 -3038.3876309951638177 1215.4231610919573541 8329.2976247782753489 15162
362000000 309.59299922304376196 12918.808090988180993 6356.1700587473806081 -3004.5074737854674822 1218.9191068879376871 8141.7584256449099485 15155
363000000 309.27106905459709196 12905.374473059806405 6470.8707223275396245 -2945.0876628757323488 1176.9598155131257045 8238.9985696901458141 15183
364000000 313.80459358940339598 13094.551016418121435 6231.2020261224724891 -3031.9783253740120017 1134.8934454025361447 8128.2869060939474366 15191
365000000 314.26614224284475085 13113.810684735644827 6433.1188963380427595 -3009.2266601258388619 1206.791406827085666 8235.5541496367986838 15159
366000000 314.30732117038508022 13115.529013843928624 6601.8245678224575386 -2930.2488205468926026 1368.5034308120270907 8163.5699575573225957 15139
367000000 308.14487501178649609 12858.380242735487627 6224.0340234455543396 -3016.4711092390971316 1040.0338272382114155 8200.4713054464391462 15197
368000000 311.20977814047535048 12986.27362351724878 6593.3883200878499338 -2928.6644506232933054 1223.1520024733413265 8298.9007682378014579 15146
369000000 310.47105855446790201 12955.448066774575636 6371.362752989260116 -2929.0862969015661292 1199.8389000471411237 8100.6101498436846668 15150
370000000 310.27142046475620418 12947.117496719343762 6325.2669691691344269 -2940.8009780899965335 1180.1802668892514703 8085.8876803698803997 15151
371000000 308.93096467958815765 12891.182475299287034 6321.6934954164153169 -2990.4138193585959016 1216.0530303425682632 8096.0542844324427278 15125
372000000 308.68394542546423054 12880.874766963455841 6625.3424468943831016 -2896.3668535737738239 1306.5222581005918983 8215.1870423675645725 15138
373000000 306.78073233660586538 12801.456806244310428 6370.4445400127842731 -2967.8111635807244966 1156.2126518343075077 8182.043051759201262 15184
374000000 310.68873015514566305 12964.531145665479926 6352.6634589884233719 -3040.5396787187273731 1066.5525247969394513 8326.6506129102108389 15175
375000000 308.0326914483370615 12853.699006626133269 6428.9625114234604553 -2952.1534754675499244 1221.2903509194607068 8159.8256359715505823 15154
376000000 309.90675354608424641 12931.900544297041051 6550.2118449837353182 -2948.7041625367905908 1185.137745852506896 8313.7782616680196952 15168
377000000 311.16830886916216059 12984.543178839518077 6465.5297947192120773 -3002.1942599220938064 1157.4599357796396362 8310.264118861665338 15184
378000000 304.02107717946847742 12686.300922675125548 6432.835644241386035 -2960.5744868203919395 1198.3894990453948139 8195.020632016383388 15161
379000000 309.19967127948308416 12902.395161004506008 6518.958879581252404 -2968.8786716242066177 1149.2191439818086565 8338.6184072236501379 15176
380000000 309.79811990191831228 12927.367440497127973 6430.2357086908014026 -2992.8917032632684823 1219.3573587369742199 8203.7700532170947554 15182
381000000 311.66924110396007563 13005.446259413643929 6605.5038884517134647 -2955.2779139705353373 1265.3348651513326786 8295.4469372709172603 15147
382000000 309.37428205645289836 12909.681382346567261 6421.3128548571276042 -2934.2707943752166102 1170.0146317804778846 8185.5690174518667845 15133
383000000 309.17106966019520087 12901.201662341427436 6527.1922009042064019 -2919.5345675974731421 1121.999332270719151 8324.7274362309599383 15154
384000000 312.2920464715007256 13031.434905931771937 6610.9255985857216729 -2915.0594337143620578 1274.3837271556174073 8251.6013051444679149 15135
385000000 307.6827036972790097 12839.094591792907522 6658.0685807728686996 -2874.0074969360352952 1291.7394083635122115 8240.3366693453936023 15139
386000000 309.87339170805415733 12930.508409513131483 6628.3552294515866379 -2873.8773917068638184 1294.8404724284412168 8207.3921487300085573 15116
387000000 310.45463585743419799 12954.762774562390405 6828.9103217799229242 -2760.5722315865841665 1366.52348339465766 8222.9590699718482938 15113
388000000 311.65794788186559572 13004.975011777767577 6497.7257136812604585 -2904.7777834372691359 1292.8498851398935585 8109.6536119786351264 15155
389000000 309.45577961023468561 12913.082141600923933 6727.1998631679271057 -2789.1580362276017695 1296.3908477345021311 8219.9670516610258346 15141
390000000 310.95118798362460666 12975.483080388183225 6585.4895214278385538 -2844.3796292746446852 1220.4214642470672061 8209.4476864554162603 15141
391000000 311.4214497961488064 12995.106334543692356 6377.7525917338643922 -2987.8622548233834095 1204.5935437963930781 8161.0213027608551783 15167
392000000 308.41538067755607244 12869.668000508991099 6563.1424718303460395 -2808.6020346721998067 1217.0970524715057763 8154.6474540310409793 15159
393000000 311.31175572743239854 12990.528980966502786 6517.8092788385893073 -2936.9959419759625234 1252.4744801416441078 8202.3307406729072682 15158
394000000 308.04114966690508481 12854.051954214566649 6507.4656782403071702 -2904.6943425613881118 1159.0002066943077352 8253.1598141073864099 15156
395000000 308.8180267177949645 12886.469759384342979 6422.3685822529396319 -2931.2890411134912938 1112.0906642382983591 8241.5669591281312023 15174
396000000 308.90103389685612001 12889.933512825655271 6498.1519835669432723 -2883.2236733401605306 1250.8235900293693703 8130.5520668777344326 15104
397000000 307.59457499534897806 12835.417125602136366 6488.4216097245089259 -3004.2763861911284948 1166.37143729258446 8326.3265586230518238 15178
398000000 307.56449247857483442 12834.161831515790254 6482.038997647630822 -2941.8417202512382573 1249.8233384191416917 8174.0573794797273877 15173
399000000 306.4595039866463253 12788.052474050344244 6629.4559941419638562 -2851.042318483494455 1285.9520042766300776 8194.546308348828461 15130
400000000 308.13747204219129117 12858.071328955964418 6680.7139700603420351 -2976.4794901348122949 1340.2334967266383501 8316.9599634685164347 15105
401000000 310.06430587040000546 12938.474944387588039 6350.6980437681795593 -3020.6883055115713432 1160.2289292624741393 8211.1574200172763085 15204
402000000 310.51844184009917171 12957.425293570166104 6297.5907823403285875 -2996.8880296574434396 1091.5392465457139224 8202.93956545205765 15176
403000000 309.35951237212043452 12909.065067643281509 6630.5740340827696855 -2907.3517142323753433 1296.446260858646383 8241.4794874564977363 15142
404000000 306.45612032371644773 12787.911279345860748 6213.9819920822601489 -3021.2643134551472031 1044.4401091346335306 8190.8061964027747308 15176
405000000 310.73144072776926805 12966.313387811022039 6516.7162818329334186 -2978.3584567322955081 1171.9009064872982435 8323.1738320779295464 15161
406000000 310.33087589823179542 12949.598474444826934 6587.6242501466749673 -2962.6332731349502865 1318.643906497576836 8231.6136167840486451 15127
407000000 307.77285994858391405 12842.856664293687572 6398.132410079741021 -2984.4359467620424766 1258.2211524741881021 8124.3472043675956229 15174
408000000 311.10732922602539929 12981.998598344747734 6422.8380072617965197 -3050.4470407977696595 1224.7562678630483788 8248.528780196516891 15178
409000000 310.66011774776751508 12963.337196833086637 6267.5021122677881067 -2971.1364911696082345 1014.2214679197875284 8224.4171355176094949 15184
410000000 308.16009184623652573 12859.015216279804008 6332.6770962845675967 -2998.1363583289526105 1208.1432814403985958 8122.6701731731218388 15157
411000000 312.19538472010304986 13027.40136958185758 6334.8426625056827106 -2978.7109666784308502 1143.4846591223995347 8170.0689700617131166 15170
412000000 309.80154397209571471 12927.51032132977889 6528.493755295747178 -2925.4828768086263153 1154.3960760461909558 8299.5805560581829923 15151
413000000 305.90589065292692794 12764.951097621025838 6270.245886966413309 -3067.9523107979039196 1170.024016171649464 8168.1741815926679919 15158
414000000 312.3301524122500723 13033.025004341305248 6407.0716800397458428 -2934.5229664633761786 1119.0152564516367875 8222.5793900514854613 15183
415000000 315.20893141686821082 13153.151730689643955 6506.3537716450973676 -3000.2268899594564573 1283.2412665616980121 8223.3393950428562675 15141
416000000 307.88747798660574517 12847.639487034142803 6661.6605948500518934 -2906.4398226835101013 1325.6286250829361961 8242.4717924506257987 15131
417000000 308.65795226427121634 12879.790114978515703 6424.3377131767947503 -2944.4167483602013817 1178.7762152557677382 8189.978246281227257 15163
418000000 311.46357122949461882 12996.863992873428288 6630.2981705917845829 -2973.4517380031788889 1335.0017347131852148 8268.7481738817768928 15140
419000000 308.27304439516950652 12863.728540892167075 6661.2978067290550825 -2941.6861265375086987 1380.1558160362085346 8222.8281172303559288 15110
420000000 309.4351827628847218 12912.222668942105884 6347.452123610964918 -3031.2468071819967008 1242.3161799207589411 8136.3827508722015409 15146
421000000 308.35022104255199338 12866.94899580924357 6596.8119191872956435 -2905.9788730571194719 1248.7127296152141298 8254.0780626292016677 15135
                                                                                                                                                                                                                                                                                                        426000000 309.70907965652264693 12923.651937092568915 6359.6869871816170416 -2979.2734153842234264 1232.0033034774035059 8106.9570990884367347 15163
427000000 308.97158167117981975 12892.877355742069994 6441.7043554149258853 -3042.3563454293125687 1236.8282169798205814 8247.2324838644181 15143
428000000 307.38854606331068453 12826.819876178300547 6478.0724622309680854 -3016.7388570793273175 1267.2349884682591892 8227.5763308420355315 15131
429000000 308.97510331730842381 12893.024308259129612 6403.2101660125308626 -3027.8850503161311281 1182.6777784000360043 8248.4174379286250769 15178
430000000 307.15428728111555756 12817.044641407481322 6490.9920206108727143 -2969.0507453074587829 1258.700830019168734 8201.341935899163218 15160
431000000 312.08847313795985201 13022.94012460578233 6432.113974400146617 -3011.151193124268957 1160.3071574156463157 8282.9580101087685762 15162
432000000 313.04985493607290437 13063.057010269090824 6406.0019197954698029 -2951.5032202667198362 1184.0219397575749554 8173.4832003046149111 15189
433000000 307.56157175308476326 12834.039954431400474 6382.0645347037752799 -2897.5810520335708134 1163.5148557289019209 8116.1307310084430355 15180
434000000 310.27677889916463982 12947.34109539878591 6443.7861294117556099 -2983.5414800514040508 1204.5077782655303054 8222.8198311976302648 15160
435000000 308.48254610753690486 12872.470703743394552 6621.1597400803075288 -2919.4440041733159887 1283.6444592774528246 8256.9592849761702382 15142
436000000 312.08468935021051038 13022.782233348829322 6567.7918782998767711 -2893.2239587367002969 1272.5621353886594989 8188.4537016479171143 15157
437000000 305.80509613980700578 12760.745107902626842 6372.1524810755581711 -2911.4895764008988408 1181.6270663619777679 8102.0149911144799262 15161
438000000 307.69658448801487793 12839.673814424291777 6595.8943619060164565 -2916.4377773514288492 1338.9812034461788244 8173.3509358112669361 15106
439000000 308.95438370650731486 12892.159712882841632 6529.7648905531841592 -2885.8462395282967918 1235.8186965415709437 8179.7924335399093252 15132
440000000 309.33337921793457781 12907.974573980354762 6523.2325154066766117 -2902.2416170724973199 1215.0182654301270304 8210.4558670490478107 15135
441000000 310.30683008959289282 12948.595082288096819 6553.8178091595600563 -2921.6023417211340529 1222.126455582871813 8253.2936952978234331 15129
442000000 309.39085399172950019 12910.372902025861549 6289.931883072290475 -3023.781034469120641 1149.2311809339773845 8164.4817366074330494 15160
443000000 308.79509796807963085 12885.512980264395082 6484.8020927351826685 -2965.62069785502581 1212.732845822264153 8237.6899447679461446 15166
444000000 311.85325494250372458 13013.124855093123188 6334.9317474221352313 -2947.3215432421429796 1207.452684843294719 8074.8006058209830371 15154
445000000 310.92336026904087021 12974.321875499117596 6575.9664491646453826 -2898.9541985942300926 1202.5552284576606326 8272.3654193012152973 15148
446000000 314.40703460805485747 13119.689892056878307 6425.4644616144933025 -2938.6289532575783596 1156.4881045701229141 8207.6053103019494301 15163
447000000 306.58449341462250004 12793.268077883372825 6488.75414175757669 -2902.7032165608147807 1204.7795014089174401 8186.67785690947494 15141
448000000 313.69588674141942874 13090.014857942944218 6404.9401450931454747 -2992.8291803332904237 1162.3007341855964114 8235.4685912408385775 15156
449000000 310.798047979026137 12969.092799162750453 6412.7564492602250539 -2967.0277052341207309 1248.1832229740180082 8131.6009315203282313 15163
450000000 311.12004708408113629 12982.529293702726136 6245.1144331011255417 -2927.1031061432877323 1112.7382782625493292 8059.4792609818641722 15183
451000000 307.84209755365810679 12845.745835996141977 6528.9810280583023996 -2909.7270657860585743 1151.3765007873666946 8287.3315930569933698 15149
452000000 306.76914757706674663 12800.973393229023714 6804.5390358418999313 -2754.7521492926443898 1306.4746627305673883 8252.8165224039767054 15143
453000000 309.47652151322637337 12913.947667193762754 6250.2922452526472625 -2994.2168561712219343 1055.0329933595844523 8189.4761080642856541 15203
454000000 311.05227801084879502 12979.701401425478252 6396.9659793378350514 -2888.6075984081853676 1231.3108016099058659 8054.2627761361136436 15154
455000000 308.24250315373456033 12862.454104978083706 6527.6037212576848106 -2940.2245422001915358 1195.4370930757816041 8272.3911703820940602 15168
456000000 311.59284004114965683 13002.258168368714905 6535.2071354231502482 -2933.4261942251309847 1265.1835058172680419 8203.4498238310134184 15176
457000000 311.1113288385171245 12982.165495614222891 6366.2577325362035481 -2971.576305444064019 1167.5466790640477939 8170.287358916219091 15152
458000000 308.53246482015248375 12874.553729748660771 6599.7464729035182245 -2953.9759321621686468 1326.70265646548728 8227.0197486001998186 15127
459000000 306.57936896457312059 12793.054242987474936 6464.1259393137488587 -2921.7841986926359823 1206.7117225049241824 8179.1984155014606586 15128
460000000 312.09362353822126579 13023.155042361468077 6414.9520216847940901 -2989.2357873756700428 1154.0055987899365846 8250.1822102705282305 15141
461000000 310.36663560999420497 12951.090668566808745 6539.7980925408246549 -2926.6692065929441924 1202.79670694153765 8263.6705921922293783 15160
462000000 307.91621850105622116 12848.838781564554665 6481.4454189794578269 -3000.1142694362360999 1216.9205355349345155 8264.6391528807580471 15155
463000000 309.57917606571862734 12918.231273304501883 6576.3300175585127363 -2952.7156435291194612 1344.3861785082826827 8184.6594825793499695 15141
464000000 313.51055539802240446 13082.281284946784581 6375.463719870010209 -3117.1450371385408289 1177.5838121890692491 8315.0249448194826982 15195
465000000 311.67797703802392562 13005.810795614233939 6597.7554211528258747 -2983.0091898697191937 1259.0060575976290238 8321.7585534249155899 15109
466000000 307.74645761523049714 12841.754938225582009 6630.9575306024489691 -2980.4024952840045444 1426.7014829732374892 8184.6585429132155696 15103
467000000 309.73907631687069397 12924.903648531068029 6489.7155242282751715 -2902.8062555914334553 1195.2150131876649084 8197.3067666320421267 15151
468000000 308.33611729952019687 12866.360469744216971 6408.292322685399995 -2955.8164776918165444 1244.714775669818664 8119.3940247073978753 15137
469000000 305.60571611811678849 12752.425306602670389 6406.0288248053921052 -2979.8764038702074686 1231.9344951914822559 8153.9707334841168631 15136
470000000 309.65604778005132403 12921.439003865534687 6370.957729527630363 -2995.0546276384297926 1193.9649060874701263 8172.0474510785898019 15169
471000000 311.12594662356178787 12982.77547180936017 6537.5465154535650072 -2928.4792911588974675 1268.3515592246628785 8197.6742473878002784 15119
472000000 309.53724477829501893 12916.48154945224087 6484.9954930538806366 -2825.7935782451218074 1149.2138014043900966 8161.5752698946125747 15184
473000000 307.95492147099810154 12850.453793023098115 6483.6135108560856679 -2954.4449105342150688 1176.2697343601209923 8261.7886870301808813 15179
474000000 311.34907959726120907 12992.086444839203978 6363.9450608892020682 -2930.7128669136991448 1103.2155015424073099 8191.4424262604952673 15161
475000000 307.55355553726900553 12833.705450892884983 6503.0182163228491845 -3091.4393331901874262 1218.761716110172074 8375.695833402864082 15170
476000000 308.2682200716448051 12863.52722978390193 6376.7181767886313537 -2972.1678721442026472 1166.7427031808274478 8182.1433457520070078 15147
477000000 309.00366103547037255 12894.215975000226535 6534.5436911680535559 -3009.8827296462454797 1314.5491419637364743 8229.877278850563016 15154
478000000 311.84706185378649934 13012.866427658300381 6561.3746095124324711 -2939.0984086948869844 1255.2404531013526139 8245.2325651059672964 15159
479000000 305.94645360929325761 12766.643723262481217 6341.0427550997937942 -2999.155036773584925 1150.6243603281875494 8189.5734315451918519 15161
480000000 309.92306361184898833 12932.581136591101313 6297.9986880447777366 -3019.7793355082558264 1184.2704049341118662 8133.5076186189216969 15168
481000000 312.63912403570827792 13045.917883440752121 6513.2593913514756423 -2941.2199219681369868 1190.3578676681404431 8264.1214456514717313 15137
482000000 314.26347340029042243 13113.699318313047115 6405.0670051425831844 -3064.1739266494223557 1227.6027127720708449 8241.6382190199346951 15137
483000000 311.6332967569678658 13003.946360766343787 6688.3592397389602411 -2913.2316152383041299 1287.3880689701650226 8314.2027860070993484 15103
484000000 311.02711331880732359 12978.651320099452278 6330.2691323717408522 -2915.2676563568593338 1110.5274753723574577 8135.0093133562422736 15177
485000000 307.68596304533963348 12839.230599041788082 6422.7760299335332093 -2931.6887479530723795 1107.0527582877175519 8247.4120195988889463 15158
486000000 308.58820437409502802 12876.879649915679693 6507.9351021352031239 -2958.5449793945435886 1179.7448936345685979 8286.7351878951776598 15162
487000000 312.32159546609148038 13032.667937012442053 6477.2925434108828995 -2904.5544157400390759 1252.9854048553343091 8128.8615542955867568 15140
488000000 311.18672534876895952 12985.311668328457017 6441.7528124823547842 -3003.3142299287601418 1212.6059183630575262 8232.4611240480589913 15155
489000000 309.96131487491561529 12934.177299062590464 6450.2407170083306482 -2914.8779096125908836 1159.1739801614760381 8205.9446464594439021 15160
490000000 310.45962574091140596 12954.970994215935207 6391.9168577521868428 -2897.1002729563906541 1137.3025373195846441 8151.7145933889933076 15165
491000000 310.4972787504518692 12956.542192548980893 6404.4048634423725161 -3032.3877481474492015 1197.7317958596063363 8239.0608157302158361 15178
492000000 306.96224046918160866 12809.030842923384625 6457.5711550209125562 -3030.1066533185021399 1226.1297696091965008 8261.5480387302177405 15171
493000000 308.05871764695399406 12854.7850372085868 6492.7185118087836599 -2853.4551955160932266 1147.2469155180720009 8198.9267918068035215 15149
494000000 312.00800083852516309 13019.582147533799798 6568.3078807339261402 -2876.5942298753770956 1197.3697091020726475 8247.5324015072292241 15144
495000000 311.06698557209591627 12980.31512383430163 6514.0631309240025075 -2909.6298855919476409 1231.07241130148509 8192.6206052144643763 15151
496000000 307.56711959201140871 12834.271456650743858 6507.1399676988094143 -2938.1402189990240004 1259.3736828716637319 8185.9065038261696827 15142
497000000 307.80433108584730917 12844.169903235560923 6457.4595473829540424 -2999.2932023589391974 1247.1931530886477049 8209.559596653245535 15142
498000000 312.35996614063560628 13034.26908232903952 6532.9735649839922189 -2967.8078860277960302 1290.9732704727605324 8209.8081805390283989 15140
499000000 310.22867814970226163 12945.333930014243379 6659.3460635433375501 -2944.1765252718096235 1202.7223950847355809 8400.8001937304106832 15150
500000000 310.54830009723133344 12958.671229669464083 6440.4787145944692384 -2985.5526456368738764 1137.3312378865293795 8288.7001223448132805 15185
