# Steps Temp KinEng PotEng Epair Ebond Eangle Bonds
1000000 304.6785076116607911 12713.734416352252083 9380.796757875910771 -1427.2625773793176904 2285.955621230104498 8522.1037140251228266 14680
2000000 308.89243908124808513 12889.574865266775305 8802.4991028540716798 -1516.3655889473616298 2047.5881480706118509 8271.2765437308207765 14795
3000000 311.47405170928419693 12997.3013261059059 8492.4180072434628528 -1648.3101304122419606 1871.6700769767051042 8269.058060678999027 14858
4000000 307.9771894190976127 12851.382997975406397 8285.9657089550546516 -1768.6392467208063408 1772.2194974571307284 8282.3854582187304914 14890
5000000 305.99474543251028535 12768.658861841422549 8465.522664282056212 -1804.3704118059822576 1813.2575829294132745 8456.6354931586265593 14885
6000000 311.32442079141031854 12991.05747331420207 8114.0400520996481646 -1876.147305355390472 1598.7778296011274506 8391.4095278539098217 14949
7000000 310.57623213510140658 12959.83678779816546 8408.6107938886852935 -1797.9074489835850272 1867.2665265995333357 8339.2517162727381219 14892
8000000 308.02233315180433237 12853.266771900567619 8179.276750013254059 -1960.061594561250331 1702.7437760145849097 8436.5945685599199351 14972
9000000 307.74903416964167491 12841.862453615327468 8008.9365426125559679 -1965.2043086027047138 1618.6941346899302516 8355.4467165253299754 14984
10000000 308.54634536068300577 12875.132941939384182 7961.2080013864233479 -1965.9410041762246237 1489.3867613673962751 8437.7622441952516965 14991
11000000 310.19280371120800055 12943.836948533904433 7652.8710365902607009 -2112.5595438206037215 1528.1543954106355159 8237.2761850002298161 15022
12000000 313.94269062729398456 13100.313579314955859 7662.4685485875670565 -2106.1539942680869899 1566.3222091946540786 8202.3003336609999678 14971
13000000 310.89084819886056721 12972.965200133867256 7735.1639226683382731 -2054.3560674549457872 1482.2787248931701924 8307.2412652301136404 15017
14000000 311.40892880130797948 12994.583853964795708 7682.8416116983380562 -2118.9497872076262865 1427.1479968894577723 8374.6434020165070251 15036
15000000 313.23114927939229801 13070.622125873134792 7687.5560613457973886 -2123.1871343708826316 1510.8014125588501884 8299.9417831578302867 15015
16000000 310.11232434683023484 12940.478676653436196 7760.0414472178335927 -2170.6894535434789759 1641.7520991558621972 8288.9788016054517357 15000
17000000 308.13522435403166355 12857.977536615519057 7843.6522715666433214 -2049.8108073483413136 1508.1521652977680787 8385.3109136172170111 15004
18000000 312.21443630020627324 13028.196360772875778 7767.1392225144700205 -2143.8149139991892298 1513.4724471858251036 8397.4816893278330099 15010
19000000 308.44792749850131486 12871.026125966667678 7510.9613519298836763 -2235.9915550612558945 1408.472511662798297 8338.4803953283408191 15042
20000000 314.70314825731355768 13132.046228981471359 7682.8313641888198617 -2211.1076314056326737 1611.8689851589167574 8282.0700104355346411 15014
21000000 307.70511516397129981 12840.029785540706143 7216.4186980964359464 -2298.8720681642098498 1351.1368297441551931 8164.1539365164899209 15064
22000000 312.46995093867974447 13038.858567564248006 7363.8054290486334139 -2377.7088955703929969 1446.4945756254087428 8295.0197489936163038 15071
23000000 311.06539146359682491 12980.248604301148589 7261.5138093806199322 -2321.5897704945109581 1400.9253958653971495 8182.1781840097328313 15061
24000000 309.7021884823834057 12923.364379698023185 7325.4725411315694146 -2423.9861577425917858 1396.8375575402137656 8352.6211413339478895 15052
25000000 308.6586176440722511 12879.81788018631778 7358.7161287933313361 -2303.2970202298861295 1288.8697648935042253 8373.143384129713013 15093
26000000 309.44897559367274198 12912.798221149130768 7360.6723413493255066 -2413.4849209434960358 1414.8883537723336303 8359.2689085204874573 15081
27000000 310.19136682157483165 12943.776989486170351 7219.0535835952232446 -2372.1317669520876734 1312.5076319925062762 8278.6777185548053239 15069
28000000 310.15733671130470839 12942.356968797723312 7257.4764997262573161 -2408.5780380313003661 1332.2052654113028893 8333.8492723462550202 15086
29000000 311.73852118725750415 13008.33720366268426 7385.8228111300040837 -2379.2436421955139849 1470.1698623474921988 8294.8965909780254151 15052
30000000 306.64728757951667149 12795.88837539506676 7294.6613369483648057 -2357.0577499394194092 1395.1944914209468607 8256.5245954668389459 15101
31000000 314.16131441456639095 13109.436391390761855 7304.1111555791812862 -2451.4147710095203365 1366.955053437273591 8388.5708731514296232 15087
32000000 305.19007847140443346 12735.081429296846181 7219.7931999723969057 -2469.4054091271109428 1418.1745997808320681 8271.0240093186766899 15051
33000000 310.86185173203375598 12971.755225130580584 7390.2205716366934212 -2391.6470330219140124 1508.8171356163193195 8273.0504690422876592 15070
34000000 306.24379645769619174 12779.051352651342313 7111.2373217710910467 -2434.9514636944504673 1335.4122507373785993 8210.7765347281638242 15103
35000000 310.28126322253046965 12947.528218858058608 7204.9305117896146839 -2366.4908966736611546 1332.0219241578224683 8239.3994843054533703 15107
36000000 308.82599067732815001 12886.802082353891819 7241.2109273075238889 -2489.8711522938019698 1399.940378107136894 8331.1417014941907837 15073
37000000 311.01526572076897992 12978.156939264677931 6983.6944520295392067 -2501.0906164184179943 1337.7487407506096133 8147.0363276973475877 15062
38000000 310.41191374440427353 12952.98005085461773 7178.0143861650467443 -2522.1067556201182924 1405.9842638595093831 8294.1368779256554262 15094
39000000 310.39309770647258802 12952.194888452102532 7128.9260131384207853 -2468.1566415542747563 1432.0725796238189105 8165.0100750688770859 15042
40000000 304.88470547763881768 12722.338715112322461 7020.3191084839900213 -2548.2150535035511894 1380.069765455969673 8188.4643965315726746 15086
41000000 310.98865736438699514 12977.046616193489172 7153.9705204608089844 -2592.4632065360628985 1361.2708417421417835 8385.1628852547291899 15100
42000000 311.79386067203631683 13010.646429599659314 7200.735280798851818 -2542.5083582909178403 1416.1279738316393377 8327.1156652581303206 15077
43000000 310.60347268856975234 12960.973491416894831 7281.0788728529087166 -2590.3464582658143627 1566.8190907822693134 8304.6062403364521742 15060
44000000 311.56324452408915704 13001.023195981686513 7014.4419656529389613 -2517.2973362589937096 1269.3396775654700832 8262.3996243464625877 15066
45000000 310.32864544516729666 12949.505401296633863 7042.250635807659819 -2471.1077127693683906 1226.2935593096124194 8287.064789267416927 15103
46000000 311.27517479546401091 12989.002518672215956 7355.6593056629444618 -2489.8389103143526881 1500.4204141574675759 8345.0778018198325299 15092
47000000 311.08407985323520961 12981.028440149742892 6874.5137822343604057 -2587.0078032631499809 1252.9538056363253418 8208.5677798611832259 15115
48000000 307.22400381873842434 12819.953798179689329 6996.602876827972068 -2697.4199011195541971 1345.488554651522918 8348.5342232960028923 15104
49000000 309.07471378579896282 12897.180889737110192 7084.8327027483528582 -2586.3815662472293297 1308.3902873428537532 8362.8239816527275252 15088
50000000 314.00605873738169294 13102.957826618241597 7059.8718569033717358 -2553.3840761965243473 1287.1356686040066961 8326.1202644958902965 15115
51000000 306.35208018515675121 12783.569855001040196 6838.2574190797558913 -2533.4353520792828931 1280.9430414847404336 8090.7497296742985782 15111
52000000 309.68308801024022614 12922.567348322363614 6969.4841274918235285 -2599.7104646327343289 1320.713726136606283 8248.4808659879527113 15103
53000000 309.09204761312128085 12897.904201921885033 6933.7744920650957283 -2658.7959912650539991 1286.5248084400798234 8306.0456748900687671 15094
54000000 311.83906683918513636 13012.532808811689392 6838.7229202209655341 -2686.7633363134491447 1349.90547046273673 8175.5807860716777213 15123
55000000 308.34685187758429947 12866.808406080941495 6858.4220178276591469 -2714.5816675098367341 1267.352270776023488 8305.6514145614728477 15114
56000000 310.1014686795591615 12940.02568746270299 6813.8788228782632359 -2735.2094606840819324 1321.1758741609669414 8227.9124094013786817 15096
57000000 315.14543770021759883 13150.502242030495836 6935.4377048673832178 -2617.067510386153117 1304.5018765018837712 8248.0033387516523362 15101
58000000 307.10032538811316272 12814.792900115935481 7158.9963628980112844 -2540.3980153307038563 1462.3587792001344496 8237.0355990285806911 15073
59000000 310.63568708614707248 12962.317745392638244 6967.0977569513379422 -2566.0723263502668487 1282.0695602016671728 8251.1005230999362539 15124
60000000 309.9620743089145094 12934.208988997808774 6718.7500363786284652 -2635.6998371694930938 1159.8762275031456284 8194.5736460449770675 15143
61000000 308.98464635413097312 12893.422523534103675 6998.5718872399702377 -2646.5288872035821441 1370.5819819041453229 8274.5187925394075137 15109
62000000 310.5993829120336045 12960.802831749724646 6985.3608483974894625 -2651.7043443696779832 1340.3687927527032571 8296.6964000144653255 15110
63000000 307.94187776865840078 12849.909500717571063 6756.8178758088361064 -2669.1125282401217191 1223.7435296963708424 8202.1868743525883474 15134
64000000 312.24547468929745264 13029.491541843277446 6702.4937818716889524 -2734.527512538238625 1232.6756608079053876 8204.3456336020226445 15156
65000000 307.58576908215030699 12835.049669287023789 6953.2891574342675085 -2693.6449082303911382 1306.7693961153304372 8340.164669549329119 15109
66000000 308.08439878795053346 12855.85666910247528 6872.6695084155180666 -2707.8445761591347036 1331.7161968079115013 8248.7978877667410416 15130
67000000 310.32899717065510004 12949.5200782243719 6915.2192504730865039 -2652.7116272863077029 1415.426331658334675 8152.5045461010604413 15111
68000000 312.79961927613538819 13052.615086593918022 6656.7407268452816425 -2792.6130328618723979 1224.8055906825206876 8224.5481690246342623 15142
69000000 307.7915371948456027 12843.636035147448638 6874.4345902641998691 -2744.7756276895343035 1256.6298706805218899 8362.5803472732113732 15130
70000000 310.35091344276213476 12950.434608314299112 6702.0400748627725989 -2776.3818153199222252 1279.1000642513006369 8199.3218259313944145 15129
71000000 311.90258776852539313 13015.183433011743546 6727.6541324082018036 -2868.6280985998746473 1314.9108606086863347 8281.3713703993907984 15143
72000000 309.42814468171735598 12911.928981358219971 6777.4302072190002946 -2750.2839251833001981 1251.7930930438726591 8275.9210393584289704 15141
73000000 308.81954048116722333 12886.532926247127762 6753.1244374028901802 -2726.5222048670893855 1226.7167550936776479 8252.9298871763021452 15120
74000000 308.94600447987619418 12891.810061498377763 6633.0634429096444364 -2786.222661281708497 1232.5558485936080615 8186.7302555977439624 15147
75000000 314.27370375021672544 13114.126214036572492 6627.918199343633205 -2799.2101485749071799 1186.6398071387930031 8240.4885407797482912 15142
76000000 308.48327682138631189 12872.501195233879116 6883.9738155170725804 -2758.2670632148865479 1297.072889053310746 8345.1679896786481549 15106
77000000 308.20457602364450622 12860.87146804409349 6763.2939194794835203 -2705.3091545658521682 1238.4084535083525225 8230.1946205369822565 15108
78000000 307.01806289810650696 12811.360221327493491 6753.3367937714883737 -2727.339381026463343 1241.1063144977003958 8239.5698603002510936 15133
79000000 307.80658758070472913 12844.264063065060327 6655.6289724131984258 -2853.1200539131850746 1175.2877877795763197 8333.4612385468062712 15124
80000000 309.82382098954701632 12928.439904731261777 6578.0961354732753534 -2858.9796849721510625 1256.6360899922335648 8180.4397304531930786 15112
81000000 313.63015839475127677 13087.272121838204839 6608.5218930143455509 -2791.3637127706247156 1233.6919547822230925 8166.1936510027480836 15150
82000000 308.05640187661305163 12854.688403910377019 6994.562585363861217 -2808.2139720787627084 1388.9671329294212683 8413.8094245132033393 15101
83000000 309.18313936815536636 12901.705311458954384 6525.3951443518108135 -2845.5342156278011316 1079.3033922795475519 8291.6259677000634838 15171
84000000 307.50011198405729829 12831.475339070670088 6904.6073260348239273 -2765.8436589202983669 1371.3135063807749248 8299.1374785743464599 15128
85000000 309.57028290531741277 12917.860176306721769 6772.3665445035030643 -2742.8032462563369336 1314.0758438951047538 8201.0939468647338799 15154
86000000 309.86724634658446575 12930.25197365807071 6572.2105600792547193 -2754.8496976199676283 1146.4330732023463497 8180.6271844968759979 15153
87000000 310.65526217732065106 12963.134581842008629 6856.3125792571026977 -2822.4398005713037492 1344.4669137885462078 8334.2854660398606939 15120
88000000 311.19839267741485855 12985.798526817146922 6619.052310878309072 -2754.0254640964299142 1206.2152833208785978 8166.862491653860161 15136
89000000 305.7668768122003371 12759.150278045503001 6788.6839485506434357 -2725.3080485132350077 1246.7033941090455755 8267.28860295483355 15150
90000000 310.53991181683045397 12958.321200486037924 6785.9206426221808215 -2804.9610120432057556 1296.5819473721639952 8294.2997072932230367 15115
91000000 309.16824126221155211 12901.083637932453712 6677.0766147326548889 -2819.0751540726587336 1248.6909343707677635 8247.4608344345433579 15142
92000000 308.34360051893111176 12866.672732216929944 6776.1114100687373138 -2766.3329343178920681 1211.8553515325811532 8330.5889928540473193 15140
93000000 315.23831900126054961 13154.378026387463251 6620.3294296215244685 -2864.1155182012448677 1198.6168973051057947 8285.828050517664451 15139
94000000 312.75275972748391951 13050.659714483508651 6743.1573665433725182 -2833.2915914943091593 1281.210563744985393 8295.238394292695375 15136
95000000 307.90527688934702155 12848.382206053376649 6523.8687895625871533 -2938.2311037459448926 1226.648113240326893 8235.4517800682042434 15152
96000000 312.00762148076302083 13019.566317556573267 6428.6460343460566946 -2964.2239109695915431 1171.1846142206200057 8221.6853310950282321 15160
97000000 312.523868738973988 13041.108468939401064 6717.3769135562288284 -2902.1051928319689068 1300.256017710325068 8319.2260886778713029 15130
98000000 304.86619956529716546 12721.566493742038801 6404.2418701714505005 -2960.4075016794954536 1171.5757535432981058 8193.0736183076478483 15131
99000000 310.70477059841317669 12965.200487054940822 6245.4485365066630038 -2976.1480214828575299 1126.2090798684005222 8095.3874781211197842 15173
100000000 308.38766665413760393 12868.511539765786438 6655.3900463464251516 -2901.0859215690497876 1272.1626715125748888 8284.313296402899141 15143
101000000 309.99729845147618335 12935.678834695438127 6847.2821815737697762 -2808.1455280105119527 1413.3888933196524249 8242.0388162646304409 15111
102000000 308.75291045897392905 12883.752564701571828 6611.4309866926814721 -2861.6073822352636853 1277.8957805144473241 8195.1425884134987427 15142
103000000 310.68990636619435008 12964.580227023425323 6669.5544246364615901 -2810.3415512563024095 1259.3813850875339995 8220.5145908052309096 15152
104000000 305.69775203001876207 12756.265814257316379 6517.0536964514858482 -2874.7503846771364806 1219.3196726214341652 8172.4844085071872541 15129
105000000 313.3112168517022269 13073.963214345996676 6634.2832394836887033 -2835.8882391736256068 1272.3774201820472172 8197.7940584752668656 15142
106000000 308.20121835381104347 12860.731357988890522 6617.3073986511426483 -2916.6975188275891924 1307.6281992729509511 8226.376718205781799 15126
107000000 310.94365926878771234 12975.168919465961153 6648.1030272451926066 -2796.3342388175033193 1184.9825524309949287 8259.454713631701452 15127
108000000 310.06078120563330458 12938.327865907711384 6626.1653407991216227 -2825.6272754385145163 1336.1353373996130358 8115.6572788380235579 15126
109000000 310.30715466895861709 12948.608626452683893 6507.9712585800789384 -2875.9569774482065441 1279.0035544053384911 8104.9246816229469914 15133
110000000 307.70989551944904861 12840.229261934482565 6328.3295687520821957 -2952.7574731111258188 1140.323345712326045 8140.7636961508815148 15153
111000000 308.32570154415509478 12865.925837355816839 6411.8164844266884757 -2910.5480026473328508 1198.6875895480602594 8123.6768975259601575 15144
112000000 307.45511552624122942 12829.597710685147831 6436.9989041587123211 -3008.940271962798306 1246.035076741028206 8199.9040993804828759 15136
113000000 310.32026945245070237 12949.155884858120771 6706.9236294537440699 -2901.6293127637127327 1326.1132351977216786 8282.4397070197355788 15130
114000000 308.06775271234192815 12855.162055668724861 6473.2609953273858991 -2905.3764414807951653 1306.6890661651705159 8071.9483706430100938 15154
115000000 311.86955480995624157 13013.805021828340614 6590.8935333595145494 -2880.8106286428292151 1278.2283777769766857 8193.4757842253675335 15151
116000000 309.16054771052438355 12900.762598638819327 6721.8314862597089814 -2827.8409894371770861 1310.2766652538409744 8239.3958104430457752 15114
117000000 307.58579236516487754 12835.050640849034608 6403.8889794909255215 -2933.7571335231696139 1113.0140821627146579 8224.6320308513804775 15203
118000000 310.23930289483121214 12945.777283202723993 6428.7180458555239966 -2973.502692248312087 1188.4149507463184818 8213.8057873575180565 15158
119000000 311.23425790852752471 12987.295124088554076 6523.4813093597877014 -2915.1184022093029853 1251.4228022736999719 8187.1769092953909421 15138
120000000 311.28871459171102742 12989.567512162848288 6626.0517722627510011 -2843.2598222132505725 1193.6069239950138581 8275.7046704809872608 15136
121000000 309.91232286354170355 12932.132942780248413 6539.8865914525295011 -2965.0859694808696077 1176.0976250482385694 8328.8749358851600846 15139
122000000 310.03978417155406078 12937.451694113031408 6543.5427285526275227 -2887.2359345440518155 1118.9140441416470821 8311.8646189550327108 15158
123000000 308.90393840495181621 12890.054713184776119 6712.6941401651565684 -2907.7870091470772422 1250.516555024515128 8369.9645942877177731 15127
124000000 310.00112769236937993 12935.838622637535082 6354.064505471065786 -3000.2618529298197245 1185.0329755473908335 8169.2933828534951317 15145
125000000 310.84310482942680665 12970.97294763177706 6576.0694058627032064 -2913.9302874703880661 1228.2418999315373185 8261.7577934015534993 15153
126000000 305.81558625843962318 12761.18284334821692 6411.5775158768619804 -3018.3462218344529902 1271.4939986028523435 8158.4297391084619449 15157
127000000 311.04443464265722241 12979.374110534830834 6490.3267746979199728 -3008.2808999562666941 1258.0782646808652316 8240.52940997332189 15134
128000000 308.33088721840209701 12866.142227037067642 6501.162819038505404 -2875.1738593682580358 1229.5029371353516581 8146.8337412714117818 15137
129000000 311.61739056990222707 13003.282621667991407 6537.110177849421234 -2937.375923747165416 1252.1265551923493149 8222.3595464042373351 15129
130000000 311.95539423283605629 13017.386960159015871 6406.3377173325470721 -2959.7009000358639241 1132.3679368811135646 8233.6706804872974317 15182
131000000 312.2011176976727711 13027.640597333127516 6579.588509829843133 -2852.3869510168024135 1212.0888464554159327 8219.8866143912291591 15155
132000000 308.38470691021484527 12868.388034506195254 6671.1401390899372927 -2982.6634816571445299 1348.6977317192929604 8305.1058890277890896 15119
133000000 311.17118467290492845 12984.663181413070561 6693.0034860548712459 -2745.2299923123728149 1303.3146165215384826 8134.9188618457055782 15097
134000000 307.34119287987653024 12824.843905498026288 6762.5563129409083558 -2831.2026062623363032 1357.4280896260318059 8236.3308295772112615 15146
135000000 311.48628411891155565 12997.811764497158947 6560.0398888517865998 -2882.734577903545869 1265.1970235954204327 8177.5774431599111267 15147
136000000 310.65602820931337646 12963.166547100687239 6448.8901247480589518 -2909.4173845679879378 1172.8463256304794413 8185.4611836855665388 15149
137000000 311.30957219706965589 12990.437865825695553 6618.6720276357254988 -2877.2195632698303598 1270.8318398523995256 8225.0597510531551961 15150
138000000 309.72729204316084406 12924.411910116661602 6501.8595789890205197 -2972.55889519664197 1249.0741801399062751 8225.344294045757124 15187
139000000 310.22940579441046793 12945.364293434498904 6591.9770241266196535 -2869.3496546237502116 1286.9428087455085006 8174.3838700048609098 15125
140000000 304.79730116708708465 12718.691476585687269 6425.825512584140597 -2932.8576951913587436 1189.9934795403980843 8168.6897282351019385 15136
141000000 309.54928283931917576 12916.983877995033254 6621.8613337843953559 -2887.2763140631559509 1214.8138568264985224 8294.3237910210518748 15130
142000000 306.45818708591434643 12787.997521942661479 6478.9450369544047135 -2953.1105789252642353 1170.6186189974162062 8261.4369968822520605 15172
143000000 305.53885738711494469 12749.635401413639556 6535.6117513329427311 -2993.3680242747213924 1279.1833101695306141 8249.7964654381339642 15137
144000000 308.99967433167427089 12894.049616389449511 6622.4405180278226908 -2959.2883375058709134 1291.6448611135738247 8290.0839944201215985 15147
145000000 308.36422718126613063 12867.533449006174123 6745.2566604694493435 -2890.8296085485658296 1321.0378269577768151 8315.0484420602388127 15130
146000000 311.77081836622164701 13009.68491196992909 6739.8038392869129893 -2856.6918649869721776 1264.5376456157941902 8331.9580586580923409 15145
147000000 307.28346270402767004 12822.434919943694695 6667.3911644105646701 -2859.3431395293519017 1289.5657697166429898 8237.1685342232740368 15148
148000000 305.1976891211930365 12735.399009230221054 6475.1063123037511104 -2782.4948296825450598 1143.3124725382399447 8114.2886694480566803 15176
149000000 309.81937963970619876 12928.254574486707497 6490.8030717312049092 -2965.0902988133429972 1335.7060118594401956 8120.1873586851079381 15112
150000000 308.4167838618432711 12869.726553087919456 6498.7080276950273401 -2927.599261706791367 1186.8503750708202915 8239.4569143309981882 15141
151000000 312.74629832227611814 13050.39009064160382 6491.5839671139765414 -3017.5361074952643321 1234.7851503308797874 8274.3349242783606314 15115
152000000 310.5952743338974642 12960.631387522624209 6508.4973015961622878 -2920.8917291501238651 1148.936112888294474 8280.452917857990542 15159
153000000 306.49957652817096232 12789.724635484790269 6625.4711890690068685 -2812.1550565667703268 1232.0785420559027443 8205.5477035798739962 15129
154000000 309.20981795063312347 12902.818564949940992 6458.0748644773411797 -2889.7600262989185467 1123.4655209482921236 8224.3693698279694217 15182
155000000 307.21431910433716439 12819.549670931723085 6838.384602944953258 -2807.0715768682612179 1272.7782473935999406 8372.6779324196140806 15119
156000000 309.22843190882809949 12903.595294896476844 6640.4315931139408349 -2739.050836691346376 1295.7754618335936811 8083.7069679716933024 15111
157000000 310.97999710907947701 12976.68523794327848 6503.7078976666098242 -2854.9468605828387808 1251.9639271847977398 8106.69083106465132 15130
158000000 307.8190288416454905 12844.783216479081602 6660.9445948656630208 -2864.726657532464742 1300.0913466061033432 8225.5799057920248742 15116
159000000 308.19383620366187415 12860.423312970704501 6458.2437308866847161 -2971.3177347420751175 1225.4904919857417553 8204.0709736430162593 15148
160000000 310.18411231216566648 12943.474270706719835 6783.2331197587773204 -2752.9966762371113873 1276.8391071342780378 8259.3906888616111246 15132
161000000 310.5807577439448437 12960.025634032705057 7004.8440109057755762 -2756.3121030897100354 1409.7572198390416816 8351.3988941564439301 15112
162000000 309.58535531385814465 12918.48912319471674 6571.4311092781636034 -2833.8570489795342837 1270.7042756576242937 8134.5838826000735935 15109
163000000 310.40483910170030413 12952.684837617774974 6654.3769428710675129 -2889.2067935709160338 1323.4480709543142893 8220.135665487670849 15112
164000000 309.47110893774970464 12913.721809296341235 6446.9173708511534642 -2922.2140563099205792 1171.0864686938643899 8198.0449584672096535 15180
165000000 310.03357299334055597 12937.192511833196477 6383.1617621765471995 -3014.5746302362131246 1159.6129437332922407 8238.1234486794674012 15163
166000000 312.80327097914698697 13052.767466171397245 6423.9438211450324161 -2925.843095120039834 1187.5744716610979594 8162.2124446039733812 15184
167000000 310.73161256546296727 12966.32055831614889 6524.8767079585140891 -3048.8299265451732936 1266.5716280618216842 8307.1350064418656984 15129
168000000 307.13480002433914251 12816.23147014344795 6459.4056632943384102 -2999.2930870414529636 1284.6259890863589135 8174.0727612494329151 15153
169000000 310.45076993125326226 12954.601455803403951 6723.8304088100667286 -2930.5966964005569935 1259.9217828811633808 8394.5053223294598865 15128
170000000 307.57801427516295689 12834.726073910178457 6570.3509431620623218 -2999.7069128805333094 1264.1969879509133534 8305.8608680916804587 15179
171000000 311.44539649555832739 12996.105591034829558 6579.2984445021702413 -2888.5799598971825617 1186.1035343832988929 8281.7748700160555018 15173
172000000 309.97451612243526142 12934.728165470087333 6632.0682789561797108 -2811.3074321028534541 1183.9868979619373022 8259.388813097095408 15117
173000000 312.95194994609255446 13058.97159561216904 6679.8224565043965413 -2852.2171641559079944 1276.9969959037443914 8255.0426247565592348 15145
174000000 309.97342518367617004 12934.68264238492884 6722.3479172481029309 -2864.5167682674173193 1320.5052638847485014 8266.3594216307719762 15138
175000000 311.63458335978492642 13004.000048591728046 6564.5586345804858865 -2967.7847039022476565 1320.8047987066847782 8211.5385397760492197 15132
176000000 312.35176894078199439 13033.927026623458005 6333.6116843158015399 -2966.8010207010711383 1197.5384210839690695 8102.8742839329033814 15159
177000000 310.89299172441138808 12973.054645939484544 6446.3160474980859362 -2959.0303541608254818 1157.1920511615603573 8248.154350497350606 15148
178000000 307.53126139512073678 12832.77515290588417 6568.9083995934979612 -2887.7105757943836579 1261.8333769414896324 8194.7855984463931236 15153
179000000 306.96539160487316167 12809.162334647582611 6588.1821402791774744 -2817.1975041742002759 1244.6646593522339117 8160.7149851011427018 15134
180000000 307.49189241016966889 12831.132349733345109 6507.3194686877341155 -2951.2612560078887327 1186.2669580433350802 8272.3137666522852669 15132
181000000 306.96704678550054268 12809.231402620485824 6292.3601619552737247 -3025.0159670171697144 1208.5294228712327822 8108.8467061012115664 15142
182000000 311.9575413668363808 13017.476556539313606 6206.0267057648698028 -3053.9031939190008416 1234.2864577772470511 8025.6434419066245027 15134
183000000 311.70227040110410144 13006.824517811781334 6466.6852295742164642 -2945.1759260187891414 1210.8017145850399174 8201.0594410079647787 15155
184000000 307.26078704104025974 12821.488701717813456 6511.8333802042134266 -2965.0097646012536643 1196.8634675233672624 8279.9796772820991464 15153
185000000 311.49831791340011478 12998.313915004418959 6403.031695045192464 -2934.9430963041363611 1182.9533674671101835 8155.0214238822190964 15173
186000000 306.91783785294484233 12807.177994573001342 6460.1693084368780546 -2942.2569205558038448 1193.4247961043176929 8209.0014328883644339 15156
187000000 308.57172242930090533 12876.191885391624965 6419.4336021732651716 -3015.1662751193762233 1312.4014485410489215 8122.1984287515924734 15138
188000000 311.35341415774917095 12992.267318939209872 6476.8071454929031461 -2910.8429288360639475 1130.0558989217463477 8257.5941754072227923 15156
189000000 310.34775426698121237 12950.302781090356802 6646.0756119746838522 -2871.6712662740474116 1249.0628310128131488 8268.6840472359181149 15154
190000000 308.24449904286211677 12862.537390157898699 6725.3840926087741536 -2887.600391130684784 1292.9388803717649807 8320.045603367694639 15112
191000000 308.06805172380325075 12855.174532926594111 6722.3746585605313157 -2821.7421660139748383 1326.217693876006706 8217.8991306985008123 15117
192000000 310.25390696888553066 12946.386687260721374 6657.8484996426559519 -2881.4189139051572965 1264.0346790650548883 8275.2327344827590423 15129
193000000 310.7454927547277066 12966.899755849128269 6432.5984606791280385 -3044.8759467468216826 1200.7317519864668611 8276.7426554394842242 15171
194000000 309.9655104802032497 12934.352374789988971 6523.0745763832728699 -2931.6233858491150386 1326.5359444356504355 8128.1620177967370182 15145
195000000 308.96998164487882832 12892.810589268749027 6656.3114092888008599 -2949.6146979773943713 1390.5038738038224437 8215.422233462373697 15115
196000000 308.1995109118585674 12860.660109236605422 6724.1362813594141699 -2996.6285275539903523 1417.1513072287946216 8303.6135016846110375 15116
197000000 314.02009388834056836 13103.543490448562807 6468.6506681931596177 -2843.2717967504286207 1073.7410624870735774 8238.1814024565155705 15180
198000000 309.81944562323644732 12928.257327871204325 6326.8937633938949148 -2990.5652922894187213 1174.9442227419299343 8142.5148329413841566 15167
199000000 307.51046164956699158 12831.907213637798122 6454.2780685595917021 -3066.5503889597762281 1228.5094950214343044 8292.3189624979349901 15167
200000000 312.5625174641211288 13042.721216851628924 6265.5075860731230932 -3075.7893302677962311 1149.5062955247915397 8191.7906208161284667 15182
201000000 309.64502823744533089 12920.979176425847982 6486.4122337979579243 -2871.0450560087192571 1211.3310212755350221 8146.1262685311430687 15150
202000000 312.68248145902873603 13047.727117604968953 6468.1413870810192748 -2933.034834433569813 1125.0585895052786327 8276.1176320093109098 15162
203000000 310.17385161364938995 12943.046108586309856 6425.0201249711335549 -2917.3230361430173616 1178.3872237090772614 8163.9559374050732004 15156
204000000 307.88489926269704711 12847.531881114822681 6464.4969804322827258 -2941.6481476741296319 1231.4976497824054604 8174.6474783240082616 15171
205000000 308.14706483961839467 12858.471620659354812 6541.2952556243180879 -2968.1524172045892556 1325.2720473113276967 8184.1756255175796468 15121
206000000 309.1975407651825094 12902.306258137021359 6488.298389095901257 -2990.3980346015814575 1266.1409040640667172 8212.5555196334153152 15166
207000000 310.22051002442441359 12944.993087543023648 6554.912805229996593 -2890.1513187805221605 1297.4286713021365358 8147.6354527083803987 15150
208000000 308.32103120545707498 12865.730951781817566 6720.4968807770110288 -2733.429886329195142 1273.4914712171050724 8180.4352958890995069 15118
209000000 308.40471595485189482 12869.222979121865137 6709.4465312423553769 -2840.7048687099995732 1281.8155512797138726 8268.3358486726410774 15130
210000000 307.85155744731673622 12846.140581843250402 6686.0063573192055628 -2854.6750946111496887 1314.5214014904822761 8226.1600504398720659 15146
211000000 310.77586438323066886 12968.167114093743294 6522.9433369610687805 -2934.1547453979719648 1233.7878007574172443 8223.3102816016216821 15161
212000000 307.84527403747563312 12845.878385456064279 6541.5034834959933505 -2934.112376171433425 1224.6891556778896302 8250.9267039895366906 15132
213000000 307.52076075985280568 12832.336978618352077 6634.8626869360396086 -2943.3671703452000656 1353.3126957674458026 8224.9171615137947811 15135
214000000 311.4351080092852726 12995.676269376905111 6516.8986432840538328 -2870.1115249258255062 1198.7877356869732921 8188.2224325229062742 15171
215000000 309.95832188762153692 12934.052406611637707 6553.7318192204220395 -2900.6526213725455818 1320.1833838432430639 8134.2010567497245574 15137
216000000 306.9908399083092263 12810.224250611952812 6555.9730934181843622 -2849.5542818558101317 1126.9734568426961232 8278.5539184312983707 15156
217000000 310.20910561522845228 12944.517200251762915 6610.1480907185814431 -2898.269973516700702 1279.1366348855708566 8229.281429349712198 15136
218000000 309.45522681573754653 12913.059074393202536 6574.9138939128770289 -2935.1850244418146758 1188.5709170654986337 8321.5280012891926162 15169
219000000 309.95569314996760113 12933.94271370075694 6430.9202064806022463 -2971.2493325939512943 1158.9054012434737615 8243.2641378310800064 15155
220000000 311.10766060181788362 12982.01242611307498 6527.2854954716167413 -2906.6741956798177853 1239.2825687924660087 8194.6771223589694273 15103
221000000 310.3359227202277566 12949.809070049373986 6471.4216768723363202 -2960.1072437956099748 1269.1309722369728661 8162.3979484309738837 15131
222000000 311.94701949036061706 13017.03749589101426 6590.0300880665363366 -2970.9422490670626757 1222.8227848303411065 8338.1495523032572237 15131
223000000 307.11106487191693759 12815.241041161130852 6417.7989609256328549 -2972.8953181751421653 1163.0881173660668537 8227.6061617347077117 15157
224000000 310.85658873668660362 12971.535608966636573 6675.2618600981631971 -2874.4163607286536717 1363.9259735622883909 8185.7522472645287053 15106
225000000 306.43071882367388525 12786.851316410338768 6398.9051775529733277 -2915.5000571608079554 1161.4529109253676324 8152.9523237884141054 15161
226000000 311.41801585541890063 12994.963041829074427 6209.7975187395786634 -3118.521838041519004 1151.4205659646911499 8176.8987908164062901 15166
227000000 312.218475878722586 13028.364925759009566 6532.4056264947757882 -2989.9100679237085387 1266.6639446370438691 8255.6517497814384114 15167
228000000 307.6217500884320657 12836.551097666351779 6455.6533646486877842 -2964.4547317353762992 1281.5201127252323658 8138.5879836588319449 15132
229000000 313.58662861305680281 13085.455695441725766 6374.9472052385908682 -2954.1846026036519106 1200.2558343018886262 8128.8759735403546074 15163
230000000 309.09424105415956774 12897.995730618928064 6443.5826848470960613 -2908.7972360399326135 1177.1859481972560388 8175.1939726897735454 15148
231000000 307.82476093973730258 12845.02240753118167 6509.3518733592154604 -2922.3958091429585693 1249.7693030419666229 8181.9783794602071794 15148
232000000 306.60238251132500409 12794.014560548681402 6486.1605952427453303 -2875.7903975430390346 1217.8627646389704751 8144.0882281468138899 15166
233000000 309.55408026343917527 12917.184066635258205 6524.6274977268012663 -2973.4347747858910225 1187.0455086556576134 8311.0167638570346753 15158
234000000 308.63247150446306932 12878.726844662973235 6502.7938199126874679 -2957.734859229175072 1228.3965240247835027 8232.1321551170785824 15182
235000000 303.74892739471113146 12674.944558512797812 6673.5446740457991837 -2896.0044318386535451 1292.9872084506737338 8276.5618974337794498 15156
236000000 311.67786727307503725 13005.806215302944111 6617.4804115504994115 -2968.2216657722096897 1282.4153567491171088 8303.2867205735929019 15142
237000000 307.94141084659258922 12849.890016825567727 6478.45998352557217 -3034.7247120730539791 1260.8914898059024381 8252.2932057927246206 15154
238000000 306.86281159276597919 12804.881838984860224 6351.2198874438036 -3033.956198961636801 1142.8636362627712515 8242.31245014266824 15183
239000000 311.91554305351314724 13015.724035806189931 6578.1818638787626696 -2879.0653411870334821 1223.7838766032755302 8233.463328462519712 15137
240000000 312.36563256251082521 13034.505532820336157 6758.4007644234261534 -2884.966167610004959 1341.9391442138626189 8301.4277878195680387 15101
241000000 311.43792902178279292 12995.793985601656459 6415.4822165318619227 -2986.9410553529114623 1146.6017284123545323 8255.8215434724188526 15164
242000000 312.76292944860733769 13051.084080266527963 6461.7578353348035307 -2878.3098708795791936 1122.7458507455166909 8217.3218554688664881 15173
243000000 306.50290152267621124 12789.86338205213724 6554.6214000028339797 -2904.7398119432200474 1207.052725318486182 8252.3084866275676177 15145
244000000 309.02860538932196732 12895.25686197496907 6486.466882521419393 -3010.0483733673713687 1241.3929877106056665 8255.1222681781837309 15149
245000000 309.16242407385914248 12900.840896203335433 6473.6973929492705793 -3019.8672439169649806 1278.1525580735146832 8215.4120787927204219 15131
246000000 311.15043603356599533 12983.797374723508256 6273.0511699803046213 -3022.8961212852973404 1141.5726168389169288 8154.3746744266863971 15171
247000000 305.82959817933129898 12761.767537825933687 6431.2294045300259313 -3047.3942404812569293 1227.3165009462682065 8251.3071440650146542 15158
248000000 311.66779647055687974 13005.385977231086144 6213.0056743710110823 -3067.9318300503405226 1120.6485728504317194 8160.2889315709198854 15174
249000000 309.50340584620573736 12915.069506315727267 6430.8701896094626136 -2960.7441479142776188 1248.1205061138268775 8143.4938314099126728 15168
250000000 308.99757223461847389 12893.961899326981438 6238.6900881342280627 -2992.1450663560417524 1155.2226651167941327 8075.6124893734759098 15197
251000000 308.04990848204329268 12854.417445204862815 6461.8200333055456213 -3013.8722104729149578 1211.579411154707941 8264.1128326237521833 15152
252000000 311.41705420593950748 12994.922913773511027 6396.8236830956211634 -2967.3678633172407899 1180.9423405482548333 8183.2492058646057558 15182
253000000 310.31919518430260041 12949.111057410216745 6549.6207602279446292 -3004.5158836863283796 1311.494729773197605 8242.6419141410733573 15121
254000000 311.61892568630082678 13003.346679557544121 6472.5301810829114402 -2960.0512296858814807 1257.354366966445923 8175.2270438023479073 15176
255000000 309.6248372814332015 12920.136640946851912 6623.3701725936261937 -2944.4275547478664521 1291.9134215344633958 8275.8843058070287952 15140
256000000 306.42914813467098156 12786.785774134350504 6535.5109907777587068 -2816.1038702122596078 1215.3826077162054844 8136.2322532738135124 15143
257000000 315.12496371812477491 13149.647896337346538 6685.3024014328666453 -2812.2350064664487945 1317.1293933486786045 8180.4080145506359258 15128
258000000 308.92382026376787962 12890.884350544734843 6578.6233087415685077 -2868.3558768787588633 1307.6493745590132676 8139.3298110613141034 15134
259000000 309.94659181854524377 12933.562930067688285 6519.4000005874204362 -2902.6795321046624849 1233.3858959037327168 8188.6936367883490675 15144
260000000 310.88656767511446333 12972.786580898471584 6562.497815070471006 -2837.9364170792928235 1221.5332967264523631 8178.900935423311239 15164
261000000 311.7676502370592857 13009.552711136064318 6498.2259076431582798 -2910.7433416862895683 1232.3798709673931171 8176.5893783620540489 15144
262000000 309.45665519082342598 12913.118678142844146 6443.677131219768853 -2970.849422305128428 1238.7299847603253511 8175.7965687645719299 15152
263000000 311.97879020242447723 13018.36323559797529 6540.403551989045809 -2865.2153049316507349 1192.586899169172284 8213.0319577515238052 15150
264000000 305.99084636367200574 12768.49616009370402 6798.8304885210618522 -2774.8983546980343817 1162.5445522279514989 8411.184290991142916 15137
265000000 310.81251410498867926 12969.69644687312757 6491.1654201625351561 -2877.1470317694838741 1204.699985787757214 8163.6124661442627257 15130
266000000 308.87424465931849227 12888.815641880508338 6500.2061132246835768 -2982.3490564579101374 1235.9806210041142549 8246.5745486784799141 15171
267000000 309.43759637541927532 12912.323385034582316 6340.3246855930374295 -2969.7836069733302793 1253.389680593773619 8056.7186119725938624 15159
268000000 311.86486793010539031 13013.609446019163443 6548.336308562310478 -3006.2800756677293066 1224.1912955162979415 8330.4250887137422978 15131
269000000 307.71127126493087189 12840.286669537064881 6553.6165399073634035 -2891.7785244959259217 1184.4377113415130225 8260.9573530617781216 15157
270000000 309.21115177989105405 12902.874223457247354 6553.3478808623358418 -2958.9922609005893719 1256.2692868217864088 8256.0708549411392596 15151
271000000 309.78867896117952796 12926.973485524280477 6480.2659561993505122 -2949.5650273445407947 1289.4869762684902526 8140.3440072754028733 15141
272000000 307.82314863209057876 12844.955128577445066 6297.8439133242482058 -2990.8347560072770648 1116.4795746451195555 8172.1990946864052603 15190
273000000 310.03583145165140422 12937.286753594389666 6715.7027735763367673 -2784.0076571617837544 1302.0850103217860578 8197.6254204163360555 15132
274000000 308.69772074204843193 12881.44958833147939 6500.6282832971464813 -2858.2162313922221983 1155.7004437263642558 8203.1440709630041965 15165
275000000 309.24700727790667543 12904.37041458247586 6612.1696534373540999 -2980.20309257030749 1370.9753880995092459 8221.3973579081539356 15120
276000000 309.51642913359631848 12915.612946738912797 6698.5574690327248391 -2947.7449154151172479 1403.2548482694510312 8243.0475361783901462 15139
277000000 306.25323536161795346 12779.445222631155048 6795.2989168565118234 -2844.2319034990737237 1317.8300757090689785 8321.7007446465158864 15125
278000000 309.93249640302946091 12932.974751496247336 6608.9616122884908691 -2856.7350848569944901 1252.7938077994404011 8212.9028893460454128 15138
279000000 308.75176957341619755 12883.704957418425693 6677.0296965609877589 -2963.9735238212283548 1318.3422437764947972 8322.6609766057226807 15141
280000000 311.88884130926885518 13014.609815812675151 6539.7963926801039634 -2951.4287327836636905 1262.5408701609023865 8228.6842553028654947 15153
281000000 304.94866088875340893 12725.00746952422196 6754.0433772136129846 -2844.4960935955837158 1305.0069635391903375 8293.532507270007045 15129
282000000 311.91855912805425532 13015.849891650095742 6455.0141598084846919 -2981.0156576557501467 1218.6142974742579099 8217.4155199899760191 15169
283000000 308.2665029238832517 12863.455576024123729 6432.8688060815284189 -3013.2132851184815081 1295.5444905501085486 8150.5376006499009236 15118
284000000 309.12050425917954044 12899.091651089865991 6396.2306438802424964 -2984.1558508255275228 1173.7139413597178645 8206.6725533460539737 15153
285000000 308.91587430899613764 12890.552778884350118 6363.5101275170509325 -2980.4632584023356685 1093.2293106822330628 8250.7440752371530834 15154
286000000 311.15862601784277786 12984.139129334902464 6647.2481818233563899 -2950.5940560077033297 1299.198196208548552 8298.6440416225104855 15145
287000000 311.25345070895434674 12988.096008172060465 6405.0125522455191458 -3046.3699489084615379 1195.6765545004254818 8255.7059466535538377 15169
288000000 312.09403643824310848 13023.172272002177124 6530.0216101035020984 -2991.5793269382720609 1320.3401756934445075 8201.2607613483305613 15154
289000000 308.89245453796974061 12889.575510250420848 6307.4578227336596683 -3064.3414666373309956 1213.7277684921282344 8158.07152087886152 15158
290000000 310.80513686999290712 12969.388606956232252 6201.0955417298027896 -3057.1484637502044279 1127.7406334901463651 8130.5033719898619893 15175
291000000 309.18745718974832926 12901.885487072326214 6358.0345641556050396 -2923.2105894765177254 1148.5946808216949648 8132.6504728104273454 15156
292000000 308.42464073161846727 12870.054407377507232 6269.8965526637512085 -3024.2738563210332359 1017.8451033038745663 8276.325305680909878 15174
293000000 314.03952477419028355 13104.35430944628024 6455.8992806783662672 -2958.5429307101703671 1185.7628765586068766 8228.6793348299288482 15138
294000000 309.40095757715914715 12910.794508074848636 6673.1507477027225832 -2822.0038151913749971 1334.8790201927513408 8160.27554270134533 15140
295000000 310.22284858272155361 12945.090671745270811 6501.4407318617650162 -2881.1383527284378943 1154.5062629891192501 8228.0728216010829783 15170
296000000 310.04427841669240706 12937.639231591598218 6392.0793105757456942 -2947.6018460053728631 1195.8578512322101233 8143.8233053489093436 15181
297000000 310.26536827507163707 12946.864948770064075 6630.477460362144484 -2952.4783506754856717 1307.0217024733683502 8275.9341085642627149 15137
298000000 309.21284020144287297 12902.944678519406807 6439.8149040987373155 -2960.2465537676557688 1245.189808077790758 8154.8716497886016441 15160
299000000 306.89157219290098055 12806.08197165794445 6391.5350233686331194 -3026.9689649378383365 1284.5509896539817873 8133.9529986524894412 15141
300000000 305.65659069759993827 12754.548219364593024 6559.5597259093992761 -2828.6461235310048323 1133.4664949316281763 8254.7393545087761595 15169
301000000 310.72622563860886657 12966.095770693678787 6499.3736858345746441 -2944.9238086977497915 1224.5294127699307865 8219.7680817623950134 15158
302000000 309.77284608527349974 12926.312805580380882 6613.597884089348554 -2986.3219767019140818 1283.1866564733804807 8316.7332043178812455 15153
303000000 312.26843533071325965 13030.44965175157995 6404.8802521499983413 -3015.0061419987987392 1201.3980544569271842 8218.4883396918703511 15155
304000000 314.07622100666685583 13105.885583041668724 6540.0725565440698119 -2865.8682133141151098 1207.8728560866738917 8198.0679137715105753 15172
305000000 307.50557153940496846 12831.703157361056583 6456.7019273150090157 -3022.6818036380177546 1245.6453721126899836 8233.7383588403354224 15126
306000000 312.97358599780091026 13059.874432564452945 6558.2220971327506049 -2938.1485703976559307 1321.110391013168055 8175.260276517238708 15149
307000000 308.15231856095084595 12858.6908498338762 6296.5802202457671228 -2990.8798796091687109 1118.9974636804190595 8168.4626361745167742 15197
308000000 310.61880791250302991 12961.613405160174807 6733.1401122040751943 -2962.3192151990815546 1389.0407607270444714 8306.418566676111368 15126
309000000 309.35806480053145151 12909.004662855049901 6584.8382956828399983 -2976.4004679669578763 1186.7260560214849647 8374.5127076283133647 15165
310000000 310.31991251173548108 12949.140990307496395 6467.0211526030316236 -2953.4066033289718689 1192.3137191679952593 8228.1140367640073237 15147
311000000 308.75819961604946684 12883.973272551533228 6688.6682199745446269 -2864.0494111939860886 1240.8380021439375014 8311.8796290245936689 15151
312000000 307.60220784802339722 12835.735632025522136 6469.4619503492403965 -2939.2956815645488859 1171.0821884303072693 8237.6754434834820131 15170
313000000 311.35333191598368785 12992.263887125222027 6309.1258348959754585 -3007.7379499142853092 1186.6425314501700541 8130.2212533600904862 15183
314000000 309.85034692289383429 12929.546788424375336 6619.4191825816369601 -2924.5008021409680623 1227.52636760581413 8316.3936171167915745 15169
315000000 315.35193859520416026 13159.119185694093176 6547.3901786909800649 -2932.7423126006856364 1219.7915125570968939 8260.3409787345681252 15130
316000000 307.44900821644085909 12829.342862663837877 6487.4271302833785739 -2909.8159741993458738 1236.4667423326181961 8160.7763621501062516 15154
317000000 308.8276195708862133 12886.870053410506443 6479.001220338512212 -2920.2737243638011932 1213.7001465887015001 8185.5747981136119051 15179
318000000 309.81858478552186398 12928.221406525242855 6601.0853529396244994 -2899.5745326490696243 1229.064204705271095 8271.5956808834234835 15164
319000000 309.3909314733251108 12910.376135205768151 6643.495213303647688 -2868.3962064064789956 1166.8180434849919038 8345.0733762251329608 15147
320000000 308.51303345894109498 12873.742890914880263 6743.4104593766169273 -2763.1246125902048334 1228.1134786832988084 8278.4215932835231797 15171
321000000 305.21661732812481205 12736.18885226114071 6872.9314041735997307 -2825.8456399621063611 1305.7210303736862897 8393.0560137620195746 15131
322000000 311.56185998319500641 13000.965421360971959 6535.2275098142408751 -2932.5796737665423279 1197.0618422360023487 8270.7453413447801722 15166
323000000 308.64072397765187361 12879.071206834178156 6528.880939329420471 -2886.8347563827719569 1145.3844317284549561 8270.3312639837386087 15175
324000000 311.15983341128497841 12984.189511882987063 6580.1517149013307062 -2858.1073577977085733 1200.2981056816565797 8237.9609670173831546 15173
325000000 313.13104776493321424 13066.445053852256024 6793.6444383354637466 -2800.0648760294670865 1286.5698656485592437 8307.1394487163724989 15151
326000000 310.78713640865902335 12968.637477227506679 6520.3256702073013003 -2814.6193123994362395 1209.3048391090055702 8125.6401434977333338 15121
327000000 313.02253113897188541 13061.916833030099951 6785.0632433086138917 -2802.8428130648858314 1309.5314400531015053 8278.374616320397763 15129
328000000 306.87250044120781922 12805.286138739560556 6720.3492860436035699 -2829.2552182506487952 1236.2425125329427829 8313.3619917613104917 15160
329000000 309.37066522163325999 12909.530457761549769 6786.7681966108666529 -2776.8229239118659279 1266.3310489330137898 8297.2600715897187911 15170
330000000 312.07875647847703249 13022.53466434195434 6772.929697554561244 -2722.2689236262426675 1283.3531964177511782 8211.845424763054325 15100
331000000 311.36287301614976286 12992.662021586698756 6467.9443331101738295 -2843.0786678725135062 1140.0938254017098643 8170.929175580977244 15153
332000000 312.06790248653845765 13022.08174506009891 6746.9918373165764933 -2852.5384116807035753 1295.6296643997723095 8303.9005845975079865 15138
333000000 311.34994837382737387 12992.122697460421477 6549.4920276705925062 -2907.9042732859443277 1229.6907071969983463 8227.7055937595396244 15163
334000000 306.28259117156346747 12780.670192433422926 6584.8810138797116451 -2902.8616287383838426 1284.1047570127623203 8203.6378856053343043 15166
335000000 309.48111082269440431 12914.13917155089257 6639.2848116739860416 -2809.4228232137020314 1225.6079884035445957 8223.0996464841427951 15126
336000000 310.55525378383373436 12958.961395606569567 6543.684205288249359 -2916.4918075096393295 1198.373781449879516 8261.8022313480087178 15144
337000000 308.38030586451372983 12868.204386087287276 6482.0001951234626176 -2894.0576912067281228 1131.812361314228383 8244.2455250159619027 15173
338000000 307.75359093635938734 12842.052600016859287 6519.0017959005817829 -3011.2316888350787849 1316.3764607541907026 8213.8570239814689558 15162
339000000 313.7935262608712037 13094.089194950109231 6515.7908703408438669 -2857.3362026205631992 1191.0644831401116335 8182.0625898212956599 15168
340000000 302.19542131069783863 12610.119297547864335 6378.9827174090733024 -2839.932372999153813 1110.252868784272323 8108.6622216239557019 15172
341000000 312.63295696810916979 13045.660541824510801 6440.8423682104821637 -2955.6099923865363053 1128.3834366909823075 8268.0689239060375257 15147
342000000 307.52512398656404002 12832.519048912839935 6493.3176052700391665 -2883.9746464001432287 1314.6149615336314582 8062.6772901365511643 15110
343000000 306.65176425103260271 12796.075179555191426 6647.416575481849577 -3012.6223077138920416 1266.8806447794495398 8393.1582384162920789 15131
344000000 308.91505698457820017 12890.518673276890695 6398.0260384585462816 -2988.5206984715832732 1153.7444395274067119 8232.8022974027226155 15156
345000000 307.91879603532578358 12848.946337842182402 6543.6045450930723746 -2988.1506574041604836 1272.1072426169785103 8259.6479598802543478 15160
346000000 310.20693887415836798 12944.426785700601613 6244.3510973468528391 -3133.4536095227167607 1220.5817539175368438 8157.222952952034575 15150
347000000 309.00233112091467547 12894.160479847023453 6361.791774612399422 -2960.7371250324958964 1135.5004628308633983 8187.0284368140328297 15171
348000000 309.0942244397210743 12897.995037325659723 6295.6750682938927639 -3118.2240107084344345 1208.0908968033832025 8205.8081821989435412 15163
349000000 307.38256078031230345 12826.570120135302204 6453.3297964824296287 -3067.2781710981867036 1181.0612067522995403 8339.5467608283161098 15173
350000000 311.76941727531453807 13009.626446744319765 6518.4147531113885634 -2944.9960443590580326 1252.3652489840562794 8211.045548486392363 15150
351000000 311.52269073460269055 12999.330952859092577 6473.4093128462973254 -2979.4721689104617326 1232.5331748137914474 8220.3483069429676107 15180
352000000 310.14973635769189286 12942.039818506877054 6256.839870564350349 -2991.0251703339467895 1079.2218931397951565 8168.643147758501982 15191
353000000 312.32156854576834348 13032.666813671508862 6373.9246224319467728 -2989.5674411098634664 1163.5226516029706545 8199.9694119388404943 15170
354000000 308.53795995290494147 12874.783032625797205 6371.0951524342053744 -2993.4869979764503114 1250.0780980706172159 8114.50405234003847 15138
355000000 308.58479980233835249 12876.737582720146747 6426.0122624321156763 -2953.6596520484627035 1188.7355406822691748 8190.9363737983094325 15163
356000000 307.01695660987093106 12811.314057733858135 6576.3845910483996704 -3039.1631575796891411 1338.6618447345781533 8276.8859038935115677 15116
357000000 309.76428339740493811 12925.955498659377554 6533.2637980731569769 -3031.0229722511080581 1275.6824880964359181 8288.6042822278304811 15162
358000000 306.54898935811576166 12791.786551835906721 6539.5656564080181852 -3000.6700299355779862 1147.8629897827754576 8392.372696560822078 15157
359000000 309.03291259413629177 12895.436594567579959 6722.9936840039845265 -2834.237245924355193 1297.3902650991624341 8259.8406648291766032 15143
360000000 312.2910334741555971 13031.392635213986068 6539.2780956075230279 -2923.3124958255657475 1308.4794506750492928 8154.1111407580392552 15138
361000000 312.66012142848558142 13046.794070203313822 6365.5439972292124367 -2953.0103903864796848 1064.6634638408286264 8253.8909237748630403 15162
362000000 309.21701865478956961 12903.119038524440839 6568.8384411480601557 -2906.8825881574475716 1190.2213945161404354 8285.4996347893684288 15144
363000000 305.69501655099406889 12756.151667204101614 6410.1117913372891053 -2968.7334866738865458 1220.0769736840040878 8158.7683043271736096 15175
364000000 309.66980806205805266 12922.013197865298935 6492.5200264784498358 -2832.2355300873368833 1176.6743586941488502 8148.0811978716383237 15172
365000000 309.03944330087801973 12895.709110248835714 6321.4433542680408209 -2898.4356155486921125 1085.623236644098597 8134.2557331726347911 15175
366000000 309.13077447038529044 12899.520210159203998 6327.4740833068062784 -3061.3230963222486025 1182.35950550068128 8206.4376741283740557 15158
367000000 309.14089352803966904 12899.942461838752934 6519.3568956194521888 -2903.078787363191168 1126.6722764439118691 8295.7634065387319424 15155
368000000 302.98471980766760225 12643.055429290016036 6433.1058112777755014 -2934.0922915606392962 1136.6203151464892471 8230.5777876919255505 15164
369000000 306.10109519288766933 12773.096662916659625 6355.9120354794304149 -2956.789621111841825 1096.7868051969535372 8215.9148513943182479 15178
370000000 309.01593230257157074 12894.728034850131735 6569.2764145955097774 -2933.1702048471961461 1196.0280517239114033 8306.4185677187942929 15136
371000000 312.96530005981907152 13059.528673962320681 6514.2825080383163368 -2930.9827802964246075 1189.2661459822920733 8255.9991423524479615 15160
372000000 308.10979204968754175 12856.91628826701708 6485.7847394813306892 -2827.5761596718189139 1196.9649611763820758 8116.3959379767684368 15165
373000000 308.23082224364441117 12861.966679757999373 6580.8291474225679849 -2874.9425265619356651 1204.8922492324722953 8250.8794247520309 15144
374000000 310.13092751368742483 12941.254956295144439 6539.6663008583409464 -2858.7084813629426208 1246.5877035167250142 8151.7870787045576435 15138
375000000 309.97962419178713844 12934.941316826345428 6443.1322191857470898 -2971.4958254785469762 1171.8835778745269636 8242.7444667897689214 15161
376000000 309.66906911644622369 12921.982362876868137 6551.8342164832192793 -2874.4204627657445599 1286.1861765221574387 8140.0685027268045815 15139
377000000 309.5063891117182493 12915.193993092680103 6378.3304263298896331 -2948.0245009595259944 1136.1738614964031058 8190.1810657930127491 15185
378000000 313.51982977218415272 13082.668289369561535 6635.1292389755108161 -2817.6272834368833173 1280.0457111875405189 8172.7108112248524776 15137
379000000 309.54831077783751425 12916.943315463691761 6507.5537456133106389 -2908.3519695765444339 1259.7534816411821339 8156.1522335486743032 15171
380000000 314.41946209030675163 13120.208470508810933 6485.2224883344697446 -3006.0122718129073291 1290.4381860930070616 8200.7965740543695574 15162
381000000 311.04411078457178519 12979.36059646809008 6605.0647294637574305 -2848.8982804157485589 1213.4250140973633734 8240.5379957821423886 15158
382000000 314.37588059964076592 13118.389886381759425 6699.2120946464719964 -2779.4180695532768368 1334.4038953117842539 8144.2262688879654888 15134
383000000 304.87489730736825777 12721.929436253411041 6379.2234582411829251 -2989.4096120513554524 1136.7738273331972323 8231.8592429593409179 15149
384000000 310.24067043696430801 12945.834348493017387 6587.329951934161727 -2878.9253482098692984 1224.2358220491812517 8242.0194780948495463 15148
385000000 310.46808970039671749 12955.324181363432217 6468.9934424157208923 -2938.6873395907009581 1152.833761039740466 8254.847020966681157 15151
386000000 308.90314808466183649 12890.021734415287938 6444.9909098934240319 -3009.8892877082143968 1247.6079544599438123 8207.2722431416950712 15133
387000000 309.98928309644048795 12935.344367075862465 6537.5206894417242438 -2995.8789408270722561 1214.2318581842332605 8319.1677720845618751 15171
388000000 308.61944297573938911 12878.183185527554087 6411.19455027310687 -2999.832857217331366 1187.3373225747022843 8223.6900849157354969 15152
389000000 310.17957886502188103 12943.2850973927616 6436.1926344788262213 -2946.4722045879620964 1230.849744571822157 8151.815094494965706 15147
390000000 310.7944398549309426 12968.94223806197806 6405.5659436411569914 -2991.0908098682098171 1198.1706662319666066 8198.4860872774006566 15153
391000000 310.53964009956126802 12958.309862170041015 6363.1650749418495252 -3020.0983374476645622 1112.3007738028843505 8270.962638586630419 15159
392000000 308.40187173299864298 12869.104294408765782 6276.2399302325502504 -2982.8489416608872489 1178.8434661317860446 8080.2454057616523642 15132
393000000 307.41072405216044672 12827.745327278658806 6523.0446639572246568 -2961.1508555589766729 1178.9310705049431363 8305.264449011257966 15173
394000000 310.48068515638829012 12955.849769084026775 6548.5006580845456483 -2939.2429888621318241 1248.9398595807083439 8238.8037873659704928 15155
395000000 308.02392352807896714 12853.333135694116208 6440.9638949562922789 -2938.6170154325182011 1230.4355250048524795 8149.1453853839575459 15157
396000000 309.66619044048832166 12921.862240450491299 6474.0905730419335669 -2947.6067114173051777 1207.3972130496435966 8214.3000714095942385 15163
397000000 307.25445372541071265 12821.224422843926732 6452.8042142990616412 -2879.667921024352836 1147.2817081235407386 8185.1904271998737386 15183
398000000 308.74090068323397418 12883.251416457296727 6482.6807623070299087 -3015.3966067116307386 1251.7101472713884505 8246.3672217472740158 15138
399000000 311.36937466381829154 12992.933324680489022 6528.5340901459940142 -3018.8347978825686369 1301.3194365537756312 8246.0494514747879293 15142
400000000 310.94328372880460165 12975.15324879839136 6353.9295364646895905 -2989.9534581521406835 1179.2446191631991042 8164.638375453630033 15178
401000000 305.92240517373039665 12765.640221488523821 6330.4293111872939335 -3031.5960891646136588 1084.1404392502749943 8277.8849611016321433 15191
402000000 309.54386027111468138 12916.757603117468534 6408.4001162631457191 -3033.5797687668732578 1250.9880759283500993 8190.9918091016688777 15162
403000000 310.98636965154827294 12976.951153688831255 6253.105798285228957 -3054.7673955223790472 1171.8959043235563513 8135.9772894840507433 15196
404000000 307.65070324081898434 12837.759265229100492 6214.5950066081040859 -3208.2388318307662303 1123.7777278492308142 8299.056110589637683 15180
405000000 310.48259950946197705 12955.929651898042721 6492.6001604838147614 -2990.8059377608019531 1271.005306597777917 8212.4007916468399344 15171
406000000 311.93606562708106367 13016.580409141899509 6203.1904775919983877 -3067.2784056816585689 1141.7661842203456217 8128.7026990533113349 15181
407000000 313.67375199619402792 13089.09121132810651 6548.4030334612925799 -2965.8890162097104621 1261.2160626773418244 8253.0759869936591713 15146
408000000 308.36532618681235363 12867.579308705127914 6327.2532515770126338 -2950.7990726604994052 1122.0319187329555461 8156.0204055045569476 15161
409000000 309.92043784991921029 12932.471567852309818 6573.62207358777232 -2959.4978261642527286 1326.8967199234343752 8206.2231798285902187 15136
410000000 309.51368601296121597 12915.498480813828792 6450.7095341417934833 -3073.6587812283160019 1192.9683373641887556 8331.3999780059202749 15174
411000000 308.16233897966731092 12859.108985472325003 6545.3154302959446795 -2931.9663624688846539 1182.9048425942803533 8294.376950170548298 15152
412000000 308.44832574313011264 12871.042744061862322 6483.7690933187313931 -2903.5689126670540645 1224.2033816458097135 8163.1346243399766536 15172
                                                                                                                                                                                                                                                                                                         417000000 309.07977585993342018 12897.392121788381701 6492.4127251028367027 -3023.331828220139414 1285.9898976134120403 8229.7546557095647586 15160
418000000 306.53294677646414357 12791.117121215183943 6433.7320011455922213 -2942.4254744491122437 1180.3632526463220529 8195.7942229483815026 15155
419000000 308.37453546691023121 12867.963596859381141 6259.7674419083996327 -3073.7505856823941031 1236.4984192706647264 8097.0196083201280999 15177
420000000 310.01294052932348677 12936.331552949277466 6500.2404409796636173 -2992.1772568732449145 1214.6206154759431683 8277.7970823769646813 15152
421000000 309.44504512112547445 12912.634208976140144 6444.3776563449791865 -2994.7086764376949759 1248.4285262066018731 8190.6578065760731988 15162
422000000 307.99601623014501683 12852.168609922371616 6269.8823673812248671 -3083.2716213117337247 1137.3080751679663081 8215.8459135249922838 15169
423000000 312.40952039832052378 13036.336900227794104 6537.0618221220111081 -2932.8072756784558806 1327.2829183276360254 8142.5861794728298264 15128
424000000 314.78600879762205977 13135.503863428139084 6495.0414151959757874 -2837.9949726314102918 1164.7659974860812326 8168.270390341305756 15185
425000000 312.83849802270140117 13054.237432922695007 6667.3900252821749746 -2852.3053722192635178 1333.9276617383363828 8185.7677357631027917 15128
426000000 310.33822794417682189 12949.905263263948655 6611.6311543931587948 -2912.1281894277763058 1245.5047724345301958 8278.254571386403768 15140
427000000 308.16371651077758997 12859.16646758625393 6541.7201346100791852 -2949.3932667483559271 1199.48963943671788 8291.6237619217172323 15166
428000000 304.42648593032100734 12703.217964933235635 6380.9871423718986989 -2877.9625232614143897 1129.2772113330552202 8129.6724543002583232 15169
429000000 309.2282056480207757 12903.585853404079899 6545.8713494531539254 -2825.2402398980284488 1163.0678504508312017 8208.0437389003509452 15141
430000000 310.34082945010595722 12950.013819839614371 6532.1703603967198433 -2822.0146336146722206 1135.0373147656448509 8219.1476792457469855 15151
431000000 310.92130562736628008 12974.236138671876688 6550.9967629223810945 -2925.8049457042498034 1258.5285293974816341 8218.2731792291488091 15140
432000000 310.63026767706367082 12962.091602340015015 6418.1036408818927157 -3108.1073568633928517 1229.5593794122260078 8296.651618333060469 15165
433000000 310.70061282896301691 12965.02699015498365 6355.833998762097508 -3114.6238497885151446 1141.459263602504052 8328.9985849481072364 15162
434000000 308.87270790689120759 12888.751515722160548 6470.8296307564614835 -3026.0802344075000292 1190.1003772249671329 8306.8094879389936978 15157
435000000 306.92258467830077961 12807.37607180978921 6484.0409987512284715 -2940.2354239659935047 1222.0928203056191705 8202.1836024116018962 15148
436000000 311.37859118233444633 12993.317914882063633 6451.3263904481764257 -2946.5198779886404736 1172.2572911515303531 8225.5889772852860915 15152
437000000 311.86871785267811674 13013.770096973827094 6417.4162631477793184 -3009.0291960960594224 1220.6887018652012102 8205.7567573786382127 15148
438000000 311.63733970578056187 13004.115066389415006 6324.2323100136036373 -3045.6082532624122905 1126.3447998929611913 8243.4957633830545092 15180
439000000 308.72062873630017066 12882.405501359973641 6562.8436942903736053 -2971.1694260729209418 1342.6495743080897682 8191.3635460552050063 15143
440000000 310.65501185831902831 12963.124136440621442 6377.2826456818966108 -3097.3949096427732002 1191.1585622385568968 8283.5189930861124594 15145
441000000 308.31055947417308971 12865.293983610128635 6423.6145569411273755 -3025.2690755555604483 1173.2470661221782393 8275.6365663745091297 15177
442000000 311.1533384724092457 12983.918488736117069 6567.0082903852126037 -2865.1067161712408051 1205.3040378483121913 8226.810968708139626 15192
443000000 306.21222425600120687 12777.733896456495131 6475.3361741619773966 -2950.6222291995641172 1255.4290857098953893 8170.5293176516470339 15149
444000000 312.46631513952951309 13038.706851628820004 6567.779017676215517 -2954.3133141936687025 1333.0740550075890951 8189.0182768622962612 15157
445000000 310.38793092049280631 12951.979286947263972 6383.1832616811389016 -3091.1176559271939368 1184.8550467259778998 8289.4458708823549387 15186
446000000 310.02153437880053843 12936.690160193094925 6415.2569521863269983 -2947.1001264178185011 1218.5458026990831968 8143.8112759050618479 15162
447000000 310.143321475669552 12941.772136001198305 6546.5242782467703364 -3057.9386072768229496 1248.8225259082357752 8355.6403596153577382 15159
448000000 310.97503985091032064 12976.478379690328438 6370.2572275389975403 -3011.1961535495111093 1140.8269954271468123 8240.626385661360473 15147
449000000 309.59003179320427535 12918.684265007890644 6389.6072233378708916 -2959.0127313109860552 1162.8441236091971405 8185.7758310396593515 15159
450000000 312.21685195894963272 13028.297162250290057 6714.3049968635441473 -2970.7771276547391608 1349.182464498959007 8335.8996600193240738 15135
451000000 314.57107856862825201 13126.53517748145714 6348.4422232994693331 -2963.6554586144320638 1052.3256880946803449 8259.7719938192203699 15163
452000000 306.57756604489765095 12792.97901010640453 6465.6448840375305736 -2964.334498926607921 1178.3103829266890443 8251.6690000374492229 15159
453000000 310.65366032919297368 12963.067739346846793 6764.1903287898385315 -2890.6756244375419556 1357.1726729445788351 8297.6932802828014246 15137
454000000 309.31333011529153509 12907.137957809794898 6596.5293541642231503 -2894.6377147817179321 1233.8674109622838841 8257.2996579836581077 15151
455000000 308.86000297992336527 12888.221359957271488 6446.6485577229250339 -2930.0000956308517743 1161.0809292950727922 8215.5677240587028791 15153
456000000 308.46093275785312926 12871.568814109361483 6440.252255482982946 -2949.2232613955666238 1132.2232144080553553 8257.252302470493305 15196
457000000 306.67228597886787611 12796.931517599865401 6368.0991136850861949 -2968.795846883905142 1093.5940354776844288 8243.3009250913073629 15158
458000000 308.8500571875478613 12887.80633835363551 6191.874599928751195 -3051.101033496999662 1123.9236278014136587 8119.0520056243367435 15176
459000000 307.01318810760346878 12811.156804314994588 6497.5472838895766472 -2981.1826671878939123 1277.5807416140710302 8201.1492094633977104 15143
460000000 308.94528482664560443 12891.780031549376872 6472.4839986485458212 -2991.6894826549169011 1176.992108922467196 8287.1813723809955263 15156
461000000 312.23463946988192674 13029.039405908019035 6550.3132032521798465 -2884.7837605700960921 1242.0067668964954919 8193.0901969257811288 15155
462000000 309.18608080563478779 12901.828052820690573 6477.2311578717208249 -2959.8543362051204895 1262.8885632591382091 8174.1969308177031053 15154
463000000 309.69477643676100342 12923.055087190770791 6459.3039675607615209 -2888.5945485053516677 1207.1767225094658897 8140.7217935566477536 15154
464000000 310.16918098315778707 12942.851210836242899 6396.9150950728744647 -2977.8022996847848844 1183.8264005947082751 8190.8909941629517562 15134
465000000 309.89345104226657668 12931.345452630301224 6447.8737156072938888 -2971.9557698557728145 1161.0496273368003131 8258.7798581262650259 15181
466000000 309.68569065566020981 12922.675952447114469 6536.5846141089841694 -2893.0031247122924469 1216.8459098605349027 8212.7418289607412589 15147
467000000 307.46460139995991767 12829.993540637551632 6330.3797607593114662 -2912.6370131900771412 1128.4770465941569455 8114.5397273552316619 15181
468000000 311.2277451516642941 12987.023357426289294 6653.271195793093284 -2849.7297437191973586 1212.1717057518990259 8290.8292337603907072 15174
469000000 305.58332669133335457 12751.491032544121481 6587.3953429369521473 -2909.0557664059379022 1219.8690179760092178 8276.5820913668812864 15155
470000000 313.19128874505287286 13068.958811150812835 6658.0009646642538428 -2856.4519002621846084 1225.1683503037916125 8289.2845146226463839 15136
471000000 304.55434486871308764 12708.553308729606215 6336.6490903087187689 -2946.7422550821961522 1194.2416905254272024 8089.1496548654886283 15148
472000000 308.24682671135593637 12862.634519946512228 6459.1648489892213547 -2945.208164276043135 1256.9974326955850756 8147.3755805696800962 15141
473000000 308.94509579061411841 12891.772143385822346 6417.9549508386899106 -2905.634649662177253 1097.9216794185349499 8225.6679210823331232 15193
474000000 308.11834687336317984 12857.273267028149348 6430.3671710905655345 -2916.0104368996653648 1165.1119969591395602 8181.2656110310908844 15159
475000000 310.34600840041787251 12950.229928942082552 6519.7519261026509412 -3003.550480267110288 1271.8105036421784462 8251.491902727582783 15169
476000000 310.0853006106739258 12939.35102046553402 6290.0614080289087724 -3039.2312962369378511 1184.6538608079013102 8144.6388434579448585 15164
477000000 307.97172251714590629 12851.154873123281504 6347.344704076564085 -3027.8399003831500522 1127.2698444453194497 8247.9147600143969612 15184
478000000 307.28185102397947048 12822.367667178616102 6468.7171972077421742 -2879.3707797324877902 1231.8205837197867822 8116.2673932204415905 15159
479000000 312.62812569156704967 13045.458940578233523 6316.2685233001611778 -2954.0938403309082787 1077.3127879682297134 8193.0495756628406525 15170
480000000 310.16127434791525275 12942.521279915325067 6670.8985751178843202 -2794.0094338301091739 1296.226019508758327 8168.6819894392365313 15148
481000000 311.68961101878807085 13006.296262550513347 6553.8816536521571834 -2966.1922046368827068 1202.8332057962447834 8317.2406524927955616 15151
482000000 308.36413377682765713 12867.529551392150097 6521.8051582606822194 -2952.7108496616920092 1229.8695068219403765 8244.6465011004347616 15137
483000000 303.16270937778352845 12650.482642128470616 6445.3967982622543786 -2978.7305184907936564 1252.4363020207047157 8171.6910147323433193 15156
484000000 309.86858359167479193 12930.307774702461757 6399.6339833048059518 -3004.6421842153440593 1232.3125321025509038 8171.9636354175991073 15157
485000000 312.49269916213444276 13039.807813619421722 6457.2556126388553821 -3034.4328069828889056 1280.650930259089364 8211.0374893626540143 15154
486000000 309.72258623987227111 12924.215544663466062 6444.3842078714114905 -2888.1687717412328311 1221.5672752147843312 8110.9857043978599904 15159
487000000 309.25739953964352935 12904.804066620303274 6286.530262037716966 -3028.7496400881773297 1116.0136021874211565 8199.2662999384738214 15174
488000000 312.46858538743578038 13038.801585350491223 6447.4657506270086742 -2927.539653261795138 1161.6600763431481482 8213.3453275456558913 15185
489000000 309.81448227905389103 12928.050215658897287 6360.4693138507482217 -2997.5197118419682738 1192.1939613153472237 8165.7950643773692718 15155
490000000 314.26055290996964686 13113.577451041886889 6318.1696919633241123 -3048.0825478536071387 1118.4381757827673027 8247.814064034162584 15173
491000000 308.792928077386307 12885.422434284620977 6521.4322767370249494 -2961.2432499501610437 1271.8136521576382165 8210.8618745295480039 15168
492000000 308.51468860924774162 12873.811957622547197 6520.4687785557935058 -2920.5623408034234672 1186.6349692072581092 8254.3961501519588637 15147
493000000 310.41610680683078272 12953.155020472591787 6514.9365493719260485 -3032.2831022947702877 1283.6939679985857765 8263.5256836681110144 15174
494000000 307.94891933714029619 12850.203333821373235 6443.7181490675648092 -2952.9498014385599163 1131.8544810974256052 8264.8134694087002572 15189
495000000 310.06919645758978277 12938.679020569916247 6465.4909514642276918 -2911.465002399122568 1243.8374171822920289 8133.1185366810586856 15174
496000000 305.82327968821454078 12761.503877554652718 6348.5204207883825802 -2947.58327840892116 1170.44860158149163 8125.6550976158114281 15170
497000000 309.01314312195535194 12894.611646917579492 6298.8425731099105178 -2978.0954519804486154 1086.0324803677508498 8190.9055447226082833 15183
498000000 313.27479820388276721 13072.443523903080859 6337.6024533335403248 -2893.8402156423508131 1082.9802292853855761 8148.4624396905055619 15179
499000000 307.55604297918296197 12833.809247764276734 6524.2684263173787258 -2902.5915250693819871 1220.2311438164917945 8206.6288075702686911 15184
500000000 307.91453803332939287 12848.768658402465007 6370.8967048911881648 -2943.0486840777998623 1091.8988946343088173 8222.0464943346796645 15175
