# Steps Temp KinEng PotEng Epair Ebond Eangle Bonds
1000000 310.68802053029236276 12964.501534184213597 4322.6046773091939031 -2315.405985709388915 -1960.9524385422291743 8598.9631015608101734 15148
2000000 311.6175002940582317 13003.287200277061856 3191.1450770617225317 -2576.6534024247662273 -2817.2949057776977497 8585.0933852641865087 15334
3000000 308.30489119167151557 12865.057455477945041 2888.1485830629890188 -2730.661669936520866 -3010.7240505357876827 8629.5343035352962033 15383
4000000 309.22873042406024524 12903.607751447516421 2296.3101522767833558 -2892.321353519780132 -3400.9079629019265667 8589.539468698490964 15454
5000000 309.3721116592494127 12909.590815230954831 2020.712178353997615 -2934.319491201917117 -3568.3768944046450997 8523.4085639605600591 15486
6000000 313.9521690804558034 13100.709099619693006 1951.7291991557262918 -3022.8293859664663614 -3558.7177266562448494 8533.2763117784379574 15502
7000000 306.62176208412768119 12794.823238337105067 1899.3995180526389959 -3039.6477805461381649 -3676.5508440795611023 8615.5981426783400821 15536
8000000 311.09822131569660542 12981.618540184701487 1724.813089358616935 -3204.7483790398327983 -3773.0161694056332635 8702.5776378040827694 15527
9000000 312.09170580516655491 13023.075018506388005 1780.5950490909190194 -3133.4047344460441309 -3705.4273352879108643 8619.427118824873105 15527
10000000 311.66072744023745145 13005.090998189843958 1507.9135757366036614 -3109.9999416437567561 -3888.9992508594323226 8506.912768239792058 15571
11000000 313.98167426157522186 13101.940302436061756 1405.0436002074361568 -3192.659359908771421 -3902.0064513289053139 8499.7094114451138012 15550
12000000 311.10352759855209115 12981.839962665373605 1300.901652624853341 -3334.2239657388872729 -3938.4974786723910256 8573.6230970361320942 15572
13000000 311.61263450212214821 13003.084158760002538 1109.435815877681307 -3388.7166214158905859 -3948.1171408872187385 8446.2695781807906314 15569
14000000 313.64880078462437041 13088.050038192037391 1103.9490260098541512 -3406.1477510320200963 -4001.8227053841055749 8511.9194824259793677 15586
15000000 308.45603245997182285 12871.364332715802448 1086.5583904337058812 -3457.0425747748067806 -3915.6329278331400019 8459.2338930416517542 15587
16000000 308.79852008099373961 12885.655779423657805 883.58605155134193865 -3526.8013307125820575 -4112.5699587530898498 8522.9573410170160059 15598
17000000 305.49037174092109126 12747.612174919766403 750.09430596596962459 -3512.5401211978460196 -4167.7333767183672535 8430.3678038821835798 15597
18000000 310.63130384042483456 12962.134839737655057 1145.4882739324871181 -3479.7499676230618206 -3867.5793200969897043 8492.8175616525404621 15563
19000000 309.39091132349767577 12910.375294386516543 976.65012539823555926 -3475.1466265449571438 -3935.231740925003578 8387.0284928681958263 15590
20000000 310.31646277404553302 12948.997038411644098 967.76240609256433345 -3483.2457967434870625 -3934.7601790531862207 8385.7683818892364798 15596
21000000 311.18612341489955497 12985.286550615324813 795.54869426890854811 -3517.2071575461391149 -3981.4366953607031974 8294.1925471757513151 15593
22000000 313.00933293819070968 13061.366093758002535 975.73372078780164429 -3486.0204052850695007 -3924.0507511066575717 8385.8048771795292851 15582
23000000 312.99443838041867139 13060.744568290889219 1049.7679710613010684 -3561.0148865163378105 -3883.451599656765211 8494.2344572344045446 15590
24000000 310.3393022179090508 12949.950090944867043 962.30211874016970341 -3548.8004840024914301 -3907.9909314035303396 8419.0935341461918142 15594
25000000 309.10650645327098118 12898.507545607242719 947.4619746650344041 -3642.4734319645890537 -3942.850598210084172 8532.7860048397087667 15599
26000000 312.38383003403089333 13035.264883461011777 821.68396807148133121 -3600.0335346511269563 -4003.3698397198677412 8425.0873424424753466 15610
27000000 307.84330075580425046 12845.796043648317209 836.89203503845715204 -3609.2277391505294872 -3973.2494072679464807 8419.3691814569319831 15592
28000000 311.69836687028612232 13006.661629872967751 902.73394612409788351 -3550.0766985401601232 -4003.6836127089691217 8456.4942573732278106 15604
29000000 310.97759491107939311 12976.5849981606043 623.04823308613117661 -3704.4525641258564974 -4048.9045028529076262 8376.4053000648964371 15607
30000000 308.73691269167653672 12883.085004110349473 646.216877003490481 -3680.2730394095178781 -4153.9702612328555915 8480.4601776458621316 15603
31000000 309.34242805644879581 12908.352167170462053 625.63511163154680617 -3669.5302022198097802 -4102.8741449021672452 8398.0394587535229221 15618
32000000 311.66364309660133358 13005.212663747910483 790.74244955962831227 -3712.3161829738405686 -4039.1048022012423644 8542.1634347347117 15606
33000000 310.0295109312086197 12937.023008642659988 662.63859418329263917 -3731.5957137151817733 -4092.9456411117653261 8487.179949010238488 15618
34000000 311.73787592924963974 13008.310278104310783 745.5557577334002417 -3731.1555721572672155 -3992.0046795161197224 8468.7160094067858154 15598
35000000 312.56722959755808233 13042.917846451535297 807.67657686102847947 -3763.3403404257705915 -3933.6839435546007735 8504.7008608413998445 15600
36000000 310.98544008185757548 12976.91236427023432 482.93880216137040406 -3759.8722269899153616 -4101.6008876912474079 8344.4119168425313546 15620
37000000 311.24031476042745226 12987.547866584432995 657.07129185082771983 -3728.7105444826556777 -4093.5732985787581129 8479.3551349122426473 15616
38000000 318.34883228406386024 13284.174644094749965 591.55583968403880135 -3768.9507520427760028 -4061.1562857278877345 8421.6628774547025387 15616
39000000 309.62802751211501118 12920.269764040875089 357.83800959233650474 -3917.2191452243537242 -4129.1937849199730408 8404.2509397366629855 15618
40000000 311.01042688641990708 12977.955022643511256 682.03018956351274937 -3810.5986736760391977 -3965.1934689356103263 8457.8223321751647745 15605
41000000 311.50565509214851545 12998.620083439809605 522.55602589891668686 -3881.4034832262236705 -4095.068726180905287 8499.0282353060447349 15624
42000000 308.93100896223648988 12891.184323141573259 401.5071009062269809 -3834.1591235434261762 -4095.61577266795166 8331.2819971176049876 15622
43000000 310.38145340164032859 12951.70899070939231 337.57854863950626623 -3914.7422526358623145 -4061.4276874086967837 8313.748488684064796 15606
44000000 312.79021586089879747 13052.222697498731577 344.49550711005690573 -3899.4601546465714819 -4163.6758352492342965 8407.6314970058629115 15619
45000000 309.18204047006645396 12901.659456244018656 220.91430720118989939 -3819.4152948988162279 -4265.107864863535724 8305.4374669635435566 15628
46000000 309.69210543067879371 12922.943630487703558 496.31000517209554346 -3844.2119472892995873 -4127.4503324617917315 8467.9722849231875443 15618
47000000 309.89900016881364309 12931.577008579930407 278.72181331934268655 -3936.3074026120202689 -4172.0009775871531019 8387.030193518516171 15625
48000000 310.06389217086785948 12938.457681384623356 304.09816911855875787 -3903.1360135199365686 -4133.0720846690855979 8340.3062673075801285 15612
49000000 306.61179976009589154 12794.407526894565308 447.15274235434475258 -3967.119179880090087 -4078.2005663100489983 8492.4724885444829852 15602
50000000 312.47055198080801119 13038.883648066484966 193.54219287887883638 -4022.8661559724541803 -4118.3563722440430865 8334.7647210953764443 15634
51000000 309.17882169610248866 12901.525142085645712 272.88940414845438909 -3959.5871636850147297 -4182.2692179108025812 8414.7457857442714158 15628
52000000 310.09846917666891386 12939.900523126607368 162.44631001518939684 -3899.8045660386178497 -4222.0899138908325767 8284.3407899446410738 15628
53000000 311.32122589276292501 12990.924155433631313 268.71424960366084633 -3968.31125238732875 -4065.8198238762706751 8302.8453258672598167 15614
54000000 310.94524150358489578 12975.234943529007069 509.48278372629999922 -3973.3876944695330167 -4034.2288195735018235 8517.099297769334953 15605
55000000 311.27117189305539569 12988.835484119905232 336.24944768724401456 -3953.9003792714283918 -4040.05130661500516 8330.2011335736769979 15624
56000000 309.09243166060792873 12897.920227593622258 133.15884970309139135 -4025.8348540940423845 -4136.7025787547499931 8295.6962825518839963 15631
57000000 310.67260765819446533 12963.858380310375651 265.60911499952413806 -3971.0780591475095207 -4119.2844576358584163 8355.9716317828915635 15629
58000000 309.35203882045146884 12908.753208589581845 180.91469928027851211 -4011.451353194810963 -4179.3481119422267511 8371.7141644173170789 15615
59000000 310.66686334891750221 12963.618679705547038 274.70769009736227417 -3956.1481655650177345 -4139.3203819149384799 8370.1762375773178064 15613
60000000 308.26408893211316808 12863.354844106770543 198.88613454310433326 -3910.3831572491853876 -4150.80757506320424 8260.0768668554919714 15626
61000000 312.16725896261732487 13026.227727851315649 210.76354102687355407 -3951.9817588312607768 -4196.5592303614112097 8359.3045302195459954 15628
62000000 307.10703823179250094 12815.073016072870814 242.89200392323795086 -3950.4443985731677458 -4085.3638203407022047 8278.7002228371075034 15617
63000000 313.45408236392319168 13079.924757855815187 166.52954919840749426 -4102.7702015659760946 -4152.6902029652492274 8421.989953729633271 15634
64000000 304.00706228123931396 12685.716103957998712 183.60204968286791427 -3952.5776207056387648 -4082.603230510380854 8218.7829008988883288 15618
65000000 311.61162975903459937 13003.042232478848746 67.461340350410949895 -4088.693235826784985 -4161.4763260557501781 8317.6309022329460277 15636
66000000 313.76811536962384253 13093.028840135015344 -24.70268885991811203 -4124.2980548156874647 -4238.3877799319407131 8337.9831458877088153 15619
67000000 308.58916402656251421 12876.919694639213049 169.31498813077723753 -3975.7054760627534051 -4209.3859713446199748 8354.4064355381506175 15626
68000000 310.13753671013034818 12941.530747222897844 253.18107815931028881 -4027.0423440441563798 -4107.9861723971016545 8388.20959460056838 15629
69000000 306.88452522385944121 12805.78791319764423 101.22621521742834716 -4071.5387758583246978 -4129.3501689572221949 8302.1151600329758367 15630
70000000 309.48837954188707045 12914.442483281301975 16.007474354457713162 -4033.0989668900888319 -4158.714814795813254 8207.8212560403590032 15627
71000000 311.44307098102353848 12996.00855112739373 -17.495837509610851157 -4187.5311144393126597 -4260.2364912338925933 8430.2717681635949702 15647
72000000 309.32888725769834082 12907.787131847004275 -31.069067311582756474 -4121.9425712879619823 -4220.6484965121253481 8311.5220004885050002 15636
73000000 313.05680782232536785 13063.347142808906938 106.71455429698283979 -4083.9756601827011764 -4209.0115401826915331 8399.7017546623756061 15639
74000000 311.67368750200984095 13005.63180031167758 125.32109116707175644 -4130.117014651750651 -4144.2332238937688089 8399.6713297125916142 15650
75000000 309.77741263250919701 12926.503360106886248 -101.35763198042374711 -4075.0138976241551063 -4225.9528805262943933 8199.6091461700252694 15639
76000000 309.50830594744257951 12915.273979503635928 210.86558933379879477 -3987.7618453086320187 -4058.5145067800503966 8257.1419414224801585 15608
77000000 307.25489879243383484 12821.242994760841611 9.0063839533945042604 -4107.3458214086494991 -4134.5065768958720582 8250.8587822579156636 15633
78000000 311.27179445829659699 12988.861462746344841 85.614952506728570825 -4032.6451138807042298 -4202.4412007901628385 8320.7012671775955823 15625
79000000 308.87276673859429366 12888.753970672640207 24.365768040550733531 -4116.9663181774540135 -4188.5100121580126142 8329.8420983760170202 15642
80000000 309.13596821336562925 12899.736936535464338 -1.4007190121229200486 -4114.9912149306837819 -4154.6941016881828546 8268.2845976067437732 15630
81000000 309.26039041501616111 12904.928870944237133 84.032225002601109054 -4082.2696142904674161 -4200.887144072215051 8367.1889833652821835 15637
82000000 316.22601787301550758 13195.593080370952521 133.10524294297050574 -4130.9847568247560048 -4051.2203510697891033 8315.310350837515216 15623
83000000 311.13487343435554067 12983.147972982831561 -1.5777312434371992822 -4049.4255970847239041 -4213.2122704554822121 8261.060136296768178 15632
84000000 309.84670063489915037 12929.394634806671093 250.93924209213318477 -4079.4415243620105684 -4076.5344778891976603 8406.9152443433413282 15616
85000000 309.06722152051764851 12896.868249795059455 243.99769633872466557 -4028.9467448950663311 -4151.8498914815945682 8424.7943327153861901 15614
86000000 309.52062014144519253 12915.787830622732145 107.86412424704190016 -4133.3974076545782737 -4159.3565523986380867 8400.6180843002566689 15632
87000000 307.58048386566701993 12834.829125871512588 20.792810339927740415 -4061.1643978038346177 -4171.1054036168516177 8253.0626117606134358 15620
88000000 309.58911495663505775 12918.646006921570006 -118.45059416357958071 -4067.8881467529445217 -4253.7443570145114791 8203.1819096038780117 15629
89000000 310.83618513782954551 12970.68420025047817 93.242397431095326965 -4074.9720413106015258 -4221.3966254153356203 8389.6110641570339794 15630
90000000 313.70291908049426866 13090.308305918726546 -58.999828094592203342 -4107.8159013685108221 -4238.2406138000751525 8287.0566870739930891 15642
91000000 314.55139051960412644 13125.713627486247788 137.75919810690481881 -4176.9579662495070806 -4126.8759505220305073 8441.5931148784438847 15632
92000000 304.87522762465107462 12721.943219851866161 72.166315177091121313 -4157.0687683431942787 -4123.6842349842499971 8352.9193185045351129 15626
93000000 310.46309697200359778 12955.11584299621245 -19.251056178680158837 -4127.9154682036087252 -4172.3830164132068603 8281.047428438134375 15618
94000000 307.43650395818025345 12828.821080474983319 11.050658015720557614 -4139.9814383857183202 -4168.3727140933087867 8319.4048104947487445 15631
95000000 310.07183998306783224 12938.789330552443062 81.357385940973586003 -4072.2065171260974239 -4197.1444664900373027 8350.7083695571072894 15629
96000000 311.7494859468102959 13008.794745095408871 59.475322564777144407 -4067.0570315260897587 -4095.1223220720999052 8221.6546761629670073 15623
97000000 307.3648031801186562 12825.829124603638775 -130.14570311151271653 -4158.6597876813302719 -4237.2523999063960218 8265.7664844762130087 15632
98000000 309.58744739342120056 12918.57642224364281 103.09990037864756118 -4081.5186955417448189 -4109.4808406287493199 8294.0994365491424105 15620
99000000 313.5538863124441491 13084.089412938135865 -16.007255241003974788 -4093.3552635555029156 -4190.9590824814895313 8268.3070907959881879 15632
100000000 311.72746814210648836 13007.875978216741714 85.880237868809416568 -4129.9767057045673937 -4156.5788272131667327 8372.4357707865456177 15635
101000000 308.82045708820186292 12886.571174755346874 149.62430489614843054 -4038.3971270809870475 -4149.5390852138862101 8337.5605171910210629 15626
102000000 310.28870713126906367 12947.838840960890593 32.644725561923451096 -4206.7506892910678289 -4082.2031384674291985 8321.5985533204202511 15632
103000000 311.13842443328138643 12983.296150343978297 82.286657767291330856 -4048.4670822673206203 -4133.0176320716436749 8263.7713721062573313 15615
104000000 306.36678306416854412 12784.183382027862535 97.340164197860133299 -4081.8498476550989835 -4075.8666701467600433 8255.0566819997184211 15621
105000000 307.1703924689569476 12817.716684481822085 130.21433772228667181 -4040.696640273081357 -4156.4747698228457011 8327.3857478182144405 15618
106000000 308.39447004426375543 12868.795434077443133 143.30774028255635244 -4082.4066508544201497 -4138.938148413943054 8364.6525395509197551 15626
107000000 310.565532710971695 12959.390318377465519 46.27293510661087339 -4018.6584827155779749 -4190.9288778795580583 8255.8602957017465087 15634
108000000 305.79387998006194493 12760.277075952200903 -61.591079191580803354 -4155.7029193590969953 -4215.0684993359072905 8309.1803395034221467 15635
109000000 313.59704060540042292 13085.890170805412708 153.30367010214047241 -4033.6707237289488148 -4112.5059394346380941 8299.4803332657284045 15630
110000000 307.83991248473120095 12845.654656653576239 -71.163618378339691617 -4124.3825870993814533 -4218.570002602531531 8271.7889713235745148 15636
111000000 310.53461511875082124 12958.100177962342059 -73.755914078142268409 -4176.0847615132652209 -4224.7643256257106259 8327.0931730608353973 15637
112000000 315.53257446565612554 13166.656824305346163 60.297044878029367965 -4201.4434943018222839 -4085.2905167987000823 8347.0310559785521036 15614
113000000 306.61008951250840937 12794.336161067734793 -88.548311080870178102 -4152.14329064674439 -4120.6578312346227904 8184.2528108004971727 15631
114000000 311.01965889356495154 12978.34025916016617 -68.409705077505549298 -4150.341737186514365 -4205.3852404789804496 8287.3172725879885547 15640
115000000 310.49546722451339065 12956.466600542669767 -29.914867918316303985 -4163.9686126244805564 -4168.1072113815771445 8302.1609560877404874 15617
116000000 305.94037073402631677 12766.389894854175509 -101.06646481234204771 -4227.1155647646119178 -4148.8458051776342472 8274.8949051299059647 15631
117000000 310.98877030234024232 12977.051328909048607 -55.781502082616981397 -4216.1134836939563684 -4117.2984877196777234 8277.6304693310175935 15630
118000000 309.89419571912566198 12931.376526774278318 -34.676620486472728544 -4150.963248804554496 -4172.3677446377168962 8288.6543729557997722 15640
119000000 310.73987472957549016 12966.665324873705686 -17.610968937559562164 -4213.2493787327466634 -4209.69592613833629 8405.3343359335231071 15651
120000000 309.5824572194314328 12918.368190467484965 -157.89962025161955239 -4155.3731683171263285 -4282.5754492092291912 8280.0489972747363936 15639
121000000 313.41898533186548548 13078.460216271043464 -145.36511775512843769 -4100.4333582372337332 -4241.933318409108324 8197.00155889121379 15646
122000000 309.06366776476414771 12896.71995739601698 -65.009972056740195967 -4197.5188753442080269 -4134.0317792400128383 8266.540682527480385 15636
123000000 308.25145394970837742 12862.827607013779925 -26.327083094565438159 -4165.2045730502723018 -4092.5298185474421189 8231.4073085031486698 15628
124000000 312.17514271898357947 13026.556704074251684 -86.084010264389860367 -4151.1323412580004515 -4194.8980266169392053 8259.9463576105517859 15624
125000000 309.88750785695646073 12931.097453254787979 -132.14180401067571324 -4191.3328245404545669 -4252.059430189795421 8311.2504507195735641 15635
126000000 308.7948317251839967 12885.50187038502736 -209.15521635220750341 -4200.0015733756517875 -4195.7383837093775583 8186.5847407328228655 15621
127000000 311.16865588745355353 12984.557659343670821 -27.449782348523086739 -4060.9494294747805725 -4181.7941685720215901 8215.2938156982781948 15628
128000000 307.07375802873434623 12813.684287782449246 -157.75888974892251326 -4312.5089207493556387 -4191.8296405187829805 8346.5796715192172996 15632
129000000 312.28266568794339264 13031.043461219442179 -59.485127143640369241 -4159.8718805810003687 -4153.8545712152827036 8254.2413246526430157 15634
130000000 312.09385204465996821 13023.164577560379257 164.41673199799626559 -4097.4001867295728516 -4037.0877569084568677 8298.9046756360257859 15607
131000000 310.04760506758196925 12937.77804727714647 -164.80012246816937704 -4199.7327975588550544 -4248.6993232378681569 8283.631998328553891 15628
132000000 309.97717214509481209 12934.838996939501158 56.962331370915478601 -4082.054740803925597 -4096.4461031872178864 8235.463175362057882 15630
133000000 315.92276506242035339 13182.938837952799076 87.066186917887080199 -4068.7190506351876138 -4062.1512658693054618 8217.9365034223810653 15616
134000000 311.91811105793010483 13015.831194418700761 -89.045731732618918386 -4131.0634946407590178 -4131.9428696383502029 8173.9606325464901602 15612
135000000 311.22022255994033912 12986.709452011526082 -143.16347315910803673 -4252.8048005274940806 -4122.1430876182039356 8231.78441498659231 15614
136000000 316.27629834582455715 13197.691202035764945 80.530191427994139985 -4204.6707301208152785 -4104.0504121147241676 8389.2513336635329324 15626
137000000 309.76437536860095179 12925.959336466543391 287.57165490842999134 -4082.3535505135760104 -3947.1753013532961631 8317.1005067753030744 15619
138000000 310.39978819352990058 12952.47407150386789 204.29792998562854223 -4090.3654281411472766 -4052.7829233333586672 8347.4462814601338323 15620
139000000 307.7306725946589836 12841.096255206302885 -20.327215321296620232 -4150.1265951180084812 -4139.5875619934386123 8269.386941790151468 15638
140000000 313.77035074097250344 13093.122118515140755 -196.87021936512928733 -4159.2884900803965138 -4222.4084245108051618 8184.8266952260728431 15634
141000000 310.8337018305625179 12970.580575911122651 -68.168809494326296772 -4063.7783079399087001 -4236.8719413385906591 8232.4814397841728351 15649
142000000 308.03103825215447387 12853.630021460856369 -269.55374726498882865 -4118.1488700987192715 -4159.5146628915117617 8008.1097857252425456 15641
143000000 310.37042124360777962 12951.248636848647948 -267.80135999569120031 -4250.0348366962116415 -4243.5775527513833367 8225.8110294519028685 15633
144000000 311.2268510818396976 12986.986049358880337 -154.87148658402662704 -4236.3695292084285029 -4203.6366580401227111 8285.1347006645246438 15634
145000000 305.66586486131240008 12754.935215005665668 -11.67106904984382254 -4077.5942235804732263 -4092.4930510006106488 8158.4162055312408484 15623
146000000 313.92123560551431183 13099.418296444686348 -119.66642187702453271 -4191.1322459705725123 -4194.9591871883139902 8266.4250112818626803 15634
147000000 307.90352916790067184 12848.30927650387639 -96.237960728544095446 -4194.8856730068346224 -4137.9403749595594491 8236.5880872378493223 15637
148000000 308.85159129508110709 12887.87035414489219 -143.72042477930301629 -4191.6318193835695638 -4202.0799795274415374 8249.9913741317086533 15632
149000000 305.98264675413929581 12768.15400383616543 -81.854848573817861279 -4142.4771903169876168 -4207.1085423486101718 8267.7308840917812631 15631
150000000 308.07281398136632333 12855.373254124073355 -26.503900040235805591 -4204.5007351276417467 -4222.781831079037147 8400.7786661664431449 15634
151000000 311.1547793309942449 12983.978613401703115 55.35697025701875873 -4144.3343273264272284 -4195.184294179394783 8394.8755917628404859 15627
152000000 313.15078755931244814 13067.268763096266412 -347.96486046697617667 -4190.583125410725188 -4298.469384257472484 8141.0876492012212111 15646
153000000 310.41649140284908981 12953.17106903365675 -33.358756499724279365 -4148.5129222186642437 -4146.0323802476723358 8261.1865459666114475 15624
154000000 311.8510294110092218 13013.031987313974241 -115.26732708731213961 -4156.287915764995887 -4200.7875048291143685 8241.8080935067991959 15621
155000000 313.44832094553152047 13079.684343315691876 -96.011868713839902512 -4249.6564852150968363 -4152.3082580016525753 8305.9528745029092534 15637
156000000 309.05403419631181805 12896.317964384614243 -263.82801196136801991 -4231.9186323490021095 -4297.7688908363616065 8265.8595112239963782 15641
157000000 311.31308003066146739 12990.584241968248534 199.81931525409925143 -4142.4710146674096904 -4057.5030954929566178 8399.7934254144656734 15621
158000000 311.74736107638329941 13008.706077737511805 -106.79287258147601847 -4199.0182434776415903 -4205.5080569065466989 8297.7334278027119581 15631
159000000 308.86303723633471918 12888.347974500802593 -1.1460636767997982588 -4134.2136667210688756 -4095.8880217267760599 8228.9556247710443131 15634
160000000 312.72981553472806127 13049.702290950808674 -183.79207408464881723 -4221.4694693493793238 -4170.7252794788028041 8208.4026747435345897 15635
161000000 312.40098484874516771 13035.980725743254879 -125.12049410288588547 -4266.7323062783043497 -4214.9885873466409976 8356.6003995220598881 15651
162000000 313.11515255067052976 13065.781772630974956 -74.103710333350505834 -4150.3921070245160081 -4176.1715930151858629 8252.4599897063508251 15632
163000000 309.61587623209294406 12919.762711054991087 -61.551807303805276206 -4178.5548625558194544 -4101.7925311443250393 8218.795586396339786 15624
164000000 306.79890681328873825 12802.215197348145011 -88.719568511434715674 -4173.4182451500228126 -4143.1203829483165464 8227.819059586905496 15640
165000000 310.93575489253817068 12974.839082809114188 -223.71091188809543837 -4219.5025587273612473 -4218.333410025556077 8214.1250568648229091 15644
166000000 312.44320700962657611 13037.742587267846829 -199.00595851262605152 -4160.2344521905570218 -4297.9873500412104477 8259.2158437191428675 15645
167000000 309.02881582431672314 12895.265643082164388 -238.98821745777993897 -4261.7781077416675544 -4247.2278734421088302 8270.0177637259967014 15636
168000000 306.84581098972859081 12804.172431702969334 78.961930795996806864 -4148.9930185119228554 -4150.387663994891227 8378.3426133028096956 15619
169000000 314.16449414752997882 13109.569076432220754 -46.196049362869189281 -4309.1730541335928137 -4162.327131300316978 8425.3041360710412846 15636
170000000 307.09051411554293054 12814.383491803146171 -176.72376257935576405 -4256.309465951596394 -4181.2560099334859842 8260.8417133057264437 15639
171000000 307.66590136103718578 12838.393457859216142 -103.0489812094567128 -4280.2122862607166098 -4214.5276367924298029 8391.6909418436898704 15642
172000000 310.5601418179996358 12959.165365255399593 -261.16053219797527163 -4275.2090146041118714 -4266.0838349838068098 8280.132317389943637 15639
173000000 309.02798049562682081 12895.230786185964462 -138.48736668143936868 -4247.8607543767775496 -4273.461668446971089 8382.835056142308531 15641
174000000 312.12926274923444225 13024.642208184819538 6.0846554030420065828 -4174.3453679463109438 -4127.3405322958451507 8307.7705556451983284 15635
175000000 311.07029384272050265 12980.453172541538152 -56.060633614638049949 -4168.0636110915402242 -4147.8328113147690601 8259.8357887916718028 15635
176000000 306.54481165491478123 12791.612223133222869 -152.66509612624855663 -4245.8516517070729606 -4240.6621649753697056 8333.8487205561941664 15647
177000000 309.45757214576360639 12913.156941168590492 -150.64474741569463845 -4193.1124427545619255 -4180.165273033979247 8222.6329683728454256 15643
178000000 306.27692863039862914 12780.433903877805278 -252.84852645684736672 -4267.6075171581924224 -4206.823427684714261 8221.5824183860568155 15634
179000000 308.27657504201187066 12863.875868994249686 -40.979873179136887984 -4206.9423713627238612 -4150.7640755172778881 8316.7265737008656288 15632
180000000 312.95034290239232178 13058.904536314286815 -147.32568784639323667 -4257.4937109809106914 -4198.9848875458610564 8309.1529106803791365 15638
181000000 310.72047957227550796 12965.855996769769263 -77.734210565060635645 -4226.4908015046885339 -4156.2719490863855754 8305.0285400260127062 15637
182000000 313.03309396357184369 13062.357602376459909 99.964976664361273606 -4175.0344593208155857 -3998.1739734983830203 8273.1734094835610449 15621
183000000 309.81642850048524451 12928.131428287209928 -3.620529278820640684 -4080.1594126161744498 -4224.3420114161945094 8300.8808947535490006 15639
184000000 310.93944136422919655 12974.992913226560631 20.966985495443736909 -4213.2682817068416625 -4197.4015515630562732 8431.6368187653424684 15638
185000000 311.34557886354218681 12991.940364962698368 -40.531198706753144734 -4235.0959763426126301 -4070.6077606850722077 8265.1725383209304709 15632
186000000 311.78960578339729182 13010.468880075237394 -155.64013676053201607 -4210.4196292106053079 -4128.4266708851955627 8183.2061633352677745 15637
187000000 309.84166300380849179 12929.18442272352695 -139.36688914746591195 -4171.5065790602538982 -4222.6764431605988648 8254.8161330733855721 15634
188000000 312.39902067719907564 13035.898764086094161 -143.74632260178915999 -4177.0053581746224154 -4187.4574058406506083 8220.7164414134858816 15627
189000000 309.87220015912760118 12930.458688130698647 -327.11483940944896176 -4271.3109720138691046 -4252.5230901899076343 8196.7192227943287435 15656
190000000 311.21164590222048218 12986.351562151539838 -185.41973812545342071 -4202.2610190162804429 -4252.5241437420136208 8269.3654246328405861 15644
191000000 311.82685621045391144 13012.023279301511138 -116.79645284139226646 -4243.8013992358637552 -4247.0972360433806898 8374.1021824378531164 15645
192000000 309.67226419843467511 12922.115688407960988 -254.81507147004236913 -4211.476037621222531 -4253.0379270397788787 8209.6988931909581879 15637
193000000 312.80630604070933032 13052.894114312559395 -119.24374244157493763 -4231.4380162839579498 -4095.9017331579780148 8208.0960070003602596 15640
194000000 305.76522108472420314 12759.081187253499593 65.893744386109261768 -4213.3802202857241355 -4081.3932062008043431 8360.6671708726353245 15623
195000000 311.97256238678534146 13018.10335906565706 -268.01087387775396564 -4222.8224746920368489 -4216.7153361336677335 8171.5269369479492525 15645
196000000 310.68006062074550755 12964.169380213950717 -305.51960139528068794 -4217.5879383477167721 -4243.0220917432470742 8155.09042869568475 15639
197000000 309.42988061642341791 12912.001419066380549 -228.46783126679017073 -4271.2892103563062847 -4147.8849548893394967 8190.7063339788555822 15635
198000000 310.52375661770673787 12957.647070522909416 -80.209873109557918269 -4176.0858720420837926 -4294.6147401255548175 8390.4907390580810898 15636
199000000 313.40751538089369888 13077.981594028971813 -344.32753145850580268 -4282.407875485074328 -4245.8135926038939942 8183.8939366304630312 15644
200000000 310.87823180881895269 12972.438738869699591 -234.03118547237619396 -4295.2264810226815825 -4196.7026826668206922 8257.8979782171263651 15634
201000000 309.64098626215104559 12920.810511426101584 -301.73218599899280434 -4221.5130364168344386 -4266.1676384056345341 8185.9484888234765094 15630
202000000 311.01901654976740019 12978.313455207009611 -318.29777615081388831 -4148.6963125356778619 -4313.9929796395326775 8144.391516024397788 15648
203000000 309.03313948036219472 12895.446062157669076 -339.99387259701012454 -4238.4584367399293114 -4368.114803353075331 8266.5793674959932105 15652
204000000 310.04572226049879191 12937.699480825574938 -237.4322192571445953 -4187.9268237332280478 -4337.2933321820310084 8287.7879366581128124 15649
205000000 308.81022847841950352 12886.144351645174538 5.9131233456280085647 -4313.6470683288880537 -4041.4205752245979966 8360.9807668991143146 15649
206000000 307.80653692697495671 12844.26194936799584 -124.03967930370481554 -4191.1171626738778286 -4165.2941051335292286 8232.371588503701787 15625
207000000 311.37100492458057488 12993.001352788291115 -271.12501238474908405 -4225.6294947441219847 -4206.8797917291085469 8161.384274088480197 15642
208000000 311.13936998290722613 12983.335606579059458 -144.67202844466731904 -4176.653296425991357 -4140.497797998610622 8172.4790659799346031 15624
209000000 312.00052444458407308 13019.270169876746877 -364.45339751462086042 -4286.7208346356037509 -4215.2624217373549982 8137.5298588583391393 15633
210000000 311.79415100052989374 13010.658544531524967 -253.09107815217399207 -4244.2465449066712608 -4281.929103297355141 8273.0845700518548256 15645
211000000 312.75920068470480828 13050.928485064458073 -152.52491898556343131 -4215.1961898575318628 -4202.8573502855542756 8265.5286211575221387 15635
212000000 311.83432581435658904 13012.334973621396784 -177.42162731545599286 -4184.5673304186075256 -4282.4714967320678625 8289.6171998352183437 15651
213000000 309.88599006976687633 12931.034118484703868 -117.04873685605167566 -4262.9423980664432747 -4217.0128655983726276 8362.906526808765193 15641
214000000 308.53177246360939989 12874.524838845658451 -291.02239164199187371 -4279.7517303138747593 -4201.1557224606822274 8189.8850611325651698 15630
215000000 309.58631718245891307 12918.529260393856021 -79.676369423847233975 -4266.0788759804599977 -4042.0006929320238669 8228.4031994886372559 15627
216000000 307.11676117504003969 12815.478738547893954 -175.59622372579036664 -4223.7338910931184728 -4182.8726896162552293 8231.0103569835828239 15640
217000000 310.55012989641755894 12958.747584188433393 -295.97525181428022734 -4275.4374481755949091 -4278.743757538756654 8258.2059539000729274 15637
218000000 307.13206323793042429 12816.117268535243056 -251.57415611931784838 -4183.8209224510374042 -4260.3934252181898046 8192.6401915499081952 15633
219000000 312.46668097799692987 13038.722117468048964 -252.31085856607435858 -4213.5607069793541086 -4197.1172515955622657 8158.3671000088424989 15642
220000000 308.28574127077371259 12864.258360686857486 -123.42087520154674962 -4212.1459693702636287 -4172.8463340628095466 8261.5714282315275341 15636
221000000 307.8221420520331435 12844.913125642551677 -153.57721747584594141 -4231.7407034571242548 -4241.4491429924310069 8319.6126289737112529 15651
222000000 306.02643670565464618 12769.981286692562207 -163.09930684742829499 -4156.4338282568078284 -4290.2098041325389204 8283.5443255419195339 15659
223000000 311.29707867204007243 12989.916531516966643 -190.81132918274710164 -4199.9120215129887583 -4223.0057465195941404 8232.106438849836195 15641
224000000 312.38968247347389706 13035.509096160323679 -216.58866629621448396 -4274.6271209729156908 -4199.657216519519352 8257.6956711962211557 15638
225000000 306.20851388494571665 12777.579068757766436 -331.7549941394401003 -4310.7972563601997535 -4242.9023574679895319 8221.9446196887474798 15636
226000000 312.85724955441475004 13055.019903586517103 -319.15738823419928849 -4256.9194547879260426 -4251.3644259918000898 8189.1264925455270713 15631
227000000 309.5316672414468826 12916.248807987341934 -177.92583136532232402 -4219.2402858742088938 -4199.3441034213428793 8240.6585579302300175 15639
228000000 310.06862839135948207 12938.655316097816467 -282.9806110480147936 -4288.6896699285298382 -4181.4757535055869084 8187.1848123861009299 15643
229000000 310.54267827711845484 12958.436640336556593 30.80923877776547215 -4197.7071151805248519 -4054.0126934785484991 8282.5290474368375726 15615
230000000 310.17134998998409401 12942.941719933694912 -210.88185417419836654 -4179.9851458436669418 -4175.4023685554102485 8144.505660224879648 15642
231000000 309.35453480791346692 12908.857362052676763 -327.70747787289315056 -4286.3400921663751433 -4256.6861825180549204 8215.318796811534412 15639
232000000 310.10184298127734337 12940.041306459506814 -162.69249278339171383 -4191.3345123149456413 -4205.8551715679423069 8234.4971910994954669 15635
233000000 307.35619542268187843 12825.469937003472296 -151.13434120598532218 -4208.9867453724418738 -4265.8730772655999317 8323.7254814320549485 15647
234000000 311.30558782047410205 12990.271604325178487 72.91892213847680182 -4119.8890711345393356 -4053.2005539176270759 8246.0085471906422754 15609
235000000 311.87325305394051611 13013.959343484277269 -223.97796972255440551 -4195.6686747481862767 -4242.1327986939995753 8213.8235037196318444 15649
236000000 308.40492500759222594 12869.231702549848706 -288.43931004578575994 -4277.2834347846674063 -4250.060528650703418 8238.9046533895852917 15650
237000000 309.80825281282056949 12927.790270249990499 -134.77282831036538369 -4184.9324004410045745 -4201.6130513275056728 8251.7726234581459721 15638
238000000 310.44275525631610435 12954.267016563224388 -51.242391948396658563 -4214.6724296986794798 -4141.0482988739258872 8304.4783366242099873 15640
239000000 310.23108581345036328 12945.434397873617854 -240.14598130766188433 -4206.8384452851560127 -4226.0738490172443562 8192.7663129947377456 15632
240000000 307.72628001753145099 12840.91296016708111 -220.33224319020874304 -4204.5817924546327049 -4141.506523283347633 8125.7560725477724191 15634
241000000 310.50382116996246396 12956.815196984869544 -12.430867297570216579 -4209.107578406605171 -4094.1546413902210588 8290.8313524992554449 15638
242000000 308.54779945191057777 12875.193618781440819 -241.39091109342257369 -4246.2398260243926416 -4250.7748356587953822 8255.6237505897661322 15638
243000000 309.81180964660518384 12927.938691090224893 -153.36327882526089184 -4250.4790380223503234 -4117.6728911833579332 8214.7886503804475069 15627
244000000 309.01806932065915134 12894.817209109982286 -216.73881675406897784 -4344.0405046428077185 -4194.5023468371664421 8321.8040347259047849 15630
245000000 310.91799195033070191 12974.097864363975532 -49.754948067747193363 -4130.0141064829285824 -4140.0508490265347064 8220.3100074417161522 15630
246000000 307.80162195184436769 12844.056855516895666 -40.895760377708796796 -4222.4860978958377018 -4139.5568552651548089 8321.1471927832844813 15635
247000000 308.41891343417034932 12869.815416648394603 -84.896336397852309119 -4206.5888230580712843 -4149.0783847031079858 8270.7708713633255684 15631
248000000 305.75169007582309177 12758.516560444399147 -188.1838779287907073 -4244.9733058328765765 -4214.7900191478220222 8271.5794470519067545 15642
249000000 308.44388446472311216 12870.857416798124177 -184.78524126947320383 -4298.0192628407876327 -4173.6846307744926889 8286.9186523458065494 15634
250000000 309.47098819179734619 12913.71677076578635 -61.482833914049990653 -4216.8941061578825611 -4049.6782661713073139 8205.0895384151408507 15610
251000000 307.18641721505133546 12818.385370853993663 -95.31354577391155658 -4239.2978937077205046 -4150.5979488472530647 8294.5822967810599948 15627
252000000 308.03393533011779937 12853.750911772740437 -268.96727994820645335 -4333.4632544294036052 -4220.709969051013104 8285.2059435322116769 15646
253000000 308.79807382430647067 12885.637157864008259 -126.99950569410191292 -4245.2096893148100207 -4175.9682117252532407 8294.1783953459616896 15640
254000000 315.07587250319392069 13147.599400453276758 3.2874469907254137979 -4204.3595508244034136 -4084.550659869971696 8292.1976576851011487 15627
255000000 310.25608258246876403 12946.477472047303308 -135.94784017871597825 -4315.3855189583391621 -4147.339586807123851 8326.7772655867483991 15635
256000000 311.05147942647892023 12979.668077809490569 -119.37874527147533854 -4267.5060187931285327 -4234.6439311513186112 8382.7712046729720896 15646
257000000 310.77522056001384954 12968.140248406845785 -65.488910747396602119 -4246.9346084967046409 -4130.827202003286402 8312.2728997525955492 15642
258000000 309.98036198399256591 12934.972103685016918 97.085946726837619281 -4153.222999016524227 -4067.5994860460159543 8317.9084317893793923 15626
259000000 310.66517958413061251 12963.548418962549476 -15.0835694665944402 -4194.4941340286986815 -4111.9275038458508789 8291.3380684079529601 15630
260000000 311.5290265533449201 12999.595336183765539 -76.505597716397460317 -4183.8486893084136682 -4117.6958247946040501 8225.038916386620258 15633
261000000 307.077654946492828 12813.846899769137963 -18.914570557858098709 -4180.5140108725081518 -4167.0087535541942998 8328.608193868843955 15631
262000000 309.63332164267035296 12920.490679425993221 -251.84816946483235256 -4194.1894459463310341 -4325.4991148269600671 8267.8403913084584929 15648
263000000 310.24292535616876876 12945.928442573103894 101.62703673819669348 -4249.8651979150126863 -4080.2362919006191078 8431.7285265538284875 15624
264000000 311.54048490734010102 13000.073474503024045 -192.96665805048138509 -4194.886718365818524 -4176.4369589065645414 8178.3570192219021919 15636
265000000 314.7118229382277832 13132.408209188590263 -280.82630245350856057 -4185.7441233912795724 -4262.8344585039849335 8167.7522794417545811 15637
266000000 311.51333186960607691 12998.940422772353486 -174.59635602608372551 -4265.7301861423748051 -4127.8620303748984952 8218.9958604911898874 15635
267000000 312.20713325618658018 13027.891616723731204 -127.52905287049756566 -4210.2925268758062884 -4168.2049438052326877 8250.9684178105417232 15639
268000000 313.9149553754017461 13099.156232742358043 -221.8454552357549403 -4279.9813451658710619 -4136.5121898935976787 8194.6480798237134877 15649
269000000 311.2160827766981015 12986.53670564652748 -77.408629073480312854 -4174.0617998465786513 -4138.8682436274921201 8235.5214144005913113 15623
270000000 307.83957869734479118 12845.64072825338917 -121.81537488763558486 -4187.180542592139318 -4109.1433998784732466 8174.5085675829777756 15626
271000000 305.13232698763619055 12732.67155459798596 -277.70153294069257299 -4220.9413708979682269 -4305.7293293094644469 8248.9691672667395324 15638
272000000 308.6016571367934489 12877.441011639073622 -92.572592254971851844 -4135.3633716363519852 -4206.5591871150663792 8249.3499664964456315 15634
273000000 306.00562787997705527 12769.11296852580017 -114.9435820171329965 -4270.8183637872662075 -4259.6025631983102357 8415.4773449684435036 15644
274000000 308.81695613648054177 12886.42508578196248 -352.35454510397090644 -4264.2848185613547685 -4259.5714417403523839 8171.5017151977372123 15645
275000000 310.46004183211135796 12954.98835701927419 -125.38347570373133522 -4233.4707832288677309 -4167.4790794716609525 8275.5663869967975188 15640
276000000 316.69660500925544966 13215.22990975155335 -322.51718749812368969 -4265.8008952795371442 -4217.0536430570664379 8160.3373508384802335 15638
277000000 309.41542021493228276 12911.398010228804196 -304.96511828433978053 -4230.5422996294528275 -4206.1300578879599925 8131.7072392330719595 15644
278000000 311.75276201672579646 13008.931450119867804 -75.850344023846503205 -4219.6204000630250448 -4194.9327761684453435 8338.7028322076239419 15621
279000000 309.6940581128472445 12923.025112711979091 -10.956989364282094357 -4194.2209312560098624 -4056.7103335488945959 8239.9742754406215681 15624
280000000 310.77687325289610953 12968.209212570225645 -320.53264730017872353 -4252.452823595416703 -4268.1354790426748878 8200.0556553379119578 15647
281000000 311.343894793283539 12991.87009147286517 -153.66088646629697223 -4295.1575764944500406 -4105.4052058693396248 8246.9018958974920679 15637
282000000 311.93745966556730309 13016.638580081555119 -351.01161233271915307 -4234.9196264587180849 -4384.879949515438966 8268.7879636414400011 15656
283000000 310.5593641479746907 12959.132914360723589 -328.07421546943271551 -4202.1551142987291314 -4219.9778306147663898 8094.0587294440620099 15635
284000000 306.86156522858851758 12804.829830251908788 -199.2746521612339734 -4237.1913529164512511 -4264.6245623556269493 8302.5412631108447385 15654
285000000 310.48031675895776971 12955.834396463464145 -302.46317260034220453 -4237.3719866172377806 -4237.6794272889383137 8172.5882413058343445 15647
286000000 310.28609558021469184 12947.729865218621853 -265.18599378899261865 -4333.1949071189974347 -4267.3841936240469295 8335.3931069540522003 15650
287000000 311.99076817565639885 13018.86305677575001 -318.4542069213480886 -4211.5123316102244644 -4231.4744364904363465 8124.5325611793123244 15637
288000000 310.91962213700907114 12974.165889380379667 -168.49906342262730163 -4166.7664824014336773 -4204.9836323126037314 8203.2510512914104766 15650
289000000 310.81122343504415539 12969.642589333183423 -176.9850156477073142 -4189.9003234204465116 -4181.7831780073865957 8194.6984857801253384 15639
290000000 311.48685175477794473 12997.835451010878387 -157.97750937174998853 -4327.4917811339437321 -4111.8753731627630259 8281.3896449249568832 15632
291000000 310.98161077832628507 12976.752573714353275 -196.97698595533256594 -4236.4336050438851089 -4175.0113176193208346 8214.4679367078751966 15638
292000000 308.21028816640676951 12861.10982639301983 -262.95674195371174164 -4258.1919650032396021 -4230.3107751141915287 8225.5459981637195597 15641
293000000 311.34253601977007975 12991.813392082685823 -267.80013699423545859 -4310.398356073837931 -4231.9684732320038165 8274.5666923116059479 15641
294000000 307.02803444362473329 12811.776317567537262 -212.92775934686150663 -4187.4685368973096047 -4194.5133416526923611 8169.0541192031414539 15639
295000000 308.44467520524949578 12870.89041310338871 -237.05160410360605283 -4272.4476233046616471 -4297.4667958762211128 8332.8628150772765366 15638
296000000 308.49458218912434404 12872.972949687538858 -260.81401193583155873 -4233.0548272343721692 -4283.1083544769953733 8255.3491697755343921 15662
297000000 308.0553225993446631 12854.643367440101429 -159.19967392790579197 -4181.2429395935778302 -4171.4775632517985287 8193.5208289174697711 15622
298000000 308.32068159980980226 12865.716363311548776 -118.58443962689699447 -4263.3958830279343601 -4213.8571968299365835 8358.6686402309751429 15639
299000000 308.27603494775229365 12863.85333174661173 -195.03505693283244682 -4263.8151127040082429 -4186.4794667872192804 8255.2595225583936553 15632
300000000 308.50785125862648783 12873.526646195130525 -203.09160203687392254 -4130.7957218941091924 -4327.9243555380289763 8255.628475395264104 15648
301000000 311.88199861608114816 13014.324281448722104 -218.78519427274261488 -4227.2229318080644589 -4208.665397040791504 8217.1031345761111879 15641
302000000 311.79966566166984876 13010.888662296243638 -27.007656239447612734 -4206.1297038904176588 -4141.5125399229964387 8320.6345875739662006 15625
303000000 310.7822687070010943 12968.434356020887208 -39.641226178482554587 -4228.9962005788711394 -4086.0817986272113558 8275.4367730276007933 15631
304000000 313.72853236877404015 13091.377106430030835 -124.32820386059310636 -4212.338068033757736 -4143.8264248919149395 8231.8362890650787449 15646
305000000 310.69632636922841584 12964.84812322052494 -256.89686345203915607 -4313.4370855656288768 -4142.1916304351407234 8198.7318525487316947 15635
306000000 307.93727177310591969 12849.71730007750557 -301.88744770866634326 -4240.2364332471997841 -4203.557797379549811 8141.9067829180839908 15635
307000000 309.49654575148360891 12914.783245814283873 67.459151946520648835 -4190.9470466220109302 -4054.6960979087148189 8313.1022964772455452 15631
308000000 308.09291180819627698 12856.211903475039435 -139.25094730616021366 -4153.3145557767584251 -4332.9395431720849956 8347.0031516426824965 15643
309000000 312.6975763534763928 13048.357002792981802 -185.58175376982077864 -4201.094063169047331 -4214.6082872905144541 8230.1205966897396138 15633
310000000 309.91505021782666063 12932.246750801397866 -259.158157237777516 -4209.9076739634165278 -4247.3922961104626665 8198.1418128361001436 15636
311000000 312.55683398640184123 13042.484054647931771 -97.38483038894338506 -4207.5892277700186241 -4175.3397365915679984 8285.5441339726439764 15642
312000000 309.14425812055111464 12900.082860765955047 -258.20485633605409248 -4244.8544502294162157 -4329.237371605712724 8315.8869654990739946 15640
313000000 308.8593280157676304 12888.193194810068235 -185.41536660632942812 -4171.6525697594242956 -4256.356760382524044 8242.5939635356189683 15648
314000000 308.58397952025569566 12876.703353694188991 -43.963839559675506052 -4177.7758263815148894 -4112.1490353479202895 8245.9610221697585075 15624
315000000 312.58154710680702237 13043.515292630201657 0.43827488126680691494 -4182.5249167925385336 -4183.4877285576876602 8366.4509202314911818 15638
316000000 309.30225477333812023 12906.675801954857889 -213.68401822797710565 -4189.0015592382942486 -4188.4420013343078608 8163.7595423446255154 15643
317000000 310.66651478475114345 12963.60413469456762 -102.18512487486671603 -4122.9451994461132927 -4248.2894360086793313 8269.0495105799236626 15638
318000000 314.73219117227932884 13133.258142189415594 -71.696236079629869664 -4170.7620145782384498 -4194.5741581300708276 8293.6399366286786972 15647
319000000 307.31051752425929635 12823.563873219078232 -145.92714826236641557 -4231.6589337991636057 -4183.2552803984772254 8268.9870659352745861 15634
320000000 308.19299333439323618 12860.388141418521627 -150.62631469195028444 -4168.0582450460206019 -4131.2720930932673582 8148.7040234473370219 15638
321000000 308.94323764849292502 12891.69460616266224 -160.25719391778318368 -4233.568060675104789 -4187.7077653030919464 8261.018632060413438 15644
322000000 311.16798264917167671 12984.529566214352599 -127.80773579888361269 -4207.2374092587924679 -4212.8521687208813091 8292.2818421807896812 15623
323000000 310.63798608400662715 12962.413678802708091 122.67732299535555285 -4155.8803568769644698 -4096.5576573411171921 8375.1153372134376696 15634
324000000 308.06157154867946701 12854.904125846878742 -46.570527413768957103 -4180.5440052989961259 -4124.7942860788580219 8258.7677639640860434 15635
325000000 312.1360634501774598 13024.925990281273698 113.42101661664830203 -4127.6896598076318696 -4094.2573044869695877 8335.3679809112509247 15632
326000000 309.74557462061903834 12925.174812088553153 -65.635877636528874746 -4192.8727425721299369 -4117.7772202228788956 8245.0140851584801567 15623
327000000 308.47418580360630358 12872.121841972188122 -188.58893805133465094 -4284.7453214033703262 -4253.4949782866297028 8349.6513616386655485 15646
328000000 308.94715963954428162 12891.858264416738166 -241.13161772660780002 -4240.3306338409029195 -4240.0905269431750639 8239.2895430574699276 15628
329000000 312.30617321140204012 13032.024391618446316 -161.37697066308192007 -4197.8792935724595736 -4195.2020259148921468 8231.7043488242707099 15635
330000000 309.3655306165404113 12909.316199112343384 -105.38539967890778826 -4186.1115768251293048 -4128.9544756887389667 8209.6806528349625296 15624
331000000 310.89446927100590301 12973.116301535535968 -134.08032711549535065 -4162.7577965275768292 -4229.5887776749586919 8258.2662470870400284 15631
332000000 309.70626980553316798 12923.534686619243075 -21.606265084093081441 -4275.2253027358246982 -4130.2868286785760574 8383.9058663303076173 15619
333000000 310.21529563912201866 12944.775499796520307 -275.72578579695448298 -4284.9924105037298432 -4253.7580151978108916 8263.0246399045845465 15638
334000000 308.9532030138555001 12892.110444514946721 -183.55781901027512504 -4198.9932676377775351 -4200.6139302427118309 8216.0493788702151505 15634
335000000 308.65116897809673446 12879.507059571791615 -103.64677365361961847 -4230.920252619475832 -4184.1704445941213635 8311.4439235599784297 15652
336000000 307.31442364378426646 12823.726869180389258 -105.24148845262271834 -4174.9617281949285825 -4142.4000460191737147 8212.1202857614789536 15630
337000000 310.556844902839714 12959.027790393080068 -79.713591612816514953 -4240.6624657426546037 -4144.1498640853151301 8305.0987382151542988 15623
338000000 305.22978604475980546 12736.738361208175775 -206.84305587397545878 -4179.2086538168732659 -4310.6694131473550442 8283.0350110902527376 15642
339000000 311.21893690851123893 12986.655803886000285 -130.5527918940054235 -4231.7758984139763925 -4171.1345266048638223 8272.3576331248350471 15643
340000000 309.59664169274617507 12918.960085274811718 -262.41644326507213236 -4213.7714825992261467 -4308.3782978323233692 8259.733337166479032 15657
341000000 308.42386267059794136 12870.021940167225694 -69.692289264250575798 -4161.5570237975989585 -4183.8468235349882889 8275.7115580683348526 15636
342000000 311.99307062178149863 13018.959134076285409 -280.08351576087068224 -4288.4678792820004674 -4251.7971546290773404 8260.1815181502061023 15632
343000000 309.69847498112659423 12923.209421381126958 -117.74431086633262566 -4262.5255058984048446 -4182.6693110231626633 8327.4505060552346549 15633
344000000 310.89042853088056972 12972.947688077363637 -198.2102382658358124 -4270.108746371610323 -4249.0323974947787065 8320.9309056005513412 15644
345000000 312.36433388558691604 13034.45134116227382 1.4030808061575328338 -4184.834440993528915 -4183.7477090102620423 8369.9852308099489164 15639
346000000 313.99275568178450158 13102.402711926646589 -406.53016606775298669 -4339.1919285599342402 -4270.5757870385295973 8203.2375495307114761 15657
347000000 311.07840040032579054 12980.791445894759818 -304.69427525431126469 -4204.2944330003811046 -4250.1549001200992279 8149.755057866169409 15652
348000000 310.57991017766482855 12959.990266481941944 -215.17388589306645486 -4235.4606977042894869 -4267.9929516500606042 8288.2797634612834372 15644
349000000 312.28984198858819354 13031.342916475427046 -126.93744545130175538 -4211.3001304454410274 -4120.804059710857473 8205.166744704996745 15630
350000000 313.90511318778504801 13098.745534395384311 -378.98114568326366225 -4218.145957306521268 -4268.5396514431013202 8107.7044630663604039 15643
351000000 312.75543851123603645 13050.771495735985809 -47.544457425393801486 -4135.3990491190770626 -4081.8334752504342759 8169.6880669441179634 15628
352000000 306.96016319451712207 12808.944161658593657 -206.8635273022794081 -4252.6489929568906518 -4037.0575640095876224 8082.843029664200003 15620
353000000 309.92769678191871208 12932.77447117920201 -331.75999507583469494 -4309.5499855671123441 -4238.7245779022632632 8216.5145683935406851 15657
354000000 309.25699859616094045 12904.787335906365115 -336.01180009164897911 -4324.9698327220085048 -4275.3527394455231843 8264.3107720758816868 15643
355000000 309.20555149513978677 12902.640532759660346 -298.50898976948712971 -4221.5306853859992771 -4327.7654794311692967 8250.7871750476824673 15642
356000000 311.0544694703580717 12979.792847436567172 -122.39539002319014571 -4289.4959838875975038 -4132.8915056842861304 8299.992099548693659 15627
357000000 310.02020638359317672 12936.634745131150339 -198.3722128898064625 -4229.7197712409097221 -4230.0694583082840836 8261.4170166593867179 15640
358000000 303.00749156974785592 12644.005657573428834 -80.170692339890877065 -4254.2602616690046489 -4116.9636979692604655 8291.053267298373612 15633
359000000 310.34862288572537636 12950.339027125921348 -206.51805649467766557 -4271.6465293802593806 -4197.8892997690591073 8263.0177726546407939 15638
360000000 311.8533655159660043 13013.129469142351809 -115.15994088698997189 -4237.6803828630672797 -4255.4165450772434269 8377.9369870533228095 15647
361000000 309.35063022502833974 12908.694430212826774 -111.78082274242578364 -4161.2371212878715596 -4218.4751123478454247 8267.9314108932921954 15633
362000000 311.11005215171218197 12982.112221567758752 -196.73440936549997105 -4361.1562784013622149 -4193.1490716526914184 8357.5709406885507633 15638
363000000 312.46356478657168054 13038.59208391077118 -107.57759489569821199 -4274.8039275578857996 -4228.7673938432944851 8395.9937265054832096 15640
364000000 306.5908321238431995 12793.532581822972134 -78.702661098613305057 -4160.0829723207434654 -4106.6329690217216921 8188.013280243852023 15631
365000000 310.70467667007318369 12965.196567579365365 -43.653722692008926742 -4246.9405202106836441 -4118.8967707059118766 8322.1835682245873613 15629
366000000 312.83103729163957496 13053.926108851905155 -82.764965842858998712 -4142.9991310858413271 -4213.9206139174384589 8274.1547791604207305 15641
367000000 309.32302712620543161 12907.542598171066857 -89.321632422556206166 -4196.852334785327912 -4203.7958898988290457 8311.3265922615992167 15632
368000000 308.77095128509421329 12884.505378786630899 -132.68502088182106036 -4160.0800383133437208 -4145.5976477212225291 8172.992665152745758 15641
369000000 306.81321619084269514 12802.812304204517204 -106.03184212980931989 -4230.0152506434242241 -4107.9509515126837869 8231.9343600262982363 15639
370000000 311.77931302686818071 13010.039380226531648 -242.12147063913147349 -4235.650342696786538 -4252.5591825014234928 8246.0880545590771362 15635
371000000 306.56245155055376017 12792.348307046868285 -5.4307212923018255424 -4183.0044944450201001 -4164.5878277693236669 8342.1616009220415435 15629
372000000 311.55897852328882891 13000.845182764998754 27.177252632335211047 -4159.6963550577174829 -4119.0122070914576398 8305.8858147815117263 15626
373000000 314.01741908875112586 13103.431875448661231 -227.12096063265292401 -4146.5929286070258968 -4228.303019501565359 8147.7749874759392696 15632
374000000 311.88813855375991579 13014.580490977883528 -146.44766318664642313 -4228.6844698761033214 -4213.049218615380596 8295.2860253048365848 15627
375000000 307.92759168492591471 12849.313365874162628 -186.60941031565988624 -4212.1885387486599939 -4243.7324595970803784 8269.3115880300792924 15648
376000000 307.70904884916279798 12840.193931772069845 -125.83495728936941305 -4167.1563562635546987 -4200.5349322478696195 8241.8563312220539956 15634
377000000 312.51683437618305561 13040.814936517264869 -64.515322219420539795 -4123.7673434519365401 -4185.1683198438749969 8244.4203410763893771 15638
378000000 309.7291624332276001 12924.489958426502199 -155.62981434588445495 -4131.365697668361463 -4247.0946183570786161 8222.8305016795566189 15644
379000000 308.56974934044774272 12876.109551629864654 -138.49461829257296586 -4187.0180409592430806 -4190.8145674070601672 8239.3379900737309072 15637
380000000 312.06149019489481589 13021.814170646674029 -126.12143371671123759 -4233.3327256350930838 -4185.4724946196065503 8292.6837865379893628 15637
381000000 311.49489947068991569 12998.171268996744402 -224.12365980652251096 -4264.0028701098681267 -4217.5478809813412227 8257.4270912846877764 15647
382000000 311.28096510343993941 12989.244138727308382 -163.70091977804526095 -4195.5239338474939359 -4259.295104833528967 8291.1181189029775851 15641
383000000 311.63954481671555641 13004.207082052109399 -349.8156502023633152 -4340.7237748772831765 -4227.0872412618991802 8217.9953659368184162 15633
384000000 313.66733410382721559 13088.823403205689829 148.69521013199931758 -4151.6939919675551209 -4065.5048765188894322 8365.8940786184430181 15618
385000000 312.5399222083427162 13041.778353886700643 -296.82290172494242597 -4309.0732297583354011 -4271.4935647172751487 8283.7438927506682376 15636
386000000 311.40757362838706968 12994.52730482143852 -264.61450271618713259 -4301.9126368494326016 -4226.9895656178414356 8264.2876997510866204 15634
387000000 311.53031347948365237 12999.64903750083613 -221.34417555464915495 -4245.4206075334341222 -4210.8303912421379209 8234.9068232209228881 15651
388000000 315.10061727574941415 13148.631959227866901 -99.895526536437046161 -4175.3549079882322985 -4192.3904708129684877 8267.8498522647641948 15649
389000000 315.23611641676200179 13154.286116148819929 -152.44583281846396972 -4316.1399625448939332 -4074.3501329617761257 8238.0442626882067998 15633
390000000 309.12487730429188559 12899.274131090129231 -213.58125738249509595 -4200.7711748642532257 -4238.2920226545211335 8225.4819401362801727 15654
391000000 306.63066016856998885 12795.194540807044177 -277.6924163629477107 -4236.9831727490372941 -4316.6959090185137029 8275.9866654046018084 15650
392000000 307.48824919158386137 12830.980324197038499 -127.10230750232457808 -4192.914763373220012 -4235.5225726421886066 8301.335028513083671 15628
393000000 306.57971063239648402 12793.068500225370371 62.563608115321102332 -4199.1921345271166501 -4079.7653527479178592 8341.5210953903551854 15614
394000000 307.8350883966399465 12845.453355369561905 -303.49484003467722459 -4220.2115493772635091 -4197.9181967697350046 8114.6349061123219144 15639
395000000 311.95350518493211212 13017.308133288230238 -117.36130584568317659 -4232.365770749604053 -4158.5235992759671717 8273.5280641798890429 15625
396000000 306.45972159152398717 12788.061554344993056 -97.469016419092156411 -4243.5822256030860444 -4185.2882033932910417 8331.4014125772846455 15632
397000000 312.09877365881897049 13023.369948447245406 -119.74328298296518369 -4137.7975566812383477 -4120.8362673650381112 8138.8905410633115025 15620
398000000 312.13853815463153296 13025.029255639354233 -157.50536359657741059 -4156.0212781270893174 -4156.2327212442332893 8154.7486357747457077 15646
399000000 310.79016675623404353 12968.763928661708633 26.723077511340306955 -4261.3084784230013611 -4092.1545979664151673 8380.1861539007568354 15637
400000000 311.98357405267540798 13018.562857822906153 -262.18370510671957163 -4269.4916490060559227 -4243.213698856908195 8250.521642756244546 15649
401000000 309.62360092959210078 12920.085050012276042 -88.947784859474211316 -4129.7333640191900486 -4136.5492610281835368 8177.3348401878993172 15637
402000000 310.89903860900227528 12973.306972515907546 -118.2407850883172955 -4260.141454833802527 -4189.7668214523946517 8331.6674911978807359 15619
403000000 308.10861704194070398 12856.867257120882641 -170.80174489559331619 -4217.4549675147973176 -4198.5862302849218395 8245.2394529041266651 15634
404000000 311.89527475982021087 13014.878273152615293 -274.29566745235274539 -4271.1470919681014493 -4170.1586404623294584 8167.0100649780779349 15621
405000000 311.63090465046548161 13003.846542085317196 -234.79868126400492656 -4216.2149220367464295 -4249.2998828653853707 8230.716123638127101 15638
406000000 313.1886632655364906 13068.84925419666979 -400.45619406811795216 -4285.3067493852377083 -4303.8633916302351281 8188.713946947354998 15656
407000000 312.6348730720364415 13045.740497698774561 -414.20980901444312394 -4366.4708852759849833 -4269.6849122370203986 8221.9459884985626559 15646
408000000 311.01935561221233684 12978.327603726736925 -352.97902896470213818 -4213.974325516407589 -4251.6008352427415957 8112.5961317944465918 15648
409000000 308.90527242568464317 12890.110379682017083 -291.77950435724392264 -4219.1026936574544379 -4213.2532082755096781 8140.576397575719966 15646
410000000 308.09711746663566601 12856.387398703973304 -167.14853673437215775 -4156.4466572120654746 -4236.3355207620325018 8225.633641239726785 15645
411000000 309.54067183281262032 12916.62455481651341 -281.27558369731900711 -4242.541494813319332 -4223.514663950256363 8184.7805750662555511 15638
412000000 314.29492205698096541 13115.011619177485045 -216.76439773065021654 -4277.9193535115518898 -4112.9353214372958973 8174.0902772181980254 15634
413000000 310.96816424469051299 12976.191471919526521 -137.9355578242486331 -4231.6019784420313954 -4118.9144055323004068 8212.5808261500824301 15630
414000000 308.61648393502321142 12878.059709611621656 -253.7134884935886987 -4306.2437940638974396 -4091.66813209531756 8144.1984376656255336 15634
415000000 315.18927075605716936 13152.331323559646989 -292.61204096964320343 -4204.1878788349558818 -4145.0311102978394047 8056.606948163152083 15644
416000000 309.59225134098102217 12918.776883096310485 -38.541865661762983564 -4289.5241262868794365 -4092.880680336153091 8343.8629409612694872 15631
417000000 309.29812949035499514 12906.503660661890535 -209.26283070599438929 -4202.4091639063899493 -4170.6168795195217172 8163.7632127199167371 15644
418000000 308.84838086444875671 12887.736388140065174 -45.164178083969716226 -4145.9749494033385417 -4161.7035302828417116 8262.5143016022102529 15635
419000000 307.32857618786312059 12824.317431633069646 -171.26137568160561386 -4283.1594135352697776 -4133.2335659953250797 8245.1316038489894709 15629
420000000 310.13795512903561757 12941.548207157562501 -25.12723773916115988 -4256.4287023825072538 -4027.5448439675496957 8258.8463086108949938 15621
421000000 310.17081133202162846 12942.919242620380828 -253.33661112537708959 -4291.5566381795124471 -4201.9389363423051691 8240.1589633964431414 15642
422000000 313.15554013651524201 13067.467080348189484 -377.78973293442243175 -4231.6061101044069801 -4273.8281257033722795 8127.6445028733560321 15631
423000000 310.26464688803315539 12946.834846472102072 -219.48024113683740666 -4170.6651959991377225 -4256.228183112674742 8207.4131379749742337 15634
424000000 309.76082704237825283 12925.811270632915694 -262.20714773467403802 -4260.4907497063923074 -4197.9828922339293058 8196.2664942056471773 15637
425000000 309.11574815299650254 12898.893186579385656 -281.39644185736517557 -4231.3983095925768794 -4284.7700367049510533 8234.7719044401619612 15642
426000000 312.93761109361071249 13058.373258815398003 -152.57580855644005169 -4218.4586262946722854 -4174.952255092644009 8240.8350728308760154 15624
427000000 310.48601134711753957 12956.072022287620712 -139.00569861916739001 -4208.515500976880503 -4138.1781050059853442 8207.6879073636991961 15642
428000000 309.16371240645810303 12900.89465620968258 -408.69456594755848755 -4302.7495201110295966 -4297.8165797686051519 8191.8715339320760904 15650
429000000 308.45200087247610554 12871.196101181854829 -183.37642317554150395 -4200.038267899884886 -4196.9080613504065695 8213.569906074750179 15645
                                                                                                                                                      432000000 310.46974576411753333 12955.393286186375917 15.511031557889936039 -4165.3029987857253218 -4099.9801380890712608 8280.7941684326870018 15620
433000000 310.83105114008668579 12970.469966944991029 -382.57075219090864948 -4254.7544852533646917 -4346.3520816758100409 8218.5358147382667084 15656
434000000 306.36942535178684466 12784.293640356532705 -64.934492230083549202 -4184.1846814495384024 -4166.4640415314306665 8285.7142307508838712 15628
435000000 309.10959912208397782 12898.636597604492636 -232.2733103826466845 -4298.284390176369925 -4249.1907317532468369 8315.2018115469691111 15650
436000000 308.55638343635132514 12875.551814373475281 -315.66767031034783031 -4297.1047280881875849 -4202.2970686739590747 8183.7341264517990567 15635
437000000 309.58375998383451133 12918.422552689347867 -208.48793658601121592 -4147.4071264428257564 -4243.0778997115667153 8181.9970895683818526 15630
438000000 309.78960150518491901 12927.011981772551735 -114.37731788400907362 -4183.1303193726689642 -4155.3672400314171682 8224.1202415200787073 15630
439000000 312.17497959674881258 13026.54989725093219 -55.898295200957903717 -4134.1006467459956184 -4208.2429192747031266 8286.4452708197422908 15642
440000000 312.7822907034757236 13051.891993677596474 -245.68028881159972343 -4191.0166713844428159 -4254.549717656804205 8199.886100229647127 15641
441000000 315.72963777511210992 13174.879953003430273 -214.13552664078017074 -4198.9385751791014627 -4241.299260320402027 8226.1023088587226084 15649
442000000 311.33900263160080613 12991.665949589529191 -200.2285574061881448 -4161.6188174617927871 -4287.0600668411316292 8248.450326896736442 15642
443000000 311.62483198367641535 13003.593139660049928 -122.62675257334726098 -4214.8834804595535388 -4078.0264839438727904 8170.2832118300793809 15635
444000000 309.96520573881292648 12934.339658431581483 -174.27927965180089132 -4319.8288383958142731 -4207.1299417851969338 8352.6795005292115093 15637
445000000 308.67268847885924288 12880.405033044260563 22.110564029717153289 -4132.5446634661648204 -4070.0768423072713631 8224.7320698031526263 15622
446000000 312.13944765393290481 13025.067207553520348 -214.49120040176325119 -4279.4748130638017756 -4198.9915320843138034 8263.9751447463513614 15630
447000000 315.62631551205544156 13170.568484425957649 -206.75592856107951434 -4277.0355819753021933 -4196.3071417758601456 8266.5867951900836488 15637
448000000 311.13956379276271491 12983.343693946459098 -227.1339937157939346 -4234.5542566287094814 -4187.019828181975754 8194.4400910948916135 15630
449000000 311.43104994992461343 12995.506933215448953 -235.88083726905247772 -4234.5448521581956811 -4260.8960752396951648 8259.5600901288380555 15640
450000000 311.12867211908263698 12982.889202267331711 -448.83099704515046824 -4229.9105332334702325 -4274.2649690759762962 8055.3445052642964583 15651
451000000 310.82396905401049025 12970.17444310843166 -125.79707787973848099 -4222.4752809352303302 -4146.0349610077655598 8242.7131640632560448 15640
452000000 311.44191520393297878 12995.960322445005659 -112.78502707017267426 -4224.7148364643007881 -4181.8138993834918438 8293.7437087776197586 15628
453000000 313.75500241838011561 13092.481658186297864 -83.975053115735420306 -4213.342046474759627 -4146.9034771001070112 8276.2704704591305926 15643
454000000 310.9734325022310486 12976.411307666170615 -237.89653751228959777 -4243.9970116247486658 -4220.6545922878995043 8226.7550664003574639 15637
455000000 308.65830548557477186 12879.804854324193002 -292.75140961511186788 -4228.8702021383460306 -4283.7934764733736301 8219.9122689966097823 15648
456000000 311.46074490436984661 12996.746054961455229 -261.96041556630490277 -4179.623656010783634 -4254.9887732273764414 8172.6520136718563663 15643
457000000 310.2966697656624433 12948.171108634529446 -99.511024990390325229 -4239.6528735215415509 -4076.7595014904923119 8216.9013500216424291 15627
458000000 310.55424322501642109 12958.9192266445516 -261.71754894339221664 -4231.9002848831287338 -4268.2794370402116328 8238.4621729799491732 15648
459000000 313.19810179604661471 13069.243108594628211 -132.32324738910170936 -4231.6561283019073016 -4174.5672772794123375 8273.9001581922166224 15646
460000000 308.0598097904074848 12854.830610563665687 -76.940148865238313647 -4260.6971585024148226 -4237.3484415965740482 8421.1054512337505003 15642
461000000 311.09848404497154206 12981.62950344644014 -86.895485134340759714 -4136.9725009657031478 -4228.8929984037222312 8278.9700142350848182 15642
462000000 308.18609850521016824 12860.10043150499223 -193.19378747045396949 -4237.3321233819315239 -4239.8145480599832808 8283.9528839714603237 15640
463000000 307.75198775416788521 12841.985701853402134 -229.26221406883774989 -4195.9606297932086818 -4297.2236601676404462 8263.9220758920109802 15651
464000000 311.02247857797084407 12978.457919965831024 -156.42050580718961328 -4278.3422013893778058 -4272.0647776488867748 8393.986473231074342 15645
465000000 311.92690837155208783 13016.198291887581945 -68.153239748521713182 -4205.7411231509686331 -4128.5011232800288781 8266.0890066824758833 15631
466000000 309.14892609074826169 12900.277647506296489 -159.72789715493328799 -4252.6660797740323687 -4173.7516349507186533 8266.6898175698170235 15633
467000000 310.4701134980863344 12955.408631121768849 -233.98992613805813789 -4280.739916215262383 -4217.1636602453145315 8263.9136503225181514 15646
468000000 310.23183471813581491 12945.465648437855634 -174.70865805724719166 -4192.0876400286033459 -4268.5275081593144932 8285.9064901306701358 15640
469000000 307.90587669341567789 12848.407234893416899 -201.21196245882666176 -4246.5518415607421048 -4249.5578268824192492 8294.8977059843346069 15643
470000000 310.47225234531248361 12955.497881708572095 -293.49926193861602997 -4294.2733351756160118 -4191.1015577170956021 8191.8756309540967777 15649
471000000 307.76048662492814856 12842.3403457911445 -185.75190471084263777 -4220.6851773189382584 -4187.6218937286166693 8222.5551663367132278 15638
472000000 311.57038702576096512 13001.321240861961996 -363.86976513290323965 -4283.1678344476404163 -4227.7932638562779175 8147.0913331710162311 15647
473000000 308.35426328088590253 12867.11767178520131 -303.60053113382775791 -4230.0730630962762007 -4284.9479062798518498 8211.4204382423013158 15638
474000000 307.30177021308924168 12823.198862270504833 -96.883866823311620919 -4176.4763994340246427 -4208.5188484383961622 8288.1113810491096956 15634
475000000 314.13916899189518972 13108.512299223622904 -37.90921285736337154 -4265.0340933805964596 -4160.6109978586446232 8387.7358783818781376 15628
476000000 311.88296062891447491 13014.36442466644985 -93.34976378296863686 -4161.3309361650954088 -4167.7820048142921223 8235.7631771964188374 15649
477000000 311.53147569640651682 12999.697534906863439 -24.68095443822329571 -4159.6502209269210653 -4070.0939254910722411 8205.0631919797724549 15628
478000000 309.5184350699982474 12915.69665117500881 -42.245535327196449771 -4203.1724476427061745 -4119.5321004001534675 8280.4590127156625385 15641
479000000 304.08176642351014607 12688.833385291945888 -298.42362125638391035 -4258.4144185156646927 -4176.5210589727303159 8136.5118562320112687 15618
480000000 310.32062666317409594 12949.170790675741955 -356.51548278017708071 -4274.7763577355744928 -4304.9454418049663218 8223.2063167603646434 15652
481000000 306.80062290857296148 12802.286807189770116 -183.06673049216385607 -4321.6351706840996485 -4073.4082288226268247 8211.9766690145625034 15621
482000000 311.1520316525473504 12983.863957286608638 -191.66947381755011293 -4290.9454695950134919 -4119.2646069662296213 8218.5406027436929435 15633
483000000 311.24547653581288387 12987.763259005387226 -232.43376197217995127 -4256.9454575462959838 -4147.030589223518291 8171.5422847976351477 15633
484000000 312.68789411745643747 13047.952978963801797 -394.01807220625414629 -4263.4459585764352596 -4224.9817359220014623 8094.4096222921816661 15647
485000000 310.97531855916196264 12976.490009728557197 -80.775038992969030005 -4195.4392825289778557 -4150.0794598829670576 8264.7437034189770202 15627
486000000 307.72165116339959923 12840.719805675989846 -239.03224221941781025 -4227.3388743028990575 -4205.1766497482394698 8193.4832818317208876 15643
487000000 308.36618359944765189 12867.615087128147934 -276.79163938252730759 -4261.6303691553839599 -4263.5345254448129708 8248.3732552176697936 15654
488000000 309.85164718322215549 12929.601046155306904 -188.34367165722736104 -4334.7987590196526071 -4196.5974625316648599 8343.0525498940914986 15643
489000000 308.6187959960161038 12878.156188124819892 -192.21913072148919355 -4309.0293796739570098 -4086.071437933346715 8202.881686885815725 15640
490000000 314.60736649633565776 13128.049413188491599 -262.50119274614826281 -4290.4151571059137495 -4246.2428324029515352 8274.1567967627161124 15639
491000000 312.47772225647958066 13039.182851910218233 -383.46632816004012057 -4259.9290022194854828 -4267.3342942197341472 8143.7969682791808737 15643
492000000 309.49499876993712633 12914.718692811567962 -185.72764447702675739 -4227.8183804435611819 -4144.4915488861033737 8186.5822848526377129 15635
493000000 312.63406375043985008 13045.706726035925385 -92.813398188841290448 -4247.5180557148614753 -4265.2456678539219865 8419.950325379941205 15642
494000000 312.45864482224050107 13038.386781868513935 -65.063438418959350429 -4136.754260721276296 -4184.3637419193146343 8256.0545642216311535 15630
495000000 311.24770142147679053 12987.856099835085843 -67.58862811107348989 -4097.238640153194865 -4159.8927715959298439 8189.5427836380504232 15646
496000000 308.31861782962226926 12865.630245566431768 -308.92584701813268566 -4187.6352835696816328 -4239.4015337706259743 8118.1109703221736709 15633
497000000 307.89612718825134152 12848.000404033171435 -100.49231919911477462 -4208.5998264537065552 -4117.9241623411744513 8226.0316695957644697 15627
498000000 310.91921913629209939 12974.149072821424852 -216.85920071680635601 -4173.5599697054003627 -4236.5424434833139458 8193.2432124719089188 15644
499000000 311.03735982412217709 12979.078889960845117 -219.41342047028410889 -4233.612236053468223 -4185.2991589749499326 8199.4979745581331372 15625
500000000 309.99250800835847031 12935.478937360989221 -170.9943552242160365 -4215.2764128112612525 -4135.6483703108806367 8179.9304278979252558 15638
