# Steps Temp KinEng PotEng Epair Ebond Eangle Bonds
1000000 311.41037243206926632 12994.644094308750937 4107.9523906414324301 -2371.7126980748726055 -2163.2686218315689075 8642.9337105478734884 15205
2000000 311.47076184626916984 12997.164045518027706 3343.5664614332472411 -2640.925866672536813 -2636.052425077233238 8620.5447531830177468 15298
3000000 311.75336959396383918 13008.956803321518237 2819.3951564287808651 -2740.9175613804573004 -2994.638483974029441 8554.9512017832676065 15364
4000000 314.34331911562765072 13117.031149058309893 2863.9228050165502282 -2846.0388227001553787 -3035.6093406889267499 8745.5709684056328115 15418
5000000 312.06337318550498594 13021.892744756523825 2458.5397576077689337 -2898.5581214503617957 -3263.5665165464984057 8620.6643956046282256 15433
6000000 310.53941724297283145 12958.300562730115416 2108.0163825488884868 -3019.3019119817890896 -3375.5617060802560445 8502.8800006109340757 15467
7000000 307.97769541131714277 12851.404112200843883 1746.6742827813525309 -3131.6688020733517988 -3672.6537172410448875 8550.9968020957494446 15499
8000000 314.05937654018396188 13105.182691082116435 1936.2907890570111249 -3111.9595063992637733 -3514.7374150181876757 8562.9877104744628014 15487
9000000 312.64106856268313095 13045.999025362174507 1773.4051700455793252 -3113.8537123231089936 -3610.082324042606615 8497.341206411294479 15497
10000000 312.86950484530365202 13055.531296775285227 1652.1491816286652465 -3231.6168405749867816 -3567.8055250221959795 8451.5715472258489172 15502
11000000 308.49707808625515781 12873.077099381262087 1710.6341650055462651 -3239.2033676194487271 -3592.0547445862098357 8541.89227721120551 15531
12000000 310.57360654673578892 12959.727226301922201 1653.8143005741967499 -3243.3434582298277746 -3635.1592498771788087 8532.3170086812042427 15523
13000000 309.77641096157680067 12926.461562021728241 1511.6537711515593401 -3314.0510864715024582 -3675.454286034553661 8501.1591436576145497 15545
14000000 307.60074352600418024 12835.674528269310031 1292.692883951312524 -3362.4571448949859587 -3772.9423276994539265 8428.0923565457524091 15544
15000000 309.21919632927017574 12903.209909308890929 1326.2888511996020497 -3410.7647173515001668 -3734.3237632305349507 8471.377331781637622 15541
16000000 311.93964446460881845 13016.729748162246324 1297.3734018597192517 -3407.9639062966507481 -3795.7707947197382055 8501.1081028761072957 15551
17000000 311.79867723118138656 13010.847416713095299 1469.2800361940151106 -3312.8210516976600957 -3685.5131082370462536 8467.6141961287212325 15541
18000000 310.61709859229279118 12961.542078031274286 1138.3710399639808202 -3495.6140213462131214 -3865.2279157160082832 8499.212977026203589 15559
19000000 307.99327623991950986 12852.054274624148093 1282.798599557154148 -3350.5697206525883303 -3873.2584344097426765 8506.6267546194849274 15562
20000000 311.89189304228295896 13014.737159626174616 1106.5449277142790834 -3469.7686862844784628 -3860.5571301265104012 8436.8707441252681747 15556
21000000 308.17436742713294962 12859.610912857087897 1171.6866127895682439 -3503.8813758847227291 -3818.7954437767220952 8494.3634324510130682 15572
22000000 310.35438151206130897 12950.57932515813809 1053.2519590353279 -3530.7340597175793846 -3874.0621847924066969 8458.0482035453132994 15560
23000000 306.94254635592596969 12808.209039877739997 885.35950231250308207 -3604.1239917768916712 -3951.3332170359758493 8440.816711125371512 15574
24000000 311.31506583788393527 12990.667106446699108 990.45388507594793737 -3580.1694417544499629 -3900.9736148395118107 8471.5969416699099384 15565
25000000 313.50881206004385149 13082.208538312206656 947.3229376610277086 -3638.131608215835513 -3864.644208023464671 8450.0987539003290294 15563
26000000 314.7989066082978411 13136.042067913811479 1149.9268347871429796 -3597.6557760109635637 -3840.5930466389695539 8588.1756574370774615 15575
27000000 311.34471878768317765 12991.904475407720383 911.78427439542974753 -3662.459374211181057 -3823.3738382963301774 8397.6174869029418915 15578
28000000 306.47645139218860777 12788.75966148801308 897.1521912619430168 -3668.9098806516676632 -3869.0219115647969375 8435.0839834784073901 15576
29000000 318.09032494192359763 13273.387556687726828 944.77722433411554448 -3645.2568796489158558 -3927.2701341175225025 8517.3042381005543575 15581
30000000 307.57483929052318672 12834.593587008484974 958.88251453699353988 -3615.5152656955592647 -3979.8911214244863004 8554.2889016570388776 15578
31000000 309.92986690608654499 12932.865026901483361 693.5446674286185953 -3732.817095550101385 -4009.9925550766301967 8436.3543180553497223 15589
32000000 308.57168632422047949 12876.190378785833673 1052.1299583292161515 -3644.7737197926226145 -3827.9872801909373266 8524.890958312775183 15577
33000000 310.61228023630309281 12961.34101593845844 793.04391031225122788 -3578.4187209432557211 -4000.8285393300589021 8372.2911705855658511 15594
34000000 309.9563248264557842 12933.969072524590956 726.19131184725404182 -3769.6132096573255694 -3879.3110853025400502 8375.1156068071213667 15583
35000000 311.22951493615801155 12987.097207630569756 1026.6974553829290926 -3600.0837020282515368 -3833.0521384529815805 8459.8332958641622099 15577
36000000 309.77317875220091992 12926.326687225651767 793.75929378072487452 -3732.0435535792739756 -3869.8636222966952118 8395.6664696566949715 15574
37000000 312.60018754950124276 13044.293127731454661 500.10542048848299146 -3740.7727228196017677 -4006.4612419485165447 8247.339385256600508 15585
38000000 310.21925387606137292 12944.940670532054355 855.52040107036464178 -3785.5684760190733869 -3899.2567274595085109 8540.3456045489474491 15585
39000000 311.95533556896214122 13017.384512211772744 531.05712244886717599 -3883.2917301920692807 -3974.7854383409930961 8389.1342909819304623 15579
40000000 312.10962397710318328 13023.822714433528745 697.30692788672456572 -3854.116154755700336 -3921.5902974238324532 8473.0133800662570138 15583
41000000 310.5672755212834204 12959.463042993373165 545.92159336764962063 -3830.9943950833694544 -3969.5402235583769652 8346.4562120093960402 15579
42000000 311.95035361774790772 13017.176623558551 629.57222264444703796 -3864.3495338385259856 -4004.1191274804787099 8498.0408839634510514 15594
43000000 311.78433803699380178 13010.249065657504616 451.10639163526866469 -3838.5394413994254137 -4055.6019403016293836 8345.2477733363230072 15594
44000000 310.4964253146908959 12956.506580074403246 494.32245647659510723 -3872.6122946651817074 -4029.8724725252559438 8396.8072236670323036 15586
45000000 312.9936189028550757 13060.710372836194438 801.27140084413724708 -3777.9353877255798579 -3843.1407681472301192 8422.34755671694802 15573
46000000 307.00967214605202571 12811.010089006016642 517.24915336439721614 -3901.6380516500212252 -3916.409897434748018 8335.2971024491653225 15603
47000000 311.55217833220984858 13000.561421944334143 463.17503378539180403 -4000.1469866494489906 -4034.7311608831068952 8498.0531813179477467 15601
48000000 309.87774844794745377 12930.690209123345994 558.7683532004045901 -3888.2102928471758787 -3994.0427917427323337 8441.0214377903139393 15587
49000000 304.91510705532124348 12723.60732308707702 462.93113978809492437 -3898.5391768683002738 -3968.4201145194210767 8329.8904311758160475 15586
50000000 312.16941858369801821 13026.317845296996893 275.0594894018145169 -3960.4724920358489726 -4140.9371207004851385 8376.4691021381495375 15602
51000000 309.64675056116811902 12921.051046169999609 581.23338714809210614 -3923.2757492451328289 -3985.5995243514080357 8490.1086607446341077 15602
52000000 309.54361251873871197 12916.747264817160612 405.74522742490728433 -3910.9835186121972583 -4059.2507379038597719 8375.9794839409642009 15589
53000000 308.83254554750743637 12887.075606335765769 441.34669769480365176 -3848.1810102622575869 -4088.6606864245122779 8378.1883943815737439 15605
54000000 309.4352702938335824 12912.22632146504111 411.04058463818603286 -3855.6644030941620258 -4112.9641324302028806 8379.6691201625508256 15605
55000000 308.84911989708450619 12887.767226759859113 319.83680377928044436 -3912.4526266203729392 -4109.7111219558510129 8342.0005523555046238 15609
56000000 306.75114529281347586 12800.222187432862484 464.2432453291960428 -3998.1321995493854047 -3923.7061078929045834 8386.0815527714858035 15592
57000000 308.52470343432145228 12874.229859847457192 397.60616921058431217 -3914.0870573429779142 -3997.6314276171060555 8309.3246541706685093 15604
58000000 308.11931852912022123 12857.313812629266977 356.46572232513710787 -3969.5271671770992725 -4012.8557465372396109 8338.8486360394763324 15618
59000000 309.79050991778063917 12927.049888340274265 273.5490327260707204 -3974.2997183527354537 -4129.1032531208929868 8376.9520041997002409 15618
60000000 312.11917840793034884 13024.221405161628354 491.69350725829940529 -3942.6520836132235672 -4026.438755328827483 8460.7843462003511377 15608
61000000 309.29104585481240974 12906.208072168639774 265.2833276483015652 -4034.0939006630196673 -4108.0777237047022936 8407.4549520160235261 15610
62000000 314.60525787322524138 13127.961423804468723 234.73860554351887231 -4031.4027123720729833 -4073.3391750791743107 8339.480492994767701 15612
63000000 312.4266137479528993 13037.050177672977952 178.54226815619313129 -4029.2394734886634069 -4149.7220841949883834 8357.5038258398453763 15624
64000000 305.72799358288608573 12757.527744658995289 42.023894215221275772 -4021.8274957648427517 -4207.8269528370319676 8271.6783428170965635 15628
65000000 309.48018333700474614 12914.100469094240907 211.1841569395822944 -4015.3268716117290751 -4091.0219951758167554 8317.5330237271282385 15616
66000000 308.52116054806145939 12874.082021014552083 122.74405249963277242 -4045.5616580551049992 -4150.6954504228815495 8319.0011609776192927 15632
67000000 310.66135718993746195 12963.388916722016802 142.08809857298450652 -4034.6230119995052519 -4171.6191178062617837 8348.3302283787506894 15623
68000000 309.28214825003783517 12905.836789714448969 250.66197511216637395 -4109.3435225649900531 -3987.1624270439251632 8347.1679247210813628 15626
69000000 307.08403887138018717 12814.11329048434709 120.71557848891649201 -4113.3526173166537774 -4138.5785997777256853 8372.6467955832958978 15625
70000000 306.78327620379923246 12801.562957650068711 178.67810017893378927 -4096.3872045316993535 -4111.3504066825098562 8386.4157113931414642 15622
71000000 307.30438606820894165 12823.308017614359414 89.883883810459678898 -4112.7404752169431958 -4125.5013396411250142 8328.1256986685293668 15624
72000000 312.74805579017055379 13050.463426894397344 164.33936140916424051 -4101.1322986342793229 -4060.3590127383922663 8325.830672781836256 15614
73000000 304.06316262968493902 12688.057079487887677 89.561274363107173713 -4089.3427144928973576 -4063.6460380219023136 8242.5500268779069302 15608
74000000 310.6193518545555321 12961.636102969900094 22.972302207756939652 -4172.5535975891489215 -4144.5840889297796821 8340.1099887266864243 15634
75000000 313.91574888014133649 13099.189344393706051 183.13181538548445815 -4075.8432554964565497 -4104.974848674801251 8363.9499195567441348 15625
76000000 312.88186555334141303 13056.047088848779822 15.680861263411429718 -4096.0100953107485111 -4160.7238714166014688 8272.4148279907622054 15630
77000000 309.9640384126198569 12934.290947824087198 282.88358396255324578 -4005.2287699016746956 -4026.2947818999532501 8314.4071357641805662 15608
78000000 306.77804597645177864 12801.34470884100665 -30.628469123435365873 -4122.4532125865880516 -4141.0817563081800472 8232.9064997713321645 15626
79000000 311.52805962054623024 12999.554987663952488 -63.728734652863948895 -4101.5336298291285857 -4252.868507422204857 8290.6734025984696927 15638
80000000 308.98415614857003675 12893.402068060036981 -66.487361783469651755 -4128.0597182006904404 -4252.2110300407066461 8313.783386457926099 15633
81000000 311.07018698340795027 12980.448713477686397 102.94524197793018061 -4034.951666356957503 -4113.9532408702798421 8251.8501492051673267 15614
82000000 311.2014848422655291 12985.927557784874807 77.428142633183711041 -4106.3467594558896963 -4226.5008926482041716 8410.2757947372792842 15624
83000000 311.99114435128387868 13018.878753967714147 -10.683155998818449461 -4068.1837960734883382 -4110.0491814018114383 8167.5498214764829754 15633
84000000 310.33398056602720771 12949.728027139932237 110.16589719078282883 -4049.2201553596537451 -4178.4097099366481416 8337.795762487085085 15610
85000000 309.08412047409757406 12897.573415411807218 78.035783039669496475 -4079.9315762239211836 -4201.7550909791889353 8359.7224502427798143 15637
86000000 307.89681642449670562 12848.029164731266064 -15.225452506704357347 -4118.8406063073962287 -4170.1072749956074404 8273.7224287962999369 15627
87000000 310.41111466803363328 12952.946706708244164 -72.114766535190995 -4142.7082972689458984 -4209.7712699298590451 8280.3648006636140053 15633
88000000 309.17709183746120516 12901.452957921703273 -93.784082906555056525 -4181.7964187222632972 -4245.0719338671051446 8333.0842696828149201 15637
89000000 309.28829867299572243 12906.093436777109673 84.437954578468861655 -4159.1689451502797965 -4088.7067808463048095 8332.3136805750546046 15625
90000000 308.81917907774703735 12886.517845475145805 0.60994409327435050727 -4061.7767615264720007 -4207.4401507009479246 8269.8268563206929684 15642
91000000 308.49909023166418365 12873.161062909040993 -15.061317739767304147 -4148.9060901097900569 -4131.7692178697589043 8265.6139902397808328 15624
92000000 310.40731289022482997 12952.788064755617597 78.977219592639698931 -4054.3096051408501808 -4101.2409472468889362 8234.5277719803780201 15624
93000000 306.90514321003001896 12806.648267944776308 -12.835662996303938144 -4075.8304679149291587 -4211.7873160578110401 8274.7821209764369996 15640
94000000 309.87789628703865219 12930.696378206150257 8.6089756941033783733 -4072.3622162411970749 -4170.5963556667174998 8251.5675476020169299 15639
95000000 308.13548683604233247 12857.98848955932408 -101.1111411799140285 -4204.2949702908626932 -4193.0002318195856787 8296.1840609305345424 15627
96000000 308.74262333115080992 12883.323299729534483 -71.852529858253006978 -4099.3118398773003719 -4235.4045469748716641 8262.8638569939175795 15632
97000000 313.72490601527948684 13091.225784646321699 -22.711805585014786857 -4120.4950189099790805 -4160.6471662966514486 8258.4303796216154296 15630
98000000 308.91571299511491588 12890.546047520658249 105.48609427412185369 -4054.4371681326329053 -4136.0521554803017352 8295.9754178870571195 15629
99000000 313.26206807394527232 13071.912316459603971 -18.445702727278586508 -4142.9598079256920755 -4231.0642841660310296 8355.5783893644438649 15645
100000000 310.63517891199558107 12962.296540118757548 -61.817426431022511224 -4100.0431408803733575 -4232.2705942995353325 8270.4963087488868041 15643
101000000 312.77498934888183157 13051.587320125418046 -5.9171696023694835276 -4156.6562199583095207 -4088.8607983804377 8239.5998487363758613 15636
102000000 309.72449393234728632 12924.295149541621868 -82.957647178122670084 -4118.8679369221008528 -4215.9238774489967909 8251.8341671929774748 15638
103000000 311.26886095717719627 12988.739052555896706 132.98839739624037293 -4049.8016246233132733 -4152.3522352268619215 8335.1422572464161931 15635
104000000 311.71203274194255073 13007.231884283655745 280.94574970078593878 -4058.7043186259684262 -4122.6777724675548598 8462.3278407943089405 15625
105000000 311.89414811469623601 13014.831260099414067 35.459005902967817292 -4147.8634837026775131 -4130.5017000879561238 8313.824189693601511 15623
106000000 307.97399913498480828 12851.249872651795158 -59.496281298939834414 -4060.3278425855710339 -4201.6080245782086422 8202.4395858648422291 15634
107000000 313.88348492139590462 13097.843022311702953 172.48206374395050489 -4143.3023616944683454 -4080.7374530222377871 8396.5218784606568079 15621
108000000 310.21527141909029979 12944.774489134320902 -47.243600362063062903 -4167.2267838772868345 -4179.1621720524008197 8299.1453555676234828 15641
109000000 310.42311262594603249 12953.447361813958196 -19.303243725949016607 -4132.7964677333675354 -4224.3324045486579053 8337.8256285560764809 15646
110000000 312.67505351702772032 13047.41716176790942 116.51113059110929271 -4095.6051415514848486 -4179.7376227304293934 8391.8538948730238189 15634
111000000 309.13349086959726719 12899.633561043126974 -101.62655286908656649 -4141.9059250880236505 -4200.3952884566515422 8240.674660675587802 15644
112000000 308.50908750902880229 12873.57823289683256 -117.36643356050817033 -4116.861224859714639 -4199.7562820606071909 8199.2510733598137449 15633
113000000 309.61026920526967388 12919.528739021796355 -98.566616607363840785 -4140.2625130956121211 -4198.9727754142040794 8240.6686719024528429 15637
114000000 311.54214890367751423 13000.142910341046445 34.805145800643117582 -4052.3890120984196983 -4237.6201751686585339 8324.8143330677212361 15630
115000000 306.9785365278704603 12809.710850725139608 94.394196340170452686 -4017.4605859317639442 -4087.2766604546241069 8199.1314427265588165 15624
116000000 308.62635608059053993 12878.471658054741056 43.084935389346156853 -4099.1110525981848696 -4156.3873571879394149 8298.5833451754697307 15623
117000000 311.53777003080426766 12999.960187157879773 -137.72024996133131935 -4133.6861561672612879 -4180.1330150526837315 8176.0989212586127906 15631
118000000 308.76079841401588055 12884.081716128357584 -126.51151819877520666 -4235.4942300358434295 -4148.7256910943524417 8257.7084029314210056 15636
119000000 311.63710692479901354 13004.105352820843109 -232.64157392557257253 -4230.346928905839377 -4118.3398203816132082 8116.0451753618781368 15641
120000000 311.31097222740288544 12990.496286795296328 -230.29109354513653329 -4231.942322007544135 -4235.50638108689418 8237.1576095493001048 15640
121000000 307.24418516428335124 12820.795932629651361 55.395498937476816081 -4090.1394577482724344 -4129.1338068948571163 8274.6687635806065373 15627
122000000 310.13817176274471876 12941.557246926940934 -184.26300442706681793 -4206.9907520080523682 -4246.1814262457701261 8268.9091738267543406 15647
123000000 307.42456913689653675 12828.323059957234364 -156.67625683535712255 -4158.9720823276293231 -4179.5911618648751755 8181.8869873571475182 15642
124000000 307.929932844987718 12849.411058643781871 -229.72886762743752342 -4189.7708360905744485 -4228.0117053047915761 8188.0536737679303769 15650
125000000 312.29293940257986151 13031.472166481198656 -53.217184089239196965 -4158.1987313410918432 -4194.1255390696824179 8299.1070863215336431 15633
126000000 309.64855955619214001 12921.126532565402158 -104.695647204813298 -4144.3107996217167965 -4212.0196114275531727 8251.6347638444567565 15624
127000000 308.65973819403279776 12879.86463889834522 -268.33653630410350388 -4196.1244562590218266 -4355.9987982378024753 8283.7867181927213096 15645
128000000 308.40755857466393763 12869.341596984411808 -72.669724107460922369 -4189.2119699776740163 -4128.5884683466065326 8245.1307142168188875 15621
129000000 306.346435690828514 12783.334319510315254 -91.239655541896269142 -4148.9674389503561542 -4205.2442258835026223 8262.9720092919615126 15636
130000000 311.55973814857037496 13000.876880682128103 -276.99095417242011763 -4231.558930013788995 -4243.9597653331329639 8198.5277411745009886 15643
131000000 310.9321848156781698 12974.690109357065012 92.967720315814631249 -4172.3122550556090573 -4074.7721496372846559 8340.0521250087076623 15621
132000000 308.1904733918725583 12860.282988350118103 -59.450490208355830646 -4127.7657918543663982 -4098.6823278588171888 8166.9976295048272732 15629
133000000 309.88572107566983505 12931.02289380221373 -171.14414399609671591 -4148.8866545080854848 -4252.4628874055906635 8230.2053979175798304 15638
134000000 309.57494161388729026 12918.054576574546445 -14.230766303370330661 -4076.3765619935365976 -4164.1897666431550533 8226.3355623333209223 15628
135000000 310.30206379067647049 12948.396192451569732 -117.78568774747213865 -4129.9738193627708824 -4254.0469819476638804 8266.2351135629614873 15637
136000000 309.91085268926127583 12932.071594818773519 -182.79906321452244811 -4126.3772215156241145 -4321.6538337702650097 8265.2319920713671308 15649
137000000 313.20436255839109663 13069.504359938924608 -57.818044227231325749 -4184.7275938083248548 -4142.8029951777689348 8269.7125447588623501 15638
138000000 309.22875362504129271 12903.608719586403822 -48.773234739919189451 -4180.2751450309469874 -4145.8853164708407348 8277.387226761868078 15616
139000000 311.35513632353570301 12992.339182092940973 -103.63665330947742405 -4102.7403331860432445 -4259.2425315602531555 8258.3462114368194307 15643
140000000 304.96358592005759647 12725.630266601850963 117.22308909743526328 -4106.9827500584488007 -4151.338536094282972 8375.5443752501651034 15632
141000000 311.18462468408370114 12985.224011036461889 -51.321113852676205624 -4171.8866435871095746 -4174.587195084058294 8295.1527248184920609 15635
142000000 311.40428684900126655 12994.390152908348682 -276.88030758602457126 -4100.8735330747240369 -4348.9857475481258007 8172.9789730368256642 15643
143000000 313.34994967254039011 13075.579471433486106 -101.17974062038715033 -4178.2141343089424481 -4098.9723970311470111 8176.0067907197017121 15628
144000000 311.37215505461989551 12993.049345828492733 -34.474849846037955103 -4061.4939506390669521 -4094.7465749273642359 8121.7656757203931193 15627
145000000 310.05832556486456042 12938.225396045952948 46.211367241430622244 -4116.856439125182078 -4117.9656763241973749 8281.0334826908092509 15632
146000000 312.09692335724696477 13023.292738397343783 -68.184866059250055059 -4097.4183026734854138 -4259.354163753654575 8288.5876003678913548 15631
147000000 308.5855906169885543 12876.770582118475431 64.828264146418661085 -4119.9559543538034632 -4140.6434800255519804 8325.4276985257747583 15640
148000000 305.97434770960904871 12767.807698319264091 35.219923074842995447 -4161.5389431894382142 -4177.9208176718284449 8374.6796839361086313 15631
149000000 310.00824981051476925 12936.135816946683917 -78.613620269061556201 -4163.9965900662809872 -4147.8696159049413836 8233.2525857021610136 15626
150000000 313.04364955759501754 13062.798070002711029 -48.215862917209761918 -4100.6548129614284335 -4160.7341652919221815 8213.1731153361397446 15628
151000000 310.64652727828945444 12962.770088831632165 88.129158874902429943 -4096.5381907570490512 -4129.7289802993136618 8314.3963299312654271 15626
152000000 311.269907310922747 12988.782715181563617 -72.012125948472458958 -4119.1201617432043349 -4210.0634714965854073 8257.1715072913175391 15639
153000000 306.64219836776715056 12795.676010935625527 -29.86463176967336608 -4141.0267922961857039 -4164.1512548284035802 8275.3134153549144685 15628
154000000 306.50560023059676951 12789.975994707483551 -89.597331343770292733 -4097.1619728623245464 -4180.0500405225075156 8187.6146820410613145 15631
155000000 311.38103413287063859 12993.419855201231258 37.203288044122984957 -4129.7858434819299873 -4058.8295227719536342 8225.8186542980074591 15622
156000000 311.86006113814829632 13013.40886647446132 -18.631295977105935435 -4188.3202936521192896 -4088.4884587551368895 8258.1774564301485952 15632
157000000 313.54042744362783424 13083.527796416457932 -132.00275156159833045 -4114.2817123959448509 -4260.0853295021788654 8242.3642903365253005 15647
158000000 310.08322813398694962 12939.264539412475642 -58.23689539921309688 -4285.7864535521430298 -4135.8066201420824655 8363.3561782950127963 15617
159000000 308.08066559077894908 12855.700888907358603 -179.82894238719012492 -4232.3926873451155188 -4228.1790245484480693 8280.7427695063743158 15641
160000000 310.15093936631444649 12942.090018083630639 -219.66472129749658393 -4130.5692165207619837 -4285.067263821778397 8195.9717590450418356 15634
161000000 313.07708926263569538 13064.193454049262073 68.711153688386872318 -4141.531648155953917 -4136.564351769273344 8346.8071536136158102 15627
162000000 309.53151895663916093 12916.242620305520177 -11.405063332833321965 -4074.6094769108090077 -4265.5839973018119053 8328.788410879787989 15638
163000000 307.24137575732896721 12820.678700685182775 32.380805851114303096 -4060.4417427708076502 -4200.9379583119180097 8293.7605069338387693 15638
164000000 311.2304583285716717 12987.136573848725675 8.8842563191369379183 -4156.1626353929268589 -4211.2936021732493828 8376.3404938853127533 15632
165000000 309.31973048530841197 12907.405034753288419 -108.08971066308004083 -4102.175101759293284 -4250.4184406173353636 8244.5038317135476973 15645
166000000 311.71316595124966398 13007.279171249454521 185.59702164721414874 -4063.7498389399456755 -4125.3786753820495505 8374.7255359692098864 15635
167000000 310.72740642777068842 12966.145043088778039 122.94974551129882911 -4056.1443257428809375 -4065.5436886860957202 8244.6377599402749183 15628
168000000 309.94923671697915779 12933.673297341410944 59.048281425780032805 -4123.7542773923050845 -4208.3582327758113024 8391.1607915938948281 15641
169000000 308.31146298442604348 12865.331685611126886 -4.3527582656151935225 -4099.6152864186842635 -4273.9940317717864673 8369.2565599248555372 15656
170000000 311.91188127241144912 13015.571235686540604 -140.84325004999982411 -4141.4770639081289119 -4166.6078100545064444 8167.2416239126341679 15636
171000000 310.54044567886336381 12958.343477673079178 -197.47155688936376805 -4190.9967832746724525 -4152.69154374509435 8146.2167701304024376 15630
172000000 306.34673255071260201 12783.346706986396384 -75.940701468894928894 -4126.1830684615206337 -4176.2279956302691062 8226.4703626228947542 15641
173000000 310.49428119268628734 12956.417109379746762 21.981794212296733804 -4156.042367446301796 -4157.6033007457790518 8335.6274624043762742 15634
174000000 310.31197443738733455 12948.809747484263426 -103.49398819200152388 -4190.9577625313422686 -4261.8142646162586971 8349.278038955599186 15647
175000000 307.44623075107909926 12829.226963589640945 -191.18227884228744529 -4071.0824200666693287 -4307.7088047718843882 8187.6089459962659021 15643
176000000 309.21312803723498064 12902.956689434930013 7.6854806107742206223 -4145.9468784256096114 -4161.9381071791785871 8315.5704662155621918 15628
177000000 310.36008945687666483 12950.817508333626392 19.804655097256613772 -4072.5842854109673681 -4136.2086633050821547 8228.597603813306705 15637
178000000 309.37990665120435096 12909.91608746059137 -41.201374887395559199 -4218.0232327227095084 -4103.4598771173432397 8280.2817349526558246 15617
179000000 310.74978528627451624 12967.078876150351789 -177.23617797497638549 -4213.0227693255246777 -4170.8589283685987539 8206.6455197191462503 15632
180000000 305.99178087979595375 12768.535155918845703 -104.96084938500266048 -4154.7054485164044308 -4146.6372902018429158 8196.3818893332445441 15635
181000000 310.41052506142256107 12952.922103391383644 -109.58179068349207341 -4183.6671214671578127 -4147.5578516867253711 8221.6431824703904567 15639
182000000 308.36330965456107833 12867.495162121618705 -138.48445099393865121 -4171.0097336204071325 -4198.858283284152094 8231.3835659106225648 15628
183000000 309.18952069183052345 12901.971593629845302 -279.07146088779819593 -4207.0126012156561046 -4210.8839027025715041 8138.8250430304287875 15633
184000000 308.83472661029702522 12887.166618508792453 -88.119171872782970922 -4117.0679479862337757 -4192.218499676861029 8221.1672757903124875 15627
185000000 312.95467812234215899 13059.085437932555578 34.104136793473571743 -4122.3549040019597669 -4241.9919475640508608 8398.4509883594837447 15639
186000000 311.86241071583299345 13013.5069104976792 -18.921892305285751945 -4069.6319250215055945 -4121.7663302006549202 8172.4763629168746775 15639
187000000 316.58420972597320997 13210.539838920818511 -111.47716199271104642 -4171.0825433397185407 -4103.5617697296238475 8163.1671510766318534 15621
188000000 312.30523595049368168 13031.985281257950192 -177.37349879495900495 -4233.8917439491142432 -4222.9901326661747589 8279.5083778203297697 15632
189000000 309.14760882144099696 12900.222680018570827 15.617181336597099062 -4098.8073567671526689 -4121.2099065943766618 8235.6344446981256624 15617
190000000 312.86223231101507736 13055.227825847179702 -21.628789801907373658 -4073.399309531826475 -4260.5825384404979559 8312.3530581704180804 15643
191000000 309.03971293701886225 12895.720361722760572 -94.317713173447259578 -4192.1701846453333928 -4202.6388564559420047 8300.4913279278298432 15634
192000000 308.29780975366696794 12864.761958684352066 -86.189153935966743347 -4128.2644829772325465 -4191.1112557288915923 8233.1865847701592429 15639
193000000 309.73085373269952925 12924.560533579549883 -79.731714258449187582 -4140.6818109250871203 -4297.9846549088770189 8358.9347515755143831 15651
194000000 311.49218267353631973 12998.057901507370843 -195.25585999195988052 -4120.9681487357265723 -4322.9881590101149413 8248.7004477538830542 15646
195000000 310.49984562717230574 12956.649304104563271 -47.727260869336589622 -4123.207686702279716 -4248.7958433413705279 8324.2762691743137111 15647
196000000 310.84516732450521204 12971.059012168680056 -276.27086197920033328 -4158.6746651576422664 -4286.7712145177583807 8169.1750176962013938 15655
197000000 310.6621512282185904 12963.422050637176653 -250.82550103500295791 -4181.3556309570058147 -4271.5225457008509693 8202.0526756228537124 15646
198000000 313.46847903035717309 13080.525507133988867 -50.48276759787884771 -4103.5831378211796618 -4248.0889915746793122 8301.1893617979803821 15636
199000000 308.15220729120204624 12858.686206729753394 -169.34370374103087897 -4248.1277089729028376 -4223.6006037477309292 8302.3846089796024899 15652
200000000 309.62833362657232783 12920.282537695116844 5.8061845172180994723 -4125.4422351073371829 -4147.1204674070413603 8278.3688870315982058 15628
201000000 309.02475963588494778 12895.096384991500599 -139.41200362896330489 -4267.6393487031382392 -4158.361554275288654 8286.5888993494627357 15652
202000000 310.3258740376603555 12949.389755006781343 53.950945307055974354 -4044.8295021689814348 -4186.5343898969513248 8285.3148373729891318 15635
203000000 308.99975152728717376 12894.052837635766991 -137.42170545360147571 -4161.2262992521045817 -4276.5036109514903728 8300.3082047499938199 15641
204000000 309.37886860610137774 12909.872771540951362 -29.512062777724850093 -4134.1498774909741769 -4196.4198675513962371 8301.0576822646471555 15640
205000000 310.70532311262820713 12965.223542566949618 20.687332086184540003 -4122.1054631116930977 -4137.0968445582930144 8279.8896397561711638 15643
206000000 308.32705141858485831 12865.982165401826933 -10.836584525880255114 -4058.2422098681213356 -4177.8301284684112034 8225.2357538106516586 15640
207000000 311.35018806778748512 12992.132699496252826 -28.21424130621102222 -4038.8247401423977863 -4188.6525933879192962 8199.2630922241060034 15627
208000000 308.77522746122343733 12884.683816603102969 123.54047726406852803 -4052.8673946200788123 -4148.1024113570974805 8324.5102832412449061 15638
209000000 309.53856393568656813 12916.536595726627638 -70.777061243620579489 -4211.9808174737754598 -4137.3564139799027544 8278.5601702100575494 15629
210000000 314.44441759268028136 13121.249822693087481 -310.54106749584167346 -4252.7577592245961569 -4290.3039928612997755 8232.52068459005568 15635
211000000 309.82837571747296579 12928.629966057356796 -51.043272490758823778 -4072.936428860498836 -4158.5227117716167413 8180.4158681413573504 15629
212000000 308.63698925583963728 12878.915363018308199 108.82809320452986412 -4031.2335873950873975 -4153.2717828932745761 8293.3334634928905871 15634
213000000 312.38992105000176025 13035.519051567540373 -15.671076781596838146 -4073.0748908154532728 -4171.5544978612570048 8228.9583118951140932 15626
214000000 309.29119571277777823 12906.214325495751837 -79.311309200840639733 -4140.0558046944470334 -4119.0277793844143162 8179.7722748780215625 15634
215000000 308.6598691922227431 12879.870105237960161 -81.678453485662942057 -4164.5661725034597112 -4180.5746979885116161 8263.4624170063088968 15624
216000000 306.6510215728806088 12796.044188813983055 -37.71167312542951322 -4090.729261750293972 -4196.93870101833636 8249.9562896431998524 15631
217000000 307.32100126424489872 12824.001342494189885 39.396768000511599439 -4132.815741229471314 -4095.3863962422651639 8267.5989054722485889 15624
218000000 310.68455869015701865 12964.357077273165487 -8.5371036634014672018 -4099.3817524132655308 -4201.6134079133298656 8292.4580566631939291 15641
219000000 307.6408594848304574 12837.348501436543302 38.218021898726277641 -4127.5679016049052734 -4190.581691929455701 8356.3676154330878489 15627
220000000 307.81958794166723692 12844.806546806003098 -91.071210081136001691 -4118.3781293296051444 -4106.5352543494564088 8133.8421735979263758 15639
221000000 311.84602100084498488 13012.822994572165044 93.426760593289913004 -4071.130024266512919 -4115.3392256057768464 8279.8960104655780015 15629
222000000 311.68161434293074308 13005.962574382416278 96.013054697221747347 -4040.6926288822087372 -4220.9749325861030229 8357.680616165533138 15617
223000000 313.28273343009180962 13072.774647878140968 -101.72068121008692287 -4178.6272445937556768 -4126.784179044467237 8203.6907424281362182 15617
224000000 308.06642014454956779 12855.106449800307018 26.872741078419522864 -4020.647741787520772 -4124.2935388973864974 8171.8140217633272187 15619
225000000 311.68752814406161633 13006.209347604322829 -84.69533180451102794 -4184.6395892422724501 -4204.8502076169879729 8304.7944650547506171 15651
226000000 307.33879427777839055 12824.743815766441912 -95.084006409626852019 -4231.9906096861441256 -4132.1581651770711687 8269.0647684535888402 15634
227000000 309.29968684512539312 12906.568646522226118 -103.96530032756047035 -4167.395291504511988 -4222.5183835772131715 8285.9483747541653429 15642
228000000 305.94176242547968059 12766.447967855998286 -157.78867538598194642 -4170.3044751510915376 -4180.6165100177113345 8193.132309782820812 15626
229000000 308.49363435367735065 12872.93339806889162 -285.73016522705984244 -4246.2798334022472773 -4248.4036871744792734 8208.9533553496657987 15633
230000000 306.08993463604986118 12772.630951184359219 -46.899023592438027208 -4207.0247523623656889 -4062.7131658912594503 8222.8388946611885331 15625
231000000 312.45796875631612011 13038.358570746311671 31.913905324417783049 -4157.215893249715009 -4181.9315091721882709 8371.0613077463203808 15636
232000000 311.85076469133610999 13013.020940996184436 -215.04686983030561009 -4164.2972333459983929 -4232.9537424256031954 8182.2041059412968025 15649
233000000 308.33953830634823134 12866.503222748322514 90.375431768950022615 -4170.6374068653603899 -4102.5229325808359135 8363.5357712151453597 15624
234000000 311.39357999853723413 12993.943373598896869 -80.254663205045943641 -4198.7353958692983724 -4138.0752599091611046 8256.5559925734141871 15635
235000000 309.67807753182017905 12922.358269275631756 -312.03217341236410221 -4285.002578717072538 -4239.4773503529831942 8212.4477556576894131 15634
236000000 308.07900294373325778 12855.631509373066365 -70.737037916122147863 -4184.044385490264176 -4126.7311623171917745 8240.0385098913338879 15633
237000000 303.83287968800362933 12678.447750020894091 25.008577614799094135 -4121.1576738090789149 -4189.6624013094451584 8335.8286527333220874 15630
238000000 306.80328284405237582 12802.397801934739618 -42.583099890902531115 -4268.1106049025056564 -4184.8133955854618762 8410.3409005970643193 15634
239000000 307.49467824811966921 12831.248598181917259 111.68806143347302395 -4097.3605446221235979 -4102.1445873370612389 8311.1931933926571219 15629
240000000 309.0513516495350359 12896.206026107291109 -44.367893440168245434 -4178.1323899090457417 -4193.669936946427697 8327.4344334153047384 15635
241000000 311.9113725843540692 13015.550008968210022 5.1610239395502048865 -4222.4069815428365473 -4128.7346726054574901 8356.3026780878444697 15635
242000000 306.35229146908375242 12783.578671532784938 -68.231538948369490072 -4223.6227598967616359 -4111.3227357336154455 8266.7139566820078471 15627
243000000 311.91931659551710254 13015.881499524990431 -130.59348071936668134 -4225.3850169363613531 -4267.4381013739457558 8362.2296375909390918 15647
244000000 308.42749230640475844 12870.173398916442238 -126.31803662850339265 -4188.9383216089527195 -4159.4464147514227079 8222.0666997318712674 15632
245000000 310.42122612114906133 12953.368641062856113 96.891372764033746989 -4116.966639929435587 -4117.1701227625162574 8331.0281354559847387 15628
246000000 312.24238755492069686 13029.362720788974912 -234.29620269437623392 -4217.9445918624651313 -4333.3622730837578274 8317.0106622518469521 15650
247000000 308.5636744490953447 12875.85605637721892 -172.03935581601729154 -4152.6466660649275582 -4216.0253371308599526 8196.6326473797707877 15640
248000000 306.98411849160908105 12809.943776916918068 -258.47615847486918028 -4267.3834920729150326 -4201.0082176703917867 8209.9155512684374116 15639
249000000 310.37565567620129059 12951.467061135730546 -68.408293749809246265 -4108.7927568316690667 -4238.732574120938807 8279.1170372027991107 15646
250000000 314.8866546249937528 13139.703648734128365 -123.55977157081127871 -4180.6792412293279995 -4214.8240522829310066 8271.9435219414463063 15632
251000000 308.44327247982374729 12870.831879671995921 -118.28980798490914594 -4153.2253734036112292 -4211.1035888866526875 8246.0391543053538044 15634
252000000 310.34651266683101767 12950.250971152450802 -131.02136003985137336 -4153.5616765627401037 -4221.9617250242972659 8244.5020415471863089 15645
253000000 309.38342470362721315 12910.062890018203689 -109.48202283966054438 -4177.4873326149609056 -4232.3875803876162536 8300.3928901629151369 15631
254000000 315.27063382239202838 13155.726470873416474 -100.94148604606618846 -4118.3533543298526638 -4291.8409520778950537 8309.2528203616820974 15646
255000000 308.21591314759518809 12861.3445476324232 -10.839446916926192443 -4237.3284097546038538 -4110.0096556820699334 8336.4986185197467421 15632
256000000 310.78084492246455284 12968.374943827340758 -102.918192340759731 -4260.4794843707586551 -4194.2423039998629974 8351.8035960298620921 15633
257000000 305.73731170419432601 12757.916574578443033 -36.863674020795230035 -4179.9607374385122966 -4222.2437878447881303 8365.3408512625046569 15627
258000000 310.45144557981603839 12954.629649509790397 -33.050316614216143307 -4143.8871261111262356 -4090.3115709232802146 8201.1483804201889143 15636
259000000 309.42392577272363496 12911.752933205387308 -221.27038571646562559 -4207.6310689514648402 -4192.6811992841903702 8179.0418825191900396 15639
260000000 308.36490616354996064 12867.561781823273122 36.737695017823455146 -4111.7788563470094232 -4155.8935979168309132 8304.4101492816662358 15636
261000000 308.98707834064862254 12893.524006342760913 -101.14110933734082209 -4139.3532833043263963 -4226.5681301536942556 8264.7803041206807393 15644
262000000 310.65207119380960421 12963.001427333656466 -259.81285212542667296 -4228.7445674418067938 -4334.1838299052269576 8303.1155452216080448 15662
263000000 314.84127994358260594 13137.810237698311539 -39.98108633370927123 -4174.5194324057601989 -4091.8820337201605071 8226.4203797922109516 15620
264000000 308.48008864343819369 12872.368157797067397 -158.11610626797136092 -4246.4056202283027233 -4117.2044070933798139 8205.4939210537104373 15626
265000000 308.2442107575016621 12862.525360482626638 31.383070778944158974 -4105.0208665227892197 -4097.5980176849971031 8234.0019549867320166 15619
266000000 305.16927431313519037 12734.213305893379584 -55.411830674285994291 -4148.8723881701471328 -4174.47346353888679 8267.9340210347472748 15624
267000000 308.04492050510111767 12854.209305107897308 66.421131244134045346 -4145.1022242291383009 -4148.3218256825566641 8359.8451811558297777 15636
268000000 311.18751985666102655 12985.344821839713404 -273.70311498694235297 -4146.3382464598580555 -4276.3698123871999996 8149.0049438601163274 15636
269000000 310.80302616965246898 12969.300530892805909 106.61679896512742971 -4153.9851875177864713 -4138.8042551667667794 8399.4062416496817605 15626
270000000 305.0375394714402546 12728.716227009086651 -281.66405988319650078 -4233.5675998842698391 -4223.7899177191411582 8175.6934577202146102 15628
271000000 308.75925589592986853 12884.017349378527797 -204.75658904115056202 -4234.4975837445199431 -4311.7398454537706129 8341.4808401571408467 15645
272000000 309.56273088803465043 12917.545043011650705 -223.26877087085438234 -4233.4299423691500124 -4229.4392826527300713 8239.6004541510264971 15634
273000000 311.22606355163424041 12986.953187015044023 -3.8861577144616035184 -4150.9284266462973392 -4078.237526819181312 8225.2797957510156266 15611
274000000 310.70067785320702569 12965.029703510039326 3.3913695625379318699 -4142.5032708284416003 -4169.2276605477582052 8315.1223009387376806 15639
275000000 306.8369720349633667 12803.803596617475705 2.2921828576316443105 -4184.3186608759369847 -4116.4527918110152314 8303.0636355445858499 15625
276000000 310.43158638001625604 12953.800957673418452 -137.67117016606798074 -4188.7087482411316159 -4212.2547917840438458 8263.2923698591075663 15633
277000000 312.32129437877915734 13032.655373132714885 -77.06319641603636228 -4195.6696734166907845 -4164.8999602243384288 8283.5064372249926237 15630
278000000 311.2971087111578754 12989.917785000085132 -163.11627945060806155 -4160.3617543006703272 -4213.6670858209563448 8210.9125606710185821 15639
279000000 306.26912993913555283 12780.108477282108652 -102.91160754263512445 -4240.5564196332434221 -4263.7935589351081944 8401.4383710257152416 15649
280000000 309.0586046190238676 12896.508680628390721 -48.414755118157700053 -4148.8872017387357118 -4251.580357876450762 8352.0528044970305928 15649
281000000 311.25799856195334314 12988.285782618728263 -108.88607092176434321 -4123.2974208136265588 -4199.7290708112159336 8214.140420703079144 15646
282000000 308.70822136330610874 12881.887762034388288 101.48706587806262291 -4097.7569727530626551 -4099.2869739664520239 8298.5310125975775009 15618
283000000 311.20311541231882302 12985.995598798885112 -35.882511653224923975 -4141.8733020105773903 -4188.8203194928119046 8294.8111098501631204 15646
284000000 310.58601448929243816 12960.244989394419463 -45.510927061918096115 -4098.5866553536015999 -4179.9282187865737797 8233.0039470782558055 15642
285000000 310.95199793885035433 12975.516878491338502 -93.309110675961818515 -4146.8042204393095744 -4160.9075766504556668 8214.4026864138031669 15637
286000000 308.48187335015893495 12872.442630681407536 152.40997953563532974 -4162.4494313756786141 -4078.9026314227421608 8393.7620423340558773 15618
287000000 308.98370245378600885 12893.383136120808558 -169.86568135202676899 -4117.3792942008785758 -4289.2706265231327052 8236.7842393719838583 15641
288000000 311.119696700698114 12982.514672778819659 -156.32275500243605393 -4186.9128212287241695 -4234.6287208694866422 8265.218787095775042 15644
289000000 307.83439275736560603 12845.424327483569868 4.372546558249212012 -4125.8176828907562594 -4103.4117019353025171 8233.6019313843062264 15625
290000000 310.53567402956724663 12958.144364573981875 -53.906093459550589841 -4092.4417370775881864 -4124.7370975311841903 8163.2727411492214742 15614
291000000 310.47294992852329187 12955.526990711845428 -94.600946844721704565 -4160.7104383494988724 -4253.7218307904540779 8319.8313222952310753 15624
292000000 306.86511228409125351 12804.977843060476516 -90.202421762676806338 -4130.4884875825136987 -4177.2073011516777115 8217.4933669715137512 15639
293000000 310.1781204558442937 12943.224240369732797 42.013981567427322261 -4195.857628410205507 -4185.8993302845374274 8423.7709402621712798 15646
294000000 306.78169086948554423 12801.496804249280103 5.4846743983688668322 -4140.2974582534643559 -4224.2882455359322194 8370.0703781877655274 15642
295000000 308.47903982760601593 12872.3243924325634 -69.95793713181711837 -4185.8875844840040372 -4198.075016395541752 8314.0046637477280456 15640
296000000 307.16463224131200604 12817.476319629606223 -30.867485776235980666 -4117.9762674944704486 -4110.2859346297927914 8197.3947163480279414 15631
297000000 306.99177498074192272 12810.263269650946313 123.70422382849608312 -4025.1546347832381798 -4171.5835273935272198 8320.4423860052629607 15631
298000000 304.07944794190899529 12688.736638857293656 119.23191837855614494 -4156.8412635711038092 -4134.8515456996556168 8410.924727649315173 15636
299000000 307.09776123940014259 12814.685902395625817 163.37278270052519247 -4103.7681608181846968 -4188.5696380795106961 8455.7105815982213244 15625
300000000 309.75015543685492503 12925.365962037034478 -114.85511354999312061 -4154.3572705422575382 -4186.8196766279424992 8226.3218336202062346 15637
301000000 309.58712867339983177 12918.563122579886112 46.597752899443094066 -4132.3414534617959362 -4156.7383338548788743 8335.6775402161183592 15640
302000000 307.65024100555865516 12837.739976909804682 23.975266357083455659 -4164.3299127046138892 -4149.6212998753017018 8337.9264789369990467 15628
303000000 304.81892062722238279 12719.593621198839173 27.42171078710325105 -4185.0355804176688252 -4094.6520566241615597 8307.109347828933096 15635
304000000 306.02782846809247985 12770.039362656449157 -120.68135796707164786 -4204.4524944682534624 -4306.3761268962043687 8390.1472633973862685 15653
305000000 312.01365331258887181 13019.818016005798199 -82.604559427643835079 -4195.6153077864237275 -4112.9481162300626238 8225.9588645888434257 15627
306000000 308.03386980254327909 12853.748177414527163 -36.729480144715097367 -4196.7202407109907654 -4066.734611718033193 8226.7253722843088326 15620
307000000 310.35806806831720905 12950.733159104340302 -195.08404647416665512 -4195.2630120293051732 -4247.9887923252981636 8248.1677578804374207 15641
308000000 309.44957091480870304 12912.823062923740508 -5.0804207022885066181 -4148.3031444698681298 -4098.1140560976709821 8241.336779865250719 15640
309000000 311.18668595779416819 12985.310024607684682 -167.22278508705056765 -4160.2071286620503088 -4257.6028927880124684 8250.5872363630114705 15634
310000000 309.12633719056907466 12899.335049750101462 77.308732283973313315 -4079.043871694650079 -4144.3890796027562828 8300.7416835813801299 15635
311000000 308.52437344830980237 12874.216090072404768 -32.146894819898818696 -4118.3056217893545181 -4180.4220861844760293 8266.5808131539306487 15634
312000000 312.51321750444668623 13040.664010391772536 48.776502344855714455 -4071.1324017457923219 -4061.4659900907481642 8181.3748941813955753 15608
313000000 308.6715289056374445 12880.356645955544082 -74.818544014748084692 -4074.2775472817938862 -4174.0351480931949482 8173.4941513602407213 15625
314000000 314.69087229780200232 13131.533973324978433 -13.975472791959532515 -4046.8278885288655147 -4193.2557715295070011 8226.1081872664144612 15626
315000000 309.31929515872093361 12907.386869288775415 -0.5800411834395617916 -4130.8657446482084197 -4154.2056798549692758 8284.4913833197388158 15639
316000000 307.10558858271281224 12815.012524594360002 -25.375524451314788621 -4102.0593387225435436 -4257.8833570087726912 8334.5671712800012756 15650
317000000 307.67341658540476601 12838.707055846281946 -158.24289938308180581 -4210.3841122261956116 -4225.7963448861382858 8277.9375577292521484 15649
318000000 310.40896049865750683 12952.856816753253952 -49.202145549120899659 -4157.14170745856336 -4139.0722403188210592 8247.0118022282622405 15629
319000000 310.29660881206467593 12948.168565140864303 4.2823736676724593053 -4087.3881199371689945 -4235.6160307866794028 8327.2865243915221072 15630
320000000 305.66328524418531742 12754.82757181380839 -57.017147067420864914 -4184.9946834194734038 -4157.6385425680400658 8285.6160789200930594 15630
321000000 308.98941404440108727 12893.621471429540179 14.543114821273036341 -4117.7145906815512717 -4157.8667459420248633 8290.1244514448499103 15629
322000000 308.82908616787278788 12886.931252097374454 49.859121927256467188 -4061.5044661653691946 -4127.8464360150683206 8239.2100241076950624 15624
323000000 308.03897848668611914 12853.961354425004174 30.991666706715079727 -4185.3059308862939361 -4158.8772780257504564 8375.1748756187589606 15628
324000000 308.10391748590541283 12856.671152355320373 -108.20286972229820321 -4223.0526823415711988 -4122.7519051963799939 8237.6017178156544105 15631
325000000 312.21329853669800514 13028.148883767733423 -20.518363081708315576 -4161.4056184962373663 -4163.1422462178543356 8304.0295016323816526 15603
326000000 308.71792923338961145 12882.292855530997258 -47.46447945002068991 -4201.7203416570155241 -4167.1360601344649695 8321.3919223414613953 15637
327000000 307.11411812068979543 12815.368448224759049 -77.139321514561629556 -4233.1986952278657554 -4182.2552217307456885 8338.3145954440515197 15636
328000000 306.69595167140624881 12797.91904813515248 -153.73371253932549507 -4187.4848018821985534 -4276.2643700840617385 8310.0154594269351946 15647
329000000 311.05923938005196305 12979.991887944916016 -74.108127836391190613 -4129.0198312570464623 -4206.4347933394819847 8261.3464967601357785 15637
330000000 311.11354592128117247 12982.258010841705982 100.1862482885704253 -4136.3064169790986853 -4071.831069213171304 8308.3237344808403577 15619
331000000 306.66121215760085761 12796.469425200679325 -190.09259815810730743 -4222.7805953124207008 -4191.4712645270428766 8224.1592616813559289 15641
332000000 310.53649558174294043 12958.178646598837076 48.631966332328488534 -4078.0503319127265058 -4100.5871780543566274 8227.2694762994105986 15626
333000000 309.52251117645073464 12915.866740412007857 179.23688192410892839 -4170.8622368358683161 -4021.9754397046754093 8372.0745584646538191 15621
334000000 307.36894960331966331 12826.002148043227862 -248.2516514381557613 -4263.7880429835458926 -4229.8451583502728681 8245.3815498956628289 15639
335000000 305.5340501636005115 12749.43480386075862 115.28993071561993133 -4080.1518973056663526 -4095.2074413868240299 8290.6492694081098307 15629
336000000 308.60258474213492264 12877.479719088598358 127.95268445654437528 -4157.7340789667268837 -4035.6954056764216148 8321.3821690996919642 15628
337000000 311.74396817586426778 13008.564497563584155 -77.472644267650309757 -4202.1512272726140509 -4213.9052595498087612 8338.5838425547717634 15636
338000000 309.23950172011223003 12904.05721996565444 11.055544918201121618 -4134.8858058277210148 -4129.0357353235331175 8274.9770860694552539 15644
339000000 308.04030929823153429 12854.0168870081161 -149.36353839433189705 -4177.0945462424569996 -4228.9972779501276818 8256.728285798253637 15636
340000000 309.85240180608224136 12929.632535329592429 -155.57044997040884482 -4197.8054951427966444 -4230.3291458234471065 8272.5641909958358156 15638
341000000 311.00829778459080899 12977.866178716143622 -38.091488978973330859 -4154.1839320508515812 -4197.5194070422949153 8313.6118501141736488 15642
342000000 311.77864222823387763 13010.011388899705707 -187.48708830143769433 -4227.7596872481954051 -4287.5791179915049725 8327.8517169382648717 15643
343000000 312.48174263196722222 13039.350615585459309 -172.83296743215893798 -4184.444455492725865 -4121.1085597711571609 8132.7200478317236048 15623
344000000 311.03012288320041989 12978.776904285559795 2.7893956612478802981 -4253.6208072072849973 -4142.9754043344328238 8399.3856072029648203 15630
345000000 310.7840891229283784 12968.510318991849999 -32.086989809376433413 -4195.8044863281720609 -4151.7056728430507064 8315.4231693618457939 15637
346000000 307.27950622351443144 12822.269822500940791 -48.404257005552949522 -4099.7235136649123888 -4193.3819275230325729 8244.7011841823914438 15633
347000000 308.92598222445462852 12890.974565618338602 -97.388309775822904157 -4187.7943896800516086 -4157.8095131680092891 8248.2155930722401536 15625
348000000 312.51503487233020451 13040.739846172869875 -234.29802095050234811 -4179.4321616766346779 -4302.5147837605600216 8247.6489244866916124 15643
349000000 308.20020598181918103 12860.689113366071979 98.892332288247217775 -4047.0764617630975408 -4139.3873381876674102 8285.3561322390123678 15627
350000000 310.43376857776246425 12953.892017206324454 96.132675703763482034 -4160.6126872057566288 -4042.0383064078901043 8298.7836693174103857 15616
351000000 308.82193434312171121 12886.632818180292816 143.26825999455206784 -4139.7854872977095511 -4089.0102943624988256 8372.0640416547612404 15632
352000000 310.61859639256749688 12961.604578780181328 23.652714364092588539 -4090.3624005315591603 -4154.480960913425406 8268.4960758090765012 15628
353000000 308.91975464700806242 12890.714699025405935 10.636905195262528423 -4183.748891785199703 -4158.7449432945541048 8353.1307402750171605 15641
354000000 310.17112307729405529 12942.932251239300967 87.534989942240315486 -4157.4933326635373305 -4129.8590655470488855 8374.8873881528252241 15630
355000000 313.8173166977397841 13095.081930861701039 22.847209560598628286 -4137.8581710808148273 -4122.6497533674946681 8283.3551340089088626 15634
356000000 310.61039401006900107 12961.262306811328017 -1.7343600100160188049 -4156.113151467852731 -4093.1050208783872222 8247.4838123362242186 15630
357000000 311.57252019011542643 13001.410254311849712 -176.54505510594259476 -4212.2941783014830435 -4185.622705482785932 8221.3718286783278018 15623
358000000 309.87583366929260364 12930.610308550527407 -152.12643941486950894 -4313.3698505270895112 -4124.6327414906763806 8285.8761526028938533 15623
359000000 306.88062830985057872 12805.625301367423162 6.0348642504298481981 -4196.6897353304029821 -4154.6940161098154931 8357.4186156906471297 15626
360000000 308.09407849811606184 12856.260587531893179 -14.252061588893155886 -4229.9547361454397105 -4216.3403161352071038 8432.0429906917524931 15646
361000000 312.75193212385624975 13050.625179941487659 100.90895452561130696 -4152.4770445290605494 -4057.7998639290481151 8311.1858629837206536 15613
362000000 306.85308355354931109 12804.475903863401982 -20.428306828055042388 -4162.5107330511909822 -4260.0738569242166704 8402.1562831473511324 15626
363000000 311.7721810883047624 13009.741776127444609 -189.03730527009804518 -4256.8598922384253456 -4277.9253149508313072 8345.7479019191578118 15635
364000000 309.38315842183050108 12910.051778515558908 69.479505862865920562 -4132.3758958592825365 -4139.5094301085837287 8341.3648318307314184 15623
365000000 312.63662630784102703 13045.81365735340114 46.36406985420362048 -4184.1619374655019783 -4144.3685117666018414 8374.8945190863087191 15625
366000000 308.42436105916556244 12870.042737104740809 -173.55491424830512415 -4184.9563582030014004 -4311.9994965009163934 8323.4009404556127265 15649
367000000 307.85233018645686798 12846.172826980189711 -267.89015452927634442 -4223.5358944274812529 -4301.3695631873642924 8257.0153030855690304 15641
368000000 312.24735760039408206 13029.570112635157784 -305.12810228452008232 -4231.2025524173768645 -4262.1590704908066982 8188.2335206236630256 15635
369000000 308.54106448385726935 12874.912579610665489 -55.928324461303930093 -4095.6287868329027333 -4157.1991758362009932 8196.899638207800308 15621
370000000 310.99364870857147025 12977.254896799953713 -179.11141016111844237 -4197.0319748357524077 -4278.646868957692277 8296.567433632326356 15650
371000000 310.80246227249551794 12969.277000389300156 33.124812829715693852 -4153.2083684955105127 -4148.0613493442724575 8334.3945306694986357 15631
372000000 309.6633252943960315 12921.742682603215144 29.714925627487957627 -4197.7997945948955021 -4087.9743374546023915 8315.4890576769867039 15627
373000000 307.89853677938714327 12848.100952319273347 -15.621552067322454604 -4111.3828645404009876 -4073.3977056637077112 8169.1590181367864716 15616
374000000 312.90660096393349932 13057.07925696399252 -288.99787375084946461 -4229.3477501003726502 -4296.254033884600176 8236.6039102341237594 15636
375000000 311.93749046691118565 13016.639865371116684 -171.17039421913321462 -4212.9856200385765987 -4278.8522871929653775 8320.6675130124076532 15644
376000000 307.19616315459802536 12818.792052926864926 -235.24482909561135102 -4216.8274981530194054 -4264.8657711714022298 8246.4484402288107958 15647
377000000 312.58871973642123976 13043.814594700101225 -285.94673656126008154 -4347.5258536759993149 -4256.8863969329186148 8318.4655140476588713 15645
378000000 309.55626079932778794 12917.275056821570615 -87.765118485143688076 -4174.1971955453682313 -4150.8393272455605256 8237.2714043057858362 15619
379000000 312.07449701134720499 13022.356923764622479 -220.70776224157302181 -4169.0891025740447731 -4243.2789452886036088 8191.6602856210756727 15641
380000000 310.66775112637742495 12963.655725202896065 -136.56270939006651588 -4234.4266211590029343 -4132.8293625646474538 8230.6932743335837586 15642
381000000 306.48439169366855594 12789.09099724580301 -142.20012285980391198 -4223.5028406585952325 -4199.4149421751244518 8280.7176599739141238 15637
382000000 308.93546788053782848 12891.370386489170414 -308.79386189969312682 -4254.5840763449159567 -4273.0538088509902082 8218.8440232962129812 15644
383000000 307.93445371748595107 12849.599707238405244 -25.994820624009946641 -4160.0783353620417984 -4120.0607170732364466 8254.144231811269492 15636
384000000 306.85623047273367092 12804.607219639672621 -86.983812227000782968 -4155.1972927785145657 -4133.0250679644186675 8201.2385485159320524 15640
385000000 310.5115657118159902 12957.138364014515901 -177.96384287218597819 -4204.797706319946883 -4235.6461945186783851 8262.4800579664388351 15640
386000000 308.76062787965787493 12884.074600009293135 -96.302457200008063865 -4126.2166461075103143 -4192.1283657262238194 8222.0425546337264677 15625
387000000 308.87595852555159581 12888.887158707486378 -124.16678596816305458 -4183.4539880582924525 -4125.5078261397020469 8184.7950282298324964 15626
388000000 307.89367907716660966 12847.898248372775925 -216.1647791373913492 -4258.2641740088583902 -4189.4731062102673604 8231.5725010817350267 15641
389000000 309.59603036517660257 12918.934575577977739 -169.9925285970622042 -4247.6440930127182583 -4213.9508742221914872 8291.602438637848536 15642
390000000 307.26669862914525311 12821.735382593778922 91.385507713066800761 -4199.6849069541676727 -4068.7711236681766422 8359.8415383354113146 15635
391000000 306.12077131110004302 12773.917715058663816 -131.50747093410109301 -4214.2877323601305761 -4182.7068839808043776 8265.4871454068343155 15647
392000000 311.01585996447499838 12978.181736079905022 -254.28910881291739088 -4255.8392287771330302 -4287.5412568942074358 8289.0913768584214267 15620
393000000 308.75887382125574732 12884.001406029021382 -27.684746461005914853 -4163.1798230945232717 -4189.5409844731602789 8325.0360611066789716 15637
394000000 309.64425865914364522 12920.947063185512889 81.148104568501082667 -4219.8873838356521446 -4077.8856598341399149 8378.9211482382925169 15628
395000000 310.17539527087905071 12943.110522870736531 -229.99473834309043241 -4211.8163646958837489 -4306.1395678545086412 8287.9611942073024693 15651
396000000 310.87433581096206581 12972.27616526899692 -255.03521511353397955 -4300.8962364697608791 -4187.5882907004861408 8233.4493120567130973 15638
397000000 310.35191940920691422 12950.476585644144507 -335.47178422196788006 -4298.7120253111543207 -4218.462418374068875 8181.7026594632543492 15637
398000000 307.83281283912873505 12845.358400086784968 -298.95128794563072461 -4242.9094060983643431 -4222.5382861379694077 8166.4964042907013209 15636
399000000 314.73476029112180186 13133.365347305074465 -179.62885895992900487 -4252.2845058279135628 -4198.4337174952179339 8271.0893643632025487 15629
400000000 310.1036105222406718 12940.115063044944691 -165.10387090721553704 -4245.5770570926060827 -4190.6843271381139857 8271.1575133235055546 15642
401000000 309.89427945586339774 12931.380020971006161 -123.50178741344910804 -4224.139837194537904 -4255.0412903416709014 8355.679340122758731 15638
402000000 308.27302674981120845 12863.727804580305019 -199.30946951417615765 -4314.585373070793139 -4148.8629027934166515 8264.1388063500326098 15644
403000000 310.62472234042411401 12961.860204537009849 -391.92746751094921365 -4214.6985131019300752 -4287.4042178317267826 8110.1752634227068484 15643
404000000 309.97696637151943833 12934.830410345692144 -0.39457492063132804105 -4237.3586328504725316 -4097.7965130431875878 8334.7605709730305534 15631
405000000 311.97128376641842351 13018.050004334823825 -225.06522109859656666 -4222.0921990101542178 -4208.9890629675810487 8206.0160408791380178 15629
406000000 310.3305352371245931 12949.58425921554408 -91.25114667973326732 -4198.2928707245264377 -4230.1449717617024362 8337.1866958064947539 15644
407000000 311.59172149151282838 13002.211493126915229 -223.95008311215556773 -4263.0657380520260631 -4125.4093846738778666 8164.5250396137480493 15631
408000000 309.76213787734235439 12925.865969626054721 -221.53889787050778182 -4151.8048460710306244 -4218.8088763953792295 8149.0748245959021006 15637
409000000 312.43142404264108336 13037.250903380903765 -253.27110490592130532 -4234.9934778417436974 -4142.9643215711657831 8124.6866945069868962 15638
410000000 307.48465282961853973 12830.830253910655301 -104.69777686367297065 -4274.3821557221008334 -4099.1367799842701061 8268.8211588426966046 15632
411000000 310.19304832589779153 12943.847155903715247 -253.99073600920590366 -4184.9436379369890346 -4178.4819541927572573 8109.434856120540644 15639
412000000 309.73824848309124036 12924.86910438519044 -341.63461377714469336 -4284.727551732399661 -4220.4615022754851452 8163.5544402307405107 15630
413000000 313.00148447248659522 13061.038590156516875 -220.15009845477553085 -4254.8245018683792296 -4177.6572583007437061 8212.33166171434641 15642
414000000 310.97668458870168706 12976.547011900811412 -32.316987405460110949 -4212.9894396753625188 -4076.3468850899657809 8257.0193373598704056 15624
415000000 312.8999303623720607 13056.8009037013544 -254.20816999142192572 -4222.0312730376699619 -4340.0983779675907499 8307.9214810138382745 15652
416000000 308.36837913508651354 12867.706703229438062 -81.801955111458369174 -4209.5602209543822028 -4059.7432134594214403 8187.501479302345615 15623
417000000 308.92844049809804119 12891.07714534564002 -230.27232000369650677 -4209.3985248373001014 -4221.7922991589784942 8200.9185039925832825 15644
418000000 306.89274713832833186 12806.131000203587973 -54.526870940433468604 -4179.9572407057949022 -4173.3966371023034299 8298.8270068676647497 15630
419000000 311.9768431850220054 13018.281989755092582 -91.747053721594568287 -4155.5986591155906353 -4162.6562541222629079 8226.5078595162576676 15637
420000000 306.64996857740226233 12796.000249039700066 -293.50192039422336165 -4279.2885623221391143 -4203.4530445754953689 8189.2396865034115763 15644
421000000 306.31694418173680106 12782.103687205239112 -164.38043894253024746 -4221.4456332631762052 -4223.5612695601503219 8280.6264638807951997 15633
422000000 308.1726426385026798 12859.538940256390561 -205.2069894481444976 -4261.5941168794806799 -4291.4260511037336983 8347.8131785350706195 15640
423000000 309.59245024787156808 12918.785183154624974 -247.64389578338071374 -4226.4408566723886906 -4206.9652469609109176 8185.7622078499189229 15639
424000000 308.74108250210764481 12883.259003460692838 -182.34714121472313764 -4299.1193036614513403 -4209.9935437264366556 8326.7657061731642898 15650
425000000 311.84877453324935459 13012.937894963302824 -345.16012861260026057 -4206.4023494007815316 -4303.5649214062823376 8164.807142194462358 15659
426000000 304.30957633759794589 12698.33951937349957 -178.12397549857900003 -4175.9620108284088928 -4188.366720952990363 8186.204756282820199 15640
427000000 309.7388283975168406 12924.893303263046619 -139.65112752010534791 -4196.4318060997893554 -4169.9442868218930016 8226.7249654015759006 15636
428000000 310.38638689342832322 12951.914857230236521 -330.73262444785399339 -4292.8344937833799122 -4290.8280141101922709 8252.9298834457185876 15637
429000000 306.26379213542537627 12779.885739487868705 -278.39677804266381145 -4215.5673991386374837 -4247.1823787455341517 8184.3529998415078808 15648
430000000 311.70443001985029241 13006.914635160046601 -170.0340333765072387 -4242.3184943930273221 -4128.2138880886959669 8200.4983491052153113 15634
431000000 313.32507631446645746 13074.541546996104444 -429.33647086806547577 -4310.9473009396197085 -4261.5354981484688324 8143.1463282200220419 15647
432000000 311.17127840080684109 12984.667092524692634 -209.14926980005731139 -4214.1227366200091637 -4241.0763014323410971 8246.0497682522945979 15632
433000000 308.3901572467879646 12868.615468112240706 -406.3208821044116803 -4314.6117137008477584 -4266.4745682458578813 8174.7653998422920267 15642
434000000 311.33245893027543616 12991.392891665611387 -258.95405016089654282 -4275.1703918037783296 -4189.0531921732053888 8205.2695338160883693 15639
435000000 309.53663331906466283 12916.456034261418608 -294.83861644844694183 -4254.3225659583958986 -4238.6569046003605763 8198.1408541103082825 15645
436000000 310.55123623628327323 12958.793749936508902 -53.421433536359728578 -4204.5313027912634425 -4125.5153512209408291 8276.6252204758457083 15632
437000000 310.75982764232287536 12967.497927197680838 -373.54589983723622026 -4382.2083428880378051 -4248.9677818396685325 8257.6302248904685257 15638
438000000 309.96626012176284348 12934.383656102776513 -208.60566812586458241 -4244.7285368177854252 -4250.2830189678907118 8286.4058876598119241 15637
439000000 311.40633503090822387 12994.475620180082842 -164.69601156508809936 -4260.5334500776552886 -4099.7773171384469606 8195.6147556510150025 15627
440000000 315.11591253966969361 13149.270205505345075 -106.97157591246650554 -4228.5673897205988396 -4112.7479317949546385 8234.343745603087882 15636
441000000 311.40044200394572727 12994.229713830149194 -199.06973468018162521 -4236.3839694021162359 -4238.6208444673620761 8275.9350791892975394 15643
442000000 308.50491795026846376 12873.404244048297187 -37.383129796917501153 -4195.6008447825233816 -4131.0638543100039897 8289.2815692956082785 15629
443000000 309.48679804266561177 12914.376489912623583 -396.19754207475278918 -4250.3330812481035537 -4348.5471674125765276 8202.6827065859270078 15650
444000000 308.00732685510035935 12852.640583751088343 -133.69192628776738729 -4291.7974936531427375 -4067.1051236349289866 8225.2106910003039957 15625
445000000 310.4802189228640259 12955.830313923734138 -190.57093071646937688 -4375.9189182525406068 -4140.1812245030432678 8325.5292120391150092 15633
446000000 309.14279914885048584 12900.021980269761116 -211.66637111854586806 -4343.4111133090518706 -4192.7287065417876875 8324.4734487322930363 15638
447000000 310.06537061908807118 12938.519374604034965 -160.2467601497781402 -4307.0225604047645902 -4226.4600642771583807 8373.2358645321455697 15641
448000000 309.38752855317187596 12910.234136928937005 -266.65765523800678238 -4257.8079654255998321 -4223.2522208025020518 8214.4025309900953289 15634
449000000 308.18356346826743675 12859.994648571111611 -264.02181959999472838 -4230.3003047587681067 -4250.1577980979891436 8216.4362832567603618 15636
450000000 311.16336771288689533 12984.336992492191712 -496.47858296463704164 -4304.4137599104778928 -4316.374817687338691 8124.3099946331794854 15650
451000000 309.71379134521220067 12923.848548133895747 -344.28671768642828965 -4308.1816384275525706 -4194.350866879408386 8158.2457876205335197 15645
452000000 311.09675094099213766 12981.557183859860743 -109.6080828200028634 -4318.98004268931345 -4141.9287537405643889 8351.300713609874947 15633
453000000 307.59968861549214125 12835.630508583812116 -336.88417780010121305 -4269.9728979922711005 -4235.1744554432370933 8168.263175635405787 15639
454000000 310.32266599617719294 12949.255888697231057 -370.66969695213862224 -4288.0239928593982768 -4210.9847101488085173 8128.3390060560686834 15641
455000000 308.26830096855576357 12863.530605479316364 -216.24788014885774601 -4272.207586378990527 -4226.0716936615535815 8282.0313998916863056 15655
456000000 304.87320071823751277 12721.858640371578076 -276.12966976302550393 -4291.1423214553778962 -4238.7510867933979171 8253.7637384857516736 15647
457000000 309.69317488116939785 12922.988256902659487 -349.44825080409003704 -4258.4746036831711535 -4266.3090496677232295 8175.3354025468051987 15642
458000000 306.68024315235351196 12797.263557398780904 -189.52944442782887791 -4262.7308372565894388 -4219.625554092944185 8292.8269469217048027 15633
459000000 314.50375485083390004 13123.72586915620559 -313.8271895939830074 -4248.0703594365104436 -4221.6408821555587565 8155.8840519980858517 15639
460000000 309.46258377051873367 12913.366068050005197 -265.49958616654078014 -4382.1700005006796346 -4128.4976208495436367 8245.1680351836821501 15625
461000000 311.29058904931713414 12989.645730204432766 -215.32572139395941235 -4242.1878914976168744 -4234.0092333498332664 8260.87140345348962 15653
462000000 307.70984210410705373 12840.227032999868243 -257.07667073286194181 -4319.5307592615399699 -4195.6881255962989599 8258.1422141249786364 15635
463000000 307.39192665099869828 12826.960942557985618 -251.1219347822818122 -4270.9862761467757082 -4161.3959520797579898 8181.2602934442520564 15640
464000000 307.95835434921212936 12850.597041400671515 -242.50848576800376577 -4290.0145042633012054 -4265.6472535974044149 8313.1532720927007176 15640
465000000 307.03097523222908194 12811.899031852779444 -54.531054975807649043 -4218.8075422019674079 -4109.1976638136347901 8273.4741510397943784 15634
466000000 307.35334267140331121 12825.350896371443014 -139.18274229472399384 -4274.6296962375681687 -4196.5052524430393532 8331.9522063858821639 15645
467000000 308.98273039785925675 12893.342573821264523 -188.58816688504390413 -4193.995925224326129 -4197.4448731545089686 8202.852631493791705 15629
468000000 308.91536016799665276 12890.531324623689216 -246.07277249364665295 -4275.177444670614932 -4234.0171691977029695 8263.1218413746719307 15646
469000000 308.12560695779012576 12857.576218443948164 -95.478356121770872278 -4237.5221344508081529 -4168.8543278962479235 8310.8981062252842094 15647
470000000 307.79010898075705427 12843.576438115962446 -67.625412501865014292 -4267.6029988835844051 -4128.339639841025928 8328.3172262227453757 15643
                                                                                                                                                                                                                                                                                                              475000000 309.13413175662071808 12899.660304207489389 -126.39845146185328417 -4311.5973156229729284 -4127.3552209126974049 8312.554085073817987 15630
476000000 307.79098678600894345 12843.613067489426612 -272.15132949762119097 -4258.4825791553330419 -4260.6956222833478023 8247.0268719410596532 15647
477000000 309.74545640585859019 12925.169879180486532 -272.28909630413068044 -4331.5641694872374501 -4243.9239681665640092 8303.1990413496714609 15646
478000000 312.39957573529801493 13035.921925750206356 -189.72700843098314749 -4231.3243626968269382 -4282.1111140811535734 8323.7084683469965967 15637
479000000 310.9315428663998091 12974.663321866546539 -261.94082812619444667 -4268.7679258916059553 -4245.0199203575721185 8251.8470181229840819 15653
480000000 308.14345571716489758 12858.321017898728314 -184.65652101516923267 -4273.5988391883374788 -4168.6937171200233934 8257.6360352931915259 15644
481000000 310.78378014132562157 12968.497425696330538 -70.895488971123370447 -4224.6956414933574706 -4148.5466415632708959 8302.3467940855061897 15628
482000000 310.82803300351093867 12970.34402505575963 -165.34517837031017962 -4297.4917845291220146 -4220.1632768187118927 8352.3098829775244667 15630
483000000 304.86986065703132454 12721.719265095511219 -176.67192658917696235 -4190.6425426872438038 -4205.278484639200542 8219.2491007372682361 15638
484000000 308.17994889925631696 12859.843818534567617 -67.350585728411317632 -4159.2708465631703803 -4126.1345337137299794 8218.0547945484886441 15639
485000000 310.50227440887982766 12956.75065318174893 -58.873502478206773958 -4184.4397718295822415 -4190.8952758381929016 8316.4615451895679143 15649
486000000 313.48766769020647871 13081.326218437985517 -211.61116926538429084 -4197.8678893495271041 -4234.0187219206818554 8220.2754420048240718 15638
487000000 309.90510781705603449 12931.831870723870452 -127.58132456329894922 -4262.6050753538775098 -4159.7568135501442157 8294.7805643407227763 15636
488000000 310.19593893351725455 12943.967776218760264 -169.69200347555971575 -4190.1772722433161107 -4242.617006996899363 8263.1022757646569517 15638
489000000 312.69380254116282458 13048.199527794604364 43.713980785015763786 -4187.0363502872687604 -4111.9762896948232083 8342.7266207671073062 15629
490000000 309.29864837854501047 12906.525313015026768 -73.608518631372845675 -4251.4333832776346753 -4110.6165485469955456 8288.4414131932571763 15630
491000000 312.58145804133710044 13043.511576074219192 -263.6279989183788075 -4193.2869208118008828 -4223.8911118945170529 8153.550033787938446 15643
492000000 310.6326370982836238 12962.190474401411848 -62.844536269140121476 -4219.0257961538954987 -4099.4687825340315612 8255.6500424187870522 15618
493000000 309.25860303774084059 12904.854286622034124 -52.443362095473531781 -4124.8402054193957156 -4178.134797460419577 8250.5316407843420166 15636
494000000 309.93152996510946195 12932.934423626909847 -168.36369517973378152 -4233.3231958305668741 -4220.8778918737434651 8285.8373925245778082 15640
495000000 308.45417646088264974 12871.286884917853968 -101.14300340333338113 -4195.0196219052677407 -4213.5816913503858814 8307.4583098523198714 15643
496000000 309.11547319700906655 12898.881713116987157 -135.08191622089265138 -4262.4689118840051378 -4179.7016967199542705 8307.0886923830676096 15639
497000000 310.19388330935561271 12943.881998393944741 -196.79821495416703669 -4299.0968826783655459 -4215.2368198096337437 8317.5354875338307465 15648
498000000 310.4250523998995277 12953.528305399593592 24.732808010352869132 -4200.0595871207078744 -4039.1982981756582376 8263.9906933067195496 15613
499000000 305.52189115946407583 12748.927428560249609 -160.70956493594778181 -4255.9440560725324758 -4104.6220667308316479 8199.8565578674169956 15629
500000000 310.66911888603488023 12963.712799570124844 -34.393087004846933041 -4226.8762095395040888 -4125.3777715940905182 8317.8608941287475318 15645
