# Steps Temp KinEng PotEng Epair Ebond Eangle Bonds
1000000 307.18428175884326947 12818.296261768815384 7113.6469593282618007 -1591.0511794245476267 302.02888719941000772 8402.6692515533977712 14943
2000000 311.45470434434145091 12996.493992298654121 6511.7964235238250694 -1750.3280681609558087 -144.73034376405422563 8406.854835448835729 15083
3000000 308.2492890878114622 12862.737270877434639 6093.6869954882131424 -1765.8552663893244699 -444.31224393060142575 8303.8545058081399475 15146
4000000 311.38201447773565178 12993.460763384573511 5990.6167151354111411 -1818.4193581237752824 -521.72180204629421496 8330.757875305480411 15202
5000000 310.26602080622001267 12946.892177824662213 5755.0021425901159091 -1950.1080887708344562 -662.52268354043962972 8367.6329149013909046 15237
6000000 310.64015535245562205 12962.504198817245197 5489.0266860097935933 -2003.802210753702866 -806.51297051809262939 8299.3418672815896571 15269
7000000 309.00829616751917683 12894.409391458497339 5474.7604567502903592 -1951.4598410197111207 -860.50244058708847206 8286.7227383570898382 15288
8000000 309.62230786654868098 12920.031092612240172 5307.4571570927491848 -2023.9065057708546647 -905.38455816432212941 8236.7482210279249557 15303
9000000 310.96683620042176699 12976.136054810331188 5252.3326044259829359 -2057.2876831296680393 -873.783384867669497 8183.4036724233201312 15317
10000000 310.51102749329936614 12957.115905038554047 5103.3226949984518797 -2101.3326476129482216 -1016.4452051578114151 8221.1005477692106069 15356
11000000 309.91917971777365892 12932.419068061351936 5126.973744417463422 -2134.8315902247868507 -1043.1530643489061276 8304.9583989911552635 15365
12000000 311.48466579679410415 12997.744234569423497 4962.2564661239457564 -2193.8987996465275501 -1134.5321721439952398 8290.6874379144683189 15387
13000000 309.8490526283439408 12929.492779635593251 4913.5855557728245913 -2129.6583233726319122 -1182.1939348718301517 8225.4378140172884741 15360
14000000 313.62235463055208129 13086.946483557203464 4883.0281500675291682 -2236.8568894041000021 -1226.2695373173623921 8346.1545767889911076 15401
15000000 309.14090699658044059 12899.94302385887022 4752.6174092245382781 -2273.6888776192390651 -1318.7413909664583116 8345.0476778102347453 15430
16000000 310.89404773428248063 12973.098711499433193 4824.503755759968044 -2215.0690004073703676 -1227.5786908593508997 8267.1514470266884018 15427
17000000 308.4152863921935932 12869.664066135452231 4537.2968559240516697 -2318.6236134101936841 -1393.7314484062203519 8249.6519177404661605 15450
18000000 308.85254391358972725 12887.910105352857499 4591.8645339929989859 -2300.8453894461335949 -1359.2415027051454217 8251.9514261442782299 15448
19000000 311.28709688808510236 12989.500008043749403 4520.2773514812088251 -2305.1042787234409843 -1328.7826538108370187 8154.1642840154854639 15441
20000000 307.73514702007270216 12841.28296564026823 4687.1679392663154431 -2273.8059503501262952 -1319.2678725611226582 8280.2417621775639418 15441
21000000 308.8536146042671362 12887.954783518776821 4401.1851215081987903 -2338.8741750944218438 -1438.2205855380680077 8178.2798821406895513 15470
22000000 308.48035225122930569 12872.379157717843555 4483.2790303617794052 -2283.6002390118719632 -1461.5886960257985265 8228.4679653994498949 15467
23000000 308.46269879867736563 12871.642508096456368 4449.2399841613441822 -2330.7951916799188439 -1447.2045803193122993 8227.2397561605757801 15464
24000000 311.11384286715622238 12982.270401906047482 4575.9898978480387086 -2443.7497354217148313 -1335.9581739163877501 8355.69780718614129 15469
25000000 313.58521375037673806 13085.396655542617737 4213.3547757546830326 -2437.5760786601877044 -1528.981726422601696 8179.9125808374719782 15497
26000000 312.61570023735117729 13044.940446752916614 4221.6852324205665354 -2415.5885146197606446 -1541.2220564440913222 8178.4958034844185022 15514
27000000 310.59822335603610099 12960.754445379747267 4198.9657195392810536 -2481.0219718078046753 -1525.0272851620934489 8205.0149765091791778 15507
28000000 308.79885843823217328 12885.66989851627477 4324.8016588902610238 -2463.6394985426204585 -1553.0449760921956113 8341.4861335250770935 15499
29000000 310.38772898864414174 12951.970860662408086 4111.6913274884973362 -2490.4587570857356695 -1652.7206478118371251 8254.8707323860689939 15541
30000000 311.93516595949381554 13016.542867489037235 4061.739383930427266 -2541.904424097698211 -1693.9291798446424764 8297.5729878727688629 15534
31000000 306.67699650320400906 12797.128080054633756 4175.1343077630972402 -2467.9137123996370065 -1607.069021378385969 8250.117041541119761 15547
32000000 313.49001585025393979 13081.424203305525225 4072.3389893326857418 -2479.6159187485527582 -1651.871798146547917 8203.826706227786417 15540
33000000 313.12651571518784976 13066.255938849442828 4209.399320505968717 -2541.9629007097105386 -1572.9040077547767851 8324.2662289704567229 15524
34000000 308.72258165272450015 12882.486993359361804 4114.3629051602047184 -2449.4452483427144216 -1618.3773856064744905 8182.1855391093940852 15521
35000000 305.91006799549597872 12765.125411275132137 4093.5064855566329243 -2474.529754786641206 -1678.5633776338615917 8246.5996179771354946 15553
36000000 310.29993956508189967 12948.307552001471777 4069.0194017819740111 -2519.6133845071826727 -1694.7566588571828561 8283.389445146340222 15556
37000000 312.85367452378790176 13054.870723421903676 4050.4760383835464381 -2461.8572806279489669 -1745.0333241122170875 8257.3666431237124925 15550
38000000 310.05354164566369946 12938.025770943855605 4187.4203686740574994 -2504.9297931738137777 -1587.9096692551245269 8280.2598311029978504 15535
39000000 309.50534982623469205 12915.150625413994931 4048.748678498389836 -2536.9794786341694817 -1645.3709957337332526 8231.0991528662925703 15546
40000000 309.69148957320606996 12922.917931765439789 3875.5778765022037078 -2464.904223792216726 -1822.0412216027698378 8162.5233218971907263 15561
41000000 308.35622260861339328 12867.199431317756535 3890.7583457219325282 -2496.5624287577525138 -1731.8157408947411113 8119.1365153744263807 15563
42000000 313.66186103917863193 13088.59502119433273 3809.276592325508318 -2623.7327081152388928 -1799.0659889775479314 8232.0752894182951422 15568
43000000 309.86086428349625521 12929.985660632684812 4069.2809310966181329 -2584.0802309681266706 -1632.0116111197030477 8285.372773184448306 15557
44000000 313.67400712184593203 13089.101857303126963 3947.2731093168263214 -2558.7449631632043747 -1779.3245209253468602 8285.3425934053775563 15550
45000000 308.46811029436446461 12871.868320936029704 3842.4168379091170209 -2583.8159878930182458 -1805.7610486074743221 8231.9938744096107257 15578
46000000 312.02691224009004145 13020.371289304321181 3965.611368703275275 -2476.1423600106832055 -1747.4161041249567461 8189.1698328389156814 15575
47000000 310.02801529325978436 12936.960598124065655 3917.570035124151218 -2576.1719159895114899 -1855.5795527698940077 8349.321503883556943 15581
48000000 311.84294542684551743 13012.694655913446695 4042.6680952834276468 -2605.3904615106798701 -1695.8826083470712547 8343.9411651411792263 15549
49000000 308.65822908657634116 12879.801666319290234 3901.4958956909113112 -2622.5016927089031924 -1769.8291390576905542 8293.8267274575064221 15556
50000000 312.23566166469083782 13029.082060420883863 3947.667398972256251 -2509.0958810237539183 -1797.8490706653903999 8254.6123506614003418 15585
51000000 310.05243025578465677 12937.979394467003658 3949.9230995163857187 -2458.6881137741575003 -1780.2492288508001366 8188.8604421413438104 15569
52000000 310.45512011663657859 12954.782981904667395 3863.6892417330932403 -2440.6982476536186368 -1868.7671803006467144 8173.1546696873574547 15594
53000000 305.47346076726506681 12746.906507724957919 3815.6567771050449664 -2546.0717837834845341 -1799.8492431340991971 8161.5778040226286976 15581
54000000 315.97976656116168215 13185.31741700654311 3914.2461560049541731 -2542.4977565835479254 -1831.0339052569131582 8287.7778178454136651 15577
55000000 310.35710119184892619 12950.692812935101756 3723.9567319831530767 -2577.7790703949158342 -1840.6059381090981333 8142.3417404871670442 15594
56000000 305.55750594056672753 12750.413574963502469 3787.9712957429514972 -2589.4763640491164551 -1811.3880136830125593 8188.8356734750796022 15593
57000000 307.65733289482420787 12838.035909817377615 4014.1617121170415885 -2537.3849188366584713 -1785.3258580365531998 8336.8724889902550785 15558
58000000 308.17915644388256169 12859.810750671535061 3785.8280212301538086 -2581.8236048292778833 -1757.3134468918567563 8124.9650729512886755 15582
59000000 312.27233645276822926 13030.612439176664338 3724.655989709532605 -2581.9326952840874583 -1868.0449134415093795 8174.6335984351298976 15586
60000000 307.6549490212231035 12837.936434681818355 3759.0909821918207854 -2695.5003118045619885 -1795.3908713140885993 8249.982165310470009 15585
61000000 312.1177610240168292 13024.162260055583829 3745.001517202089417 -2633.0895717401344882 -1789.6257584666209368 8167.716847408844842 15579
62000000 309.33602433021320621 12908.084950177466453 3878.1428165022284702 -2546.5563389204144187 -1861.2872337788385266 8285.9863892014800513 15574
63000000 308.43453425473984453 12870.467247870894425 3861.5292878464770183 -2579.8568329733993778 -1726.9229328270898804 8168.3090536469662766 15562
64000000 308.50191049433493617 12873.278747844749887 3855.8131525732073897 -2621.9507133397851248 -1754.3135802763613356 8232.0774461893524858 15582
65000000 309.70598859887758181 12923.522952326715313 3781.4580540485299025 -2661.4073347783587451 -1808.8112837910866801 8251.6766726179757825 15576
66000000 306.01452030593549125 12769.484034876488295 3651.0983436899759909 -2649.1038143042601405 -1853.3424482815673855 8153.5446062758037442 15582
67000000 307.71367531940848039 12840.386986787501883 3886.4678167601027781 -2596.7141174393382244 -1770.3001432914325051 8253.4820774908730527 15567
68000000 311.10556634530496467 12981.925036223601637 3909.9790762538368654 -2510.3906107555558265 -1840.0904819951426816 8260.4601690045346913 15588
69000000 307.98552793655289861 12851.730950632729218 3892.2041510342237416 -2522.8053852139369155 -1788.678003617910008 8203.6875398660704377 15587
70000000 308.20849122833124056 12861.03484311430293 3742.5643248375522489 -2631.6881608159574171 -1817.0440600145939243 8191.2965456681031355 15579
71000000 310.97458056506059165 12976.45921444509986 3931.9706486277909789 -2549.1134904672999255 -1809.5625479106602143 8290.6466870057520282 15587
72000000 313.13125995328317686 13066.45390812408732 3874.549172945011378 -2627.3425172636934803 -1853.5435163504635057 8355.435206559168364 15579
73000000 307.00399950660818149 12810.773379065778499 4005.3370138474856503 -2642.338674240715136 -1693.754191711878093 8341.4298798000781971 15564
74000000 313.98770530997154538 13102.191968194056244 3808.3230777252292683 -2701.4893836133296645 -1801.6981177621623829 8311.5105791007190419 15586
75000000 307.81549462975112874 12844.635739613226178 3787.3986718372775613 -2734.7853361511015464 -1692.6072205853224659 8214.7912285737020284 15566
76000000 310.67502509531936994 12963.95925599673501 3823.2233384514602221 -2687.3253540319115018 -1726.009473864503434 8236.558166347875158 15582
77000000 308.17918565398161945 12859.811969561060323 3826.80629565358322 -2669.4992880557692843 -1700.7332929366382359 8197.0388766459909675 15587
78000000 307.52825921570007495 12832.649876882565877 3719.9694057055694429 -2647.0656733944033476 -1838.848765752231202 8205.8838448522037652 15586
79000000 310.68672783960272454 12964.447592321890625 3734.2942823007397237 -2591.440203083817778 -1903.6025696062661154 8229.3370549908231624 15600
80000000 309.06181483814111743 12896.642637807040956 3639.0808324817553512 -2634.2365210090601977 -1817.1822164824461652 8090.4995699732608045 15604
81000000 308.96294257391832616 12892.516860382418599 3624.5536945002963876 -2720.5669921326229996 -1989.143235155982893 8334.263921788900916 15601
82000000 310.86224876358625124 12971.771792606090457 3737.0677380660054041 -2674.4025756718410776 -1835.4706361261414713 8246.9409498639870435 15595
83000000 307.63518583851168842 12837.111749481065999 3950.2614508573669809 -2704.702988925214413 -1716.4478485637694121 8371.4122883463496692 15565
84000000 307.09499704362866623 12814.570557039667619 3614.4134272557457734 -2662.9136930061940802 -1860.6360530471083621 8137.9631733090482157 15582
85000000 311.13328892534946135 12983.081854020776518 3968.6517954731430109 -2690.8654403627492684 -1679.7089781158440474 8339.2262139517370088 15577
86000000 310.23676598300636442 12945.671422033086856 3680.9674998150230749 -2805.1322587582189954 -1756.0594707080572334 8242.1592292813002132 15582
87000000 307.81651695912370315 12844.678399741211251 3572.4238268316721587 -2671.8699561528260347 -1838.4295775280079397 8082.7233605125056783 15594
88000000 306.99933918887717255 12810.578911650296504 3724.1390956111299602 -2784.0368916138731947 -1833.8610828218434108 8342.0370700468465657 15586
89000000 311.29972147860195264 12990.026811500300028 3684.3612137869895378 -2673.9069736392848426 -1907.159424310217446 8265.427611736493418 15598
90000000 314.14264281992933547 13108.657256370028335 3544.7168667392138559 -2754.6394154754239025 -1933.7559982386997035 8233.1122804533370072 15594
91000000 307.59757222478845051 12835.542195070860544 3695.1403713973199956 -2636.7637462363068153 -1833.3915055157385723 8165.2956231493653831 15593
92000000 311.77788813543372726 13009.979921843951161 3589.2823216424276325 -2719.9831053636858087 -1883.0317494194773644 8192.2971764255926246 15593
93000000 314.84059195326148028 13137.781528990590232 3704.3844359797903962 -2714.8741827928174644 -1832.1032802464915221 8251.361899019098928 15597
94000000 313.23106612908344459 13070.618656147122238 3565.9272894987061591 -2793.6994322844257113 -1826.9304907755338263 8186.557212558665924 15578
95000000 310.95874752467761937 12975.798527637845837 3560.1740028938866089 -2694.6412191549306954 -1847.0142991111779338 8101.8295211599943286 15583
96000000 310.99291936432507555 12977.224462460757422 3743.2816143476220532 -2762.0835647899548349 -1757.1871790599452652 8262.5523581975212437 15592
97000000 312.07503223444246032 13022.379257746561052 3707.3648621709576219 -2691.8871074012431563 -1774.5821847476170205 8173.8341543198184809 15573
98000000 309.37409506091671574 12909.673579329535642 3787.1008057120134254 -2679.7185319740810883 -1744.5800614767924799 8211.3993991628867661 15586
99000000 313.35048269226433604 13075.601713472355186 3706.426881854498788 -2681.9875846873983392 -1771.2455182241787952 8159.6599847660745581 15574
100000000 307.5285431997014598 12832.661727069178596 3695.3603053844453825 -2648.3936103170917704 -1795.6200179534457675 8139.3739336549824657 15577
101000000 310.67262575201311847 12963.859135335751489 3461.0446669909470074 -2817.6346883625319606 -1899.383052055711687 8178.0624074091911098 15603
102000000 309.5701157230323588 12917.853200064162593 3533.2981895402499504 -2795.1632160659282818 -1962.7717116635378716 8291.2331172697158763 15590
103000000 309.11329330156212336 12898.790749655254331 3640.2598543258268364 -2732.8072635828139028 -1760.6157055566923191 8133.6828234653330583 15597
104000000 306.87961810853653333 12805.58314732342842 3508.866970474772188 -2772.6284600373937792 -1899.2295272468065832 8180.7249577589718683 15594
105000000 308.54293021192626156 12874.990433382985429 3533.6628656194743598 -2754.0687575048450526 -1898.1496870464761741 8185.8813101707955866 15582
106000000 310.18656078370986506 12943.576441408496976 3573.1778491074182966 -2812.8369140416180016 -1819.2579178683599821 8205.2726810173953709 15598
107000000 307.48355973111517869 12830.784640702911929 3732.1984917789486644 -2709.314837378109587 -1803.7237990796538725 8245.2371282367130334 15587
108000000 308.41821330431531578 12869.786201377834004 3548.9433998303238695 -2677.9615107724621339 -1935.1680353414844831 8162.0729459442709413 15599
109000000 311.82724984161529846 13012.039704884276944 3518.6067975021524035 -2714.1405651256068268 -1978.6424546773118891 8211.3898173050711193 15602
110000000 306.99012505442323118 12810.194420931728018 3522.8409849475619922 -2774.6893104220021087 -1906.6110512381762874 8204.1413466077392513 15595
111000000 311.51330894354725842 12998.939466105519386 3665.1555023762675773 -2733.3878045540673156 -1840.8248135527194336 8239.3681204830536444 15587
112000000 310.26190945435877211 12946.720617854563898 3780.3899716276764593 -2743.9925990872934563 -1758.1419897479245265 8282.524560462894442 15583
113000000 309.17534209820212254 12901.379944172187606 3623.2965649227476206 -2801.4450027960610896 -1848.2813056375791803 8273.0228733563872083 15582
114000000 311.07276716930363136 12980.556380403324511 3600.169528384160003 -2719.9325293710444384 -1836.1519463244537747 8156.254004079657534 15592
115000000 310.99095640999735224 12977.142551596121848 3690.1393707547445047 -2666.7101193626790518 -1899.4557315469851346 8256.3052216644100554 15590
116000000 306.05247464019265635 12771.067806995753926 3490.049559791482352 -2750.2105574784959572 -1974.6184683309934371 8214.8785856009726558 15606
117000000 314.08174200795286879 13106.115965370283448 3497.8376886642308818 -2818.1790907502941081 -1998.0582547570131737 8314.0750341715393006 15612
118000000 308.70569529285995714 12881.782353257704017 3442.6772411900165025 -2808.2581647126935422 -1858.0311703673119155 8108.966576270022415 15596
119000000 313.09413250140943319 13064.904640450504303 3605.0844232873405417 -2777.8941681263022474 -1912.9804178228237106 8295.9590092364669545 15598
120000000 311.41063320087243937 12994.654975763216498 3487.5257716376600001 -2801.4188332313078718 -1908.2609785588865634 8197.2055834278544353 15603
121000000 308.95595586977651692 12892.22531667754447 3523.4143810399509675 -2880.5334900563721021 -1856.2642026938142408 8260.2120737901368557 15605
122000000 314.77439577034181184 13135.019270846378276 3465.1971389044401803 -2803.9590159159151881 -1788.394860942421019 8057.5510157627777517 15579
123000000 309.53825004920662423 12916.523497758627855 3744.0428868315357249 -2797.6445240695429675 -1665.2654715716703322 8206.9528824727494793 15573
124000000 309.28455489269123291 12905.937214965215389 3559.6603897196573598 -2780.5472326940493986 -1924.0215326811080558 8264.2291550948139047 15599
125000000 306.58680099039651168 12793.364369235743652 3559.6122000800669412 -2788.1271819189291818 -1849.1984012879652255 8196.9377832869613485 15608
126000000 309.20755193890221335 12902.724007996917862 3777.6884450726165596 -2779.9116611905346872 -1812.5514916229492428 8370.151597886098898 15588
127000000 310.74708530448378951 12966.966210338492601 3584.3679438550934719 -2760.1063133772418041 -1949.3830829232085762 8293.8573401555440796 15609
128000000 307.9012429087675855 12848.213874659968496 3691.4256823768259892 -2784.495579974845441 -1765.5499759975277811 8241.4712383491987566 15583
129000000 306.16553849544038712 12775.785776238077233 3651.7630121564880028 -2814.1779987817890287 -1787.1762789628173778 8253.1172899010925903 15596
130000000 306.95541620145814932 12808.746077423835231 3397.794745772580427 -2760.4644345753613379 -1851.9719282037951871 8010.2311085517358151 15589
131000000 311.26935736684117728 12988.759766917008164 3563.166040979124773 -2809.8994618511969747 -1804.6497238004521932 8177.715226630773941 15598
132000000 308.54738238656653948 12875.17621532866724 3493.8625389557996641 -2819.4623418330115783 -1915.9695097258934311 8229.2943905147039914 15614
133000000 304.20497084361988982 12693.97450367431702 3497.7077002212813568 -2813.1765541646750535 -1817.4260567452492978 8128.3103111312066176 15597
134000000 310.48198000967425969 12955.903801187949284 3505.460444449946408 -2762.6727130616818613 -1817.7486371467130084 8085.8817946583412777 15584
135000000 307.26022776591202046 12821.465364083984241 3593.8119011668504754 -2871.7756068118633266 -1771.593328522784077 8237.1808365014985611 15579
136000000 304.16573203632651712 12692.337132601927806 3542.854416553322153 -2871.6530317070914862 -1829.3564543548427537 8243.8639026152559381 15561
137000000 307.24526052863825498 12820.840805820465903 3705.5231104409094769 -2810.0485378670482532 -1755.6747662758286879 8271.2464145837875549 15586
138000000 308.48532545300673746 12872.586681271417547 3507.5686586419642481 -2806.1828085912457027 -1949.8367254012509875 8263.5881926344609383 15617
139000000 314.57689668094496938 13126.777957766089457 3580.2810530801148161 -2782.4959417660475083 -1882.1893759695622066 8244.9663708157240762 15597
140000000 310.71755438974952312 12965.733933700581474 3443.4928151350504777 -2866.5601780063543629 -1878.6948538076831028 8188.7478469490888529 15605
141000000 310.3558893298513226 12950.642243921529371 3401.1891019775562199 -2841.0710534763456963 -1922.1111901331357785 8164.3713455870383768 15615
142000000 309.28667051622625195 12906.025496465475953 3629.3792726960427899 -2815.7654446943197399 -1823.4828661548376658 8268.6275835451997409 15602
143000000 311.52315841144809383 12999.350468246810124 3496.8821534369585606 -2852.1031598536173988 -1809.2339935960380899 8158.219306886612685 15587
144000000 310.56787783017762195 12959.488176355675023 3434.7172401575653566 -2921.3754603361817317 -1809.4586106896906585 8165.5513111834379743 15596
145000000 310.25319942631375625 12946.35716266964846 3478.9497546245161175 -2900.4592746313587668 -1876.7553459717523765 8256.164375227628625 15598
146000000 307.78065397481049104 12843.181896225061791 3498.7080710004756838 -2845.6423370110674114 -1900.2351880054839057 8244.5855960170265462 15611
147000000 312.40429378607751687 13036.118802271112145 3447.5125554655305677 -2872.851564364567821 -1854.173435887586038 8174.5375557176848815 15602
148000000 306.38588111690637561 12784.98031244570484 3426.0673910635432549 -2825.9703880317447329 -1838.9129267484827324 8090.9507058437693559 15606
149000000 307.61035017052142848 12836.075397789059934 3350.5089340616505069 -2968.1754898514318484 -1874.6735374300076273 8193.357961343088391 15600
150000000 309.89755443418988534 12931.516680445245584 3526.4250837114600472 -2768.5086602708411192 -1850.1058691628086308 8145.0396131451097972 15570
151000000 306.94867013666436151 12808.464575204277935 3426.1222052161601823 -2810.7635756452300484 -1956.5607077014758488 8193.4464885628658521 15621
152000000 310.62287772137977981 12961.783231609666473 3484.9340885810629516 -2859.4747451664725304 -1788.025413872473564 8132.4342476200090459 15601
153000000 303.75067833407848639 12675.017622340865273 3342.2230459240872733 -2823.81359170146834 -1946.861912731440043 8112.8985503569956563 15595
154000000 307.36978214704106449 12826.036888727257974 3543.4026925204570944 -2827.2854669072398792 -1822.4438654218874944 8193.1320248495849228 15594
155000000 311.62500462265961687 13003.600343601672648 3379.6353893043878998 -2894.1178216518428599 -1856.5809797077454277 8130.3341906639761874 15597
156000000 309.38947377550550755 12910.315307866541843 3631.7974921685186018 -2826.1852375013841083 -1805.4110259513499841 8263.39375562125133 15589
157000000 311.19433622345889034 12985.62925764659667 3366.5628801947937063 -2886.0798609403304908 -1987.9307757871599733 8240.5735169222843979 15598
158000000 307.42043451591547409 12828.150529004928103 3407.2064433869818458 -2887.9909280060173842 -1874.8927905549796833 8170.0901619479791407 15595
159000000 304.71356947741520571 12715.197490504864618 3504.6101044774700313 -2831.2568430502410592 -1811.7739918995685002 8147.6409394272795907 15580
160000000 311.86720183317504507 13013.70683596640265 3456.1623984031430155 -2894.3403906841531352 -1842.2703997415724189 8192.7731888288690243 15580
161000000 311.81704511775188848 13011.613878494326855 3588.6264473777787316 -2895.6512553234683764 -1830.1740668985291904 8314.4517695997765259 15590
162000000 311.20268649050683507 12985.977700595149145 3542.3640846029074964 -2894.2020624555057111 -1814.4507047734687148 8251.0168518318823772 15587
163000000 308.71250806672827594 12882.066639137528909 3462.9898850469558056 -2826.0559785491072944 -1787.5647589819493533 8076.6106225780122259 15583
164000000 311.04424904238481986 12979.366365739868343 3507.9574889798286677 -2918.9312196590235544 -1781.3665658476070348 8208.2552744864588021 15581
165000000 307.6164816241475819 12836.331253292621113 3667.4015512526416387 -2768.7153539810565235 -1719.001562683584325 8155.1184679172820324 15589
166000000 309.24031182824165853 12904.091024449229735 3365.618904965551792 -2968.0978960036254648 -1967.6753734245749001 8301.3921743937535211 15603
167000000 307.13231948418751927 12816.127961271278764 3481.3866973328331369 -2872.4568835991894957 -1735.2136503665615237 8089.0572312985841563 15600
168000000 306.64195540555937214 12795.665872521180063 3435.440457617044558 -2870.4729891833871989 -1887.4016435758871921 8193.3150903763198585 15604
169000000 309.91755699125923229 12932.351354345355503 3643.1207996039292993 -2725.618600436579527 -1818.8739917862149014 8187.613391826723273 15593
170000000 310.79225333504695072 12968.8509981733514 3523.1940293054140056 -2828.8224601891574821 -1863.7382239180628858 8215.7547134126361925 15595
171000000 307.71851297936672154 12840.588854403264122 3586.1568498150199957 -2848.2871489948165618 -1774.2777149120488502 8208.721713721886772 15593
172000000 307.97215797818859073 12851.173044198389107 3449.6112249031598367 -2738.4825099042723195 -1960.4617078438113822 8148.5554426512444479 15605
173000000 307.74062746121956025 12841.511655460799375 3383.9256451195487898 -2910.8834792864067822 -1869.6814811658873623 8164.4906055718420248 15597
174000000 310.62069676082433034 12961.692223702702904 3625.3906645630891035 -2893.5497982766182758 -1790.8457697152143737 8309.7862325549212983 15587
175000000 306.45643062132978685 12787.924227556342885 3618.3964038948533926 -2784.4587615192822341 -1921.6320050402835022 8324.4871704544184468 15609
176000000 311.31220906483849831 12990.547897992935759 3377.9230617154598804 -2860.3400446274854403 -1874.4738449309563748 8112.7369512739014681 15602
177000000 306.1542135197252037 12775.31320357568984 3521.819223692457399 -2814.4498679018147413 -1796.4714225123673259 8132.7405141066410579 15567
178000000 310.92259408007669208 12974.289903690278152 3582.2814389897421279 -2823.7676900294259212 -1721.7089370752109971 8127.7580660943785915 15569
179000000 308.28564866049771354 12864.254496211930018 3465.8653243408325579 -2836.1921449464271063 -1856.3205958315891166 8158.3780651188490083 15615
180000000 313.16985295621208252 13068.064330839539252 3392.1592099838776448 -2962.1941132002357335 -1860.9607870995287158 8215.3141102836416394 15610
181000000 311.53221670738736293 12999.728456079754324 3558.3254711498248071 -2846.8235950256121214 -1850.0394836367322569 8255.1885498121700948 15583
182000000 309.77757106234361117 12926.509971124034564 3413.3109921563932403 -2875.5208794164227584 -1862.925805010611839 8151.7576765834282924 15593
183000000 309.97530715720279204 12934.761174053552168 3598.1973579467194213 -2858.1808990034141971 -1823.6837201088706024 8280.061977059003766 15569
184000000 308.93537508802586444 12891.366514409835872 3711.7070484080122696 -2782.7193281906966149 -1725.9445657690926055 8220.3709423678010353 15588
185000000 310.07511097480903572 12938.925823673016566 3486.7170225312966068 -2867.5826629084194792 -1846.1255316596962075 8200.425217099411384 15601
186000000 310.56193917373417435 12959.240365962339638 3460.1342154298017704 -2821.0519704334819835 -1884.4832185226723595 8165.6694043859561134 15598
187000000 306.39800848994070748 12785.486367832201722 3755.439415963747706 -2734.5511000181772943 -1757.0533419396979298 8247.0438579216224753 15576
188000000 309.32633787024201411 12907.680750089728463 3592.1355966036103382 -2872.9037151395259571 -1786.0286199848512751 8251.0679317279882525 15601
189000000 308.89952205626173054 12889.870426197237975 3496.4804559738295211 -2808.1696287240470156 -1882.2976917156963736 8186.9477764135717734 15595
190000000 311.07209174471779534 12980.528196043127537 3524.6047168751501886 -2890.7646531969303396 -1730.9839276226130096 8146.3532976946935378 15582
191000000 311.10321931892764269 12981.827098662257413 3399.0054130339722178 -2883.2589968963484353 -1876.5876981796127438 8158.8521081099352159 15581
192000000 308.29011089379093846 12864.440697888703653 3342.7036255583680031 -2886.5492387440344828 -1896.5474384784824906 8125.8003027808863408 15607
193000000 310.99589732920480856 12977.348728050998034 3309.6333340588998908 -2847.3078162915116991 -1931.5294175892772728 8088.4705679396884079 15599
194000000 312.4101707374049397 13036.364037811159506 3362.7584461713281598 -2822.8003267077574492 -1897.6902288867636344 8083.2490017658492434 15587
195000000 311.10232262292339556 12981.789681008680418 3400.5570992807097355 -2835.131022961752933 -1960.592194985101969 8196.2803172275653196 15601
196000000 312.06058236828204144 13021.776288531058526 3339.9498287807032284 -3004.2454584063971197 -1882.6628636176646978 8226.8581508047664101 15597
197000000 304.56458775257448224 12708.980727473684965 3371.524618338914479 -2903.4829052323466385 -1883.8263334509970264 8158.8338570222585986 15601
198000000 313.00132529438991469 13061.031947915611454 3391.0529787344789838 -2935.4982435703905139 -1785.0151557877829873 8111.5663780926533946 15590
199000000 308.59509250442567918 12877.167080297085704 3497.244497016115929 -2970.4893782540630127 -1788.4577000831559417 8256.1915753533357929 15592
200000000 307.74059304816256599 12841.510219460373264 3455.247176522997961 -2949.606126795282762 -1829.0357189655153434 8233.8890222837944748 15614
201000000 308.43675800130341713 12870.560041167804229 3367.9843030786250893 -2889.7817946022905744 -1845.4361567223847942 8103.2022544033006852 15616
202000000 310.2407646983676841 12945.838281866781472 3417.306786105264564 -2994.2442174297470956 -1836.561162616645106 8248.1121661516572203 15587
203000000 311.4986769841344767 12998.328898437248426 3425.8542797361751582 -2951.5888981734797198 -1817.8400115371273387 8195.2831894467817619 15585
204000000 311.62496555947944898 13003.598713559231328 3355.5538457656466562 -2939.3836411564407172 -1811.4491341202501644 8106.3866210423375378 15594
205000000 308.63437247105019878 12878.806168880859332 3180.4978847229763232 -3011.7769703950125404 -1977.4706988923253448 8169.7455540103146632 15608
206000000 304.95163138633751032 12725.131423516462746 3317.1611666095795954 -2946.0510522774702622 -1958.20878945830259 8221.421008345352675 15610
207000000 311.54653586908835905 13000.325971212534569 3502.9404578647986455 -2919.6729655476315202 -1830.483131584682269 8253.0965549971133441 15586
208000000 310.03100127263587638 12937.085198146096445 3480.880048006645211 -2878.0876593838615918 -1761.715766578760622 8120.6834739692676521 15600
209000000 309.30768974193551912 12906.902594280480116 3324.9195333768411729 -2926.3991105022569172 -1876.5234872254450238 8127.8421311045431139 15596
210000000 310.07788536641379551 12939.04159448437531 3395.189603806393734 -3026.3990754437836586 -1801.6552297901216662 8223.2439090402986039 15572
211000000 309.10803385235237783 12898.57128146580726 3249.4317645586284016 -3036.3145805808217119 -1889.7018067995309138 8175.4481519389819368 15588
212000000 307.67526405964059677 12838.784147916081565 3378.2853506483497767 -2955.0683973305040126 -1782.7575826694928764 8116.1113306483475753 15585
213000000 311.385769029130131 12993.617434656389378 3340.8934619951946843 -2951.0727423086159433 -1859.8040866679530154 8151.7702909717645525 15606
214000000 308.193900604687542 12860.426000319879677 3261.0233485570579433 -2929.948038868958065 -1888.925360699259727 8079.8967481252748257 15576
215000000 308.62110118252712709 12878.252379777164606 3282.0453063868635581 -3058.6602799902334482 -1824.2397134502912195 8164.9452998273891353 15577
216000000 306.32851706135403447 12782.586604490868922 3239.4780001807748704 -2995.6285932525265707 -1925.629537222944009 8160.7361306562452228 15600
217000000 309.02835697064750775 12895.246495871117077 3497.0103052256113187 -2966.0740181395494801 -1727.3870159583220811 8190.4713393234833347 15575
218000000 309.34724083666452543 12908.55299659537377 3317.6720041192456847 -2977.1803269357219506 -1771.9111480053961714 8066.7634790603642614 15581
219000000 310.87234041434055598 12972.192900640649896 3372.7296021441070479 -3051.0543132062171026 -1809.4516646986712658 8233.2355800489967805 15589
220000000 311.20776285882726597 12986.189529119359577 3289.8617413036618018 -3027.6402139232432091 -1814.1546965048833044 8131.6566517317878606 15595
221000000 309.7886285936822901 12926.971383771229739 3469.2879061711896611 -2973.8972637738706908 -1781.4183459000523726 8224.6035158451122697 15590
222000000 312.5812475141892719 13043.502791121629343 3281.6432933433502512 -2907.0328937129038422 -1931.3586908438664977 8120.0348779001215007 15613
223000000 309.72231607951732713 12924.2042713149458 3423.8318915566005671 -2903.6043989095378492 -1833.0524518233446543 8160.4887422894826159 15594
224000000 312.28715127539453533 13031.230637426921021 3382.986467110108606 -2991.1142718058708851 -1806.3555175152710035 8180.4562564312509494 15584
225000000 307.91670125822400905 12848.858926229391727 3412.4823353903193492 -2944.1463665686260356 -1878.0385450933258653 8234.6672470522717049 15592
226000000 308.547695858364591 12875.189295992671759 3351.8846993010693041 -2967.0184323351331841 -1852.6820771646341655 8171.585208800835062 15596
227000000 311.79027977045461739 13010.497004449727683 3305.5648976353431863 -2909.609159868738061 -1914.1516870385605671 8129.325744542641587 15605
228000000 312.95452614051185947 13059.079095980043348 3214.9674559567879442 -3018.7299167636929269 -1845.8879621800654149 8079.5853349005465134 15586
229000000 308.36206160529570752 12867.443083072712398 3445.309237114093321 -3034.6166503235053824 -1711.8408974147182562 8191.7667848523178691 15562
230000000 315.1925406765251978 13152.467771977748271 3418.6598091191826825 -3055.2544279677831582 -1741.7078821481052273 8215.6221192350712954 15584
231000000 312.46896332882829483 13038.817356224935793 3352.5016060377911344 -2860.3978928898486629 -1791.4791571128748728 8004.3786560405151249 15598
232000000 312.12779335360937694 13024.580892715355731 3336.9500344094813045 -2897.2009904200676829 -1864.7211729150494648 8098.8721977445984521 15615
233000000 309.62023647847445318 12919.944656985206166 3554.7817577977125438 -2952.5253972669597715 -1814.9812466245375617 8322.2884016892094223 15586
234000000 306.99297390146574571 12810.31329864638974 3225.77764857631837 -2960.0979544793744935 -1866.2389776263307795 8052.1145806820240978 15598
235000000 313.74035139451865462 13091.870294989850663 3295.0200488533746466 -2995.1189557320076347 -1866.9775933163327863 8157.1165979017168866 15592
236000000 308.99606834690769119 12893.899144559351043 3217.8342904763003389 -3010.997321006936545 -1881.2613508413951422 8110.0929623246320261 15620
237000000 307.53643991886968934 12832.991244208580611 3430.9666903907627784 -2897.1759366863952891 -1826.1702401067393566 8154.3128671838976516 15593
238000000 310.45964979306972964 12954.971997873053624 3543.974528137753623 -2924.1888361078081289 -1734.6849803484919903 8202.8483445940546517 15603
239000000 310.86147128067301537 12971.739349519279131 3253.4611283921785798 -3032.1522717101074704 -1894.4706469989703237 8180.0840471012561466 15606
240000000 309.64510162858618969 12920.982238917787981 3440.7788084863541371 -2934.2788237002896494 -1773.4832208827469913 8148.5408530693912326 15587
241000000 309.94902713728799881 12933.664551924632178 3268.7434485918893188 -3021.2498586247411367 -1898.9340221620323064 8188.9273293786627619 15596
242000000 308.83296738121759972 12887.093208764636074 3178.09788673680805 -2996.4578243719265629 -1857.7322967846425854 8032.2880078933767436 15585
243000000 309.84935354165776289 12929.505336254647773 3438.6005643497492201 -3045.8523363929912193 -1730.0906299855782891 8214.5435307283187285 15560
244000000 307.58653079196449198 12835.081454188280986 3248.8659500118028518 -3048.0457303801749731 -1775.2701252861788817 8072.1818056781576161 15583
245000000 310.31120573959145759 12948.777670985989971 3291.3067440103945955 -3066.5444737099805934 -1726.7047955509322037 8084.5560132713071653 15561
246000000 308.38344761756110302 12868.335486289133769 3391.0015195258806671 -3121.0648761128500155 -1768.9638372843087382 8281.0302329230398755 15589
247000000 309.26704602966572111 12905.206598827622656 3308.4418718167253246 -3061.4034132383626456 -1816.8981709965335085 8186.7434560516212514 15569
248000000 310.0383201684688288 12937.390603665409799 3389.6238672513286474 -3070.7366386367657469 -1797.3060764990987082 8257.6665823871917382 15585
249000000 306.94101668240011804 12808.145209110338328 3232.0058668215824582 -2982.7941417018564607 -1947.7878341336988797 8162.5878426571371165 15606
250000000 309.21635902597296308 12903.0915132957889 3463.2316248975648705 -2971.4173516783339437 -1773.7038345922533153 8208.3528111681516748 15578
251000000 310.60603467535912614 12961.080398923673783 3242.8827542765102407 -3042.8428379779397801 -1834.0329151297207773 8119.7585073841710255 15577
252000000 311.55016887387023417 13000.477570543554975 3151.1179646486025376 -3058.8418593196797701 -1972.3463487226858888 8182.3061726909672871 15599
253000000 309.01804836568641122 12894.816334693337922 3428.5795895674386884 -2850.0684992346782565 -1840.94044281309084 8119.5885316152089217 15575
254000000 310.29941296736899403 12948.285577942591772 3341.9824782393106943 -2884.5925762259275871 -1859.3369508304031115 8085.9120052956423024 15574
255000000 310.47030679481201787 12955.41669707710389 3314.719005247377936 -2932.7627307233219653 -1906.0150311344791589 8153.4967671051790603 15601
256000000 308.22544943469125656 12861.742481252382277 3311.3043465658879541 -2974.20928503505138 -1786.8663098610318229 8072.3799414619716117 15597
257000000 313.6172802471313048 13086.734737859602319 3480.7790398567603916 -3010.1912607477806887 -1769.6808847466068073 8260.6511853511474328 15591
258000000 308.43141515856814294 12870.337093103311418 3302.5136741774845177 -3029.1046838600559568 -1792.8577625792261188 8124.4761206167668206 15587
259000000 310.99511621856714783 12977.31613358519644 3175.1225364757956413 -3022.9055980755824748 -1915.6610665523351145 8113.689201103713458 15594
260000000 309.87167253555355728 12930.43667126431319 3347.9886811827004749 -2946.7874839034502656 -1841.9765161146033279 8136.7526812007536137 15602
261000000 312.48321610170597751 13039.41210106100516 3264.3051454872420436 -3121.5254204057646348 -1818.0287332000884817 8203.8592990930956148 15596
262000000 308.82550413611653539 12886.7817797871121 3339.9534603159281687 -2944.6417242726988661 -1789.1902105387191568 8073.785395127346419 15591
263000000 313.07252152338821816 13064.002849782060366 3276.1296881786997801 -3019.2162125499471585 -1814.0445346342617086 8109.3904353629086472 15586
264000000 309.71737564723179048 12923.998115178523221 3341.6660871825702088 -3055.7966128532834773 -1821.2159136107507038 8218.6786136466052994 15589
265000000 308.53694322576694731 12874.740606269873751 3414.6703362436019233 -3021.9400563022231836 -1762.3707247531212943 8198.9811172989466286 15572
266000000 313.26321635646684172 13071.960232405919669 3338.7868847001682298 -3107.9653435862928745 -1835.8670506255139117 8282.6192789119741064 15595
267000000 311.55557067175595876 13000.702978709783565 3289.9640214005130474 -2981.4376912621382871 -1876.7453440820268042 8148.147056744677684 15577
268000000 308.17534234412835303 12859.651594544335239 3156.9287527307787968 -3020.8628679037828988 -2022.1193686495789734 8199.910989284140669 15610
269000000 307.02934658651167865 12811.831071138150946 3242.0335356999717078 -3009.8494140065931788 -1875.5130923302942847 8127.3960420368593986 15589
270000000 311.93970361791429013 13016.732216532665916 3413.5507791192521836 -2881.2465400961159503 -1949.1753345376732796 8243.9726537530423229 15620
271000000 310.06605710729746761 12938.548020631096733 3211.5672425346720047 -2955.4343813371770011 -1861.0605109114276274 8028.0621347832766332 15584
272000000 310.27924608028490638 12947.444046820486619 3417.6747510069253622 -2938.1975648647667185 -1870.8153201861464368 8226.6876360578389722 15595
273000000 311.56138070786039407 13000.945421987322334 3332.8314850353699512 -2963.2955198260488032 -1812.8256583688407773 8108.9526632302604412 15593
274000000 311.66020509523031023 13005.06920158939829 3297.8952750298049068 -3052.0538531900474482 -1845.2052998888073034 8195.1544281086607953 15591
275000000 309.51121575299299593 12915.39540091685376 3425.2742895419278284 -2934.5416905117999704 -1841.7882759144986267 8201.6042559682264255 15596
276000000 312.25028124433259791 13029.692111501615727 3520.0201177498779543 -2960.4186999520848076 -1783.5953647327796716 8264.034182434741524 15578
277000000 315.58895776837670155 13169.009607053054424 3264.0362606318385588 -3059.1991858301621505 -1842.5093693490359783 8165.7448158110364602 15599
278000000 307.82096572989831884 12844.864039649162805 3230.8893863303796934 -3083.3765608190046805 -1831.901175988015666 8146.1671231374002673 15584
279000000 310.96713636974180872 12976.148580383745866 3390.7606568167793739 -3053.2480402973656055 -1816.0425566239296131 8260.0512537380745925 15578
280000000 308.95490788175737862 12892.181585856322272 3270.3692380030051936 -3044.5809525138520257 -1840.0487401116797628 8154.9989306285369821 15584
281000000 308.31429691893231393 12865.449941050110283 3339.5295560324084363 -3054.6275450900893702 -1800.1115042719166013 8194.2686053944144078 15603
282000000 309.8383461825655445 12929.046017213009691 3305.0004124364581912 -3111.3466393829676235 -1780.3481913680075195 8196.6952431874324247 15600
283000000 307.72858644607180167 12841.009203647274262 3213.6924404920109737 -3015.6258649370884086 -1908.042041516847803 8137.3603469459467306 15591
284000000 311.95968179379434559 13017.565873045732587 3278.1599488043020756 -3173.7858707222585508 -1827.8716540103957868 8279.8174735369557311 15595
285000000 306.64824575436500709 12795.928358459974334 3106.3753888133060173 -3166.4596633592027501 -1863.8301045120590516 8136.6651566845675916 15587
286000000 312.39705224927894278 13035.816624817425691 3161.0911459600210947 -3046.5133373865382964 -1935.647672003545722 8143.2521553501046583 15605
287000000 310.58999094395750262 12960.410920325770348 3020.2998374568328472 -3154.2500710122385499 -1971.3093035354040694 8145.8592120044759213 15601
288000000 311.83878277577707649 13012.520955311567377 3259.6576869832001648 -3073.5635756918982224 -1861.1409442507056156 8194.3622069258035481 15585
289000000 314.62460510021935534 13128.768751855352093 2942.1492721322892976 -3205.9448884679768526 -1925.5032901151810165 8073.5974507154478488 15608
290000000 307.84576302391235458 12845.898790058075974 3342.610706050160843 -3051.75729905019125 -1705.475971583761293 8099.8439766841129313 15569
291000000 307.36087657914634974 12825.665273985123349 3293.0378807469660387 -3078.0502945374882984 -1810.4448532556916689 8181.5330285401469155 15593
292000000 310.70759109659525166 12965.318181818151061 3313.1805112147603722 -3159.0596966697094103 -1751.998280166701079 8224.2384880511708616 15584
293000000 313.84987162869072108 13096.440394736613598 3199.1516533937979148 -3135.9609864968788315 -1781.6142585769789548 8116.7268984676557011 15583
294000000 310.74835280124568726 12967.019100899531622 3317.9649077912658868 -3070.4510059279746201 -1835.3722073775841181 8223.7881210968262167 15577
295000000 311.30954353008553426 12990.436669599464949 3280.3163547210983779 -3119.7021938671100543 -1732.3243293130019538 8132.3428779012101586 15566
296000000 310.45989048522648091 12954.982041561994265 3080.1615875357383629 -3168.40536573918871 -1922.8294445580468164 8171.3963978329738893 15586
297000000 309.38238851981071775 12910.019651766997413 3236.3495721579743076 -3142.3786956463400202 -1806.5937040687863373 8185.3219718731006651 15573
298000000 305.88680274785559732 12764.154590648664453 3014.9108958134611385 -3236.8010085256132697 -1718.7466798708633178 7970.4585842099368165 15562
299000000 310.94096268501164104 12975.056395447678369 3065.8806495981289117 -3223.5067060806659356 -1782.3878979141013588 8071.7752535928966608 15589
300000000 308.94773362915776715 12891.882216061903819 3091.5266185645127734 -3155.7015172125284153 -1839.706863151465086 8086.9349989285065021 15606
301000000 310.9475514606657498 12975.331334249407519 2954.6794143428001007 -3200.7072581363481731 -1951.2044592400702641 8106.5911317192185379 15602
302000000 311.65380155466408496 13004.801992344080645 3094.5264676777060231 -3084.961111569879904 -1901.8901144796795961 8081.3776937272650684 15593
303000000 311.94238496102178715 13016.844104582844011 3043.9774413064637884 -3205.2719080438459969 -1832.8086160026891775 8082.0579653529994175 15583
304000000 308.12553711860761041 12857.573304169405674 3103.797926312022355 -3105.3800173964250462 -1799.1553788655460266 8008.3333225739943373 15579
305000000 311.6653271167983803 13005.282935148756223 3023.8502878075078115 -3154.8271948718397653 -1922.2320796676597183 8100.9095623470075225 15596
306000000 310.12413866982740274 12940.971668975316788 3014.0216240184126946 -3177.4457068310657633 -1839.8206360745316488 8031.2879669240110161 15586
307000000 311.99062480946355436 13018.857074339657629 3272.0715406991466807 -3066.9163042583340939 -1764.8362165854812247 8103.8240615429622267 15578
308000000 312.71250613357818793 13048.979998030146817 3249.9695782836033686 -3099.8993294006268115 -1801.7832059443549042 8151.6521136285864486 15596
309000000 306.77594824664748785 12801.257174016782301 3152.0310308949392493 -3148.1082209652595338 -1777.9631232108899894 8078.1023750710883178 15582
310000000 308.53081760730157157 12874.484994258002189 3110.034517796109867 -3197.7153443183833588 -1808.7664194123315156 8116.5162815268249688 15590
311000000 307.89065270859964585 12847.771962976054056 3165.8483716513892432 -3107.80247439537834 -1773.7875695949201145 8047.4384156416872429 15567
312000000 313.26689066869261069 13072.113555428824839 3084.9226642652170085 -3133.0686999588028812 -1845.1563837837913979 8063.1477480078119697 15582
313000000 310.00635731961563124 12936.056846405355827 3074.2154381932427896 -3172.5775234409770746 -1832.7737808684782976 8079.5667425026986166 15592
314000000 309.82401473259631075 12928.447989310949197 3145.5966273077665392 -3077.6402258318453278 -1901.4481534146482318 8124.6850065542603261 15593
315000000 309.32181074607012761 12907.491840623017197 3061.5253359718126376 -3228.553692674181093 -1837.5892208196974025 8127.6682494656906783 15576
316000000 308.44184082105533662 12870.77213889966697 3089.7829737692636627 -3228.7323597688509835 -1765.8557767722509197 8084.3711103103660207 15584
317000000 307.63247554175751475 12836.99865324269922 2970.8366682151513487 -3177.8059841216336281 -1896.0466302993122554 8044.6892826360972322 15582
318000000 309.10021650875177102 12898.245076538658395 3091.7811231293285346 -3158.4635412899219773 -1842.4701426683639056 8092.7148070876146448 15598
319000000 314.37741242168306144 13118.453806803228872 3010.4846273172865949 -3132.5998587862050044 -2008.9563985801416948 8152.040884683634431 15605
320000000 309.86935429616391957 12930.339934936751888 3288.7538720370448573 -3006.2466345988996181 -1793.3723331988949212 8088.3728398348393966 15590
321000000 308.80468190565068198 12885.912902260522969 3224.1857160065651442 -3012.9157848270760951 -1805.8594664910283427 8042.960967324669582 15597
322000000 310.48516023350219939 12956.036506712371192 3323.2894589848046962 -3046.7056982503668223 -1835.5805117800969128 8205.5756690152702504 15578
323000000 307.67262908796027432 12838.6741948695053 3260.6737987975548094 -3077.0106440992544776 -1828.7542959408656316 8166.4387388376744639 15584
324000000 308.3035255557185792 12865.000469729422548 3263.7198344751850527 -3010.3561689465150266 -1804.4581653733039275 8078.5341687950040068 15575
325000000 311.24651459459704483 12987.806575495920697 3264.5887015767111734 -3039.2973846656814203 -1911.9542406549146563 8215.8403268973088416 15599
326000000 306.66403341676357286 12796.587151718364112 3327.0513082118395687 -3137.9991229358538476 -1752.4847628098091263 8217.5351939575011784 15578
327000000 307.44317711077985678 12829.099540188259198 3168.0927771334072531 -3137.2766515573603101 -1900.825306563157028 8206.1947352539245912 15595
328000000 311.61325394376768827 13003.110007043918813 3177.0455238748795637 -3180.2185940437484533 -1743.3465308899271804 8100.6106488085561068 15585
329000000 309.30931443677673087 12906.970390131526074 3073.9601829957009613 -3137.7713868502687546 -1829.2901659912208743 8041.0217358371901355 15584
330000000 311.88436728936301279 13014.423122299889656 3209.99783090690471 -3069.2267055544675713 -1882.424524311937148 8161.6490607733103388 15601
331000000 311.94873743494986229 13017.109182901105669 2862.0541340411559759 -3121.6638178010762203 -1994.3200410567669678 7978.0379928989996188 15581
332000000 312.41706109094974408 13036.651560963646261 3374.463788501720046 -3112.4350479417362294 -1741.3242743531627639 8228.2231107966181298 15581
333000000 311.39459513833031679 12993.985733717521725 3133.2849795585125321 -3051.2701517304130903 -1792.0095351860518349 7976.5646664749774573 15599
334000000 306.43409995419915504 12786.992405441733354 3252.388300622139468 -3107.3765687747354605 -1852.9230605910131544 8212.6879299878874008 15584
335000000 306.82681867622085292 12803.379913609775031 3185.8199345399466438 -3233.3464339798265428 -1711.4395821218386118 8130.6059506416113436 15566
336000000 310.97923402635655066 12976.653395752789947 3220.1033422424143282 -3121.9448452344086036 -1767.6070220297663127 8109.6552095065908361 15579
337000000 309.56506408040792167 12917.642403302696039 3323.3801409848738331 -3097.155536206907982 -1742.5680009205509577 8163.1036781123330002 15589
338000000 308.06635891902539015 12855.10389495959862 3273.0082607572821871 -3198.7909918951145301 -1716.2803647892760637 8188.0796174416736903 15576
339000000 310.25627383591375974 12946.485452739887478 3215.7507308711337828 -3190.5552870432925374 -1659.1618828826440222 8065.4679007970698876 15555
340000000 310.57031783153399829 12959.589993610406964 3199.9468042045609764 -3096.1208425062850438 -1870.4250227673724112 8166.4926694782170671 15575
341000000 309.68831806110119942 12922.785589766932389 3214.5209862765614162 -3164.4716532803604423 -1873.6079359942714291 8252.600575551194197 15598
342000000 310.13300271786357598 12941.341551161853204 3328.5128073396381296 -3100.608495364447208 -1722.1116266066451317 8151.2329293107304693 15553
343000000 306.33798594734429344 12782.981725573228687 3215.0225865076213267 -3138.328242345707622 -1822.1310987463152742 8175.4819275996451324 15585
344000000 307.56467863165835297 12834.169599378654311 3250.7320578220692369 -3124.5385459804392667 -1860.4527646622732391 8235.7233684647817427 15609
345000000 309.43484360700421121 12912.208516523465732 3185.6573066165319688 -3135.4422730692608638 -1803.5630948792554591 8124.6626745650482917 15583
346000000 308.74847254627360371 12883.567377883251538 3169.0754372013475404 -3125.7179734161618399 -1779.2404055128986329 8074.0338161304080131 15601
347000000 307.85766043012819182 12846.395249306408004 3229.3429223410257691 -3196.7468676168464299 -1858.8112179039303555 8284.9010078618030093 15584
348000000 314.58087309776186657 13126.943887118097336 3272.1069059347978509 -3049.7385007542966378 -1862.6622836982533045 8184.5076903873477931 15594
349000000 309.77695954222895125 12926.484453392609794 3241.9295706406360296 -3032.8717063791018518 -1785.4620645791692368 8060.2633415989075729 15577
350000000 309.29122445310201783 12906.215524782344801 3328.8859305236810542 -3041.02747472003648 -1809.8418920343337959 8179.7552972780522396 15580
351000000 308.71217064335905889 12882.05255901374403 3256.5414177971615572 -3073.8291450713863924 -1731.7483193957589265 8062.1188822643071035 15582
352000000 309.05651452093133003 12896.421464262981317 3245.2042611729129931 -3124.5344019681824648 -1809.8590986471974702 8179.5977617882936102 15578
353000000 305.68277771497264439 12755.640960649965564 3097.5829678485833938 -3176.836876539388868 -1922.0002494945022136 8196.4200938824742479 15595
354000000 308.54093180622140835 12874.907043190527475 3379.8262810634805646 -3129.8504864230108069 -1774.4984131970327326 8284.1751806835254683 15571
355000000 312.07324912094458114 13022.304851344797498 3415.3045072455388436 -3049.1708727982968412 -1696.2238228063292809 8160.6992028501654204 15588
356000000 312.36149229632979996 13034.332766303094104 3222.8256435011985559 -3076.3753484926482997 -1841.3381903409556344 8140.5391823348027174 15579
357000000 309.87184763012430722 12930.443977673576228 3203.609002486549798 -3104.0066479445363257 -1868.4852730091149624 8176.1009234402008587 15602
358000000 313.7511464073070897 13092.32075316850387 3226.986260595290787 -3107.7002757685922916 -1856.8750846235329846 8191.5616209874169726 15595
359000000 310.87330508122613537 12972.233154607625693 3113.7990771909753676 -3087.1162060200936139 -1964.9170185004072664 8165.8323017114762479 15594
360000000 304.57486629099321362 12709.409634023964827 3163.8175493024446041 -3114.771625360557664 -1869.0992987609961347 8147.6884734239974932 15594
361000000 308.88963869044204102 12889.458009551388386 3132.8521423047350254 -3101.7981346229298651 -1912.1261518245128173 8146.7764287521767983 15589
362000000 309.13764430704526376 12899.8068771757371 3307.9014882561218656 -3005.3146573493531832 -1757.2667736528419482 8070.4829192583165423 15570
363000000 308.02198682285910536 12853.252320161700482 3205.9844159091157962 -3117.4720632071303044 -1835.9916757371104268 8159.4481548533567548 15595
364000000 314.32089572066837491 13116.095457563495074 3311.1924206352277906 -3120.4893930551506855 -1807.7237446710505537 8239.4055583614281204 15590
365000000 311.32787959821695267 12991.201803649419162 3161.9354409725929145 -3050.6144365212921912 -1885.0982403421378422 8097.6481178360227204 15583
366000000 307.95120146524573101 12850.29856328427195 3205.0962590781746258 -3105.6412005481342931 -1766.1034905768108274 8076.8409502031190641 15580
367000000 310.82489143899340434 12970.212932720954996 3312.1769077714525338 -3134.3131616862283408 -1841.7179727839434236 8288.2080422416238434 15570
368000000 310.10365492183717606 12940.116915767286628 3431.5236939016385804 -3040.5419122163857537 -1816.6494575773140241 8288.7150636953392677 15589
369000000 307.78269833866278304 12843.267204175635925 3173.4533855013978609 -3074.2785078149640867 -1856.0164879913945697 8103.7483813077560626 15577
370000000 309.91829315206581441 12932.382073128428601 3288.4560501167607072 -3118.2609160841989251 -1757.2308657723813212 8163.9478319733407261 15578
371000000 308.83015776915590322 12886.975968261374874 3257.5490354729508908 -3047.7611087073810268 -1908.9263600172826045 8214.2365041976136126 15581
372000000 313.44183199698210274 13079.413570135313421 3328.5931136897625038 -3016.8588007189750897 -1777.7959300433435601 8123.2478444520811536 15572
373000000 309.96816176616556504 12934.463008604796414 3408.2792018406221359 -2992.2944177694203063 -1853.1443869083980189 8253.7180065184402338 15591
374000000 311.26540495866220226 12988.594839406083338 3289.6676595791145701 -3016.5297551084149745 -1823.9474987253361178 8130.1449134128661171 15604
375000000 311.34528433690348947 12991.928074849121913 3072.006223826040241 -3105.5802220440518795 -1915.9209959547106337 8093.5074418248041184 15604
376000000 308.19783194096004308 12860.59004853470833 3434.0209507765448507 -3087.7374090822781909 -1779.3692551302831362 8301.1276149891054956 15590
377000000 307.04200830931006294 12812.359424063908591 3162.4913939553421187 -3090.4869597898086795 -1854.6773575137362968 8107.655711258887095 15595
378000000 310.40372459414709283 12952.638331045493032 3161.4788665266146381 -3067.7354158335929242 -1883.8598944903665142 8113.0741768505740765 15596
379000000 310.05822058807859776 12938.221015536848427 3369.411855434802419 -2934.0432660994133585 -1806.0851216040941836 8109.5402431383099611 15580
380000000 306.76592965021075088 12800.839114419077305 3279.0491881492926041 -3061.8347877363621592 -1845.9435616434227541 8186.8275375290777447 15586
381000000 310.69354218331017137 12964.731943708527979 3461.3456096367044665 -2977.2549723418801477 -1822.8132119118577066 8261.4137938904423208 15577
382000000 308.08997172434726508 12856.089218598081061 3239.2556346501705775 -3034.2581626182159198 -1872.5853049265977006 8146.09910219498488 15585
383000000 311.78781045509049363 13010.393963969530887 3345.9769542135527445 -3153.6121386782838272 -1791.812875155523443 8291.4019680473611515 15589
384000000 307.57819841351778223 12834.733757701718787 3344.1623456809415984 -3063.8064766588772727 -1753.5577100999144022 8161.5265324397332733 15566
385000000 306.67139514370137476 12796.894344509435541 2988.6043230175805547 -3138.030924961981782 -1952.1710948641750747 8078.8063428437380935 15611
386000000 308.43227316115235226 12870.372896143931939 3255.8880833424113916 -3035.3309507231533644 -1861.4200073824231367 8152.6390414479883475 15584
387000000 310.76359633651884451 12967.655188625405572 3333.7896438245534227 -2990.6170982703124537 -1797.87034248631835 8122.2770845811846812 15592
388000000 312.73025567035301719 13049.720657088566441 3356.4515211880207062 -2934.3438076586121497 -1839.4163628280966805 8130.2116916747299911 15591
389000000 307.40544236473004958 12827.524931124737122 3322.0250182326481081 -2992.4556778804330861 -1821.4346157329036942 8135.9153118459844336 15583
390000000 307.19830163128449385 12818.881288051652518 3167.6658039412004655 -3116.0077792738793505 -1868.5409752652717543 8152.2145584803511156 15615
391000000 309.91279607501081728 12932.152689118734997 3374.4114469121786897 -2997.4385818108908097 -1831.6337681813031395 8203.4837969043728663 15581
392000000 310.83487479240488938 12970.629521685017608 3227.2849096553341042 -3114.8401824886709619 -1768.4739864542893883 8110.5990785982949092 15559
393000000 313.0329945010939241 13062.353451970386232 3341.6340160874751746 -3032.5845269565811577 -1851.6177466511526291 8225.8362896952094161 15587
394000000 311.44550879213335293 12996.110276986726603 3413.0699139164617009 -3060.6349039192632517 -1715.0582835591858384 8188.7631013949103362 15577
395000000 308.75299257413718124 12883.755991232656015 3054.7614991945029033 -3058.4748237911589968 -1925.7455685153818195 8038.9818915010437195 15587
396000000 307.50197239730778165 12831.55297106432954 3297.6850378178692154 -3065.5112776797859624 -1786.5348122977220555 8149.731127795377688 15602
397000000 308.55634365812261422 12875.550154493232185 3276.4650501388982775 -3054.8750028834392651 -1769.9618519474129243 8101.301904969750467 15591
398000000 311.41669653882485136 12994.907988911429129 3176.5388227613657364 -3093.0378735077183592 -1920.9253531280210154 8190.5020493971042015 15592
399000000 310.88202303039304297 12972.596940327965058 3073.5808698914643173 -3126.3698227844533903 -1863.1127964385548239 8063.063489114472759 15571
400000000 305.94331699951283099 12766.512837680729717 3146.153258998011097 -3113.4984777649028729 -1866.3017093079015467 8125.9534460708164261 15597
401000000 308.01923800210482796 12853.137616379994142 3231.312881226906029 -2992.9978460285137771 -1907.7016612426150459 8132.0123884980339426 15586
402000000 306.12816203099521317 12774.22611767829585 3288.6457735521426002 -3028.6625612600455497 -1816.4238152943671594 8133.7321501065562188 15602
403000000 307.37363982970117604 12826.197863497640355 3445.3216753376964334 -2948.3240006154615003 -1744.8755052566662016 8138.5211812098241353 15579
404000000 310.6241074515637024 12961.834546233349101 3280.9702667103265412 -3021.9783685950042127 -1848.6325769939908241 8151.5812122993211233 15585
405000000 306.05916588090144614 12771.347021496161688 3354.4582468482367403 -3043.6212150355186168 -1843.6875638924007035 8241.7670257761546964 15586
406000000 312.18053613790220879 13026.781762599925059 3306.1633446996343082 -3080.7499298119250852 -1829.7250969346405327 8216.6383714461990166 15589
407000000 310.99439151756570254 12977.285893000995202 3144.3747273103226689 -3031.6970439079441348 -1869.8478490615520968 8045.9196202798193553 15580
408000000 313.21887018112187206 13070.109739241381249 3467.5419985428993641 -3011.1299185053949259 -1714.3570844951061645 8193.0290015434002271 15570
409000000 306.97201245528617619 12809.438611876395953 3224.7136745088409953 -3120.6354144700117104 -1859.4753537521773978 8204.824442731031013 15602
410000000 307.86123052878951967 12846.54422366819017 3095.0433612594706574 -3010.6877504931399017 -1963.095698580862063 8068.8268103334730768 15600
411000000 305.55145940374194424 12750.161262898791392 3328.8282507428898498 -3016.8098230037762733 -1773.6428861358813265 8119.2809598825469948 15569
412000000 311.89021021395717526 13014.666937960164432 3273.4766552740388761 -3079.1486739840684095 -1797.3894159871092597 8150.0147452452147263 15585
413000000 312.09866866343213587 13023.365567161956278 3337.6435616772150752 -3038.2164489551387305 -1858.2719520118616856 8234.1319626442164008 15595
414000000 312.00425779588175601 13019.425956503291673 3300.7836565992984106 -3093.6243533747174297 -1797.6205726864754979 8192.0285826604922477 15565
415000000 307.91058479873959186 12848.603696406773452 3159.3761666614618662 -3123.6639908797355929 -1812.1059551618432124 8095.1461127030406715 15597
416000000 309.61726287740503949 12919.820573489612798 3314.7851389603110874 -3071.2870201625564732 -1776.3297628434843318 8162.4019219663523472 15571
417000000 313.43338815634064076 13079.061222514174005 3144.0988210169443846 -3110.6780493799251417 -1836.4160091134817776 8091.1928795103513039 15579
418000000 310.78348403524353216 12968.485069675172781 3195.064095130365331 -3188.0081736750275923 -1864.8675426669724402 8247.9398114723662729 15596
                                                                                                                                                                                                                                                                                                        423000000 311.66468284183764581 13005.256050611325918 3189.2253116425131338 -3118.81724157649478 -1822.5024546906304295 8130.5450079096390255 15599
424000000 308.94549707869202848 12891.788888479157322 3372.4458840157503801 -3086.9955352429228697 -1698.6162062613516355 8158.0576255200248852 15571
425000000 311.49984128075851686 12998.377482625794073 3183.8249614584547089 -3019.2750709824072146 -1821.5592277465088955 8024.6592601873717285 15600
426000000 313.31255119815654098 13074.018894435061156 3210.0875182497256901 -3000.2709722819940907 -1893.5478097060070013 8103.9063002377261 15594
427000000 312.08607251541894811 13022.83995056443564 2978.1292987121701117 -3152.4342867264886081 -1943.7754266913079846 8074.3390121299671591 15596
428000000 312.28565463168365568 13031.168184939526327 3423.6748235418617696 -3067.0230452795403835 -1632.528877190876301 8123.2267460122784541 15563
429000000 308.34147927890006713 12866.58421634950173 3252.381588614300199 -3158.6451666414250212 -1768.4626639109405914 8179.4894191666671759 15572
430000000 310.27771948809299829 12947.380344632096239 3217.3023136575548051 -3011.9379559958665595 -1809.0855479825545444 8038.3258176359759091 15583
431000000 307.29274514967556797 12822.822261176348547 3358.8088543730277706 -3059.8627096811787851 -1734.3503339172389133 8153.0218979714445595 15568
432000000 310.78570260830900907 12968.577647090491155 3164.8340435438940403 -3062.4916128062000098 -1917.058395476627993 8144.3840518267215884 15594
433000000 311.58307592239083306 13001.850727707138503 3274.4664337017056823 -3051.1401296387243747 -1782.3462168008932167 8107.9527801413223642 15573
434000000 311.34742667942134631 12992.01747128871466 3248.338308375026827 -3032.2161033074971783 -1783.5698654007715049 8064.1242770832968745 15582
435000000 310.61520010369252986 12961.462857215716213 3241.3129372255489216 -3010.5476914905675585 -1876.4981432325814694 8128.3587719486986316 15589
436000000 309.63070886533182602 12920.381652512898654 3234.5400824782418567 -3147.3144573014324124 -1687.1081635532518703 8068.9627033329252299 15570
437000000 309.20854779942720825 12902.765563623304843 3267.037495314496482 -2941.2389737554467501 -1751.6121165975109761 7959.8885856674542083 15586
438000000 309.7623412277865782 12925.874455106573805 3142.7135024894137132 -3037.9698922719398979 -1977.5895168108181679 8158.2729115721722337 15590
439000000 309.18164865089585192 12901.643106272655132 3181.2122761244609137 -3014.1296670082833771 -1862.2081631922862925 8057.5501063250312654 15584
440000000 308.58317655858030548 12876.66984742042041 3306.6692907540950728 -3009.6838324409472989 -1812.5218867422777294 8128.8750099373191915 15591
441000000 309.73913493421309795 12924.906094536629098 3256.8212125363816085 -3133.1217991859593894 -1719.4569880540766462 8109.3999997764176442 15567
442000000 307.72778103565434549 12840.975595191514003 3298.6198344502668078 -3045.3133046967877817 -1838.1070267638901896 8182.0401659109447792 15573
443000000 308.92157428383751494 12890.790629485894897 3114.8713545929140309 -3142.1725182018435589 -1904.1144692565865171 8161.1583420513452438 15590
444000000 308.95033299421459105 12891.990683302479738 3417.2654512960634747 -3035.0584882562206985 -1788.6781666466622482 8241.0021061989464215 15573
445000000 305.75979740609477631 12758.854866039722765 3284.5644213223645238 -3078.289780031211194 -1768.9639828425113137 8131.8181841960868041 15581
446000000 311.25282907847503111 12988.070068551700388 3391.6193981870264906 -2980.0164018946079523 -1794.1850447556585095 8165.8208448372934072 15586
447000000 311.40012710218240954 12994.216573496039928 3275.4304529562655262 -3023.2849106749326893 -1828.2572673263478009 8126.9726309575462437 15581
448000000 308.13205631277446628 12857.845339449791936 3171.6196921259629562 -2995.254121498321183 -1954.5158501775922559 8121.3896638018768499 15604
449000000 309.75020559956533361 12925.36805524466763 3133.3266881733115952 -3088.1470521605388058 -1854.03576856326913 8075.5095088971193036 15592
450000000 310.80359972153001991 12969.324464271967372 3068.7468320326270259 -3134.9197748250685436 -1918.3723881932096447 8122.0389950509052142 15584
451000000 308.51915177069361107 12873.998198029607011 3379.2910189593567338 -3060.9160301947654261 -1794.3531431942496965 8234.5601923483718565 15597
452000000 308.06484979838074878 12855.040921830222942 3324.0148557583152069 -3053.4337621062641119 -1830.8414360494225548 8208.2900539140009641 15594
453000000 306.27520830283219766 12780.36211742998421 3149.2465262321456976 -3060.8382271211567058 -1866.1267027132016665 8076.2114560665040699 15617
454000000 313.04506150261437369 13062.856988152623671 3330.7996682758302995 -3095.3802488673636617 -1810.093531381813591 8236.2734485250075522 15590
455000000 307.17083293317563175 12817.7350643312584 3265.1409181426265604 -3093.3057820045896733 -1796.5494221035655755 8154.9961222507808998 15595
456000000 307.17056973369511752 12817.724081448612196 3373.4779907049514804 -2953.7932032389626329 -1818.9951595173924943 8146.2663534613066076 15592
457000000 313.60802086108185449 13086.348358866171111 3390.367345237776135 -3088.6327889150361443 -1731.6813403297278455 8210.6814744825405796 15587
458000000 307.03003514138896435 12811.859803403873229 3290.3898866010658821 -2991.1711618501867633 -1828.5832576448760847 8110.1443060961300944 15604
459000000 308.65645942301404148 12879.72782116127928 3132.7273152584380114 -3113.9348593648160204 -1829.0560420978122238 8075.7182167210658008 15599
460000000 311.32201138328713341 12990.956932664916167 3301.1646850107140381 -2996.1515197292942503 -1880.2969900413997948 8177.6131947814083105 15583
461000000 310.08774143637737097 12939.452872118916275 3014.7366543815332989 -3098.7583582134056996 -1944.4158026890386282 8057.9108152839780814 15607
462000000 314.8809380380729408 13139.465104937753495 3315.9868460726074773 -3063.2143267761684911 -1817.7929111488888338 8196.9940839976643474 15590
463000000 311.31412376709323553 12990.627795377702569 3420.5515107098035514 -2995.8012321649821388 -1780.3348636595185326 8196.6876065343039954 15583
464000000 308.44797549685250715 12871.028128859139542 3302.8734783332715779 -3107.2838916585569677 -1794.1939364483723693 8204.3513064401995507 15579
465000000 308.00899357719379168 12852.71013333043993 3088.903026211460201 -3144.1101043773041965 -1876.3928729048307105 8109.4060034935946533 15595
466000000 308.25451775584951974 12862.955454619070224 3120.8270542667632981 -3105.5175248363830178 -1920.139775873605231 8146.4843549767520017 15584
467000000 311.98699628355694813 13018.705661904758017 3288.6797482346319157 -3174.0704042802162803 -1742.3843178411855206 8205.1344703560334892 15591
468000000 312.40380699278176735 13036.098489185274957 3315.6573730992358833 -3096.9711488526663743 -1703.8192710323789925 8116.4477929842814774 15566
469000000 303.33249172941816596 12657.567381200442469 3075.2417936097472193 -3106.2737258176439354 -1847.0353339686198524 8028.5508533960110071 15585
470000000 310.3255076290028569 12949.374465374456122 3159.6426652391355674 -3143.0805829375476605 -1832.6100059129632882 8135.3332540896462888 15611
471000000 306.51313615811125146 12790.290456602911945 3229.7607219706969772 -3109.1714986068777762 -1819.4004595507453814 8158.3326801283192253 15568
472000000 312.39231824045515395 13035.619082393504868 3476.2435238408133955 -3138.4062871214209736 -1690.2864705419822258 8304.9362815042168222 15576
473000000 310.41669803359474145 12953.17969139577508 3153.4777616427959401 -3162.2563746692294444 -1858.5014648543644853 8174.235601166390552 15598
474000000 310.11880121345166117 12940.748945674773495 3327.6892025864908646 -3125.0938758307620446 -1762.7281530791935893 8215.5112314964462712 15593
475000000 310.32688836518599373 12949.432081230817857 3204.1094185466445197 -3090.305250402501315 -1821.157861031010043 8115.5725299801570145 15584
476000000 313.89519418855479671 13098.331630825756292 3224.6766911719269046 -3129.6915635584882693 -1744.5879853413396177 8098.9562400717541095 15579
477000000 310.97989476569193812 12976.680967321570279 3194.0702241328745004 -3126.2946897244546562 -1946.5836707790624587 8266.9485846363913879 15585
478000000 307.17806765613892139 12818.036957454774893 3001.8855817043513525 -3190.1842724934826947 -1837.633712287984963 8029.703566485819465 15589
479000000 310.78206338191432678 12968.4257881417725 3270.932738781243188 -3064.6364502074070515 -1781.2665139832090517 8116.8357029718581543 15586
480000000 310.78794722654549787 12968.671311328078446 3245.9133010903174181 -3092.2574122718806393 -1872.3825833913883798 8210.5532967535855278 15577
481000000 305.9373080329229424 12766.262093360299332 3381.9460915899580868 -3020.777733005682876 -1778.4958976459474798 8181.2197222415879878 15574
482000000 313.70207771825289456 13090.273197252321552 3467.1164551596525598 -3078.9824703273543491 -1699.6306681670914713 8245.7295936540995172 15582
483000000 307.84460650814344262 12845.850530551853808 3360.4482854338502875 -3057.1076688607108736 -1804.4928445386663043 8222.0487988332279201 15586
484000000 305.01479415475006363 12727.767102248428273 3222.025299249843556 -3075.1823112559623041 -1771.4868162842199126 8068.694426790025318 15585
485000000 310.45237526720808319 12954.668443839871543 3265.2038152126942805 -3153.6125702774056663 -1782.9730797446022734 8201.7894652347022202 15603
486000000 309.40900847693546893 12911.130458918152726 3117.6425416306992702 -3166.7641423447394118 -1885.206211471750521 8169.6128954471896577 15607
487000000 308.62221731405816172 12878.298954115376546 3187.3795384486311377 -3116.7905353353316968 -1878.948848215623002 8183.1189219995858366 15603
488000000 311.52283585926124942 12999.337008673073797 3122.4309054644936623 -3082.2584327109584592 -1944.6633677773434101 8149.3527059527950769 15607
489000000 309.86558791359186671 12930.182769969302171 3134.2893123603089407 -3087.6419335391069581 -1899.8258588901680923 8121.7571047895853553 15602
490000000 305.05177020004185806 12729.310051973670852 3110.3839520596688999 -3158.2177903028086803 -1787.1963941402955243 8055.7981365027726497 15579
491000000 310.60157592521073866 12960.894342592822795 3271.4372484865598381 -3057.2064015201485745 -1818.6811249711881828 8147.3247749778965954 15583
492000000 310.14774269886885349 12941.956626394012346 3262.6337636582657069 -3032.2677939863665415 -1824.918999042147334 8119.8205566867791276 15585
493000000 308.78707119207371079 12885.178036066463392 3169.51376878868723 -2984.3488331355042646 -1913.2589928204724856 8067.1215947446635255 15600
494000000 311.46349895623598059 12996.86097702888037 3214.2835430392333365 -3101.8773463275929316 -1849.2667875188162725 8165.4276768856425406 15604
495000000 308.18976349181411933 12860.253365384993231 3265.8633390336299271 -3003.2076718143443941 -1841.4278900607957894 8110.498900908770338 15603
496000000 308.55759424042275896 12875.602339241524533 3214.2232485663294028 -3175.4225864189061213 -1792.6177474245801022 8182.2635824098169905 15582
497000000 309.65817053454151164 12921.527582928858465 3108.1551631046991133 -3025.8898686984043707 -1954.8157734380324655 8088.8608052411364042 15611
498000000 309.00928889876371386 12894.450816505142939 3418.7320831288579939 -3139.0484645674578132 -1631.5787889065893523 8189.3593366029044773 15575
499000000 306.23174908524322291 12778.548635557895977 3298.2531705420851722 -2997.4366901426865297 -1825.7429611362308606 8121.4328218210021078 15593
500000000 311.69002338465088542 13006.313469901642748 3219.0746851270605475 -3019.3873839436773778 -1853.2549014169269412 8091.7169704876641845 15590
