# Fix print output for fix saveBond
1000000 46318 46342
2000000 92642 92669
3000000 139072 139074
4000000 185632 185644
5000000 232315 232342
6000000 278620 278642
7000000 324596 324611
8000000 370889 370903
9000000 417625 417639
10000000 463999 464019
11000000 510726 510755
12000000 557075 557095
13000000 603628 603635
14000000 649776 649800
15000000 696774 696796
16000000 743166 743192
17000000 788823 788856
18000000 835300 835313
19000000 881624 881653
20000000 928157 928189
21000000 974615 974633
22000000 1021010 1021036
23000000 1067341 1067357
24000000 1113380 1113395
25000000 1159944 1159969
26000000 1206826 1206857
27000000 1253405 1253423
28000000 1300057 1300078
29000000 1347260 1347286
30000000 1394321 1394340
31000000 1441093 1441108
32000000 1487783 1487822
33000000 1534332 1534360
34000000 1581065 1581088
35000000 1627472 1627502
36000000 1673822 1673843
37000000 1719844 1719865
38000000 1766423 1766442
39000000 1813313 1813347
40000000 1859938 1859960
41000000 1906346 1906384
42000000 1952622 1952691
43000000 1999084 1999106
44000000 2045816 2045862
45000000 2092443 2092459
46000000 2138919 2138942
47000000 2185080 2185092
48000000 2231681 2231708
49000000 2278264 2278295
50000000 2324728 2324753
51000000 2370609 2370627
52000000 2416900 2416929
53000000 2463254 2463272
54000000 2509350 2509379
55000000 2555637 2555675
56000000 2601894 2601927
57000000 2648509 2648521
58000000 2694772 2694797
59000000 2740882 2740907
60000000 2786867 2786894
61000000 2833115 2833148
62000000 2879213 2879223
63000000 2925589 2925600
64000000 2971906 2971928
65000000 3018017 3018039
66000000 3064082 3064104
67000000 3110312 3110309
68000000 3156079 3156101
69000000 3202079 3202088
70000000 3247985 3248020
71000000 3293625 3293652
72000000 3339522 3339541
73000000 3385532 3385560
74000000 3431676 3431705
75000000 3477766 3477788
76000000 3523976 3523994
77000000 3570175 3570208
78000000 3616120 3616155
79000000 3662569 3662586
80000000 3708535 3708576
81000000 3754817 3754847
82000000 3800922 3800949
83000000 3846912 3846943
84000000 3892483 3892517
85000000 3938240 3938266
86000000 3984196 3984227
87000000 4030333 4030346
88000000 4076418 4076444
89000000 4122373 4122396
90000000 4168625 4168654
91000000 4214652 4214681
92000000 4260776 4260801
93000000 4306838 4306835
94000000 4352911 4352934
95000000 4398873 4398908
96000000 4444950 4444983
97000000 4490796 4490829
98000000 4537223 4537245
99000000 4583157 4583181
100000000 4629030 4629070
101000000 4675472 4675486
102000000 4721915 4721937
103000000 4767702 4767732
104000000 4813705 4813725
105000000 4859139 4859165
106000000 4904858 4904887
107000000 4950771 4950790
108000000 4996627 4996642
109000000 5042654 5042678
110000000 5088678 5088690
111000000 5134798 5134828
112000000 5181489 5181516
113000000 5227675 5227685
114000000 5273299 5273337
115000000 5319646 5319677
116000000 5365689 5365713
117000000 5412108 5412144
118000000 5457351 5457365
119000000 5503356 5503381
120000000 5549194 5549223
121000000 5595025 5595048
122000000 5640929 5640961
123000000 5686759 5686770
124000000 5732915 5732929
125000000 5779373 5779409
126000000 5825553 5825577
127000000 5871857 5871872
128000000 5917908 5917939
129000000 5964300 5964326
130000000 6010621 6010623
131000000 6056729 6056731
132000000 6102851 6102870
133000000 6148783 6148800
134000000 6194430 6194469
135000000 6241024 6241053
136000000 6286482 6286507
137000000 6332336 6332374
138000000 6378491 6378511
139000000 6424662 6424686
140000000 6470905 6470922
141000000 6517211 6517237
142000000 6563266 6563268
143000000 6609262 6609273
144000000 6655639 6655672
145000000 6701442 6701468
146000000 6747661 6747691
147000000 6793632 6793673
148000000 6839441 6839478
149000000 6885276 6885312
150000000 6930997 6931028
151000000 6976831 6976860
152000000 7022650 7022685
153000000 7068063 7068087
154000000 7114063 7114087
155000000 7160322 7160362
156000000 7206392 7206419
157000000 7252255 7252294
158000000 7298057 7298077
159000000 7344356 7344364
160000000 7390634 7390642
161000000 7436749 7436766
162000000 7483131 7483166
163000000 7529471 7529495
164000000 7575102 7575116
165000000 7621307 7621311
166000000 7667715 7667737
167000000 7713862 7713876
168000000 7759798 7759804
169000000 7805705 7805726
170000000 7851670 7851674
171000000 7897338 7897348
172000000 7943450 7943457
173000000 7989532 7989547
174000000 8035675 8035697
175000000 8081681 8081705
176000000 8127632 8127652
177000000 8173758 8173786
178000000 8220409 8220448
179000000 8266380 8266403
180000000 8312648 8312690
181000000 8358299 8358319
182000000 8404053 8404075
183000000 8449970 8449984
184000000 8495886 8495920
185000000 8541866 8541882
186000000 8588462 8588484
187000000 8634712 8634740
188000000 8680999 8681005
189000000 8727199 8727224
190000000 8774003 8774036
191000000 8820621 8820659
192000000 8866640 8866676
193000000 8912809 8912824
194000000 8958957 8958995
195000000 9004933 9004965
196000000 9050621 9050656
197000000 9096567 9096608
198000000 9142276 9142307
199000000 9188123 9188154
200000000 9234470 9234494
201000000 9280456 9280475
202000000 9326753 9326763
203000000 9372827 9372848
204000000 9418946 9418961
205000000 9464834 9464854
206000000 9510961 9511001
207000000 9556925 9556948
208000000 9602215 9602237
209000000 9648408 9648427
210000000 9694014 9694043
211000000 9739796 9739804
212000000 9785874 9785888
213000000 9831615 9831644
214000000 9877651 9877676
215000000 9923252 9923281
216000000 9968786 9968822
217000000 10014581 10014622
218000000 10060386 10060422
219000000 10106520 10106580
220000000 10152347 10152388
221000000 10198089 10198117
222000000 10243653 10243668
223000000 10289751 10289777
224000000 10335459 10335489
225000000 10381324 10381343
226000000 10427343 10427382
227000000 10473202 10473227
228000000 10519024 10519060
229000000 10565077 10565104
230000000 10610732 10610753
231000000 10656923 10656942
232000000 10702676 10702699
233000000 10748755 10748798
234000000 10794210 10794224
235000000 10840050 10840075
236000000 10885992 10886028
237000000 10931628 10931644
238000000 10977023 10977041
239000000 11022888 11022905
240000000 11068451 11068487
241000000 11114119 11114138
242000000 11160360 11160382
243000000 11206167 11206189
244000000 11252067 11252091
245000000 11298040 11298070
246000000 11343936 11343963
247000000 11390110 11390138
248000000 11436157 11436184
249000000 11482073 11482100
250000000 11527590 11527628
251000000 11573871 11573899
252000000 11619733 11619758
253000000 11665562 11665577
254000000 11711109 11711131
255000000 11756894 11756924
256000000 11802792 11802812
257000000 11848671 11848697
258000000 11894163 11894184
259000000 11940430 11940445
260000000 11986370 11986381
261000000 12031876 12031893
262000000 12077917 12077946
263000000 12123958 12123987
264000000 12170167 12170189
265000000 12215803 12215843
266000000 12262327 12262342
267000000 12308251 12308264
268000000 12353892 12353917
269000000 12399525 12399551
270000000 12445283 12445308
271000000 12491045 12491077
272000000 12537320 12537330
273000000 12583333 12583354
274000000 12628952 12628993
275000000 12674685 12674709
276000000 12720325 12720357
277000000 12766398 12766421
278000000 12811855 12811874
279000000 12857598 12857629
280000000 12903471 12903508
281000000 12949434 12949464
282000000 12994681 12994693
283000000 13040004 13040035
284000000 13085320 13085340
285000000 13131031 13131058
286000000 13176719 13176752
287000000 13222452 13222471
288000000 13267817 13267839
289000000 13313076 13313094
290000000 13359117 13359127
291000000 13404908 13404934
292000000 13450602 13450634
293000000 13496258 13496293
294000000 13541798 13541824
295000000 13587064 13587082
296000000 13632206 13632229
297000000 13677883 13677921
298000000 13723489 13723510
299000000 13769209 13769246
300000000 13814818 13814847
301000000 13860913 13860943
302000000 13906684 13906721
303000000 13952179 13952203
304000000 13997779 13997813
305000000 14043296 14043319
306000000 14089249 14089264
307000000 14135275 14135296
308000000 14180976 14180991
309000000 14226711 14226735
310000000 14272027 14272055
311000000 14317792 14317804
312000000 14363757 14363765
313000000 14408971 14408968
314000000 14454904 14454924
315000000 14500773 14500795
316000000 14546691 14546726
317000000 14591866 14591899
318000000 14637468 14637487
319000000 14683310 14683329
320000000 14729137 14729153
321000000 14775146 14775164
322000000 14820870 14820893
323000000 14866162 14866173
324000000 14911362 14911392
325000000 14957187 14957204
326000000 15002978 15002994
327000000 15048325 15048348
328000000 15093500 15093514
329000000 15138996 15139026
330000000 15183920 15183964
331000000 15229079 15229126
332000000 15273998 15274032
333000000 15319271 15319309
334000000 15364807 15364832
335000000 15410339 15410366
336000000 15455285 15455304
337000000 15500596 15500617
338000000 15546310 15546356
339000000 15591597 15591625
340000000 15636517 15636547
341000000 15681785 15681810
342000000 15727121 15727159
343000000 15772758 15772773
344000000 15818067 15818093
345000000 15863326 15863349
346000000 15908754 15908775
347000000 15954371 15954386
348000000 15999380 15999414
349000000 16044724 16044762
350000000 16090488 16090529
351000000 16136122 16136147
352000000 16181543 16181571
353000000 16227264 16227288
354000000 16272476 16272509
355000000 16318224 16318242
356000000 16363845 16363869
357000000 16409584 16409617
358000000 16454528 16454561
359000000 16499748 16499783
360000000 16545025 16545060
361000000 16590261 16590292
362000000 16635197 16635229
363000000 16680373 16680403
364000000 16725482 16725505
365000000 16770473 16770505
366000000 16815578 16815604
367000000 16861286 16861337
368000000 16907092 16907119
369000000 16952608 16952635
370000000 16998343 16998362
371000000 17043908 17043911
372000000 17089548 17089574
373000000 17135058 17135089
374000000 17180346 17180380
375000000 17225638 17225655
376000000 17271081 17271104
377000000 17316703 17316722
378000000 17362127 17362144
379000000 17407869 17407891
380000000 17452975 17453008
381000000 17498767 17498795
382000000 17544424 17544438
383000000 17590330 17590355
384000000 17636184 17636209
385000000 17681874 17681896
386000000 17728109 17728138
387000000 17773502 17773534
388000000 17819531 17819559
389000000 17865253 17865286
390000000 17910826 17910856
391000000 17956720 17956743
392000000 18002279 18002312
393000000 18047778 18047800
394000000 18093228 18093238
395000000 18138120 18138131
396000000 18183523 18183552
397000000 18229159 18229196
398000000 18274889 18274906
399000000 18320184 18320211
400000000 18365518 18365545
