# Fix print output for fix saveBond
1000000 46715 46730
2000000 93464 93482
3000000 140049 140068
4000000 186891 186922
5000000 233542 233562
6000000 279795 279816
7000000 326320 326324
8000000 373198 373209
9000000 420427 420437
10000000 467250 467282
11000000 514070 514110
12000000 560725 560758
13000000 607314 607340
14000000 653557 653579
15000000 700034 700057
16000000 746753 746779
17000000 793143 793161
18000000 839682 839707
19000000 886491 886489
20000000 932579 932599
21000000 979307 979356
22000000 1025967 1026004
23000000 1072397 1072406
24000000 1119131 1119165
25000000 1165265 1165286
26000000 1211949 1211985
27000000 1258377 1258402
28000000 1304725 1304762
29000000 1351417 1351453
30000000 1397366 1397389
31000000 1443962 1443981
32000000 1489994 1490015
33000000 1536574 1536586
34000000 1583095 1583119
35000000 1629290 1629312
36000000 1675809 1675829
37000000 1722109 1722140
38000000 1768249 1768282
39000000 1814751 1814790
40000000 1860933 1860973
41000000 1907570 1907607
42000000 1953373 1953405
43000000 1999021 1999065
44000000 2044917 2044947
45000000 2091036 2091076
46000000 2137120 2137166
47000000 2183149 2183178
48000000 2229446 2229484
49000000 2275361 2275393
50000000 2321422 2321453
51000000 2367903 2367929
52000000 2414200 2414227
53000000 2460083 2460106
54000000 2506173 2506194
55000000 2551817 2551843
56000000 2598193 2598211
57000000 2644420 2644445
58000000 2690939 2690959
59000000 2737360 2737390
60000000 2783386 2783413
61000000 2829471 2829497
62000000 2875963 2875989
63000000 2921854 2921892
64000000 2967852 2967900
65000000 3014447 3014490
66000000 3060515 3060543
67000000 3106673 3106693
68000000 3153001 3153026
69000000 3199072 3199091
70000000 3245810 3245836
71000000 3291981 3292007
72000000 3338696 3338717
73000000 3384830 3384865
74000000 3431035 3431063
75000000 3476794 3476822
76000000 3523283 3523310
77000000 3569457 3569477
78000000 3615409 3615454
79000000 3662140 3662181
80000000 3708040 3708069
81000000 3754407 3754426
82000000 3800680 3800707
83000000 3846765 3846805
84000000 3893215 3893246
85000000 3939279 3939307
86000000 3985804 3985842
87000000 4031737 4031764
88000000 4077814 4077849
89000000 4124010 4124035
90000000 4170077 4170102
91000000 4216128 4216177
92000000 4262481 4262514
93000000 4308873 4308909
94000000 4354871 4354909
95000000 4400689 4400724
96000000 4447083 4447099
97000000 4493200 4493227
98000000 4539114 4539135
99000000 4584919 4584936
100000000 4630587 4630616
101000000 4676395 4676445
102000000 4722606 4722645
103000000 4769013 4769042
104000000 4815342 4815380
105000000 4861242 4861265
106000000 4907280 4907317
107000000 4953093 4953122
108000000 4999145 4999181
109000000 5044889 5044903
110000000 5090979 5091012
111000000 5136849 5136877
112000000 5182854 5182881
113000000 5228987 5229017
114000000 5274681 5274693
115000000 5320002 5320020
116000000 5366079 5366108
117000000 5411959 5411988
118000000 5458498 5458520
119000000 5504870 5504905
120000000 5550723 5550755
121000000 5596684 5596716
122000000 5642586 5642607
123000000 5688175 5688204
124000000 5734087 5734111
125000000 5780209 5780247
126000000 5826098 5826130
127000000 5872188 5872221
128000000 5918281 5918298
129000000 5964810 5964838
130000000 6011193 6011218
131000000 6057406 6057431
132000000 6103162 6103195
133000000 6149527 6149546
134000000 6195584 6195622
135000000 6241523 6241559
136000000 6287900 6287929
137000000 6334038 6334045
138000000 6380550 6380574
139000000 6427223 6427249
140000000 6473559 6473578
141000000 6519397 6519416
142000000 6565574 6565602
143000000 6612349 6612383
144000000 6658962 6659002
145000000 6705143 6705167
146000000 6751494 6751516
147000000 6797583 6797623
148000000 6843771 6843798
149000000 6889506 6889521
150000000 6935471 6935507
151000000 6981409 6981428
152000000 7026856 7026869
153000000 7072800 7072833
154000000 7118814 7118848
155000000 7164946 7164973
156000000 7210845 7210869
157000000 7257273 7257308
158000000 7303557 7303582
159000000 7349845 7349884
160000000 7395996 7396027
161000000 7441943 7441972
162000000 7487744 7487775
163000000 7533349 7533384
164000000 7579501 7579543
165000000 7625632 7625670
166000000 7671835 7671874
167000000 7717681 7717701
168000000 7763723 7763764
169000000 7809813 7809854
170000000 7856219 7856248
171000000 7902743 7902787
172000000 7948643 7948661
173000000 7995322 7995343
174000000 8041828 8041846
175000000 8087950 8087981
176000000 8133748 8133787
177000000 8179642 8179675
178000000 8225520 8225545
179000000 8271985 8272029
180000000 8317880 8317907
181000000 8363690 8363730
182000000 8409259 8409297
183000000 8454923 8454957
184000000 8500503 8500528
185000000 8546270 8546292
186000000 8592116 8592141
187000000 8638073 8638093
188000000 8683333 8683375
189000000 8728754 8728765
190000000 8774224 8774244
191000000 8820152 8820188
192000000 8865982 8866011
193000000 8911803 8911830
194000000 8957635 8957665
195000000 9003233 9003257
196000000 9049247 9049273
197000000 9095011 9095050
198000000 9140764 9140786
199000000 9187420 9187456
200000000 9233515 9233547
201000000 9279895 9279920
202000000 9325897 9325927
203000000 9371770 9371804
204000000 9417828 9417849
205000000 9463724 9463758
206000000 9509223 9509264
207000000 9555393 9555422
208000000 9601313 9601339
209000000 9647001 9647031
210000000 9692999 9693034
211000000 9739734 9739754
212000000 9785831 9785863
213000000 9831686 9831718
214000000 9877541 9877570
215000000 9923419 9923438
216000000 9969656 9969689
217000000 10015384 10015410
218000000 10061256 10061303
219000000 10106856 10106891
220000000 10153053 10153088
221000000 10199806 10199835
222000000 10245961 10245988
223000000 10292043 10292071
224000000 10337780 10337807
225000000 10383353 10383387
226000000 10428674 10428696
227000000 10474899 10474934
228000000 10520870 10520906
229000000 10567277 10567311
230000000 10613021 10613047
231000000 10659272 10659310
232000000 10704899 10704952
233000000 10750804 10750839
234000000 10796843 10796860
235000000 10843256 10843286
236000000 10889456 10889490
237000000 10935116 10935151
238000000 10980382 10980427
239000000 11026318 11026339
240000000 11072091 11072114
241000000 11118281 11118302
242000000 11164216 11164245
243000000 11210722 11210753
244000000 11256479 11256499
245000000 11302630 11302667
246000000 11348596 11348638
247000000 11394674 11394699
248000000 11440542 11440573
249000000 11486706 11486735
250000000 11532722 11532750
251000000 11578724 11578740
252000000 11624269 11624280
253000000 11669851 11669860
254000000 11716061 11716075
255000000 11762293 11762325
256000000 11808715 11808739
257000000 11855139 11855176
258000000 11901069 11901077
259000000 11947209 11947230
260000000 11992867 11992897
261000000 12039312 12039335
262000000 12085099 12085132
263000000 12131115 12131147
264000000 12177184 12177198
265000000 12222695 12222720
266000000 12268720 12268742
267000000 12314551 12314595
268000000 12360433 12360469
269000000 12405979 12406009
270000000 12452159 12452172
271000000 12498261 12498282
272000000 12544068 12544085
273000000 12590269 12590313
274000000 12636360 12636402
275000000 12682027 12682049
276000000 12728334 12728369
277000000 12774319 12774335
278000000 12820373 12820380
279000000 12866043 12866080
280000000 12912365 12912390
281000000 12958150 12958177
282000000 13003973 13004011
283000000 13049862 13049896
284000000 13096105 13096140
285000000 13142347 13142381
286000000 13188533 13188559
287000000 13234477 13234500
288000000 13280947 13280983
289000000 13327120 13327153
290000000 13373333 13373356
291000000 13419193 13419223
292000000 13465256 13465278
293000000 13511126 13511144
294000000 13557034 13557052
295000000 13602874 13602898
296000000 13648808 13648831
297000000 13694452 13694480
298000000 13740551 13740578
299000000 13786767 13786794
300000000 13832436 13832455
301000000 13878811 13878843
302000000 13924952 13924960
303000000 13971219 13971242
304000000 14017151 14017172
305000000 14063101 14063130
306000000 14108374 14108409
307000000 14154459 14154485
308000000 14200540 14200578
309000000 14246717 14246757
310000000 14292546 14292572
311000000 14338433 14338458
312000000 14384241 14384264
313000000 14430214 14430243
314000000 14476337 14476358
315000000 14522508 14522531
316000000 14568658 14568674
317000000 14614488 14614512
318000000 14659885 14659905
319000000 14705573 14705610
320000000 14750932 14750957
321000000 14796667 14796701
322000000 14842756 14842777
323000000 14889354 14889383
324000000 14935294 14935311
325000000 14981400 14981419
326000000 15027363 15027380
327000000 15073791 15073807
328000000 15119741 15119765
329000000 15165589 15165630
330000000 15211929 15211970
331000000 15258299 15258325
332000000 15304109 15304140
333000000 15350235 15350262
334000000 15396253 15396284
335000000 15442467 15442501
336000000 15488791 15488819
337000000 15534840 15534856
338000000 15580278 15580315
339000000 15626050 15626077
340000000 15671505 15671545
341000000 15717414 15717449
342000000 15763144 15763186
343000000 15809245 15809279
344000000 15855572 15855592
345000000 15901665 15901692
346000000 15947720 15947750
347000000 15993296 15993327
348000000 16039447 16039474
349000000 16085368 16085387
350000000 16131521 16131538
351000000 16177115 16177148
352000000 16223111 16223131
353000000 16268836 16268855
354000000 16314257 16314276
355000000 16359657 16359685
356000000 16405453 16405463
357000000 16451301 16451326
358000000 16497038 16497052
359000000 16542482 16542509
360000000 16588154 16588189
361000000 16634009 16634034
362000000 16679804 16679809
363000000 16725765 16725779
364000000 16771717 16771741
365000000 16817826 16817862
366000000 16863379 16863389
367000000 16909162 16909178
368000000 16955143 16955152
369000000 17000978 17000996
370000000 17046904 17046926
371000000 17092512 17092553
372000000 17137921 17137949
373000000 17183338 17183353
374000000 17228848 17228873
375000000 17274551 17274580
376000000 17320557 17320605
377000000 17366271 17366288
378000000 17411634 17411670
379000000 17457317 17457347
380000000 17503268 17503300
381000000 17548901 17548922
382000000 17594321 17594368
383000000 17639759 17639792
384000000 17685439 17685462
385000000 17731611 17731639
386000000 17777048 17777080
387000000 17822451 17822481
388000000 17868023 17868056
389000000 17914022 17914055
390000000 17959376 17959407
391000000 18004801 18004839
392000000 18050409 18050424
393000000 18096198 18096224
394000000 18141701 18141722
395000000 18187066 18187085
396000000 18232475 18232497
397000000 18278170 18278203
398000000 18323885 18323917
399000000 18369933 18369959
400000000 18415307 18415347
