# Steps Temp KinEng PotEng Epair Ebond Eangle Bonds
1000000 310.57091720905731336 12959.615004651408526 4769.2056994180366019 -1515.4539805464298752 -1687.4059836484939296 7972.0656636129606341 15608
2000000 313.18945289723762926 13068.882204232475488 4724.1406726190098198 -1508.1366959525266793 -1737.2411859675312371 7969.5185545390668267 15621
3000000 311.4061771898956863 12994.469033733505057 4536.8724070951930116 -1487.5392991575267843 -1845.5354872063571747 7869.9471934590774254 15645
4000000 311.93210445143307652 13016.41511577887286 4830.6573072688124739 -1446.1079728813135716 -1658.9246108149354768 7935.6898909650608402 15608
5000000 308.3316731570621414 12866.175022968323901 4547.7026183351508735 -1451.8012452845159714 -1867.8510064349850381 7867.3548700546516557 15622
6000000 311.93494192207469951 13016.533518774984259 4659.9943496550740747 -1442.7081279346048177 -1747.3593641349036716 7850.0618417245832461 15620
7000000 307.08707264301818896 12814.239884799082574 4631.3152506492897373 -1395.2519675231515066 -1837.14832098203442 7863.7155391544765735 15645
8000000 309.49889501231842814 12914.881276615873503 4510.0139148255775581 -1444.3519661799205096 -1826.1170330558684327 7780.4829140613665004 15609
9000000 310.83141970743406546 12970.485346655905232 4704.1618422866376932 -1402.6421145809285917 -1678.4541319204158754 7785.2580887879821603 15628
10000000 309.05876629122792565 12896.515426944306455 4728.5835805614915444 -1411.5172102445430937 -1677.8136263086864801 7817.9144171147218003 15613
11000000 308.40185569804640409 12869.103625296507744 4664.5267215632793523 -1416.5221787759523977 -1648.8222973166566589 7729.8711976558870447 15613
12000000 308.1817220755522726 12859.917810273193027 4809.7054213987466937 -1428.8922868405434201 -1577.6205782213064595 7816.2182864605965733 15623
13000000 312.53642220626994686 13041.632304540593395 4776.7576750642892875 -1405.3362045985145414 -1626.0389141052255582 7808.1327937680289324 15604
14000000 308.6506599699104072 12879.485819495004762 4844.5377434283054754 -1425.156579987345367 -1642.7104578402893367 7912.4047812559401791 15611
15000000 310.85565075150390157 12971.496468383360479 4763.6437345704325708 -1410.5868527172278846 -1663.7537793182293626 7837.9843666058895906 15606
16000000 308.54503579179464623 12875.078295777509993 4690.5038599614508712 -1400.6345846411713865 -1754.4579853171535433 7845.5964299197748915 15608
17000000 310.71966606471926298 12965.822050433689583 4707.934883769336011 -1359.1625275374735793 -1644.3406389349281653 7711.4380502417370735 15606
18000000 311.72717605917802075 13007.863790075185534 4627.0372098864636428 -1416.8943082243395111 -1783.1541765310225856 7827.0856946418252846 15611
19000000 311.25045390000008183 12987.97095624949543 4684.0989875096456672 -1361.1234495575940855 -1681.7387733544983348 7726.9612104217376327 15606
20000000 314.11350142371486527 13107.441233701094461 4667.8827816104840167 -1378.5012483834793784 -1744.0421435963312433 7790.4261735902946384 15634
21000000 310.37502657005609308 12951.440809568093755 4800.0280742203631235 -1388.0684402940323707 -1628.6784275305888059 7816.7749420449845275 15617
22000000 310.41060954081723366 12952.925628577968382 4718.0598146019456181 -1426.4517394319320829 -1737.6952006989549773 7882.2067547328333603 15622
23000000 314.29632364690786517 13115.070105226373926 4692.9252902069929405 -1373.0309664085734767 -1729.1147524911505116 7795.0710091067176108 15615
24000000 304.18650539037400904 12693.203970595741339 4761.3509891610092382 -1369.8750543927974377 -1694.5549983362716375 7825.781041890078086 15628
25000000 310.14207701956001983 12941.720206888790926 4726.9532483538123415 -1426.4580932501353345 -1634.6472954498078707 7788.0586370537548646 15623
26000000 311.72033291446820158 13007.578236869954708 4704.0789282813639147 -1352.745387708598173 -1702.2736342404609786 7759.0979502304226116 15623
27000000 311.30804201599511316 12990.374013879119957 4659.8902505533460499 -1400.6017646251170845 -1777.3631845323091056 7837.8551997107724674 15616
28000000 308.10485491587166962 12856.710269770323066 4743.5488642319578503 -1375.0970757026866522 -1644.765832761939464 7763.4117726965841939 15621
29000000 311.1666436893106038 12984.473693615391312 4615.7158215675790416 -1346.7361687576258191 -1805.0234421276923058 7767.4754324528976213 15636
30000000 313.37890708476680857 13076.787816752350409 4693.2019974888589786 -1389.4999376622538421 -1741.2967450464334433 7823.9986801975474009 15620
31000000 309.44934972787081051 12912.813833155594693 4818.7889530603033563 -1373.4299650415666747 -1706.1682826272424336 7898.3872007291120099 15626
32000000 308.79773926623016678 12885.623197304197674 4615.4834154704394678 -1362.9828733425983955 -1733.0444519514921922 7711.5107407645300555 15626
33000000 311.44999834237648884 12996.297618555016015 4953.4019614178359916 -1386.9800394663848238 -1586.2370491006122393 7926.6190499848325999 15610
34000000 309.31974925616873406 12907.405818030501905 4869.9734479404669401 -1348.6853555742000026 -1658.9841411968188822 7877.6429447114869618 15627
35000000 308.6991306226940992 12881.508420338463111 4620.1156871324874373 -1358.0374701661658037 -1759.2476041275190255 7737.4007614261727213 15612
36000000 313.10272470655007737 13065.263179078860048 4500.7154406264507998 -1375.5909090083716819 -1830.6037924984634628 7706.9101421332861719 15632
37000000 311.49541521888272655 12998.192790322946166 4741.2113398351248179 -1347.0647953220013733 -1779.1280096455741386 7867.4041448027001024 15618
38000000 309.48479917576082698 12914.293080475048555 4569.6004381802395073 -1359.6296415828885529 -1889.8148542755332073 7819.0449340386612676 15644
39000000 311.47415558682763503 12997.305660745423666 4585.8866564779691544 -1359.0560590764662265 -1784.2775056708894681 7729.2202212253250764 15631
40000000 306.75875008218548601 12800.539522820665297 4665.6598971016555879 -1388.0578679282334633 -1691.2036902552058564 7744.9214552850953623 15637
41000000 309.18404565819997742 12901.743129456101087 4702.7355114154888724 -1381.4080048637374603 -1771.6926462952010297 7855.8361625744273624 15634
42000000 310.59252868807641335 12960.516816225672301 4667.1438953767892599 -1360.4399071271454886 -1779.6919397100932656 7807.2757422140266499 15619
43000000 306.94593458899322513 12808.350425286560494 4746.9594761787848256 -1341.2494187816682825 -1761.2341057802113937 7849.4430007406645018 15630
44000000 310.77347091328499573 12968.067238518464364 4610.8725677726088179 -1319.7116073714537379 -1798.9908180345410074 7729.5749931786021989 15631
45000000 315.20656711380024717 13153.053072200335009 4852.3661339114223665 -1352.789825598393918 -1600.1208998551155673 7805.2768593649307149 15621
46000000 310.49632510550236475 12956.502398509319391 4752.8371639915767446 -1354.0377189396585891 -1701.6321519951318351 7808.5070349263678509 15626
47000000 309.00176610935181998 12894.136902841188203 4554.8172680507395853 -1377.5239226145176872 -1711.2187390586168476 7643.5599297238732106 15606
48000000 310.25182762860151797 12946.299919801016586 4837.5520498494734056 -1393.5313770461757485 -1667.9715654470103345 7899.0549923426606256 15609
49000000 310.66540651445308185 12963.55788839271554 4904.2378933016661904 -1354.3219880664560151 -1753.2013723029435823 8011.7612536710648783 15622
50000000 309.32793699752585326 12907.747479048537571 4623.3933395982548973 -1355.182318995503465 -1799.9367026374911802 7778.5123612312509067 15628
51000000 312.99577299271373931 13060.800259473051483 4786.3463183896328701 -1359.679516172260719 -1623.0578676146078578 7769.0837021765009922 15607
52000000 310.95430617535703277 12975.613197414999377 4801.271240322437734 -1356.2252442899193738 -1698.264098769103839 7855.7605833814604921 15619
53000000 309.24787347615443878 12904.406559614695652 4734.2466988138412489 -1362.1635756295174815 -1803.7866349188882396 7900.1969093622465152 15634
54000000 310.22436219964100701 12945.153832496820542 4691.6506397576231393 -1350.8187107287114941 -1768.7220538465194295 7811.1914043328533808 15623
55000000 307.35521941176182281 12825.42920966854399 4734.6217198637077672 -1386.9598590633584081 -1747.8886314374908579 7869.4702103645577154 15627
56000000 314.02449010754236269 13103.726937465571609 4670.1500987762719888 -1354.1604027744906489 -1819.8836872714932724 7844.1941888222554553 15625
57000000 310.68802577486934524 12964.50175303180913 4925.8505175594891625 -1326.610747883517206 -1628.4850358512160255 7880.9463012942223941 15608
58000000 305.94723974573190617 12766.676527446716136 4676.8856117124305456 -1350.3453766720763269 -1745.2947791472413428 7772.525767531747988 15647
59000000 308.68011953785946844 12880.715118948586678 4823.2315036494655942 -1366.7063131323200196 -1635.680681900812715 7825.6184986825992382 15612
60000000 311.19086845887119352 12985.484553517866516 4659.6726452368566243 -1345.6656297264196382 -1799.9998928925169821 7805.3381678557925625 15622
61000000 309.58089706406394725 12918.303087742826392 4729.3177467103814706 -1362.4104974951656004 -1799.9642445565496018 7891.6924887620971276 15629
62000000 309.40432314587678775 12910.934947737532639 4738.0421352860812476 -1364.5943161358131874 -1677.0623433064765777 7779.6987947283696485 15623
63000000 310.91014598160069227 12973.770464957126023 4892.4402228636454311 -1352.3533493119921332 -1640.0225742859570346 7884.8161464615950536 15626
64000000 308.30328213976849838 12864.990312381054537 4707.4443195200092305 -1317.7369081859430935 -1794.7487180151708799 7819.9299457211236586 15631
65000000 310.3590057691817492 12950.772287823483566 4664.9450154933911108 -1332.9372136980628056 -1822.7017294697607213 7820.5839586612146377 15629
66000000 309.96721119788998067 12934.423342949692596 4833.31782724659206 -1306.6338450570865461 -1728.6116248225075651 7868.563297126186626 15613
67000000 311.25087928313149632 12987.988706789892603 4647.1317724372784141 -1345.0277444687631032 -1781.2138350284337776 7773.373351934475977 15628
68000000 311.45867018653473224 12996.659480388962038 4708.0261517916678713 -1352.7989688766715517 -1770.1521597346343242 7830.9772804029726103 15616
69000000 310.10202194960606903 12940.048774514336401 4844.3439074664611326 -1340.8921402528367253 -1732.04559211627884 7917.2816398355753336 15621
70000000 309.54304087650558586 12916.723411124328777 4779.0649579073296991 -1314.2941053686913619 -1747.0304948275127117 7840.3895581035340001 15630
71000000 311.96917093691013179 13017.961839424715436 4846.8388837158927345 -1336.0855105825066858 -1664.40690407411671 7847.3312983725154481 15601
72000000 307.56965767414197899 12834.377366655318838 4815.8463261158667592 -1340.2760793775996717 -1679.3769102627052234 7835.4993157561711996 15618
73000000 308.98949604903441468 12893.624893348391197 4694.305710495380481 -1306.6959980758365418 -1762.2546491010757563 7763.2563576722923244 15607
74000000 314.12776769698223234 13108.036541886283885 4784.7212676473900501 -1300.3150400350662039 -1763.2384860950983239 7848.2747937775557148 15619
75000000 310.58667308478044333 12960.272471503965789 4765.6204043077705137 -1300.9252564943938069 -1751.0752359096327382 7817.6208967117981956 15634
76000000 308.00558943250996435 12852.568083955955444 4695.8555475887578723 -1316.1312940653253918 -1742.2566977242504436 7754.2435393783343898 15606
77000000 309.06166625634648426 12896.636437732442573 4897.0772259770274104 -1300.1116962924645577 -1606.1130153006608907 7803.3019375701524041 15613
78000000 309.06453983078125702 12896.756347280626869 4856.2808314336634794 -1309.6019128830680529 -1708.2138251231021968 7874.0965694398346386 15622
79000000 307.02088824687746182 12811.478118497821924 4913.5325342507348978 -1318.6741156412119835 -1643.2396428186102639 7875.4462927105578274 15602
80000000 303.52236502858261247 12665.490482561468525 4629.191033718700055 -1331.8048219385773336 -1800.9968773983407573 7761.9927330556183733 15620
81000000 311.11551594375555396 12982.340216648508431 4731.2117158761939208 -1358.8657652550391504 -1761.945059855026102 7852.022540986259628 15604
82000000 311.89798462922919953 13014.991351558568567 4752.3957991403549386 -1309.2460950511656392 -1771.1896638199286826 7832.8315580114503973 15638
83000000 310.05958871546505407 12938.278105248806241 4697.2009370751420647 -1313.364267512559536 -1820.1477392526157928 7830.7129438403180757 15632
84000000 306.72507562107637114 12799.134342788403956 4791.292734314439258 -1368.944832245113048 -1777.0670405512223624 7937.3046071107746684 15623
85000000 308.45126223261422638 12871.165278951868459 4773.4905988390246421 -1324.278998762756828 -1735.7250254488726569 7833.4946230506538996 15625
86000000 307.55187296164899635 12833.635239771871056 4773.0653409271917553 -1369.2847738053151261 -1655.9294710879748891 7798.27958582048268 15626
87000000 309.73167018876438306 12924.594602952058267 4673.3363678415216782 -1379.7733347215150843 -1824.941296522477387 7878.0509990855143769 15617
88000000 310.09601732498310867 12939.798211377064945 4830.1642142823120594 -1360.8669286407280197 -1684.1181881076756781 7875.1493310307159845 15615
89000000 311.14998473672847012 12983.778542846654091 4713.6450804276173585 -1340.7905209346113224 -1649.1829175906177625 7703.6185189528459887 15618
90000000 311.8088977641486963 13011.27390279102292 4703.5381167211780848 -1350.2924142116457915 -1757.860851055641433 7811.6913819884657642 15624
91000000 306.49197353090096385 12789.407374878464907 4840.4626885580019007 -1336.0180972286921133 -1741.4945857164489098 7917.9753715031429238 15623
92000000 308.93386883264491871 12891.303660843213947 4846.130128805768436 -1312.8135392522976872 -1674.8439809389101356 7833.787648996977623 15627
93000000 311.26156431316053386 12988.434575568380751 4866.9292574484861689 -1314.4232006907009236 -1691.5024569864938258 7872.8549151256811456 15632
94000000 314.03959067265282101 13104.357059281041074 4659.9058983414524846 -1335.1272092578215052 -1821.5043307047590133 7816.5374383040325483 15627
95000000 313.77047954315975176 13093.127493219164535 4803.259635391394113 -1322.7106929994934035 -1778.0973523907850904 7904.0676807816716973 15634
96000000 312.4664324384750671 13038.711746321434475 4740.1430504803229269 -1301.3591043589826768 -1712.9625039363363612 7754.4646587756433291 15622
97000000 306.8508892098772094 12804.384337500930997 4825.4446226445961656 -1350.5198386525680689 -1655.3280637277430287 7831.2925250249072633 15626
98000000 311.23394581409360171 12987.282100899694342 4832.1321446853908128 -1338.7830505593508406 -1740.7723687873340168 7911.6875640320749881 15620
99000000 309.07518383863890676 12897.200504271182581 4866.5802545126243785 -1334.2409159366898166 -1688.4234113466238796 7889.2445817959387568 15603
100000000 306.85914368854139411 12804.728783357333668 4744.9049860071418152 -1308.4538989797399609 -1727.1595338743159118 7780.5184188611974605 15624
101000000 309.69790829719232761 12923.185774589974244 4706.8023952059111252 -1287.7829279688012321 -1747.1693910648982637 7741.7547142396115305 15630
102000000 308.68216931098925215 12880.800652619438551 4597.6173151349757973 -1327.0296514882497831 -1857.8830051031052335 7782.5299717263305865 15632
103000000 310.26900692938994553 12947.01678384697334 4855.3532762663435278 -1294.9056415750769702 -1700.133768158615112 7850.39268600003561 15621
104000000 311.17575460858506631 12984.853877333804121 4748.6021380331494584 -1294.2064472309573375 -1785.250376182852051 7828.0589614469590742 15631
105000000 313.00022505605636525 13060.986036774465902 4752.5896452383103679 -1290.7051396659371676 -1783.9670534288939052 7827.2618383331418954 15638
106000000 311.06489879756691153 12980.228046155747506 4853.5843521962624436 -1299.2524255108055513 -1740.0405133679817027 7892.8772910750503797 15625
107000000 309.40845536796712167 12911.107378588063511 4750.4740290031868426 -1357.4916544891552803 -1774.0753656036984012 7882.0410490960402967 15640
108000000 308.93093497951548443 12891.181235963964355 4828.76701143057835 -1332.9023794194908987 -1697.6089794864378746 7859.2783703365066685 15615
109000000 308.99456464803483868 12893.836397671619125 4790.5063488210798823 -1321.6593803271832712 -1736.6164146994728981 7848.7821438477367337 15637
110000000 308.26168430314623947 12863.254502883837631 4875.6734518557586853 -1327.4626739484617701 -1681.4767808190981668 7884.6129066233188496 15616
111000000 315.75157237210873973 13175.79524776094695 4940.8063181372217514 -1337.7304364197489122 -1652.6186277920023713 7931.1553823489721253 15623
112000000 310.84490323192636652 12971.047992018504374 4780.7115891254043163 -1332.6392682822111055 -1741.3597849564439457 7854.7106423640598223 15631
113000000 308.51179820863188752 12873.691345945422654 4897.4683033693354446 -1295.5624173313879055 -1619.0472883900415582 7812.0780090907646809 15617
114000000 310.53048059199295494 12957.927650941815955 4766.4505109905621794 -1323.0225128009224136 -1753.9110486614406454 7843.3840724529254658 15632
115000000 310.85037585036633345 12971.276355410307588 4968.6989929743995162 -1301.3141826038956879 -1647.2381702726454478 7917.2513458509401971 15612
116000000 313.37519390418242438 13076.632871816589613 4776.1768789982961607 -1279.7309432413676404 -1712.2949538997816035 7768.2027761394447225 15610
117000000 309.85086203938948302 12929.568283390890429 4826.1383645322921438 -1311.4098066770568494 -1755.05543119831691 7892.6036024076656759 15611
118000000 306.87989826398870719 12805.594837750963052 4801.7719851174242649 -1289.9774712957005249 -1722.7829709513068792 7814.5324273644328059 15614
119000000 311.51190144421184414 12998.88073346670717 4970.5509221505226378 -1331.4040875883906665 -1540.0884175266360216 7842.043427265549326 15613
120000000 312.02529233269780207 13020.303693225669122 4785.7017154021286842 -1276.6489224295196436 -1721.7372934121528942 7784.0879312438000852 15616
121000000 308.98508113505744177 12893.440666229076669 4817.7046989889313409 -1325.141410798709785 -1717.5600598442447335 7860.4061696318867689 15615
122000000 312.06830731895536246 13022.098638052886599 4821.9727521473132583 -1299.2048479579023024 -1717.0276202401942101 7838.2052203454104529 15618
123000000 308.26961585746767014 12863.585473637047471 4661.8120214969867448 -1301.3664640211704864 -1742.0639415010862194 7705.2424270192441327 15624
124000000 307.30547291529256881 12823.353369960610507 4876.1521907983988058 -1359.4098140785476971 -1625.5204983578114479 7861.0825032347574961 15608
125000000 308.38322498656145854 12868.326196262658414 4743.6936525952041848 -1323.5102989347358289 -1667.4971105644183353 7734.701062094358349 15640
126000000 308.3377828603597095 12866.429970866345684 4749.5223031617733795 -1275.5995090515302763 -1760.0322985117591088 7785.1541107250632194 15628
127000000 310.37084446390525727 12951.266297137533911 4816.6169972110328672 -1321.2063369853017321 -1770.1912925264750811 7908.0146267228092256 15609
128000000 313.78663993520206077 13093.801839874267898 4815.2253641321067335 -1293.6472096248423895 -1779.9109392237476186 7888.7835129806971963 15628
129000000 308.60091559359801749 12877.410068257740932 4826.7754717638199509 -1313.0674623837194304 -1748.5157599587132609 7888.3586941062521873 15616
130000000 313.92573956601393093 13099.606239329345044 4819.9228610464251688 -1281.9036482836131654 -1749.6450916707462966 7851.4716010007850855 15622
131000000 308.925868257960758 12890.969809983467712 4871.8375716870395991 -1291.8670106140377811 -1714.2949419791743821 7877.9995242802515349 15614
132000000 308.81449836974860546 12886.322527207246821 4844.9947852095774579 -1266.4935261129567152 -1754.7736565397949562 7866.2619678623304935 15618
133000000 306.38262200018738213 12784.844314850332012 4791.2563690041024529 -1290.9245822407649484 -1721.0377972361252432 7803.2187484809928719 15623
134000000 310.60958356599951458 12961.228488309527165 4825.2358856967730389 -1280.9123659489412148 -1718.3783042104932974 7824.5265558562086881 15613
135000000 313.72613094330279182 13091.276898883717877 4859.1612550674635713 -1254.9768945020186948 -1702.7874304163256056 7816.9255799858083265 15633
136000000 311.40123859988250388 12994.262954472085767 4766.2327767519109329 -1282.9492863790924275 -1803.4448967094169802 7852.6269598404205681 15634
137000000 311.99036218856628011 13018.846115600341363 4867.5131957377761864 -1334.3238133171257687 -1714.2541477434899662 7916.0911567983912391 15621
138000000 309.87782979608300593 12930.693603647623604 4800.9059282189500664 -1296.0440299966210205 -1732.512560639483354 7829.4625188550544408 15625
139000000 311.25272042189504873 12988.065534490826394 4920.5626631374198041 -1306.1635512559034851 -1698.7564622998343111 7925.4826766931573729 15617
140000000 308.50905079426541988 12873.57670084997153 4845.9074913268495948 -1311.5476910477459569 -1747.9089700035865462 7905.3641523781825526 15626
141000000 311.1460205553465812 12983.6131240592822 4770.5868229586994858 -1292.6937504154834642 -1741.2895122612108025 7804.5700856353942072 15632
142000000 310.44795554977571328 12954.484016280241121 4689.4126794540115952 -1312.8753839537052954 -1786.0412059568143377 7788.3292693645307736 15616
143000000 312.78961963102238997 13052.197817803871658 4889.3098802128079114 -1328.7105308867858184 -1687.5724094678032543 7905.5928205673963021 15617
144000000 312.82371170204606869 13053.62042401294093 4872.6474731836369756 -1304.7146403110764368 -1687.298681258850138 7864.6607947535621861 15628
145000000 308.98072448514295729 12893.258870373530954 4884.2811314338914599 -1308.4696804566724495 -1747.5353834912921229 7940.2861953818555776 15617
146000000 308.73906959379178261 12883.17500809806188 4765.35364808984923 -1318.5638962302323307 -1728.8909240177422362 7812.8084683378228874 15614
147000000 310.75930003541293445 12967.475911026662288 4854.0286316816545877 -1286.4690260707475318 -1692.07060324744225 7832.5682609998439148 15625
148000000 308.39113088855356182 12868.656096586239073 4846.3876170615076262 -1290.5270150070109594 -1750.4674138638097247 7887.3820459323278556 15617
149000000 307.54794824199666436 12833.471467657751418 4738.4701317675762766 -1292.2722052229137262 -1731.3904459448197031 7762.132782935310388 15609
150000000 311.93781074155339184 13016.653229906651177 4942.886027074840058 -1301.2252565621174654 -1642.0254162243090832 7886.1366998612675161 15619
151000000 312.78785006788285727 13052.123976836337533 4779.2203765240064968 -1301.838526586286207 -1693.9725807842121412 7775.0314838945041629 15619
152000000 312.24287115245181212 13029.382900520795374 4838.5890404581350595 -1331.4108307662399966 -1695.9338336587015874 7865.9337048830766435 15625
153000000 309.22167325462652343 12903.313267341582105 4728.7690869722482603 -1279.4052014016294834 -1797.4711417772539335 7805.6454301511312224 15624
154000000 306.73103592073289292 12799.383056317523369 4733.5469853798240365 -1287.9613589545610921 -1750.6916033916088509 7772.1999477259932974 15626
155000000 308.41728660222707958 12869.747531619585061 4762.4659805167029845 -1269.1952371511802085 -1741.8769744069406897 7773.53819207482411 15616
156000000 310.25252604162028547 12946.32906343081595 4869.3587892692230525 -1294.6493756148017837 -1704.5922394999151948 7868.6004043839402584 15611
157000000 309.87167736624587633 12930.436872841180957 4816.9147168054223584 -1291.1826535152110864 -1757.8801706230462969 7865.9775409436788323 15613
158000000 310.8840916711451996 12972.683261313753974 4842.261012575832865 -1250.9753746996298105 -1755.3566773293212009 7848.593064604785468 15625
159000000 308.96883957835206047 12892.762932705702042 4840.3686800282021068 -1306.4875842993890274 -1685.8887580973964759 7832.7450224249878374 15614
160000000 308.67450593447375695 12880.480872486226872 4803.4680886494825245 -1293.2717340211049759 -1763.2968488378769507 7860.036671508463769 15624
161000000 312.0741380969666352 13022.341946856178765 4828.5781413491804415 -1322.2069186803410048 -1741.6935765239393277 7892.4786365534600918 15624
162000000 308.17396949052181299 12859.594307614965146 4775.9949404586604942 -1298.1025885973440381 -1769.0474587142643941 7843.1449877702689264 15635
163000000 309.39945456201263596 12910.731789717894571 4865.2559576189960353 -1315.261838999255815 -1716.871929714477119 7897.3897263327271503 15628
164000000 310.36044854302758722 12950.83249240976329 4655.8094890707225204 -1259.9744978015060042 -1895.9777715016598449 7811.761758373889279 15633
165000000 310.33757162812565866 12949.877876271562855 4871.250361046539183 -1308.2175151580429429 -1709.5577416865546638 7889.0256178911367897 15618
166000000 306.22516602939180075 12778.273935434152008 4907.4062198620031268 -1299.300341873813295 -1675.4020138826610946 7882.1085756184775164 15628
167000000 310.10847682632407896 12940.318125933070405 4975.3437424186449789 -1316.9072003202859378 -1631.3499092257191023 7923.6008519646493369 15605
168000000 308.01116867616826767 12852.800896643244414 4843.2060948470243602 -1304.2406550752618841 -1776.9784420375544869 7924.4251919598409586 15629
169000000 315.08523468268185752 13147.990068848304873 4878.6901998534822269 -1299.6294455945446771 -1790.1066364092407639 7968.4262818572678952 15634
170000000 308.77935749346767125 12884.856156074947648 4867.9897271015406659 -1306.9999499703981201 -1788.0590797219110755 7963.0487567938498614 15623
171000000 310.05310748748667038 12938.007654235194423 4914.6542731167974125 -1305.4476988248015914 -1691.7588984798130696 7911.860870421411164 15613
172000000 313.29628392018844352 13073.340087605578447 4796.6950605464680848 -1277.1235275607182302 -1818.8923337818248456 7892.7109218890109332 15637
173000000 309.42112805505905726 12911.636189035809366 4902.7703535973359976 -1321.547921710326591 -1673.275839298970368 7897.5941146066334113 15623
174000000 311.26370526160019381 12988.523913835375424 4969.1388438706699162 -1306.4636221837477024 -1714.2954653050537672 7989.8979313594718406 15616
175000000 310.15076395654557473 12942.082698521666316 4929.7779834261718861 -1291.0880673331664639 -1701.2236677399555447 7922.0897184992945768 15614
176000000 311.053629557859324 12979.757799265542417 4634.9121156475430325 -1347.2724034512816615 -1807.6580886289298178 7789.8426077277545119 15626
177000000 310.44789266273261319 12954.481392107074498 4908.4229125969486631 -1316.2152236731387802 -1690.9852831855346267 7915.6234194556236616 15623
178000000 309.8335108110022702 12928.844245088215757 4730.2646962972394249 -1325.7750643481299448 -1821.870225453269768 7877.9099860986398198 15625
179000000 310.06450593560430207 12938.483292780434567 4704.8305107625674282 -1329.3533680296175135 -1762.3856136278009217 7796.5694924199860907 15616
180000000 313.14820562305845897 13067.161023131047841 4744.071584220020668 -1329.1983062996710032 -1818.0071407049799745 7891.2770312246721005 15642
181000000 306.8041561574252114 12802.434243869458442 4836.8893319635999433 -1273.2523414154206876 -1754.6006317637886696 7864.7423051428086183 15616
182000000 310.03113653023677898 12937.090842223944492 4849.3342535431902434 -1281.913904766901851 -1717.3786387972459124 7848.626797107337552 15621
183000000 308.45837266752073447 12871.461985738620569 4917.864918207300434 -1261.6618993868778489 -1751.9272852748858895 7931.4541028690646272 15614
184000000 316.19684179338372587 13194.375610419898294 4809.4769467816031465 -1253.9968998421531978 -1732.6482550309387989 7796.1221016546942337 15623
185000000 308.28669354048076912 12864.298097339904416 4947.7749995015519744 -1239.2441075038841518 -1737.8464714843062211 7924.8655784897418926 15613
186000000 309.49258808257837927 12914.61809878188069 4856.5549663438268908 -1281.5486029446587963 -1759.999020128858092 7898.1025894173435518 15618
187000000 307.99975040102157209 12852.324430748600207 4745.7130031259766838 -1274.7546528026389296 -1779.0630525441561076 7799.5307084727719484 15632
188000000 309.75178773161877643 12925.434075020386445 4859.22896319231495 -1258.728612863961871 -1642.461030419046665 7760.4186064753230312 15611
189000000 307.00362208849725221 12810.757630027015693 4715.0041902664597728 -1262.5451976646386356 -1761.364813190536097 7738.9142011216345054 15623
190000000 311.94352785154808316 13016.891795530040326 4856.8989113310399262 -1242.6510785430289161 -1735.9017762037124157 7835.4517660777819401 15611
191000000 309.64915784495781281 12921.151498174333028 4859.2221510337240034 -1234.1638963036918994 -1805.9797363714033054 7899.3657837088194356 15629
192000000 310.07489779460115642 12938.916928012580684 4907.5401586792613671 -1250.3683623159342915 -1761.4869433970673072 7919.395464392262511 15620
193000000 308.07352365086637747 12855.402867468374097 4908.6636116070867502 -1275.7373517506896405 -1630.2042060041117111 7814.6051693618874197 15607
194000000 311.82554913608919378 13011.968737232016792 4797.2730750492683001 -1266.0844186986751083 -1764.454431734744503 7827.8119254826879114 15615
195000000 310.17548178108194179 12943.114132799615618 4969.587299568895105 -1250.1442907665982602 -1683.8041061239805458 7903.5356964594730016 15621
196000000 309.40161928585843043 12910.822120093595004 5024.6439984881026248 -1279.1336384007897777 -1571.9002764371298326 7875.6779133260215531 15610
197000000 310.06924327849532119 12938.680974329512537 4903.096173510418339 -1238.629637969497935 -1740.2334654189698995 7881.9592768988859461 15611
198000000 310.19236501446863485 12943.818642438482129 4837.9927553705119863 -1253.4436206591306018 -1680.6318145917243783 7772.0681906213667389 15601
199000000 305.48038735701771884 12747.195542954967095 4761.7866812040256264 -1251.2209284949449284 -1753.0319348970713236 7766.0395445960411962 15614
200000000 312.62384873119202666 13045.280470036468614 4747.5066589558100532 -1269.6938911587712937 -1865.7846334677656159 7882.985183582346508 15626
201000000 309.06229822681967789 12896.66280882378669 4634.4100943012563221 -1266.9887880866990599 -1794.1184309756235962 7695.5173133635780687 15626
202000000 307.89702896825258449 12848.038033833603549 4785.2718182357884871 -1296.69536681070349 -1782.1970960544213085 7864.1642811009123761 15615
203000000 310.16221386925957404 12942.560484600104246 4781.3249077836708238 -1274.5232684641032392 -1763.0065353544591744 7818.8547116022336922 15621
204000000 310.73832405502753318 12966.600617768095617 4722.9347728279490184 -1294.8412869663961828 -1746.4936199464057154 7764.2696797407506892 15629
205000000 311.61318378214338054 13003.10707931440993 4744.4788099671732198 -1249.1111776561008355 -1823.8564014447440513 7817.4463890680181066 15639
206000000 308.33649825914966414 12866.376366564738419 4886.9621483740547774 -1291.2380892705787119 -1689.7746210394900572 7867.9748586841233191 15622
207000000 313.11716368928421161 13065.865694146836177 4865.5686027584042677 -1275.4912612794837514 -1750.7305122711650256 7891.7903763090525899 15636
208000000 311.78643302117006897 13010.336485911175259 4677.3377037199652477 -1234.3186759602945131 -1884.5089544795825987 7796.1653341598421321 15619
209000000 309.42588095763926503 12911.834519865196853 4779.8827634879062316 -1249.9230033708226983 -1768.6771677883498342 7798.4829346470778546 15625
210000000 310.28948370324042116 12947.871246035590957 4625.8319905447515339 -1224.7219672956459817 -1825.6588595261873706 7676.2128173665842041 15621
211000000 307.33373482269621491 12824.532693003926397 4734.5223641789580142 -1257.8914618818239433 -1828.7326481994196001 7821.1464742602011029 15631
212000000 309.67626656252872408 12922.282700497287806 4755.3679726497221054 -1262.2186905457128887 -1714.0711602182254865 7731.6578234136604806 15620
213000000 306.98343923318032012 12809.915432576744934 4899.9916934043158108 -1289.2701686402131145 -1735.3806270729326116 7924.6424891174610821 15621
214000000 312.11124639719764673 13023.890415363122884 4731.9807045468387514 -1281.2098964166784754 -1736.5426052287930361 7749.7332061923098081 15620
215000000 311.33860984476910971 12991.649559239254813 4840.1711901682683674 -1296.5431451502738582 -1742.6915370679121224 7879.4058723864545755 15611
216000000 313.79558755535822456 13094.175209388302392 4929.2764621977694333 -1323.5506768291020308 -1678.1661291486498158 7930.9932681755217345 15631
217000000 309.00715176182706045 12894.361637285916004 4906.6155299703368655 -1264.1367233128798944 -1745.6819330090943367 7916.4341862923110966 15613
218000000 309.29806100415572701 12906.500802845119324 4851.4979552499326019 -1277.6691448285246224 -1695.7091637887292563 7824.8762638671869354 15622
219000000 309.4021620665929504 12910.84476944342714 4843.5472146135334697 -1293.8941139473427029 -1710.7560304413780159 7848.1973590022535063 15617
220000000 310.35886841695196381 12950.766556340207899 4842.2426340435722523 -1267.2033893474690558 -1712.2973220810290513 7821.7433454720703594 15614
221000000 312.39103049301621695 13035.565346804925866 4879.7671768316504313 -1270.6110083645717168 -1728.5102632863149665 7878.8884484825375694 15618
222000000 307.76444108920196641 12842.505359099533962 4835.3842420311411843 -1314.5974504918681305 -1759.6070731545778472 7909.5887656775876167 15628
223000000 307.59343176689435495 12835.36942055374675 4857.1587332603830873 -1257.3527202598459098 -1824.2168913660725593 7938.7283448863017838 15619
224000000 310.99241298712053094 12977.203332170525755 4946.8465493635758321 -1268.2843971080576466 -1647.0961982506119057 7862.2271447222447023 15602
225000000 309.35966619329377636 12909.071486348560938 4886.2896879827330849 -1276.3536518806361073 -1659.0299109877325918 7821.6732508511022388 15606
226000000 316.33231232414084388 13200.028573481815329 4843.1995513755491629 -1223.5789367941320052 -1767.6698768891235432 7834.4483650588044839 15616
227000000 310.77933936176805219 12968.312119248761519 4900.7717642365460051 -1268.4292832580727008 -1637.6001477223121583 7806.8011952169308643 15607
228000000 309.31193242243273289 12907.079634379166237 4763.534317585390454 -1291.7535441654920305 -1752.413336512848673 7807.701198263729566 15617
229000000 308.31973199807487163 12865.676737988600507 4900.4379943549065501 -1293.1697326110070208 -1729.5989680938137099 7923.2066950597263713 15632
230000000 310.90740527290375894 12973.656099678266401 4791.0882293071099411 -1275.5691437120667615 -1741.677309269932266 7808.3346822891089687 15614
231000000 307.14714578774271558 12816.746638601867744 4843.1076470217840324 -1292.8788577146506213 -1751.7587629512472631 7887.7452676876810074 15627
232000000 310.9667430813573219 12976.132169104497734 4877.8874285589972715 -1284.6067136686478989 -1659.934511063032005 7822.4286532906771754 15612
233000000 313.69691839736856309 13090.057907253672965 4928.3823369468136661 -1273.6746781146691774 -1711.8031392213083564 7913.8601542827909725 15612
234000000 311.83512470155926621 13012.368309874102124 4749.5059479486935743 -1248.8881413993917704 -1762.8816982258513235 7761.2757875739371229 15619
235000000 310.61512468797957354 12961.45971024170467 5029.445801476136694 -1241.9431728914212272 -1564.7417990784529138 7836.1307734460096981 15595
236000000 307.6386187943811592 12837.255001099072615 5052.8948157410350177 -1232.99565380478316 -1631.8162727370231551 7917.7067422828413328 15622
237000000 307.84489297050333789 12845.862484156301434 4794.5635168953313041 -1259.6940610691460734 -1779.5451980767315945 7833.8027760412087446 15616
238000000 310.40199777763643851 12952.566273824673772 4646.174522672546118 -1277.2016915920014526 -1886.8120168498289786 7810.1882311143763218 15637
239000000 308.79670874667510816 12885.58019541332942 4688.3756938999395061 -1239.2223846500451145 -1746.9568857455469697 7674.5549642955320451 15627
240000000 309.8604746094927691 12929.969400175628834 4897.6856251781455285 -1301.9053919679888622 -1614.0781386874023156 7813.6691558335369336 15609
241000000 309.35123083013729683 12908.719492478965549 4960.6797154195901385 -1276.6305952032353161 -1672.9973223042688915 7910.3076329270952556 15617
242000000 311.04273750707722002 12979.303291850566893 4838.8752624992421261 -1239.5184674479532987 -1787.0857962223190043 7865.4795261695144291 15616
243000000 308.35111038115110205 12866.986106450371153 4846.0488746753071609 -1259.6038893648924386 -1696.5640513329117312 7802.2168153731117854 15626
244000000 308.48718902807092945 12872.664445202379284 4913.9097089224551382 -1266.6752915643569395 -1712.0769777247726324 7892.6619782115849375 15614
245000000 307.91020372868570121 12848.587794978420789 4814.0919127170491265 -1277.8661471593086389 -1753.811642431018754 7845.7697023073778837 15623
246000000 314.51169802917718243 13124.057324960784172 4677.4520688161819635 -1284.3885971967472415 -1814.9636135768796521 7776.8042795898090844 15635
247000000 313.47939900602852958 13080.981179808792149 4741.7330180187018414 -1259.6452352389210319 -1823.4621137257004193 7824.8403669833232925 15629
248000000 307.0174995651418044 12811.33671436680379 4799.2432385746869841 -1309.5168978962869915 -1797.876366585661799 7906.6365030566357746 15636
249000000 313.55082784078410896 13083.961787931993968 4822.1419666582478385 -1279.769631146292113 -1794.5555564614328432 7896.4671542659725674 15625
250000000 309.63849019931109297 12920.706354817608371 5048.2556871842052715 -1289.6964166099567137 -1662.0665188526368183 8000.0186226467994857 15614
251000000 310.38613230987851921 12951.904233876248327 4856.2579321238426928 -1279.9033798621176174 -1769.6222040191328233 7905.7835160050926788 15632
252000000 309.2611717577502759 12904.961475095044079 4956.140077172832207 -1288.6916681083471303 -1709.8230049619583042 7954.6547502431376415 15613
253000000 312.8927780214825134 13056.502448246659696 4780.7388955234036985 -1294.9619268703258967 -1767.5487218352532182 7843.2495442289828134 15622
254000000 311.24017472445495969 12987.542023112975585 5135.5104998418764808 -1256.2837331945834194 -1576.8273519494143784 7968.6215849858745059 15621
255000000 313.54331641103726724 13083.64834828822859 5023.2607328756557763 -1273.7168895718859858 -1631.6834823768026581 7928.661104824343056 15598
256000000 311.34440682610244266 12991.891457762607388 4914.7364748703275836 -1282.843549832066401 -1683.9665488168429874 7881.5465735192374268 15620
257000000 311.52454260693082233 12999.408228454070922 4864.5553787306262166 -1264.0679684899291715 -1719.8338308637983118 7848.457178084354382 15613
258000000 312.64974276614719884 13046.360985646082554 4701.5979398299405148 -1287.1675399037981151 -1849.8578366975407334 7838.6233164312789086 15626
259000000 316.58802138634490575 13210.698893256587326 4888.4670187421534138 -1249.8269840895620746 -1801.7702913296475344 7940.0642941613623407 15632
260000000 312.93661448641387324 13058.331672031617927 4652.6697548197917058 -1274.7145229607212968 -1831.8592093481167922 7759.2434871286295675 15642
261000000 312.13831413692423666 13025.019907747842808 4874.8290930880175438 -1279.6113774983541589 -1765.0184933237478617 7919.4589639101195644 15632
262000000 309.95710852778972821 12934.001775095899575 4969.9806364059031694 -1264.5409233791044699 -1625.3620742131836323 7859.8836339981917263 15635
263000000 309.90479636313898482 12931.818874262731697 4855.465225400833333 -1273.4582317936415166 -1731.1710209556556492 7860.0944781501311809 15636
264000000 310.85841323275792547 12971.611742195318584 5056.1477109983916307 -1250.1572406318116464 -1608.9386289754061181 7915.2435806056091678 15631
265000000 306.47034551410524728 12788.504873209907601 4996.9626330470709945 -1265.2732766030160292 -1632.715122493981653 7894.9510321440684493 15605
266000000 310.68261787947699304 12964.276090426630617 4905.3197562096192996 -1228.9298716544244598 -1726.2524842606717357 7860.5021121247164047 15618
267000000 308.05500385173263567 12854.630066625031759 4824.3419345105867251 -1246.6517240537377802 -1699.4579715928700807 7770.4516301571939039 15610
268000000 307.76567538818130743 12842.556864371556003 5047.4743591110573107 -1251.8700374122163339 -1578.3441203167340063 7877.6885168400085604 15597
269000000 309.47167034265203256 12913.745235802149182 5016.9780987060566986 -1231.460912440491029 -1624.9980320774216125 7873.43704322396934 15605
270000000 311.36870234334259067 12992.905269849718024 4851.2144470964376524 -1276.1119673757073087 -1786.3187957649679447 7913.6452102371131332 15618
271000000 310.60619735397324348 12961.087187235430974 4914.599615385688594 -1262.7827649934874898 -1639.6031541264587759 7816.9855345056339502 15593
272000000 310.54023592377234309 12958.334724937150895 5082.2884439135459615 -1280.0735506580990659 -1604.4361510394592187 7966.7981456111047009 15603
273000000 309.54743740358355808 12916.906870988505034 4620.9028809003757488 -1285.9497099998193335 -1790.7183871198276393 7697.5709780200231762 15616
274000000 312.57005071831270016 13043.035567193675888 4704.2762759713041305 -1255.2170114480866232 -1809.1106887120504325 7768.6039761314405041 15620
275000000 305.97435890270986647 12767.808165389003989 4826.559017020270403 -1248.1490754536296208 -1767.5007961012152009 7842.2088885751163616 15630
276000000 308.32250092771971595 12865.792280881330953 4839.9061538377573015 -1273.7282667035219674 -1676.2295841754762478 7789.8640047167546072 15616
277000000 313.33888800088652715 13075.117886017727869 4820.7696517039312312 -1268.66968012594225 -1747.0456269552596495 7836.4849587851331307 15608
278000000 312.02283039392273167 13020.200960558437146 4764.3606284921470433 -1291.9585228681858098 -1742.0443913351200536 7798.3635426954524519 15618
279000000 310.65873035559445725 12963.279303233179235 4868.3410655478364788 -1253.176628341118203 -1682.7476426339226236 7804.2653365228761686 15623
280000000 311.71557416255984663 13007.379661957696953 4895.4983134319018063 -1262.8443478813355796 -1797.5512533551182059 7955.8939146683551371 15628
281000000 311.16978191950187238 12984.604646814230364 4731.8734696496376273 -1277.0459425326409928 -1730.930997066452619 7739.8504092487310118 15617
282000000 309.12187463042454283 12899.148834434359742 4935.3521196371366386 -1247.9587449402861239 -1720.2112645678926128 7903.5221291453144659 15617
283000000 310.92180092987098305 12974.256806833047449 4739.775111880086115 -1247.7706891416860344 -1814.7634512850950159 7802.3092523068671653 15630
284000000 308.46624579505561314 12871.790518437856008 4883.4378997440171588 -1249.7168979709165342 -1754.4514615397581565 7887.6062592546932137 15622
285000000 308.11290306626460733 12857.046105886367513 4896.3445015415290982 -1237.6329746637798053 -1771.9288466965922453 7905.9063229019011487 15629
286000000 310.9402997571207834 12975.028732554068483 4926.2337848431634484 -1212.1830643562570913 -1709.9382955210016917 7848.3551447204235956 15611
287000000 305.6764311046011926 12755.376127008305048 4904.0879316162663599 -1244.0073409320082192 -1753.8706799811786823 7901.9659525294537161 15612
288000000 309.86941808557156719 12930.342596764110567 4980.0989768225990701 -1264.9556578514993816 -1698.3355808272713148 7943.3902155013693118 15616
289000000 312.90400422445475215 13056.970899284482584 4874.3413960458574365 -1261.1155344005751431 -1718.5110397615794682 7853.9679702080120478 15625
290000000 308.99816019070971151 12893.986433770356598 4823.1876813288172343 -1285.4987595744898954 -1764.6141851224924721 7873.3006260258007387 15613
291000000 311.73059343388501929 13008.006391516837539 5043.612433392049752 -1262.7405952007934502 -1619.2058259704890588 7925.5588545633327158 15615
292000000 309.95513091812370021 12933.919252688034248 4909.0675423966331437 -1268.4717067605752163 -1692.8237307206261448 7870.3629798778338227 15615
293000000 310.5124512516890718 12957.175316141036092 4871.9405557473646695 -1288.5207977813731759 -1727.7851620015621847 7888.2465155302998028 15625
294000000 310.54197361406534128 12958.407235903076071 4907.8973175986284332 -1268.1766580058413183 -1649.2481966535906395 7825.3221722580601636 15602
295000000 309.00432565519588479 12894.243708491323559 4967.7316559699120262 -1207.9021168740016492 -1686.1710853001420674 7861.804858144055288 15620
296000000 310.50749822173605708 12956.96863432461214 4874.677969397382185 -1205.2733245069593977 -1761.4932865886955824 7841.4445804930364829 15617
297000000 308.78423088500221638 12885.059514710786971 4845.4620433301479352 -1256.9231240949923176 -1727.9962669257995458 7830.3814343509402534 15620
298000000 306.09020619743995439 12772.64228299577735 4931.4101951403517887 -1224.0658222907736672 -1671.5077016645584536 7826.9837190956859558 15607
299000000 310.42008240790039508 12953.320915784805038 4834.9960252578985092 -1234.7519898090490642 -1807.9518185239387549 7877.6998335908865556 15625
300000000 308.07610121272085735 12855.510424897076518 4928.5239746688866944 -1235.4151245541613662 -1704.0751857305767771 7868.0142849536259746 15629
301000000 309.19711691676059218 12902.288571637533096 4899.3511953376628298 -1236.4698530630980713 -1813.3435324322942961 7949.1645808330558793 15619
302000000 305.99805664164642849 12768.797033167926202 4898.8686996022897802 -1261.8518630374028362 -1751.8143467739953394 7912.5349094136872736 15622
303000000 306.83424365462099104 12803.689745780631711 4845.8272802881156167 -1268.6965648489592695 -1748.9186093141120182 7863.4424544511875865 15630
304000000 311.12245798426414467 12982.629896613221717 4792.201531553744644 -1243.616793021612466 -1822.9876342942584415 7858.8059588696160063 15610
305000000 309.75033408939407309 12925.373416914482732 4826.5287327064852434 -1238.1376149220302523 -1733.9541134445664738 7798.6204610730819695 15619
306000000 310.84830506970155284 12971.189945129475745 5015.9480889883243435 -1237.7326708122168384 -1581.8416406828146137 7835.5224004833553408 15625
307000000 311.57547396694479858 13001.533510574419779 4805.1955498518564127 -1215.5003396347046873 -1751.5981205080361178 7772.2940099945972179 15619
308000000 309.55132430320333015 12917.069064934694325 4847.9230512278136302 -1238.5899629016305425 -1716.3282706122167838 7802.8412847416602744 15635
309000000 305.97162697223251371 12767.694166410850812 4904.3760931963715848 -1279.7193973403750533 -1729.0472065329061024 7913.1426970696520584 15615
310000000 308.86179364242912015 12888.296081366752333 4931.8551012695852478 -1216.4997445605499706 -1714.0531514472190793 7862.4079972773542977 15618
311000000 309.85560788573025093 12929.76631977498073 4784.8356133661645799 -1239.5878489565307063 -1799.9204817007034762 7824.343944023399672 15624
312000000 309.15549930853615024 12900.551937103784439 5016.7372966147831903 -1214.0704377527567885 -1705.9902558295902963 7936.7979901971311847 15624
313000000 309.0246168257260706 12895.090425757794947 4856.589843528045094 -1249.048529917462929 -1748.8078908121556196 7854.4462642576654616 15617
314000000 313.65935769873783556 13088.490560903492224 4921.4893986245897395 -1232.131841616321708 -1725.9279952298838907 7879.5492354707967024 15617
315000000 313.96283297888879815 13101.154086611333696 4884.9477213863538054 -1207.0819837136307342 -1754.8598231074495288 7846.8895282074336137 15629
316000000 309.62985055804426793 12920.345836757507641 4767.8785708617979253 -1236.4231816971937405 -1791.7246093578787622 7796.0263619168690639 15617
317000000 308.49197874669926023 12872.864312305073327 4919.5938868083785565 -1207.6692621116753799 -1722.4036485618319148 7849.6667974818865332 15637
318000000 311.4543700155701913 12996.480041307364445 4944.3742503431294608 -1221.0876821911283514 -1673.5916713748288203 7839.0536039090866325 15610
319000000 306.8580513615195855 12804.683202342250297 4960.0336882569026784 -1241.2556799765263804 -1679.6009346782689136 7880.8903029116991092 15615
320000000 310.56514591616860343 12959.374178064717853 4823.7582389719382263 -1237.2222911453116012 -1760.5885125275215159 7821.5690426447717982 15635
321000000 307.63487059544621616 12837.098594904975471 4844.7440197809955862 -1245.2951875793405634 -1745.686538825915477 7835.725746186250035 15608
322000000 310.27436757948879631 12947.240474983542299 4957.6158685909458654 -1222.2557220196433718 -1719.5348895839399574 7899.40648019452874 15616
323000000 309.94535695741859627 12933.511401338180804 4770.1142435382071199 -1220.040811121114757 -1777.6019015433898858 7767.7569562027110806 15628
324000000 315.5114832785964154 13165.7767236612126 4854.7124103157129866 -1223.1104274828251164 -1765.9883915222180804 7843.811229320755956 15622
325000000 307.9459957906030354 12850.08133901931069 5009.4309368374842961 -1278.0016073926021818 -1638.1997700371141491 7925.6323142672008544 15632
326000000 310.64067761862071393 12962.525992127741119 4936.4435070369427194 -1245.5181531960097345 -1644.2619497231924015 7826.2236099561450828 15597
327000000 311.27517006127078503 12989.002321122095964 4923.9607862970260612 -1218.1202290797855312 -1684.0485282333597752 7826.1295436101709129 15617
328000000 309.52866950585632821 12916.123717397764267 4791.0321157892476549 -1222.6637742583488944 -1816.6358129610910055 7830.3317030086864179 15620
329000000 310.24960398385667304 12946.207130752836747 4921.51379215214547 -1251.8916598089529089 -1705.0756629321442688 7878.4811148932431024 15631
330000000 311.78833897843912837 13010.416018382033144 5068.1200495985594898 -1243.4373276488220199 -1597.928532277555405 7909.4859095249366874 15604
331000000 310.92249894378272757 12974.28593380876373 4739.713299958346397 -1243.6728451236128876 -1823.2489892595544916 7806.6351343415135489 15620
332000000 310.19871806497957323 12944.08374481660212 4919.0010853009462153 -1254.7307082190438905 -1721.6089234087880868 7895.34071692877842 15622
333000000 308.02523665914770845 12853.387930499935464 4725.958449958870915 -1247.5749623774586325 -1834.6143457134144228 7808.1477580497439703 15635
334000000 311.33199169775934934 12991.373394819027453 4866.6358371547712522 -1216.0170665033879231 -1694.515218000623463 7777.1681216587821837 15601
335000000 310.49388774771426824 12956.400691566357636 4913.0226740034067916 -1233.2426363587933338 -1780.4540765242386442 7926.7193868864378601 15617
336000000 312.83044627502169988 13053.901446697773281 4878.5933343678389065 -1266.1566644139027176 -1801.5309825499689396 7946.280981331710791 15616
337000000 308.67344729492930355 12880.436697194323642 4884.5370058395656088 -1248.1335059438388271 -1698.0321789349782193 7830.7026907183826552 15634
338000000 313.21278112473669353 13069.855652905151146 4870.2720861296675139 -1197.9881028677709764 -1810.7424660084877814 7879.0026550059264991 15623
339000000 308.52812522996123334 12874.37264576738562 4964.0705423457166034 -1218.936389296070729 -1722.8812953952592579 7905.8882270370468177 15619
340000000 307.64687153786161389 12837.59937454910505 4820.8497783115217317 -1229.8962826300853521 -1806.00877791485118 7856.7548388564582638 15611
341000000 311.72200914524165682 13007.648183230929135 4945.1657234592312307 -1221.8656200491413983 -1657.8388094715869556 7824.8701529799600394 15615
342000000 310.90675060933426721 12973.628781641231399 4823.3855075486644637 -1238.8005295886118802 -1770.2955695833620666 7832.481606720637501 15628
343000000 313.78349327922535394 13093.670535081222624 4823.5113463769130249 -1238.2438047246728274 -1803.4179551826462102 7865.1731062842318352 15612
344000000 314.447966640408481 13121.397918633956579 4938.3645872052720733 -1205.6019874670541867 -1660.3287766345981709 7804.2953513069242035 15601
345000000 307.89708884013913348 12848.040532189234 4908.1638841922695065 -1197.214722044764585 -1706.7143133951085474 7812.0929196321430936 15604
346000000 310.86544102231448505 12971.905000327164089 4885.5118200867373162 -1244.7802049779340905 -1726.1074462165424848 7856.3994712812145735 15615
347000000 310.32644258773103729 12949.413479668746731 4812.03133275170876 -1196.3015274881670393 -1741.7242234068737616 7750.057083646749561 15628
348000000 311.32644111743337589 12991.141778205586888 5021.2327205758319906 -1211.8848982897716269 -1691.8802920850907867 7924.9979109506930399 15621
349000000 307.47907259900341614 12830.597400039278 4883.9333088718249201 -1219.8271624612270898 -1739.1113981148664607 7842.8718694479184705 15624
350000000 310.42023103790285177 12953.327117871036535 4848.1730428068003675 -1198.5054148752271885 -1742.7937229152321379 7789.4721805972603761 15605
351000000 310.32694099388822906 12949.434277340245899 4821.0793743100666688 -1230.9325386546588561 -1783.1276727724728062 7835.1395857371990132 15632
352000000 312.11068919732417726 13023.867164326273269 5059.1556975876828801 -1243.778172636473073 -1639.8575511982514854 7942.7914214224074385 15620
353000000 310.49356751645814256 12956.387328841254202 4905.2778037434327416 -1277.7184034188994701 -1676.159759441740789 7859.1559666040739103 15617
354000000 309.1768659671788555 12901.443532725272235 4691.4371860577684856 -1257.0696562455855201 -1819.2244868334678358 7767.731329136820932 15633
355000000 311.25042285856892477 12987.969660941484108 4788.7142488997178589 -1231.4030795320491052 -1690.997907845644022 7711.1152362774100766 15614
356000000 310.33144657474758787 12949.622287839858473 4908.2649731611982133 -1275.4729361655579396 -1682.1661151650509964 7865.904024491806922 15622
357000000 313.66646633100680219 13088.787192469135334 4782.4540759273904769 -1254.0144034998845655 -1787.531422762099055 7823.9999021893745521 15624
358000000 311.75475865817458043 13009.014766692815101 4934.1341276524872228 -1217.5005173885460863 -1741.460101799718359 7893.0947468407512133 15618
359000000 307.22502653519774185 12819.996474460169338 4827.5458427424036927 -1238.1176838816368218 -1694.6081550952594625 7760.2716817192995222 15627
360000000 313.8575725526328597 13096.761741662356144 4668.5888968990493595 -1219.0529977239752952 -1875.530327320288734 7763.1722219433140708 15635
361000000 311.48791116815800706 12997.879658593672502 4776.7541197178106813 -1233.5976631796263518 -1773.2006632030224864 7783.5524461004588375 15625
362000000 311.01548411376188596 12978.166052446082176 4982.091123325445551 -1225.0596880981449885 -1646.8937276769192977 7854.0445391005096099 15623
363000000 310.72131408433824618 12965.890819589456441 4868.0799322246275551 -1235.1726389259079042 -1630.0622529287982161 7733.314824079333448 15617
364000000 308.44314049670248323 12870.826372232811991 4790.2619492752792212 -1217.147992386676151 -1811.3927798148074544 7818.8027214767625992 15643
365000000 307.96319467092052946 12850.79902008690442 4727.8355988078528753 -1218.4215472012456303 -1712.863069573862731 7659.120215582961464 15630
366000000 310.37758242875787573 12951.547461359828958 4691.8105814550999639 -1239.5502643801073646 -1771.8477255830944159 7703.2085714183012897 15625
367000000 308.22181395896075173 12861.590778812727876 4832.366806295920469 -1188.0764111205955942 -1707.8282340179036964 7728.2714514344206691 15625
368000000 309.37119250105968149 12909.552460267219431 4991.4446668642558507 -1222.8482036206310113 -1616.1956439941252484 7830.4885144790114282 15611
369000000 313.79172849669191692 13094.014177199438564 5122.6185600812659686 -1213.955081319083547 -1633.5069237129634985 7970.0805651133114225 15623
370000000 308.74783667540867782 12883.540844034956535 4915.1773668314417591 -1228.6829686886612762 -1694.1439194630788734 7838.0042549831805445 15621
371000000 311.50537773783838702 12998.608509899338969 4774.9310791128773417 -1245.7170565768569759 -1765.9401986464388301 7786.5883343361738298 15631
372000000 308.74673724064177804 12883.49496642532722 4866.5701665022725138 -1224.4721459232775942 -1740.6815964037600679 7831.7239088293117675 15612
373000000 308.74347745220052275 12883.358940800086202 4879.7952909773912324 -1214.0125617800581495 -1760.2944130913715526 7854.1022658488209345 15620
374000000 309.8129726400771915 12927.987220900373359 4917.1517294655532169 -1204.0684036235929852 -1685.3811648460659853 7806.6012979352117327 15640
375000000 312.68405243050779063 13047.792671668223193 4750.7874059302457681 -1201.2881616732156544 -1801.8437267884837638 7753.9192943919451864 15622
376000000 310.41481595955445982 12953.101155532882331 4923.403405569941242 -1222.6564911614743778 -1698.4888374821030084 7844.5487342135184008 15610
377000000 309.63773243301636739 12920.674734472950149 4860.5584988695154607 -1241.01929958044866 -1754.2513973546735997 7855.829195804637493 15610
378000000 306.22381797241592949 12778.217683227510861 4856.3512927554065755 -1253.3428292420774142 -1742.0239273416086689 7851.7180493390933407 15625
379000000 311.42617317728667103 12995.303433491711985 4702.1027202994291656 -1251.2400951296590392 -1778.8745393583794794 7732.21735478746632 15631
380000000 308.6115207358611201 12877.852603450779498 4773.9943502463374898 -1298.7550098091562631 -1792.0359529248958097 7864.78531298038979 15624
381000000 314.49785136710812594 13123.479526462691865 4946.2255231545950664 -1242.3555718080538099 -1794.6545803884555426 7983.2356753511048737 15624
382000000 307.88302914401663202 12847.45384412948988 4719.9989540942915482 -1220.0953613173473968 -1861.9254020886742182 7802.0197175003131633 15626
383000000 311.56952159135829561 13001.285127703746184 4760.5479559307741511 -1214.1787510824024139 -1821.0415052410307908 7795.7682122542082652 15621
384000000 310.15953053501868908 12942.448513463195923 4933.7337565681027627 -1218.059936735140127 -1723.8722643851779139 7875.6659576884203489 15620
385000000 310.55261132963494219 12958.851130326769635 4942.5026690518297983 -1221.0308540479704789 -1724.863461241384357 7888.3969843411859983 15614
386000000 307.81695411036469068 12844.69664134552113 4967.3467764897450252 -1223.5210764242449386 -1684.2815138518496951 7875.1493667658396589 15618
387000000 306.0918986924795604 12772.712908037901798 4874.4137160672516984 -1227.83139614657739 -1789.1898108608029361 7891.4349230746320245 15616
388000000 309.08890757145991302 12897.77317313336971 4857.918623157473121 -1257.3460806451025746 -1715.7419692314417716 7831.0066730340176946 15623
389000000 309.81456489701361079 12928.053663170854634 4823.7776423006453115 -1265.3254194267758521 -1820.6757392800968773 7909.7788010075182683 15627
390000000 307.05977176290531361 12813.100663848419572 5064.9423265105879182 -1211.3962420432483214 -1632.8089130987532371 7909.147481652589704 15619
391000000 308.10761629862349764 12856.825497743586311 4781.1472486837783435 -1267.158522279621593 -1852.5778186942682169 7900.8835896576683808 15628
392000000 311.84644595855814941 13012.840727360557139 4897.8152364046782168 -1237.3688272523004343 -1762.1583354207195953 7897.3423990776982464 15602
393000000 308.67014290041618096 12880.298810230860909 4723.9577449839534893 -1241.4604859155365375 -1829.7257503277901378 7795.1439812272801646 15627
394000000 308.01755278139467009 12853.067294883705472 4952.1878310777292427 -1246.7301010602318456 -1718.394096786460068 7917.3120289244225205 15615
395000000 309.09286536849953109 12897.93832551261039 4929.7250012998938473 -1239.6202137201298683 -1724.9688324056487545 7894.3140474256724701 15617
396000000 309.11578501685090714 12898.894724847568796 4961.2664612859243789 -1215.834225101750917 -1639.4716687835164066 7816.572355171192612 15609
397000000 307.38615306208794209 12826.720020162061701 4920.9512005498454528 -1212.9861573876507919 -1596.7460401462119535 7730.6833980837081981 15620
398000000 305.11556712739769637 12731.97219311824847 5025.4250639940401015 -1205.7536276010234815 -1776.523471192816487 8007.7021627878784784 15626
399000000 310.01116193888134376 12936.257335287209571 4988.861460066118525 -1205.9089563105399066 -1689.051893894656132 7883.8223102713145636 15612
400000000 308.13165893134544149 12857.828757374509223 4886.68212647931432 -1192.0563436224915677 -1762.252738252740528 7840.9912083545468704 15614
