# Steps Temp KinEng PotEng Epair Ebond Eangle Bonds
1000000 314.65310679935868166 13129.958081014512572 4387.1509284529329307 -1592.1036567716835179 -1710.7095002785554243 7689.9640855031721003 15611
2000000 310.25996947210916233 12946.639665577071355 4468.7350487230824001 -1568.1914056963412349 -1788.3490995559118346 7825.2755539753352423 15625
3000000 309.18110463634963025 12901.620405437884983 4512.769507094837536 -1536.8319865356174887 -1766.7236953269823516 7816.3251889574366942 15629
4000000 306.9654195934301697 12809.163502564162627 4606.0485262846032128 -1543.8572087659317731 -1757.2747599657850515 7907.1804950163204921 15619
5000000 311.09405454312673101 12981.444667599327659 4482.5391250025168119 -1457.2808473701620642 -1731.9747552645062569 7671.7947276371860426 15627
6000000 310.70473301198194349 12965.19891863481098 4691.3636651942069875 -1473.8242632933827281 -1725.6959157900919308 7890.883844277681419 15621
7000000 313.35861412636927525 13075.941024881107296 4577.3790233176296169 -1404.0872722860458452 -1805.1201058399633439 7786.5864014436392608 15631
8000000 310.38679248691516932 12951.931781981224049 4733.3847577983797237 -1411.0208579674094835 -1708.1193728721186744 7852.5249886379078816 15614
9000000 309.08905508662354578 12897.779328699207326 4634.8803569997890008 -1404.4133802872015622 -1737.7783447399883698 7777.0720820269780234 15619
10000000 311.66221011730158352 13005.152867871976923 4572.5412766618701426 -1386.2799146900104006 -1803.1560734346492154 7761.9772647865283943 15621
11000000 306.46028241722092389 12788.084956681510448 4695.8686881456933406 -1387.9664859433646598 -1657.0365618667060517 7740.8717359557649615 15619
12000000 309.59073582681185144 12918.713643175642574 4686.5568188662673492 -1424.6662739867260825 -1651.9312302513587838 7763.1543231043515334 15609
13000000 310.1214932801134978 12940.861281201287056 4528.530004670928065 -1439.0724630087340756 -1785.5566001771235278 7753.1590678567863506 15615
14000000 311.26917113249129443 12988.751995663031266 4419.1736366685809116 -1417.6061397093794767 -1827.9065495397433097 7664.6863259177034706 15640
15000000 311.07703745968683506 12980.734572617269805 4627.4468165336193124 -1395.267808566596841 -1722.3386792533806329 7745.0533043535970137 15614
16000000 312.73376167149046978 13049.866956765805298 4520.7237126638956397 -1349.1234879687979173 -1737.4792400226037898 7607.3264406552971195 15633
17000000 310.81753572107999162 12969.905990676616057 4704.7966797478193257 -1403.0998079768951357 -1645.7691580769612756 7753.6656458016750548 15619
18000000 310.23067962410368636 12945.41744825837668 4751.857403510448421 -1390.2414601344055427 -1609.0041721871511982 7751.103035832005844 15606
19000000 309.46695931324609319 12913.54865227164737 4678.6889318431458378 -1359.026695037300442 -1703.7749288384475221 7741.4905557188931198 15615
20000000 312.33490925797480031 13033.223499711648401 4723.6942616628530232 -1367.1532561375311161 -1743.7332351115833262 7834.580752911966556 15623
21000000 307.57265937676504564 12834.502622782656545 4694.4893878547263739 -1378.8182648161894122 -1816.5677748802454516 7889.8754275511619198 15631
22000000 305.34257335255085763 12741.444790578698303 4666.8595792761843768 -1380.4026017964849871 -1786.4569571750464547 7833.7191382477158186 15609
23000000 308.38764547050516285 12868.510655807547664 4690.5931504449072236 -1384.3881863956385132 -1708.2167910836885767 7783.1981279242336313 15616
24000000 310.17547862614276255 12943.114001149178875 4739.6370546721955179 -1395.666179621678566 -1756.7217183680013477 7892.0249526618763412 15629
25000000 310.6834998355566313 12964.312893007328967 4781.5437289403316754 -1393.9449372653214141 -1701.0125280544314137 7876.5011942600849579 15613
26000000 309.9846201380971138 12935.149789471957774 4722.6111940200471508 -1397.5618111283470171 -1702.3135854130116513 7822.4865905614060466 15614
27000000 307.92289030689016727 12849.117185079508999 4790.3265619580924977 -1373.4674508456112108 -1658.0701021192630833 7821.8641149229670191 15601
28000000 310.08530941516141866 12939.351387862356205 4541.1281268758302758 -1395.8849621148515325 -1764.5053264865643996 7701.5184154772450711 15631
29000000 311.23731507384553652 12987.422694583186967 4775.8915794995837132 -1376.9892173995524445 -1669.513774861505226 7822.3945717606420658 15615
30000000 313.59403832786892963 13085.764890688087689 4609.5813648950625065 -1387.1675677550938417 -1748.5316202105202592 7745.2805528606768348 15613
31000000 315.54352409397324664 13167.113734336424386 4658.2098193762285518 -1372.1956524091297069 -1759.4218887171891765 7789.8273605025478901 15629
32000000 308.15500921600676065 12858.803126456388782 4721.6136596306550928 -1397.4933764384918504 -1712.9357096036860639 7832.0427456728320976 15616
33000000 308.01070414535411146 12852.781512534251306 4538.3490218374045071 -1403.3722399885971299 -1772.3730895759856594 7714.0943514019872964 15624
34000000 311.26900515749684928 12988.745069798731492 4707.5949531235564791 -1358.282752276921201 -1715.673661600917967 7781.5513670013942829 15631
35000000 312.90539693755675899 13057.029014918027315 4826.3715698566302308 -1349.6719305596761842 -1655.4345901158910692 7831.4780905321986211 15613
36000000 311.81256067504040175 13011.426750054955846 4713.8646105105763127 -1380.9162617954705183 -1747.0086078353538142 7841.7894801414004178 15627
37000000 314.56470373570476795 13126.269166158986991 4818.4797705047349154 -1364.3522532525980751 -1655.6875078464486251 7838.5195316037825251 15619
38000000 309.37260075283558081 12909.611224304138887 4712.8044450525540014 -1397.8654698160396492 -1738.488627734928059 7849.1585426035217097 15619
39000000 309.43657056071776879 12912.28057946953777 4735.9091114143739105 -1401.5876303030595409 -1689.2071656030152553 7826.7039073204477972 15607
40000000 313.48357362090428069 13081.155379640729734 4640.8410731730637053 -1366.2800041689713453 -1675.3819511675551439 7682.5030285095899671 15609
41000000 310.2694239861468759 12947.034186941422377 4890.1775341629963805 -1366.160182996241474 -1626.1906368776139971 7882.5283540368518516 15598
42000000 310.83277889387244386 12970.542063276763656 4743.8459113392400468 -1392.3299825320632408 -1711.0479439749533412 7847.2238378462552646 15619
43000000 307.00423456918150578 12810.783187841434483 4717.6636584510997636 -1358.269026254222581 -1681.0574345235561395 7756.9901192288798484 15613
44000000 306.66012574013552694 12796.424090781694758 4858.2435957451853028 -1360.1345710073017017 -1586.7071424338200814 7805.0853091863054942 15607
45000000 307.60760361565070298 12835.960788558957574 4786.6259727877986734 -1355.8391512738048732 -1729.6059192237657953 7872.0710432853711609 15627
46000000 310.51840670764755714 12957.423827550581336 4733.1721340641252027 -1353.7553197349161564 -1752.4542966180652002 7839.3817504171056498 15615
47000000 307.29787037951462025 12823.036128611591266 4622.2539985576568142 -1368.869946765087434 -1717.0278666516553585 7708.1518119743996067 15620
48000000 307.7754271021693171 12842.963787402391972 4764.3901466508114027 -1325.4394627580693395 -1718.6054034478056565 7808.435012856686626 15619
49000000 311.48179422597934263 12997.624408629015306 4972.8585021131020767 -1406.3233864992625968 -1621.6983566583207903 8000.880245270685009 15636
50000000 309.07077590954054358 12897.016568619395912 4569.601177273581925 -1399.4281494284703058 -1810.4349016899257094 7779.4642283919765759 15613
51000000 310.26317556744191961 12946.773450676957509 4842.2069821467266593 -1381.0335529800292989 -1657.5224913951728922 7880.7630265219277135 15598
52000000 309.75169185535600036 12925.430074261188565 4716.3063885954525176 -1378.6414655130079154 -1761.0927632430007179 7856.040617351461151 15624
53000000 309.68183471208652691 12922.515050245956445 4625.9004287297102564 -1405.026655213448521 -1738.9403318336196662 7769.8674157767782162 15635
54000000 310.14001559772060546 12941.63418713639112 4726.4674184093073563 -1357.7328680018956675 -1670.8301453631302138 7755.0304317743348292 15613
55000000 312.94389719912862802 13058.635567688754236 4751.3655786963590799 -1407.0552886921800564 -1660.1828753544591564 7818.6037427429992022 15608
56000000 309.47585629773573146 12913.919908842364748 4669.7141314652026267 -1390.5235415743954945 -1718.6002709838942337 7778.8379440234912181 15604
57000000 306.03693848581292514 12770.419508754492199 4670.5537603996963298 -1346.2498107201624862 -1731.7472650744859948 7748.5508361943439013 15613
58000000 311.18779757252031004 12985.356410467036767 4759.2780623583330453 -1410.080270132182477 -1619.5258084339493507 7788.8841409244641909 15595
59000000 310.49156578467028567 12956.303799856807018 4652.751860926307927 -1388.6687279160771595 -1752.3060378884015336 7793.726626730785938 15630
60000000 308.65508915449083815 12879.67064210319586 4682.4338640557298277 -1368.571809124749052 -1786.6528513009716335 7837.6585244814496036 15622
61000000 308.92387664712924789 12890.886703329930242 4719.025664745910035 -1379.8376510772029633 -1693.3899038453323556 7792.2532196684451264 15615
62000000 310.60028875929964443 12960.840631270446465 4760.7344174819827458 -1342.2862053726262275 -1717.6175571582334669 7820.6381800128438044 15602
63000000 312.0430696752217159 13021.045512572394728 4791.7801145931825886 -1341.8382036893135592 -1702.4416772276902066 7836.0599955101879459 15616
64000000 308.67356052067850669 12880.441421919134882 4697.1083827469519747 -1389.8247262664369828 -1703.4382588644170937 7790.3713678778058238 15634
65000000 306.40398581351399798 12785.735791741446519 4713.2095548028246412 -1374.7156620338810171 -1708.5375518505543369 7796.4627686872599952 15613
66000000 306.71969471361796877 12798.909806345445759 4783.5881960247097595 -1381.5855831841563486 -1732.638512634034214 7897.8122918428998673 15614
67000000 312.07034704001853243 13022.183752267485033 4848.9956370126219554 -1345.8282984318677791 -1692.1222235530681246 7886.9461589975571769 15618
68000000 313.80074671754778137 13094.390492764880037 4606.1541898229061189 -1326.8231975072430942 -1766.106271796041483 7699.0836591261904687 15616
69000000 310.60960193941986063 12961.229255002222999 4688.6824525818792608 -1320.2453684693045943 -1675.2415352318155328 7684.1693562830005249 15630
70000000 310.66906554152672015 12963.710573591291904 4699.1646416734656668 -1331.3358267915073156 -1757.8938623628787354 7788.3943308278512632 15619
71000000 305.24249500146993341 12737.268685127601202 4814.2921465192339383 -1367.2061339856109043 -1704.696663549772893 7886.1949440546168262 15604
72000000 310.50678579949970981 12956.938906113140547 4620.7012586916498549 -1368.0236483902501732 -1777.0253772047381062 7765.7502842866379069 15621
73000000 311.47509921644927999 12997.345036861877816 4612.5169326972718409 -1351.7487677934204839 -1871.1990460493943829 7835.4647465400867077 15625
74000000 312.18816908787795228 13027.100273083535285 4568.6681867301585953 -1360.6261153487271258 -1757.916923823223442 7687.2112259021096179 15623
75000000 310.03328069370638786 12937.180314648867352 4607.0427814492077232 -1361.6343680600748485 -1809.4506654748649908 7778.1278149841482445 15607
76000000 310.1308913790806514 12941.253448457269769 4619.2059101019731315 -1310.9476472707328867 -1773.4735197444467758 7703.6270771171530214 15616
77000000 312.01861997683067784 13020.025266758731959 4711.9233483920979779 -1312.8739126558812131 -1749.2470981435967587 7774.0443591915754951 15612
78000000 308.78322870667096822 12885.017695452706903 4722.846181583503494 -1329.8587425695736783 -1677.0717163760864423 7729.7766405291640694 15608
79000000 309.89477890386598347 12931.40086211700509 4747.8386171032962011 -1334.9239870939477441 -1706.4125256027798514 7789.1751298000235693 15616
80000000 308.71868339949071469 12882.324325645480712 4805.0238175984286499 -1337.0479233140733868 -1730.5947466521861315 7872.6664875646874862 15621
81000000 310.95208323517420013 12975.520437767036128 4679.614585699091549 -1333.1857159762394076 -1846.9142756336871116 7859.7145773090187504 15615
82000000 307.66100995315372302 12838.189347430687121 4819.8158863517937789 -1316.9411400434746611 -1673.7506211142294887 7810.5076475094974739 15611
83000000 309.85227874941296022 12929.62740037661024 4814.7651757774519865 -1312.9290216771266842 -1683.739979552303339 7811.4341770068813275 15620
84000000 310.07559692291016518 12938.94610149026812 4802.4769813487073407 -1292.9771105073243689 -1697.5154129924803783 7792.9695048485118605 15617
85000000 310.97144601549445042 12976.328414832709313 4764.4417101760409423 -1337.8628749537626845 -1716.6089520489729239 7818.913537178777915 15613
86000000 313.85655316690224481 13096.719204367722341 4861.9248572952747054 -1279.0884110211986808 -1636.8867780849748215 7777.9000464014479803 15607
87000000 308.5958713944580154 12877.199582100669431 4767.0595741164142964 -1337.8585513136254121 -1666.0724950571182035 7770.9906204871567752 15604
88000000 306.37185608311892793 12784.395070788354133 4810.4270301038841353 -1373.2263228051147053 -1716.0047667040610122 7899.6581196130600802 15625
89000000 312.05595064296835517 13021.583014230256595 4778.5387324917937804 -1359.3797783163627173 -1740.9201936196968745 7878.8387044278533722 15616
90000000 307.94273522488703065 12849.945280959669617 4702.2305726602735376 -1397.5511933972002225 -1732.4125014364203707 7832.1942674938936761 15617
91000000 311.61113205591237829 13003.02146414384697 4722.966827694013773 -1374.2639228995469693 -1746.0749031128416391 7843.3056537064021541 15621
92000000 309.61128151860464186 12919.57098119695911 4683.279540219633418 -1312.8124501746719943 -1787.1285619699242488 7783.2205523642296612 15627
93000000 306.82822449692963573 12803.438576202252079 4815.1335839627699897 -1363.4133376791387491 -1688.3513814591601658 7866.8983031010693594 15624
94000000 307.3765406959027473 12826.31891188649206 4793.1411075474834433 -1325.8123804419565204 -1637.9070824054829245 7756.860570394923343 15613
95000000 312.95557572018236669 13059.122893218267563 4681.4519541590416338 -1322.282492727162662 -1740.6292143236448737 7744.3636612098489422 15614
96000000 310.29204016522470511 12947.977923001317322 4833.3003806549531873 -1285.9694080725375898 -1704.1824468413583418 7823.4522355688477546 15607
97000000 308.55569917153229653 12875.523261124846613 4908.8504152574814725 -1332.5531242847503108 -1614.7882097195511051 7856.1917492617831158 15614
98000000 309.00833633282542223 12894.411067490851565 4802.8579983953604824 -1316.7703460098530286 -1670.0070129150442426 7789.6353573202568441 15606
99000000 311.30662722630080452 12990.314977025587723 4910.020219925479978 -1316.1651073660559632 -1622.503452149082932 7848.6887794406193279 15615
100000000 307.8192297443108032 12844.791599817803217 4778.4169983609353949 -1334.9767248772041057 -1773.7773923599447699 7887.1711155980847252 15610
101000000 312.94015019572486835 13058.47921138221318 4742.32081058836593 -1352.5316624984907321 -1745.2899119254250309 7840.1423850122819204 15634
102000000 311.86648549012170406 13013.676944145667221 4618.0224805272846424 -1344.8252558502347256 -1878.8368995469907077 7841.6846359245100757 15632
103000000 310.93793865381945807 12974.930207585774042 4625.1970757984472584 -1341.4888557939689235 -1763.9599346405602773 7730.645866232976914 15631
104000000 307.51714610927308513 12832.186145178084189 4793.473988410626589 -1301.7303593491246829 -1781.9836222757965061 7877.1879700355475507 15619
105000000 317.41825000322245387 13245.342971772588498 4831.4627169807699829 -1320.668557946549754 -1714.8639954701284296 7866.9952703974468022 15613
106000000 312.5340303964424038 13041.532498239321285 4905.5262461610018363 -1321.4921332527071627 -1684.0391128005401242 7911.0574922142486685 15620
107000000 312.75726496132375587 13050.84771050256677 4929.0984481466830402 -1317.0354462118730225 -1662.0498837806339907 7908.1837781391895987 15611
108000000 308.5696111780201818 12876.103786338364444 4998.2125472167881526 -1319.0987998180567047 -1666.000855595961184 7983.3122026308055865 15623
109000000 312.6931834251664668 13048.173693099493903 4823.3009233404618499 -1351.106585704277677 -1723.7727324321940614 7898.1802414769326788 15605
110000000 306.77423064540857922 12801.185501334137371 4748.2364176518203749 -1341.4126567740474911 -1760.4435290986039035 7850.0926035244710874 15627
111000000 306.95013654356210964 12808.525765959053388 4759.8162962694514135 -1340.3810867844056247 -1783.0005935171393503 7883.1979765709966159 15610
112000000 314.64540921514469574 13129.636873450148414 4913.727155331670474 -1300.784543298618928 -1663.8059550648013101 7878.3176536950904847 15601
113000000 304.30196369520797361 12698.021856292136363 4798.0425851681739005 -1321.1287241463351165 -1715.6666654858302081 7834.8379748003389977 15631
114000000 311.69165184472262808 13006.381422869582821 4870.4204644047895272 -1305.6244056111281679 -1648.8526272522110503 7824.8974972681298823 15622
115000000 314.57360196826203946 13126.640474809521038 4730.2739090120212495 -1314.4476112629120053 -1721.0776601466423017 7765.7991804215762386 15613
116000000 309.32237458610842396 12907.51536874305566 4803.8159076527299476 -1325.4196744138153008 -1669.3290636795304636 7798.5646457460743477 15608
117000000 309.21274404311958506 12902.940665990287016 4708.2938856243627015 -1352.5303031666010156 -1705.1175338843411282 7765.9417226753048453 15622
118000000 310.63461142131501447 12962.272859663406052 4789.0303125822374568 -1337.7806348551575866 -1724.1218281110518546 7850.9327755484464433 15617
119000000 308.28888033687167081 12864.3893487667101 4790.394335227449119 -1359.1582809315984832 -1735.3799352663743321 7884.9325514254214795 15617
120000000 312.98190319638268875 13060.221495620149653 4793.3679874177269085 -1334.7264624682825342 -1743.3619977652481339 7871.456447651257804 15623
121000000 308.050216431861827 12854.430295445719821 4926.4119007614763177 -1342.2038026096493013 -1615.5453370360705776 7884.1610404071961966 15614
122000000 309.49876070411772844 12914.875672154939821 4697.75184448589971 -1331.8159210841479307 -1839.4710799194374431 7869.0388454894855386 15627
123000000 311.60319703321198404 13002.690348660869859 4738.8030150778631651 -1337.6968988379221628 -1751.0249671100550586 7827.5248810258399317 15618
124000000 308.43604820218064333 12870.530422414560235 4705.4728981906228 -1313.9813484764699751 -1810.9703034920712525 7830.4245501591640277 15628
125000000 310.57278850674401838 12959.69309083474036 4669.4942699379062105 -1291.1246509340762714 -1766.8184869857404919 7727.4374078577238834 15621
126000000 312.17695216304377936 13026.632209207195046 4705.9384918576051859 -1306.0255616981667117 -1895.0099769488344918 7906.9740305046061621 15620
127000000 313.29377570612848558 13073.235423946603987 4848.5556013980731223 -1331.9239295468510136 -1605.5542791828718237 7786.0338101277957321 15614
128000000 309.53348023019157154 12916.324461034157139 4678.2133593808957812 -1299.9479607010757718 -1840.6680466735124355 7818.8293667554826243 15640
129000000 311.0100743292642278 12977.940311011638187 4961.9270255089468264 -1311.1312533456152778 -1594.9841596846054017 7868.0424385391661417 15609
130000000 310.71537423102381581 12965.642959252658329 4833.9311482304128731 -1328.6871140135676796 -1698.081203446426116 7860.699465690408033 15626
131000000 313.31454871587135358 13074.102247573151544 4955.7820086757456011 -1316.343036170119376 -1651.885858635203931 7924.0109034810684534 15616
132000000 310.04074469874029774 12937.491775337142826 4678.7720816165010547 -1350.1240242891062735 -1695.2617591886989885 7724.1578650943065441 15625
133000000 308.49600551409184845 12873.032342704023904 4525.9511676739884933 -1303.5099709091532532 -1816.3844877983808601 7645.8456263815223792 15621
134000000 309.50559053653626052 12915.160669860088092 4630.8985676989232161 -1325.9103947495254943 -1829.997116711430408 7786.8060791598782089 15624
135000000 313.31768056356139596 13074.232934440682584 4572.2100141936061846 -1322.7408127623739347 -1857.9450921429902337 7752.8959190989708077 15631
136000000 307.67484576939222052 12838.766693350058631 4836.6146713178850405 -1290.3083552394932667 -1717.648901783630663 7844.5719283410089702 15617
137000000 312.82113222682909282 13053.512786742759999 4824.2859180176455993 -1294.0205437526615242 -1695.0587022689651349 7813.3651640392718036 15609
138000000 309.52444695755315252 12915.947517382517617 4913.4034420711313942 -1315.5758899759941869 -1657.9726754540154161 7886.9520075011414519 15614
139000000 308.68554691688603953 12880.941594573865586 4835.8579829496047751 -1332.9035033369982557 -1681.4572851751488543 7850.2187714617521124 15611
140000000 310.6212506784654579 12961.715337777381137 4744.1579132472315905 -1317.4736203116362958 -1690.1778738954071741 7751.8094074542750604 15615
141000000 310.51953051819589291 12957.470722321590074 4652.0944842614171648 -1363.4708699970569796 -1695.9113736278970919 7711.4767278863710089 15624
142000000 311.5983237293385173 13002.486993682983666 4736.6543122502880578 -1313.2441239878235137 -1810.2235019983165785 7860.1219382364279227 15623
143000000 312.14992193993293768 13025.504282329320631 4741.7518291362230229 -1321.3243827583628445 -1809.3988802937496985 7872.4750921883369301 15616
144000000 312.07204494233167225 13022.254602946266459 4753.4168787791877548 -1340.2179259640092823 -1749.9033169904696479 7843.5381217336671398 15617
145000000 309.01592589358210716 12894.727767413512993 4912.5636661680619 -1345.7943394066871861 -1651.639808351016427 7909.997813925765513 15630
146000000 310.23902998732046399 12945.765895219898084 4718.2635478533529749 -1328.8959793487547358 -1849.6353181681040496 7896.7948453702101688 15626
147000000 306.69416728485691692 12797.844588611038489 4704.1223002016504324 -1335.3482799712814995 -1823.6882107765477485 7863.1587909494792257 15630
148000000 309.99315967812549388 12935.506130471556389 4670.634181594614347 -1360.731095302943686 -1751.5968736733393598 7782.9621505708983022 15629
149000000 308.77380991876231064 12884.624664881126591 4820.6123051303147804 -1346.8062410470574832 -1754.5901853346599637 7922.0087315120326821 15623
150000000 312.29365400725970403 13031.501985762459299 4929.9769944266772654 -1323.1672038847946169 -1598.5504267759554295 7851.694625087427994 15608
151000000 312.86642003669828682 13055.402572771608902 4745.5730897668290709 -1355.5198324666262124 -1652.7052281611659055 7753.7981503946211888 15605
152000000 312.11498673980855756 13024.04649372570384 4909.7862222665226 -1332.4818886770849531 -1585.1446100256707723 7827.4127209692796896 15600
153000000 309.94907583692508979 12933.666584080616303 4723.8973250103626924 -1338.3858235466002498 -1790.2867666227241443 7852.5699151796870865 15635
154000000 309.09391174494624011 12897.98198908555969 4809.8045128842240956 -1369.2328998288646744 -1733.9152744192983846 7912.9526871323851083 15614
155000000 311.21698623946548423 12986.574405666031453 4702.7287218920882879 -1352.4589122307747857 -1715.4659805836702162 7770.6536147065326077 15610
156000000 308.28464364363139794 12864.212558506436835 4644.8618894339124381 -1300.8672812707100093 -1732.7049334304520016 7678.434104135074449 15609
157000000 309.96251277537925262 12934.227285484250388 4731.3663452391738247 -1298.8147532388534273 -1858.9458804975122348 7889.1269789755406237 15617
158000000 312.31711370081620771 13032.480920298092315 4784.9044567904493306 -1319.2284732020398224 -1694.9346949032992597 7799.0676248957879579 15618
159000000 310.02161639710408281 12936.693582682382839 4829.1114630103074887 -1320.2121735455530143 -1700.2345537254150258 7849.5581902812755288 15602
160000000 310.84349387652048335 12970.989181928915059 4786.1486539461402572 -1316.592797017337034 -1692.1717658327847857 7794.9132167962616222 15632
161000000 309.71534721446568028 12923.913472006046504 4731.5131941286308574 -1317.9125828888081742 -1746.9451547013823074 7796.3709317188204295 15627
162000000 309.1167673504142499 12898.93571601603071 4726.0867306912714412 -1335.898990273002255 -1796.4110055261689922 7858.3967264904422336 15624
163000000 308.99740859009745009 12893.955070709513166 4851.5834261926665931 -1341.4161103767232817 -1650.1554524729897366 7843.154989042379384 15629
164000000 311.40723736435154478 12994.513273074746394 4809.0709881405255146 -1318.015017084378087 -1663.3764463693842117 7790.4624515942887228 15593
165000000 311.76197557307909847 13009.315916715244384 4802.6603286728486637 -1366.2724778988683738 -1657.9457158519699078 7826.8785224236862632 15601
166000000 307.1294858344932095 12816.009717717033709 4600.7212395255464799 -1313.8598141891616251 -1759.8298463930298112 7674.4109001077376888 15622
167000000 309.6430833604352415 12920.898019898029816 4713.4492962881777203 -1326.071652752396858 -1694.4373399395449269 7733.9582889801195051 15626
168000000 312.28502647074060405 13031.141972813626126 4698.6164222223942488 -1339.9442553908065747 -1787.4162515705916121 7825.9769291837928904 15636
169000000 309.05889888814357391 12896.520959996123565 4754.6817833927780157 -1360.9596437263453481 -1653.8214327755717932 7769.4628598946956117 15629
170000000 312.71466319933421119 13049.070008846319979 4690.4380312727407727 -1371.1092888215443963 -1710.1054616872677343 7771.6527817815531307 15625
171000000 313.75240547413790182 13092.37329196234532 4736.3200647389921869 -1407.4716357603601864 -1725.804006321166753 7869.5957068205198084 15603
172000000 311.0940992259139648 12981.446532138754264 4702.6567629338214829 -1335.1028073841632704 -1777.9901222440316815 7815.7496925620162074 15618
173000000 309.3884396852532177 12910.272156976334372 4655.0747281346657473 -1372.6231253754149293 -1749.2976598790469325 7776.9955133891289734 15605
174000000 311.65989610189194536 13005.05630780417232 4819.8940989079128485 -1332.9722069801832731 -1708.4830686529667219 7861.3493745410632982 15627
175000000 308.20726052132403083 12860.983487729386979 4665.2011982483982138 -1358.9533047733291369 -1822.2378642073574611 7846.3923672290839022 15637
176000000 307.91504429247981989 12848.789783766493201 4747.8804375067065848 -1336.8232443046863409 -1699.7288397857187192 7784.4325215971120997 15623
177000000 311.67599711249783923 13005.728176569326024 4700.398841391555834 -1336.2033241141693907 -1764.9050070722882992 7801.5071725780144334 15621
178000000 313.80373240803947965 13094.515080732237038 4632.7788291929655315 -1343.1364472640020722 -1797.4415726582399202 7773.3568491152072966 15622
179000000 309.72891114083239472 12924.479472406997957 4641.613298348043827 -1327.9872062492845544 -1724.0461645369632606 7693.6466691342920967 15621
180000000 308.57794590618181019 12876.451580874678257 4813.8039123936596297 -1324.2595077706009761 -1747.6739139968576637 7885.7373341611182695 15619
181000000 310.57587243353657414 12959.821778041814468 4799.3698375033864068 -1338.7405982258308086 -1742.83532212509499 7880.9457578543124328 15622
182000000 309.29784634821828604 12906.491845604909031 4582.8106183068302926 -1321.2847471160034729 -1818.2008719119239686 7722.2962373347572793 15630
183000000 313.20879738635295553 13069.689418036166899 4691.0935426887135691 -1351.2780856627118737 -1813.6040756809279628 7855.9757040323529509 15626
184000000 311.56755324208887714 13001.202991717042096 4984.6340943735995097 -1333.0961073560688419 -1661.8272043802910503 7979.5574061099596292 15620
185000000 311.61573817737593117 13003.213670037974225 4698.0853296778604999 -1343.2209736583183712 -1836.8188943452050808 7878.1251976813828151 15625
186000000 311.93589811994377214 13016.573419343791102 4747.7994271555071464 -1307.1973954719642279 -1755.2846023192421399 7810.2814249467137415 15621
187000000 307.00007721743605771 12810.609708371612214 4782.2352241705066263 -1342.8645573975622938 -1707.8812506021733952 7832.9810321702434521 15605
188000000 309.11414577137895776 12898.826321822567479 4667.129496741685216 -1326.8761611785009791 -1742.1186010432861622 7736.1242589634712203 15612
189000000 307.86528642845223658 12846.713469708995035 4765.8040958433048218 -1307.2264177647257384 -1703.4967493553540407 7776.5272629633836914 15626
190000000 311.88684767588546265 13014.526624761363564 4784.2771219015576207 -1358.8588832757734508 -1798.9705517380750734 7942.106556915406145 15620
191000000 309.5455990474561645 12916.83015940241421 4864.0910199153704525 -1330.1044419528097933 -1613.2640173551276348 7807.4594792233056069 15616
192000000 313.97216816763977931 13101.543628727175019 4694.2663837407089886 -1325.7870643833268787 -1869.5856312810142299 7889.6390794050503246 15640
193000000 308.63970609145741264 12879.028732112727084 4848.3066533101327877 -1327.8900388882896095 -1644.3484302156539343 7820.5451224140761042 15613
194000000 307.98588838358330122 12851.745991496134593 4927.4138206186999014 -1306.2056294713006537 -1562.3452158012721611 7795.9646658912733983 15620
195000000 310.52666161783531606 12957.768291413754923 4770.4990551360269819 -1358.5522270156893683 -1808.9085924053144936 7937.9598745570310712 15618
196000000 307.03615565618963501 12812.115202448188938 4874.0832208755255124 -1327.6364869953417838 -1706.2080531690880889 7907.9277610399549303 15620
197000000 313.50138390219149187 13081.898573468024551 4818.1286596738154913 -1334.2479967342644613 -1665.2811807988339297 7817.657837206914337 15599
198000000 309.50137301806859114 12914.984679731625874 4804.872914851915084 -1330.9020611131804799 -1663.2741744834033852 7799.0491504484980396 15619
199000000 310.33346960143097704 12949.706705425369364 4770.9046492399438648 -1309.1971268240647532 -1775.9882774450070428 7856.0900535090149788 15614
200000000 311.25506641467768532 12988.163428921960076 4742.4795605540903125 -1336.114343976561031 -1768.9269952578933953 7847.5208997885456483 15622
201000000 310.80965101169175568 12969.576974685634923 4779.3296565735126933 -1303.3151849676933125 -1731.0017213079011071 7813.646562849107795 15603
202000000 308.20207382075005853 12860.767055221194823 4769.5841461255113245 -1343.7203404244028206 -1816.9531157037106368 7930.2576022536250093 15618
203000000 310.62124738747564834 12961.715200449774784 4837.1245167600118293 -1344.298071966490852 -1653.8979555968091972 7835.3205443233118785 15603
204000000 311.66898816973542807 13005.435704883288054 4985.2017786343667467 -1323.6609281137234575 -1648.0587912248827251 7956.9214979729740662 15611
205000000 312.41369421262010064 13036.511066652999943 4927.0551235782568256 -1316.5902904673714602 -1641.8106625284490292 7885.4560765740770876 15612
206000000 309.80485620266318847 12927.648535278938652 4775.4593974714216529 -1346.3212497598785831 -1745.4652060792723205 7867.2458533105736933 15622
207000000 311.84057825873134107 13012.595877870458935 4727.607508335957391 -1341.662587707637158 -1713.0619542217268645 7782.3320502653214135 15635
208000000 312.12211206531293328 13024.343821872682383 4705.4462219270972128 -1321.0310872704353642 -1687.9195366608955737 7714.3968458584286054 15617
209000000 308.42585408041270512 12870.105038432664514 4667.1764523667661706 -1329.5783646025511189 -1835.2446972461098085 7831.9995142154266432 15621
210000000 311.45617590198929747 12996.555397985781383 4928.0192032616760116 -1302.9753148105637592 -1698.2204391309276161 7929.2149572031676144 15618
211000000 307.02363971684940225 12811.592932827037657 4921.4504087506556971 -1319.0261528787227689 -1700.57611525898119 7941.0526768883601108 15628
212000000 313.54382506974286571 13083.669573781757208 4810.7516970286151263 -1342.7800462250825149 -1708.168782811616893 7861.7005260653140795 15624
213000000 309.18084788778611482 12901.609691741425195 4826.4956019303863286 -1335.3749209060501926 -1704.9653744290758368 7866.8358972655114485 15621
214000000 307.84706309794057688 12845.953040015010629 4846.3334923983184126 -1313.3593382471872246 -1657.0295196423987818 7816.7223502879041916 15611
215000000 310.50171389305643288 12956.727263775746906 4914.1400526676388836 -1294.9467220083420216 -1668.4447112731972993 7877.5314859491782045 15609
216000000 312.45570177565332415 13038.263973361350509 4802.7839562790450145 -1293.9207545955678142 -1724.622642113038637 7821.3273529876514658 15621
217000000 311.75573321477310174 13009.055433341291064 4701.7132966413464601 -1290.5868312475515722 -1724.8139202720954017 7717.1140481609927519 15613
218000000 310.51663266284811016 12957.349799570729374 4848.4541135058443615 -1289.1329945634370233 -1676.6429810597176129 7814.2300891289996798 15605
219000000 310.69322478818702393 12964.718699330602249 4774.8475430362359475 -1298.4743141333569838 -1721.1689087132954228 7794.4907658828888088 15628
220000000 310.22665577392405112 12945.24953958993683 4840.0310253093675783 -1295.1260405154548607 -1642.1433072753075066 7777.3003731001299457 15603
221000000 308.53061982091935533 12874.476740956662979 4948.0866402887968434 -1267.4145600021479368 -1664.1362629138877764 7879.637463204832784 15610
222000000 309.84510864556597198 12929.328203702834799 4964.3096079424340132 -1284.0406069054597538 -1585.3037352728986207 7833.6539501207917056 15605
223000000 311.32706284129807273 12991.167721722766146 4865.6235379578265565 -1307.1283903925636878 -1708.9121255368258971 7881.6640538872161414 15608
224000000 308.42192455954477737 12869.941065971692296 5025.7287630471164448 -1325.7344558698919172 -1617.9372176607284928 7969.4004365777364001 15604
225000000 310.67117592693239203 12963.798636513005476 4735.8117547669844498 -1327.1066568825333434 -1733.2102910885457732 7796.1287027380640211 15610
226000000 309.36506952483040322 12909.2969585115261 4795.17130812756659 -1282.4427847112351628 -1807.406106599832583 7885.0201994386352453 15622
227000000 310.58454689419062333 12960.183749057838213 4873.967437170969788 -1277.1304089766201741 -1748.5616887501280416 7899.6595348977170943 15602
228000000 307.83694879431942582 12845.530986713471066 4825.2985293459405511 -1330.2957384764313247 -1712.9880869449712009 7868.5823547673426219 15619
229000000 313.06410372516961615 13063.6515888685135 4640.8080477630082896 -1302.2703075575559524 -1799.1878443039577178 7742.2661996245224145 15624
230000000 311.71126525944265495 13007.199858497691821 4965.9192636134830536 -1272.4728498208428391 -1607.9631060674203127 7846.3552195017473423 15610
231000000 308.22572015343132534 12861.753777901396461 4832.4961902851882769 -1286.8683668463786489 -1790.2296268471332041 7909.59418397870013 15626
232000000 311.22384858741338576 12986.860760190891597 4721.2981473114487017 -1302.5685325029712658 -1704.8335246709598323 7728.7002044853797997 15613
233000000 311.0426444541446358 12979.299408904307711 4967.0124321002931538 -1305.2919157704163808 -1631.0340974361799908 7903.3384453068902076 15610
234000000 307.85205897680145881 12846.1615098460843 4634.0685959645670664 -1288.4304398880790359 -1784.6654906628082244 7707.164526515453872 15611
235000000 314.52037329657980536 13124.419329641101285 4896.5310092280333265 -1277.4213783752520612 -1714.4203433962966301 7888.3727309995820178 15617
236000000 307.41041077807841475 12827.732254865020877 4796.6485535914280263 -1271.2392025864673997 -1745.5036241338950731 7813.3913803117911812 15605
237000000 314.34762664506286001 13117.210895196818456 4622.982105472639887 -1293.8666536063512922 -1776.5883608182305125 7693.4371198972221464 15616
238000000 312.0395585651886563 13020.898999709321288 4970.2906043073744513 -1288.8741529470155456 -1537.3605227173920866 7796.5252799717818561 15601
239000000 310.12741901231140673 12941.108552287052589 4731.6636890856589162 -1280.6442264547417835 -1787.261120674416361 7799.5690362148179702 15624
240000000 310.37017406349491466 12951.238322427940147 4814.4712430834770203 -1298.9876118900640449 -1667.4276900579448011 7780.8865450314851842 15613
241000000 312.56634687367454717 13042.881011831639626 4823.932621023936008 -1264.6264853583716103 -1721.7149994970700391 7810.2741058793781121 15602
242000000 312.70855943762376228 13048.815308880984958 4903.5322192586472738 -1289.778600145597693 -1627.3184021702586506 7820.6292215745024805 15601
243000000 309.12204782300460693 12899.156061476671312 4823.1645769939896127 -1267.1366855527512598 -1801.3766036093152252 7891.6778661560565524 15621
244000000 311.65809640665912639 13004.981209473804483 4721.4189538838236331 -1271.0140982723642082 -1886.888054828429631 7879.3211069846174723 15613
245000000 310.78455986913797915 12968.529962459100716 4802.0909887330672063 -1270.2887451152314497 -1768.4330861568846558 7840.8128200051833119 15622
246000000 308.92411712832029025 12890.896738215615187 4866.2788995331238766 -1300.2776079472657784 -1736.3267540450406159 7902.8832615254304983 15616
247000000 312.70533192651907939 13048.680630136059335 4832.3732601133933713 -1280.5837439006420482 -1724.42603126998074 7837.3830352840159321 15621
248000000 310.72292406284555 12965.958001352024439 4978.0510259684060657 -1297.0300852381817549 -1651.4724408985919126 7926.5535521051806427 15606
249000000 311.26097068144059676 12988.409804290327884 4748.8706829957009177 -1337.8106160257057127 -1788.4358182785190365 7875.1171172999247574 15620
250000000 306.27139732157434082 12780.203091432522342 4823.0378039013276066 -1300.5632284984183116 -1716.3775844656740901 7839.9786168654209177 15616
251000000 307.66809371953752361 12838.484941383727346 4738.0929490199823704 -1277.6412712073688454 -1776.9843919440959326 7792.7186121714466935 15622
252000000 311.39712821942185883 12994.091435036940311 4732.7340909116910552 -1291.7494782181004211 -1732.5779795256141824 7757.061548655405204 15616
253000000 313.61080503283153575 13086.464537786936489 4719.0723290744554106 -1294.5886379574321836 -1818.6560190306790901 7832.3169860625666843 15626
254000000 308.2253541889900248 12861.738506805482757 4842.6790678584129637 -1266.2014288110253801 -1775.0073185876035495 7883.8878152570414386 15614
255000000 311.04091288958687755 12979.22715355526816 4826.8569322665771324 -1273.6386387904026378 -1732.8414421440270416 7833.3370132010059024 15617
256000000 306.91382607357519419 12807.010589599665764 4967.3411681335837784 -1209.5129033432647248 -1647.1996745889591693 7824.0537460658069904 15608
257000000 311.2458989046001534 12987.780883762148733 4873.7273192558850496 -1284.9995501585599413 -1741.7630204275710639 7900.4898898420160549 15619
258000000 310.20332823255705534 12944.276119548427232 4763.0630541958307731 -1264.8134477391013206 -1711.6600137501473 7739.5365156850793937 15622
259000000 310.97747713366106836 12976.580083502105481 4972.2962230978355365 -1274.881895446014596 -1611.7154418058514693 7858.8935603497011471 15612
260000000 312.41071077172910009 13036.386572557790714 4696.3120123516209787 -1232.4761844800043491 -1782.8670524083215696 7711.6552492399459879 15614
261000000 308.61203369431456167 12877.874008365733971 4861.9191162432180136 -1235.351933441498204 -1714.644140815896435 7811.91519050061288 15606
262000000 311.13460825063168613 12983.136907300964594 4805.9402883253096661 -1306.1724202515240449 -1710.1735445442850505 7822.2862531211185342 15612
263000000 310.01364643284625799 12936.361009145522985 4829.3222342807112 -1277.168379461276345 -1746.940958103803041 7853.4315718457901312 15626
264000000 308.08037824791529147 12855.688898560933012 4943.5870138139316623 -1244.474775610481629 -1615.0913653807679111 7803.1531548051807476 15612
265000000 309.47891454767380992 12914.047524596415315 4885.7380935701821727 -1267.2544643406090472 -1709.2497175962644178 7862.2422755070547282 15616
266000000 308.66111210774153051 12879.921970064042398 4821.5989496829351992 -1308.31948598803001 -1598.0267444098203669 7727.9451800807855761 15611
267000000 310.77255260560053785 12968.028919044918439 4889.5816707765179672 -1264.656064564803728 -1718.7214146577446172 7872.9591499990665397 15606
268000000 308.62083230112602905 12878.241159797293221 4867.067765934707495 -1279.3024950977344361 -1715.6229386945883562 7861.9931997270296051 15624
269000000 311.87854299889164622 13014.180084210996938 4678.0359977871639785 -1287.4071493509934498 -1774.815481068967074 7740.2586282071242749 15621
270000000 314.94646583097232906 13142.199472262653217 4672.0789858422658654 -1288.0665611131707919 -1830.3874173772483118 7790.5329643326858786 15623
271000000 312.47537221282243536 13039.084788442736681 4788.4461691258638893 -1256.9650937564140349 -1790.0882985489458861 7835.4995614312238104 15611
272000000 308.600479478416446 12877.391869886490895 4779.1616514891629777 -1304.3229379265458192 -1802.8237495841412965 7886.3083389998500934 15621
273000000 308.53626800302868105 12874.712430332445365 4895.234293353940302 -1269.049889318973328 -1692.3214807382821618 7856.605663411196474 15622
274000000 311.32085121351065027 12990.908520682949529 4827.7927628986435593 -1264.984497275738704 -1782.1741408176781079 7874.9514009920585522 15618
275000000 308.31141594856507027 12865.329722881793714 5024.492496548096824 -1306.5294322280283268 -1624.6517461161527081 7955.6736748922776314 15615
276000000 310.52607401740232262 12957.743771811416082 4872.1031908863542412 -1254.9868312579305893 -1672.4018218612461624 7799.4918440055298561 15607
277000000 306.20084790114714224 12777.259179826909531 4780.6307616755884737 -1285.4754175732064141 -1775.2405825704722702 7841.346761819267158 15616
278000000 312.7144939759818385 13049.062947433370937 5050.0126226211414178 -1261.1156014908704037 -1655.5909882690957602 7966.7192123811073543 15608
279000000 310.59185707949319522 12960.488791101006427 4807.888054456107966 -1279.4140596740887759 -1667.7825129355728677 7755.0846270657702917 15614
280000000 309.91611832270848481 12932.291321066306409 4847.890247006480422 -1270.5651120393615656 -1763.2193681702897265 7881.674727216132851 15622
281000000 309.28957673825647134 12906.146768344273369 4795.4630036403732447 -1322.7614042171592246 -1764.6004332098682426 7882.824841067401394 15624
282000000 310.32911808597555137 12949.525123822379101 4765.5349097611397156 -1295.1914893449243209 -1787.1772173998310791 7847.9036165058969345 15628
283000000 307.47294518424280341 12830.3417130709513 4772.3612827528540947 -1260.1804085710502932 -1791.2198662100927322 7823.7615575339968927 15604
284000000 310.5025799791868053 12956.763404129489572 4851.7684702516517063 -1299.5943428622622378 -1767.6320386189879628 7918.9948517329012248 15635
285000000 307.88338323641733041 12847.468619824621783 4961.1789845176663221 -1244.0626250695067938 -1726.7591332594975029 7932.0007428466706187 15628
286000000 310.19335249494093887 12943.859848379015602 4938.3558482232001552 -1253.8868659060024129 -1677.2551740263197644 7869.4978881555216503 15620
287000000 312.41038525474016296 13036.372989267725643 4991.9147419700693717 -1266.4581914691318616 -1733.989442443751841 7992.3623758829526196 15611
288000000 312.27530093735816763 13030.736142256522726 4868.7911711340066176 -1262.0613720542332885 -1779.2982379159257107 7910.1507811041647074 15610
289000000 310.73392334722382202 12966.416983449091276 4886.9111995503990329 -1256.1400739236069057 -1659.8005489877818945 7802.8518224617882879 15602
290000000 306.95394157685797154 12808.684543757815845 4764.2975331389889107 -1261.3563208610919446 -1724.8324088027843572 7750.4862628028658946 15601
291000000 305.73533681573638887 12757.834165722128091 4843.0140884024913248 -1261.8785276332000649 -1654.4228060082095908 7759.315422043900071 15612
292000000 311.92956863839793868 13016.309300459930455 4740.4242923897954824 -1253.745540222125328 -1761.2739361622634533 7755.443768774183809 15628
293000000 310.1040674065947087 12940.134128079696893 4894.527138488185301 -1296.5109274846149674 -1716.008150320790719 7907.0462162935909873 15624
294000000 307.87496259940348864 12847.117240452804253 4792.9296775379280007 -1248.958574216713032 -1730.4073801148351777 7772.2956318694768925 15614
295000000 311.3242671879243062 12991.051063692657408 4903.01350069158525 -1273.0523637433875592 -1700.2953327165230348 7876.3611971514956167 15610
296000000 314.35005257278766067 13117.31212518198663 4733.4817743595958746 -1281.5923554129058175 -1770.1885145875276066 7785.2626443600292987 15631
297000000 304.69660708930797455 12714.489677869332809 4861.2685443743275755 -1289.5463058365908182 -1691.5198530892996587 7842.3347033002182798 15617
298000000 312.05935821707464584 13021.725206708915721 4966.7113018661839305 -1278.0074280963713136 -1655.0345532043043022 7899.7532831668595463 15635
299000000 310.19475847388116563 12943.918517574231373 5001.0038671895090374 -1302.2171688031444319 -1640.1863993411770934 7943.407435333830108 15620
300000000 307.661101763268789 12838.193178516210537 4650.3483566112172412 -1329.9410123322645632 -1845.217956108288945 7825.5073250517707493 15619
301000000 309.93037468336035545 12932.886215614309549 4850.6297851647468633 -1293.8326556424672162 -1775.9911559713236784 7920.4535967785386674 15634
302000000 310.81212045910655206 12969.680020676089043 4977.3643745733988908 -1291.6009954268276942 -1645.7697120603802432 7914.7350820606061461 15612
303000000 309.34322928354049509 12908.385601062896967 4731.7481777746816078 -1300.5217846083110089 -1841.4543439322560516 7873.7243063152491231 15622
304000000 310.22579913547423303 12945.213793472408724 4854.4209043747878241 -1264.3787332277404403 -1789.1414570214760715 7907.9410946240041085 15622
305000000 308.8117732562521951 12886.208812690527338 4763.34556136044921 -1276.8947063800419528 -1667.9163647532486721 7708.1566324937393802 15622
306000000 312.37644410647044424 13034.956680817649612 4693.0655650315047751 -1262.8045498327051064 -1756.0574403455436823 7711.9275552097533364 15627
307000000 309.53447346205939539 12916.365906970992 4896.0511154642244946 -1281.9616930828267414 -1726.4191717982123464 7904.4319803452635824 15617
308000000 309.86835435507947523 12930.29820903531072 4808.5374338956435167 -1324.3980491307661396 -1720.5656025657267492 7853.501085592135496 15612
309000000 310.80912353678252202 12969.554964022789136 4795.0665655582351974 -1294.3482842624721343 -1750.6650036254045517 7840.0798534461118834 15618
310000000 308.73275403702120911 12882.91147027223451 4771.1554412839413999 -1327.3206507892055015 -1842.8852480248483516 7941.3613400979957078 15639
311000000 310.87274194274613137 12972.209655762464536 4933.9644591569231125 -1272.5616416783291243 -1754.5985806130552191 7961.1246814483074559 15620
312000000 312.58051944711587566 13043.4724100767653 4776.4865165412738861 -1297.4178004127923032 -1693.4313124936365966 7767.335629447703468 15622
313000000 307.24962557321225631 12821.022951971386647 4801.1762836942443755 -1286.3060968385325396 -1704.5656224002473209 7792.0480029330237812 15620
314000000 306.72115879571379082 12798.970900090047508 4788.3252524161744077 -1312.6286783191508221 -1720.0576778191348239 7821.011608554459599 15618
315000000 310.18631929275767334 12943.566364387132126 4734.8630780720623079 -1304.324030492034808 -1698.2944531247917439 7737.4815616888890872 15615
316000000 310.87773767528227609 12972.418119487647346 4834.7539877375147626 -1257.9531252822364422 -1689.5518527192446072 7782.2589657389971762 15608
317000000 307.38696911068956297 12826.754072531797647 4814.8267843154835646 -1274.2391496072643804 -1735.7350186742069127 7824.8009525969546303 15623
318000000 311.59428663527256731 13002.318532368890374 4911.7913068463358286 -1292.7946529995776928 -1610.8691065459336187 7815.45506639184714 15600
319000000 311.4498261162483459 12996.290431841158352 4829.3339765768641882 -1237.2743001740891486 -1715.2496778394252033 7781.8579545903785402 15621
320000000 307.64776291231896721 12837.636570143256904 4768.7878227720775612 -1222.778982993173031 -1686.5987992524067067 7678.1656050176570716 15620
321000000 310.09832245097180703 12939.894400503913857 4773.1523860914985562 -1227.8581323724433787 -1707.7385551460197348 7708.7490736099616697 15625
322000000 307.64468723389080651 12837.508227126902057 4710.7021754956858786 -1269.7424393144899568 -1834.4866972673310102 7814.931312077505936 15617
323000000 309.02281229343736868 12895.015125585019632 4955.6723019623268556 -1265.8200113985617463 -1688.784912468960556 7910.2772258298491579 15626
324000000 310.46007836823957859 12954.989881611982128 4836.8289753117096552 -1247.6854722941573073 -1721.4553414817744397 7805.9697890876414021 15623
325000000 311.65671142107231617 13004.92341629679504 4822.6421406759800448 -1246.4289609028269297 -1742.6325788863127855 7811.7036804651197599 15622
326000000 310.33012460180236758 12949.56712407703526 4862.9793695290345568 -1271.8039204538160902 -1724.7940865012205904 7859.5773764840714648 15615
327000000 311.64364388241438064 13004.378129340801024 4879.4955852301236519 -1238.5263079569942875 -1748.5273238871868671 7866.549217074304579 15614
328000000 310.2447654174476952 12946.005225312370385 4759.3909360342458967 -1252.931972038792992 -1799.6413133842597745 7811.9642214572977537 15631
329000000 307.71450292421991435 12840.421521378919351 4725.4578751580775133 -1244.387505431682257 -1747.4572205494182526 7717.3026011391775683 15616
330000000 309.12423072154990678 12899.247150252773281 4977.4168925076655796 -1236.3601815282436291 -1660.851691893492216 7874.6287659294011974 15601
331000000 309.75495216634271856 12925.566121691395892 4757.2271400470453955 -1240.2481012727616871 -1824.220192233973421 7821.6954335537802763 15623
332000000 308.66204402292049735 12879.960857356016277 4866.4778388973536494 -1240.7374723063726378 -1736.0073758272133091 7843.2226870309395963 15615
333000000 312.61984156201543783 13045.113257438928485 4991.8358101853100379 -1253.4076520957710272 -1687.57620424103402 7932.8196665221148578 15625
334000000 309.39449585936563381 12910.524871189254554 4877.8922753558017575 -1280.8418755594245795 -1736.700541169468579 7895.4346920846955982 15616
335000000 305.03392211718045246 12728.565280748684017 4975.8895349538452137 -1248.104921890393598 -1588.5798347066120186 7812.5742915508508304 15587
336000000 310.56945384449693393 12959.553940848383718 4794.6607691299577709 -1276.2828804346734159 -1711.1297718113746669 7782.0734213760060811 15630
337000000 313.55640718119366284 13084.194604656551746 4828.608555830338446 -1277.9674584216338644 -1729.1971457149036269 7835.7731599668750277 15616
338000000 309.70134947799090241 12923.329369420782314 4994.0889234960141039 -1248.1130469283889397 -1595.409908999669824 7837.611879424073777 15604
339000000 316.09704508966740377 13190.21125765139368 4660.5859172618274897 -1230.2156502510570135 -1823.8940022774481804 7714.6955697903313194 15626
340000000 310.938848186109567 12974.968160876505863 4856.875100242858025 -1262.6563716383770952 -1694.5090200387248842 7814.040491919959095 15621
341000000 309.29527107829335364 12906.384383814667672 4948.3910783011506282 -1222.1656812452406484 -1716.3483083751953018 7886.9050679215870332 15617
342000000 309.44796646752485003 12912.756111970056736 4895.9457251737640036 -1255.2164263980748728 -1699.4827174227566502 7850.6448689945955266 15617
343000000 311.49831429433146468 12998.313763986619961 4816.6279436442600854 -1245.3467101723190353 -1732.5533301467685305 7794.5279839633476513 15617
344000000 307.90953907989904792 12848.560060274650823 4853.9286691828874609 -1264.2536856813803752 -1696.5846345632830889 7814.7669894275513798 15622
345000000 308.98369359218958152 12893.382766340924718 4951.5389654063492344 -1232.1384429996487597 -1746.0908907107018422 7929.7682991167002911 15609
346000000 309.46843074532915807 12913.610052719162923 4968.9007957291833009 -1223.6054844360724019 -1680.498170269190723 7873.004450434445971 15609
347000000 310.65155907925259271 12962.980057633116303 4911.5877487176067007 -1258.9352585420961077 -1713.1248413746325241 7883.6478486343357872 15608
348000000 310.85519944836170225 12971.477636243424058 4878.9877327466310817 -1258.5101428187022066 -1731.8666490903015074 7869.3645246556352504 15612
349000000 308.52881697303888586 12874.401511071480854 4752.9907699019986467 -1226.7731461251246401 -1803.5269321128091633 7783.2908481399326774 15624
350000000 313.00837552302630229 13061.326142393458213 4797.8872917520930059 -1272.5997399707898694 -1740.9050662740078224 7811.3920979968906977 15621
351000000 311.1704580420706634 12984.632860300111133 4762.3608405216837127 -1272.451366638212221 -1838.5522157331881772 7873.3644228930852478 15626
352000000 307.05498376183402343 12812.900868416563753 4777.5182806990123936 -1245.9689752422032143 -1862.4553351110162112 7885.9425910522331833 15617
353000000 310.26620239740719853 12946.899755327074672 4799.8105313664655114 -1232.8422207166836415 -1810.6561070581017248 7843.3088591412506503 15627
354000000 311.33746917893790851 12991.601961124937588 4957.7373941320238373 -1251.8686214878180181 -1655.900927229062745 7865.5069428489050551 15605
355000000 307.35012750672819948 12825.216732822775157 4854.5926158986230803 -1284.4868088427392649 -1766.060913556816331 7905.1403382981789036 15614
356000000 309.40746620343395534 12911.066102374434195 4920.2833163385894295 -1243.7549952608992498 -1762.1801466923025146 7926.2184582917907392 15604
357000000 308.05496570671294876 12854.628474895922409 4897.0247355561377844 -1238.3359255461234625 -1732.7006621762793657 7868.06132327854084 15608
358000000 314.54991534355116301 13125.652070809008364 4855.2472659888971975 -1267.7894516229564488 -1667.372145878791116 7790.4088634906438529 15607
359000000 312.24652761800047074 13029.535478831136061 4785.8221690489863249 -1274.4186690551232459 -1794.4353031543600991 7854.6761412584701247 15622
360000000 312.62598008865649035 13045.369408087801276 4902.8396338083366572 -1259.0513676433902219 -1790.5020791800691313 7952.3930806317957831 15614
361000000 307.48783549115091773 12830.963061156486219 4908.6990175926985103 -1261.535242678038685 -1638.3550762745139764 7808.5893365452520811 15632
362000000 312.57098746814222068 13043.074656227689047 4808.0164391554335452 -1223.3303234178090406 -1778.5543117149943555 7809.9010742882355771 15624
363000000 309.86256136000201877 12930.05647685187796 5054.7029201018449385 -1239.3830026546399949 -1649.3494657436103807 7943.435388500096451 15600
364000000 309.04564069725626041 12895.967717435287341 4970.6087532076653588 -1234.2241067743998428 -1665.3290150334134978 7870.1618750154784721 15610
365000000 310.25337045327063379 12946.364299344057144 4941.7083491387875256 -1203.1213280809956814 -1691.1645680166386683 7835.9942452364221026 15622
366000000 311.2414744820716237 12987.596259866573746 5010.796930066612731 -1225.7050281682952573 -1644.7341445133397428 7881.2361027482475038 15603
367000000 310.30340109948798499 12948.451996154941298 4941.5199927319063136 -1254.703486461050943 -1773.9276691493196267 7970.1511483422764286 15609
368000000 313.26553897364510703 13072.057151411419909 4790.9643477828785763 -1256.9964461213685354 -1740.7659973325910414 7788.7267912368388352 15602
369000000 309.23314698504191256 12903.792047293634823 4835.7205892967112959 -1228.6922231706689672 -1722.1309669971935818 7786.5437794645749818 15622
370000000 313.00913767617811345 13061.357945794467014 4985.1799932262783841 -1235.0575255947298956 -1604.2791597959803767 7824.516678616988429 15587
371000000 308.72027967682197414 12882.390935680443363 4650.9150433593949856 -1237.6197248428097737 -1810.9217199209406317 7699.456488123145391 15623
372000000 310.14315172251195918 12941.765052480344821 4911.8390808071762876 -1197.433204626038787 -1720.2988924074550141 7829.5711778406694066 15615
373000000 308.65649032453632117 12879.729110631122239 4842.7213104728180042 -1240.6598692869629303 -1636.9085425960602151 7720.2897223558420592 15609
374000000 309.23755433472160803 12903.975958767230622 4951.4823788903931927 -1249.2191121174400905 -1692.0556032019703707 7892.7570942098036539 15611
375000000 310.16625190767297227 12942.728985320267384 4825.4151954411518091 -1266.9644197107832042 -1784.2022803393542745 7876.5818954912883783 15620
376000000 311.92341573083319872 13016.052549718699083 4915.3148588054391439 -1233.9776907920468147 -1770.1860157236515079 7919.478565321138376 15622
377000000 309.30448917859570201 12906.769040021586989 4870.8521282116462316 -1230.1419248071085804 -1799.5614469274496514 7900.5554999462037813 15623
378000000 311.70808485814740152 13007.067145567849366 4791.353382564318963 -1208.5942830530759693 -1829.9862319555868453 7829.9338975729806407 15604
379000000 308.18070199994298264 12859.875244191054662 4979.3864978809806416 -1234.8383034664036586 -1632.8209190865231903 7847.0457204339072632 15604
380000000 314.17053588302240996 13109.821188145209817 4930.7516192688945011 -1221.1318589897684888 -1733.0179622989546715 7884.9014405576181161 15617
381000000 311.03793949142885822 12979.103078526833997 4812.1658255347992963 -1251.3184822235568845 -1787.3926670110283794 7850.8769747693841055 15634
382000000 307.63969562914172684 12837.299935647502934 4860.4433462940269237 -1209.104449787861995 -1843.5496937925690872 7913.0974898744580059 15629
383000000 305.55229654972123399 12750.196195627495399 4711.9718928412248715 -1263.110211549053929 -1834.1962768697878801 7809.2783812600664533 15629
384000000 311.09560528467352469 12981.509377500688061 4880.3622153269989212 -1220.5318574189191168 -1709.884620399832329 7810.7786931457494575 15620
385000000 309.97679802449897579 12934.823385500634686 4847.8314323608101404 -1226.3564526212335295 -1702.4616982570628352 7776.6495832391065051 15605
386000000 311.16627318501286936 12984.458233078714329 4944.4164689017216006 -1254.8940314292710809 -1693.6718875247283904 7892.982387855721754 15621
387000000 312.1668215100015118 13026.209473671127853 4831.1999036577371953 -1235.4143832599540929 -1695.7419050451510429 7762.3561919628409669 15606
388000000 310.994585248989722 12977.293977095578157 4894.3478838535866089 -1259.2270633175430703 -1707.8068560107590201 7861.3818031818882446 15619
389000000 310.7020347122222006 12965.086323011344575 4780.1196518617089168 -1243.8991812861154358 -1772.1393835105925518 7796.1582166584166771 15611
390000000 309.16215803000426376 12900.829794629613389 4992.5928364352612334 -1243.0867935129494981 -1655.3585431022220291 7891.0381730504323059 15625
391000000 309.58902530633542938 12918.642265961601879 4634.1321503826438857 -1267.6500998367851025 -1858.168187346727791 7759.9504375661563245 15619
392000000 316.23426490388834509 13195.93721544323671 4896.167596360061907 -1192.4459056784758104 -1792.0299732280311673 7880.6434752665700216 15615
393000000 311.16030129733377407 12984.209036000418564 4862.6833565503766295 -1253.5996858747344049 -1723.7796586169158672 7840.0627010420275838 15627
394000000 310.87394702788429868 12972.25994198880835 4829.47710608210582 -1239.1538716454579117 -1760.0874981587594448 7828.7184758863222669 15628
395000000 308.04023104051094606 12854.013621441787109 4831.5154391613114058 -1233.196813300247868 -1698.9297138859783445 7763.6419663475371635 15612
396000000 310.9299750133274074 12974.597897929286773 4752.6274669469585206 -1248.0268707310199261 -1853.2768424755527121 7853.9311801535313862 15628
397000000 312.53433379245825563 13041.545158457460275 4908.0397412244956286 -1257.4463860689002104 -1680.6313930018598057 7846.1175202952563268 15624
398000000 312.66570899258380223 13047.027230088911892 4889.6812198486531997 -1221.2125341095447766 -1691.8296551569756048 7802.7234091151731263 15620
399000000 307.04542925721057145 12812.50217460906606 4880.4249339765392506 -1217.0377129102389517 -1704.3012257976197361 7801.7638726843988479 15605
400000000 309.39434522246870074 12910.518585358606288 4938.5711159118545766 -1241.3237441941776069 -1672.9233709688069212 7852.8182310748379678 15603
