# Steps Temp KinEng PotEng Epair Ebond Eangle Bonds
1000000 309.24909976534081579 12904.457730651192833 6721.4992501935521432 -2148.3114240346567385 309.94552538868504143 8559.8651488395244087 14934
2000000 306.41520733715867664 12786.204047518604057 6107.2687722447008127 -2336.1811992653265406 -84.084412671715355714 8527.5343841817430075 15070
3000000 312.95199109708329388 13058.973312775518934 5680.0504960442212905 -2509.6747490053676302 -351.53269040407951707 8541.257935453668324 15135
4000000 310.40336190074305023 12952.623196444599671 5433.9853685179505192 -2674.7738278629467459 -434.51923862828994061 8543.2784350091878878 15180
5000000 309.35896779138624879 12909.042343182416516 5249.2608102861122461 -2710.9176565781090176 -576.42862769713133275 8536.6070945613519143 15185
6000000 309.55809130073879487 12917.351440643227761 4912.7889412087097298 -2891.9118660579888456 -670.19505661562595833 8474.8958638823260117 15232
7000000 310.00951165651036945 12936.188471710514932 4868.7494557463796809 -2944.9515191582840998 -650.30222685350122447 8464.0032017581652326 15240
8000000 309.09298857012623785 12897.943466514429019 4811.0001540582597954 -3039.7414426115888091 -714.70113198788101272 8565.4427286577301857 15246
9000000 307.66510716376205892 12838.360317309496168 4794.3318494200057103 -2979.7536901487483192 -666.08486377459053074 8440.1704033433452423 15249
10000000 308.50178030886894476 12873.273315418773564 4417.7224060128228302 -3196.0412013106315499 -877.0654733087836803 8490.8290806322384014 15286
11000000 310.82027736874169932 12970.020395136934894 4321.9405909486195014 -3174.977627130831479 -870.36617511281212956 8367.2843931922634511 15285
12000000 308.21061895477743064 12861.123629649197028 4325.0679789515561424 -3230.3661860954125586 -939.41301954035589006 8494.8471845873245911 15304
13000000 312.29054324821026967 13031.372178889312636 4221.7656702728399978 -3353.907366455610827 -954.43627264483302497 8530.109309373285214 15313
14000000 304.49183499056329083 12705.944874037495538 4343.2952031235608956 -3278.5931883052262492 -860.21587563939351639 8482.1042670681799791 15308
15000000 309.31639949141566603 12907.266037841340221 3993.6697033135405945 -3410.1480035263448372 -992.62564860306861192 8396.443355442954271 15319
16000000 308.26678863991708113 12863.467498485610122 4177.399902477643991 -3374.8017865658594019 -937.95599171305889286 8490.1576807565616036 15316
17000000 308.14348222280364098 12858.322123935560739 3943.4989081453536528 -3500.5683346425139462 -1070.6927312222642286 8514.7599740101322823 15343
18000000 314.04546369722447707 13104.602130964010939 3930.6375862879131091 -3439.8089934256122433 -970.5332162511314209 8340.9797959646548406 15325
19000000 307.81362718413930679 12844.557814170661004 4024.8235371362743535 -3412.7786598459651941 -987.67628163809411035 8425.2784786203337717 15342
20000000 308.36101884711649745 12867.39957048413271 3912.9474556203658722 -3503.2734203039162821 -999.18241425096562125 8415.4032901752470934 15342
21000000 310.53341318220003586 12958.050023121386403 3862.2240267884280911 -3465.4441615982018448 -1073.4228164655862656 8401.0910048522164288 15349
22000000 312.3256691579185258 13032.837925491081478 3615.1084284228309116 -3566.1699281614128267 -1140.2717903855259465 8321.5501469697701395 15378
23000000 309.25948221084348688 12904.890973073666828 3865.1283326418242723 -3510.2179444092271297 -1016.6685763430990619 8392.0148533941501228 15334
24000000 312.1299279768463748 13024.66996704201847 3681.065845241381794 -3593.8568072731691245 -1054.2068719559838428 8329.1295244705343066 15351
25000000 311.08235026088880204 12980.956267097848468 3932.8138561768114414 -3511.2328293031196154 -992.19299141946908094 8436.2396768994003651 15352
26000000 315.81213239103794876 13178.322318025766435 3535.9010282730350809 -3628.289655433453845 -1104.273095033385971 8268.4637787398751243 15382
27000000 309.81443419541335516 12928.048209207439868 3644.1979056507316272 -3623.8887590335534696 -1105.9636402311246002 8374.0503049154103792 15374
28000000 312.09032921947022032 13023.0175758430305 3614.293861465169357 -3620.7235101164874322 -1075.3610708976277692 8310.3784424792847858 15347
29000000 309.72716256193484696 12924.406507077464994 3798.6916074410582951 -3577.7807741507913306 -973.05709032937875236 8349.5294719212288328 15325
30000000 309.57394725929174228 12918.013083788126096 3701.3392738770735377 -3565.1577584314331943 -1053.4233290539964401 8319.9203613625031721 15360
31000000 309.55700983317956343 12917.306312775706829 3598.4083690036090957 -3614.6169003189656905 -1066.5919537666418364 8279.6172230892170774 15356
32000000 309.04613167295423182 12895.988205045909126 3707.9711139508622182 -3610.8008922790722863 -1021.1508761953614339 8339.9228824252968479 15367
33000000 309.90100811717451279 12931.660796971773379 3750.9486098905827021 -3568.4109954950999963 -1042.403497856998456 8361.7631032426816091 15384
34000000 307.75710130177321844 12842.199081808192204 3464.3219373783804258 -3650.3279272326826685 -1134.990488236723877 8249.6403528477858345 15374
35000000 310.71646295186917541 12965.688389787912456 3645.1112231096853975 -3594.8332073959695663 -1045.758587599252678 8285.7030181049067323 15326
36000000 306.52933504306309942 12790.966409503998875 3577.5160677844955899 -3716.8183802020594158 -1100.4871299110445761 8394.821577897600946 15362
37000000 314.34519120433191119 13117.109268249507295 3657.4910624991834993 -3633.4995729594138538 -1060.978694087266831 8351.9693295458637294 15371
38000000 310.30581937861239794 12948.552906976558006 3513.7220583036491917 -3707.465442139800416 -1107.4862098593332576 8328.6737103027826379 15363
39000000 310.32313178514016272 12949.275325306711238 3593.3275928578623279 -3744.5021508971494768 -1063.7911299278162005 8401.620873682826641 15370
40000000 308.04382072138855619 12854.163412937337853 3495.1338151751688201 -3738.9064336372521211 -1093.7230433080083003 8327.7632921204276499 15361
41000000 308.29762500521275115 12864.754249434365192 3646.6841028733942949 -3623.926442283585402 -1121.792014057259621 8392.4025592142388632 15360
42000000 307.27293159727656757 12821.995474131144874 3368.6410362938586331 -3741.523700471792381 -1241.7741125030961484 8351.9388492687467078 15391
43000000 307.76045324353685828 12842.338952840435013 3372.0876936486856721 -3703.9497172848246009 -1266.0923529941046581 8342.1297639276162954 15385
44000000 307.1443705773297097 12816.630833622983118 3639.5460294017693741 -3776.3182775879586188 -976.56335664311404798 8392.4276636328413588 15366
45000000 305.93973014895391316 12766.363164289734414 3364.6749101705045177 -3752.5797471509458774 -1229.0625525175457824 8346.3172098389950406 15385
46000000 310.96040338430083239 12975.867623944130173 3588.7183381619752254 -3777.8815674843563102 -954.24022776873289331 8320.8401334150657931 15358
47000000 309.90017841770668383 12931.626174973780508 3611.5178610492957887 -3701.639443768764977 -1097.2450006232143096 8410.40230544127553 15373
48000000 309.65666484388032131 12921.464752927066002 3300.4713956508821866 -3818.9439308344499295 -1172.3351922924800874 8291.7505187778115214 15383
49000000 309.8376556506868269 12929.017202450260811 3323.2321800598483605 -3741.932777640524364 -1225.0912550534376351 8290.2562127538112691 15400
50000000 313.093931851599109 13064.896267663007166 3208.4404709750733673 -3861.2875935155298066 -1224.8402437825029665 8294.5683082731047762 15392
51000000 309.32146148658068796 12907.477266597346897 3214.7590826799232673 -3867.6468995079217166 -1164.7299713077832166 8247.1359534956282005 15377
52000000 309.94782543717951739 12933.614406950026023 3432.1718945923753381 -3774.8902029985974877 -1003.8174445306267444 8210.879542121598206 15364
53000000 312.03966446442251481 13020.903418710664482 3186.8328643000832017 -3846.2970361548150322 -1248.9932377953000469 8282.1231382501973712 15386
54000000 308.54080012740541861 12874.901548449503025 3150.7718430978529796 -3984.1584553741813579 -1265.6632628327129169 8400.5935613047477091 15414
55000000 309.74053696178793871 12924.96459884784781 3344.9721396850914061 -3792.9649447530555335 -1214.6297089933930238 8352.5667934315406455 15380
56000000 311.7090762664857948 13007.108515411791814 3512.0197654475041418 -3778.6646496392245353 -1018.4944380599966962 8309.1788531467245775 15379
57000000 311.52164206019494941 12999.287193395999566 3394.6160626920968753 -3721.5180073363994779 -1174.6012061552335126 8290.7352761837300932 15376
58000000 309.32980607305199783 12907.825472504755453 3291.6881106868390816 -3865.2663029734048905 -1132.4672684076322184 8289.4216820678757358 15382
59000000 307.32946969729965758 12824.354716316402119 3275.144794217794697 -3823.6583647265761101 -1263.49427726130466 8362.2974362056756945 15389
60000000 309.21752879985513118 12903.140326041333537 3479.914800150078463 -3740.7113526146358709 -1112.6457486231167877 8333.2719013878304395 15356
61000000 310.13481788383973026 12941.417295060966353 3435.7595193676070267 -3817.4175260226702449 -1147.1873558125851105 8400.3644012028635188 15396
62000000 308.60820344745616239 12877.714178446358346 3263.7657616104006593 -3952.5887145779015555 -1096.6905920492988571 8313.0450682376012992 15387
63000000 310.42802943913727631 12953.652532364312719 3342.0580999278713534 -3835.4385469137573637 -1138.8524320430760781 8316.3490788847047952 15395
64000000 308.34475251524480655 12866.720803133701338 3336.98031639196779 -3739.0559916147230979 -1196.5302878395159496 8272.5665958462050185 15375
65000000 309.52629639823891239 12916.024691509048353 3389.4187631404638523 -3834.3516610303263406 -1216.8725961836528313 8440.6430203544441611 15392
66000000 312.09571763469085681 13023.242425572594584 3414.9729808260126447 -3805.1376084710464056 -1133.3327159352165836 8353.4433052322747244 15365
67000000 311.07682215655080427 12980.725588370523838 3464.4458123494714528 -3777.1188688731108414 -1193.9349728565391615 8435.499654079121683 15405
68000000 310.9088398444670247 12973.715961996746046 3317.9118308783667999 -3738.8826335765452313 -1184.6986006144497878 8241.4930650693604548 15377
69000000 311.008254936583171 12977.864390739061491 3285.8949666800126579 -3788.523662565961331 -1189.6825445181229952 8264.1011737640983483 15407
70000000 309.45691563740967922 12913.129546151727482 3381.0471272567792766 -3826.6146645218841513 -1161.3336089342153628 8368.9954007128799276 15377
71000000 310.26234211446870859 12946.738672051340473 3246.4034974909982338 -3937.0419750580254004 -1207.1419938861563423 8390.5874664351795218 15405
72000000 307.29458684331649465 12822.899112031404002 3279.2038441690942818 -3894.0712909177264009 -1156.2742646627723389 8329.5493997495941585 15402
73000000 308.58417910051934996 12876.711681851258618 3347.3983338638581699 -3809.1784990929236301 -1144.5050071253958777 8301.0818400821772229 15395
74000000 306.03891032511887715 12770.501790374695702 3384.8958795596063283 -3850.5300753001065459 -1149.4618200943609736 8384.887774954073393 15392
75000000 310.97403031089658043 12976.436253241312443 3300.7463891415263788 -3863.2351298936728199 -1201.602331742768456 8365.5838507779662905 15405
76000000 311.8306958344251143 13012.183500512423052 3293.8209302795221447 -3871.2063831574096184 -1101.057294784809983 8266.0846082217412913 15379
77000000 306.89671268656042002 12806.296476027377139 3339.575075241601553 -3922.9102361019317868 -1163.200399976049539 8425.6857113195837883 15393
78000000 305.80455160713364648 12760.722385447259512 3377.9605531004253862 -3889.853670398383656 -1130.9352852951651585 8398.7495087939751102 15376
79000000 307.46731348568192743 12830.106711526612344 3355.0724512085380411 -3779.37248086117188 -1185.2247992405045807 8319.669731310214047 15382
80000000 309.86604142247773552 12930.201694151304764 3281.2630478215342009 -3807.9728877142224519 -1159.3579322491141284 8248.5938677848698717 15381
81000000 309.98901626817621491 12935.333232770022732 3122.014290683408035 -3901.8307244083662226 -1245.420797415280731 8269.2658125070556707 15409
82000000 309.6089337132818855 12919.473011131500243 3330.053232696746818 -3923.9667396611239383 -1065.5027383063948037 8319.5227106642651052 15378
83000000 311.5359762283532632 12999.885334723632695 3257.8908845687446956 -3886.6230588164694382 -1171.7882220894625789 8316.3021654746771674 15388
84000000 309.9772106641381697 12934.840604276005251 3287.8027273569646241 -3861.6021677066100892 -1115.1192284048979673 8264.5241234684726805 15387
85000000 309.89893559037676596 12931.574313827675724 3384.0085744600887665 -3903.3496507619179283 -1044.8226372759661444 8332.1808624979730666 15395
86000000 312.1175363694098337 13024.152885587291166 3316.9301332144232219 -3796.2126116283120609 -1177.4982555167448481 8290.6410003594792215 15387
87000000 305.62141096122934414 12753.080226664487782 3142.387951566112406 -3838.5554354230048375 -1195.8123680655480712 8176.7557550546653147 15401
88000000 312.06693955574598931 13022.041563537441107 3329.5930826033609264 -3812.9587890467541911 -1119.3075945284817863 8261.8594661785973585 15394
89000000 311.95547904731665767 13017.390499328186706 3163.0836952247332192 -3894.0379906000007395 -1109.2467268433965728 8166.3684126681309863 15359
90000000 313.44649480045262635 13079.608141276628885 3273.5966702878076831 -3881.4457796855217566 -1067.0428339451700595 8222.0852839184990444 15386
91000000 310.39190302512662356 12952.145036358942889 3293.1680797156668632 -3855.6919963466343688 -1144.7298191312434028 8293.5898951935450896 15386
92000000 309.94752960834807709 12933.602062498081068 2906.3247656303938129 -3948.2804769486342593 -1327.14592081607816 8181.7511633951053227 15435
93000000 311.83478398568831835 13012.354092359619244 3156.6527682338655723 -3921.500318701789638 -1147.5761464213940144 8225.729233357047633 15386
94000000 309.29960704132651017 12906.565316440584866 3053.8082126046888334 -3945.5004849556389672 -1239.7656055861016284 8239.0743031464298838 15393
95000000 311.89953037761574706 13015.055853103542177 3249.4331610409958557 -3908.306192626473603 -1199.8465287888011517 8357.5858824562710652 15385
96000000 308.5686035857509637 12876.061741165531203 3042.7728682105175722 -3922.9476281285415098 -1281.100605342384597 8246.8211016814420873 15416
97000000 309.87304002810776637 12930.493734485762616 3241.8970915480649637 -3814.1136038966747037 -1171.4696010899442626 8227.4802965346843848 15380
98000000 316.30383866625612654 13198.840414438218431 3270.4049013552839824 -3834.0352729005867332 -1191.2164705134250653 8295.6566447692966904 15394
99000000 310.16019125882792196 12942.476084384095884 3025.4735219207132104 -3974.4514439609156398 -1329.1297981828724915 8329.0547640644999774 15427
100000000 309.76004922596303004 12925.778813629613069 3166.6963511813232799 -3955.4663011698876289 -1126.153415009003993 8248.3160673602142197 15395
101000000 303.80489608937443791 12677.280040346278838 3163.4595676524431838 -3946.7238339432715293 -1184.283984693623097 8294.467386289335991 15398
102000000 307.80557683069014274 12844.221886124692901 3082.7742130501692372 -3957.8655656451724099 -1201.6561131000253226 8242.2958917953674245 15411
103000000 311.76697340152344395 13009.524467899238516 2976.1893427847035127 -4072.9809909659047662 -1256.0805271011813602 8305.2508608517891844 15431
104000000 309.05999445198176545 12896.566676078246019 2954.5368534927738438 -3967.9159184692680356 -1281.0751678755650573 8203.5279398376060271 15407
105000000 307.42928704128348727 12828.519930369418944 2880.2257617507921168 -3976.8231437238364379 -1338.8364980552855741 8195.885403529913674 15409
106000000 306.85929346822820207 12804.735033418010062 3099.7718744961794073 -3937.7142513469830192 -1197.266288798473397 8234.7524146416362782 15389
107000000 309.18811423499022339 12901.912904492644884 3000.0646619548342642 -3974.8459084416281257 -1265.943275294284831 8240.8538456907481304 15413
108000000 312.02000958055407409 13020.083252643007654 3069.6818471606084131 -3992.7070596125304291 -1259.7904644788900441 8322.1793712520284316 15412
109000000 310.25015436579661809 12946.230097288504112 2972.8543048748424553 -4066.2035102477407236 -1213.9216902664825284 8252.9795053890666168 15403
110000000 313.58245971380222272 13085.281734113286802 3038.166633380008534 -4013.0155594538505284 -1266.097633955337642 8317.2798267891976138 15418
111000000 307.16624172174527985 12817.543480608361278 3006.453625026413647 -3983.9821241774393457 -1292.4011100746520242 8282.8368592785045621 15426
112000000 310.89561275630256887 12973.164017301523927 3113.4278991890782891 -3972.3770210156917528 -1184.5612376027468144 8270.3661578075170837 15422
113000000 308.30817557022430719 12865.19450720821078 3061.5158932652020667 -4011.5597019023398389 -1224.3355477452382729 8297.4111429127806332 15395
114000000 310.65237334820830029 12963.014035741147381 2661.8761445290001575 -4014.9553458422687982 -1500.1404211807935098 8176.9719115520638297 15454
115000000 307.9645434746548176 12850.855303454549357 3143.5567428388685585 -3902.5593895501515362 -1309.7767422519455067 8355.8928746409656014 15409
116000000 308.2063306657489079 12860.944686381302745 3111.0481064246005189 -3954.4606733850596356 -1158.0551321887608083 8223.5639119984207355 15402
117000000 310.74105915649613507 12966.714749066513832 3136.2860717792736978 -3966.1695614688183014 -1234.1891721261933981 8336.6448053742860793 15414
118000000 311.61095062811585876 13003.013893459459723 3053.5406766983132911 -3971.1693317140257022 -1311.6506114237554357 8336.3606198360939743 15421
119000000 313.68603837589432715 13089.603901801985558 3201.2284259795919752 -3992.5329175341494192 -1184.0846486163477493 8377.8459921300891438 15403
120000000 310.50059846856987633 12956.680718941341183 3059.2913384864586988 -3943.9803337626290158 -1184.6565363299000637 8187.9282085789882331 15405
121000000 312.73994699679701625 13050.125060246233261 2935.7964780794418402 -4004.1540119605842847 -1305.8551814301836203 8245.8056714702106547 15399
122000000 311.20468572340047331 12986.061125304839152 3117.7736218087338784 -3984.0624708540835854 -1151.8258204679714254 8253.6619131307888892 15411
123000000 313.38439409017422577 13077.016780488709628 2881.3843102739142523 -3973.4184439109476443 -1281.2729950426332834 8136.0757492274951801 15417
124000000 307.82043852157426045 12844.842040110479502 2992.2833550036111774 -4024.2183875450364212 -1232.9118956181332578 8249.4136381667813112 15408
125000000 310.20002082632180418 12944.138106910741044 2962.9854683089256469 -4009.3133544398451704 -1234.9404320032299438 8207.2392547519993968 15414
126000000 309.89743028478523001 12931.5114998942081 3009.069587502864124 -3962.9929672860025676 -1231.6147348902250087 8203.6772896790917002 15403
127000000 311.27644606363367075 12989.055566607916262 3031.5373183615738526 -3991.5868114107179281 -1227.184675859012259 8250.3088056313044945 15423
128000000 307.58411172427179281 12834.980510461002268 2999.1043112685811138 -3904.6341629698836186 -1265.5463378698339056 8169.2848121082988655 15413
129000000 314.25979993614606656 13113.546030679188334 2809.1147195633102456 -3993.5274049766621829 -1409.7954725612401035 8212.4375971012123046 15432
130000000 311.77265099199053111 13009.761384437557354 2816.5437976515477203 -4093.1010559653168457 -1263.4821208688254046 8173.1269744856890611 15422
131000000 310.82117632124948159 12970.057906950703909 3051.5848842314594549 -4074.1519148589595716 -1177.5800841286231844 8303.3168832190422108 15408
132000000 312.37274242605923291 13034.802215765252186 3021.7196718423201673 -3971.4753404532825698 -1188.0573656262815803 8181.2523779218845448 15402
133000000 307.71652722077828912 12840.505991954232741 2989.1889441416542468 -3995.3973779164880398 -1276.4988403813044897 8261.085162439447231 15426
134000000 310.42796645118886545 12953.649903980533054 2945.0532732157280407 -3956.8064475766650503 -1289.6232149482993918 8191.4829357406924828 15431
135000000 310.76175198434054892 12967.578226833946246 3164.2610727336787022 -3899.1531031542599521 -1091.2439634056154318 8154.6581392935531767 15378
136000000 310.11466186341220919 12940.576217386616918 3168.9279807413026901 -3865.9761271380839389 -1248.9649231040698396 8283.8690309834564687 15401
137000000 307.25644206520865964 12821.307393002598474 2941.765271314857273 -3970.738434490376676 -1315.4514463686846284 8227.9551521739194868 15406
138000000 309.14603686489391521 12900.157084850043248 2838.6353877349779395 -4037.0876046846037752 -1324.3529386122577307 8200.0759310318408097 15423
139000000 307.41300889338378965 12827.840669955518024 2980.9334328203340192 -4088.6854022884353981 -1209.2758328218242241 8278.8946679305936414 15428
140000000 311.36159179876108283 12992.608558486406764 3084.8680650493115536 -4038.712823859054879 -1228.4897689061072015 8352.0706578144745436 15397
141000000 311.96751179896779149 13017.892606319550396 2916.0034128173947465 -3994.5657464421228724 -1344.2484307755353257 8254.8175900350524898 15422
142000000 309.2583733197097331 12904.844700865358391 3180.2597144672981813 -3880.6272929070883038 -1198.6815139234840899 8259.5685212978696654 15401
143000000 308.5855673506215453 12876.769611251140304 3011.5657488258439116 -4069.7260322228839868 -1301.7511430056770223 8383.0429240544053755 15415
144000000 312.5860801975427421 13043.704451071836957 2990.9901872202258346 -3950.5084126620886309 -1277.7519777116663136 8219.2505775939807791 15413
145000000 309.44684668803142813 12912.709385408357775 2814.8184105606387675 -3993.2695439622521008 -1334.9257479737539143 8143.0137024966443278 15422
146000000 311.59392679627859479 13002.303516877847869 3116.7025582097785446 -3903.4467826286891068 -1225.3550277058293432 8245.504368544296085 15402
147000000 309.06746879511200632 12896.878568158324924 2929.3472649633131368 -3981.7992982781770479 -1325.1713716879767162 8236.3179349294659914 15416
148000000 308.46285668497631605 12871.649096432760416 3259.0716394176829453 -3836.4773994591469091 -1241.4776735661657767 8337.0267124429956311 15395
149000000 312.15721818347338967 13025.808742605620864 2871.0357910823513521 -3952.9616916990216851 -1377.0053014047975921 8201.0027841861701745 15424
150000000 309.49233306085233153 12914.607457143516513 3107.2469970385964189 -3967.945159735035304 -1202.515136203851398 8277.7072929774840304 15394
151000000 311.913693643660622 13015.646862966279514 2944.5792071025116456 -3978.9969343756324633 -1410.9565892426369373 8334.532730720780819 15436
152000000 311.75434050426906651 13008.997317816156283 3305.181178783451287 -3880.0273070254515915 -1171.4173168797053677 8356.6258026886080188 15388
153000000 308.70286906341794975 12881.664419338416337 2974.5582598811542994 -3947.6250957557276706 -1351.4732622905157768 8273.6566179273977468 15429
154000000 311.45559351358440381 12996.531095872825972 3042.9955715850278466 -3901.4808738063165947 -1251.8460238372670119 8196.3224692286112258 15388
155000000 312.89325074855446474 13056.522174372048539 3057.8768155196075895 -3930.1725305890595337 -1246.0296650527545808 8234.0790111614223861 15407
156000000 309.48263186480954801 12914.20264214368035 2892.2541135573574138 -4030.4431638112446308 -1338.1412572952658593 8260.8385346638679039 15428
157000000 310.41787962406351653 12953.228997228099615 3203.1474075318237738 -3902.6128492148513942 -1230.6895077989852325 8336.44976454566131 15402
158000000 309.15204310903072837 12900.407715566971092 3095.4000395158363972 -3901.2557914844232982 -1282.7038083883157924 8279.3596393885763973 15434
159000000 310.64400697085966385 12962.664920536168211 3165.6469762422234453 -3994.4294287126595009 -1224.7439806516658791 8384.8203856065483706 15401
160000000 312.48861803889116118 13039.637515039970822 2919.8212146377245517 -4033.1714587857559309 -1330.1666107381488473 8283.1592841616293299 15435
161000000 307.63712332872069055 12837.192597769790154 2833.7745929127531781 -3983.7313562615140654 -1409.6801816093548041 8227.1861307836225023 15421
162000000 309.30184891239792933 12906.658866043480884 3130.3609463055800006 -3861.6151733943825093 -1222.7840571599517716 8214.7601768599161005 15402
163000000 308.74529729420339663 12883.434879822125367 3193.446521897330058 -3912.051317417964583 -1161.0497658396682255 8266.5476051549630938 15397
164000000 308.82914173139687364 12886.933570672104906 2936.4431985196360984 -3972.2247812311657071 -1263.6054583453194482 8172.2734380961210263 15401
165000000 310.66335900684981652 12963.472449258568304 3068.3611290145208841 -3967.2520229792153259 -1256.4909719200472864 8292.1041239137830416 15422
166000000 309.7259546024945962 12924.356100911209069 3090.5205972106323316 -4031.8346469476914535 -1215.2550691678463863 8337.6103133261694893 15392
167000000 310.94178922055050407 12975.090885420106133 3144.0751672109290666 -3836.3619166226544621 -1230.5929273940332678 8211.0300112276163418 15395
168000000 307.63101038745332971 12836.93751475659883 3109.2737974344513532 -3919.0179114067423143 -1171.35180314497984 8199.643511986174417 15410
169000000 307.56966492716037465 12834.377669311879799 2840.2895279500426113 -4038.7462131644856527 -1345.2508269978725366 8224.2865681124003459 15420
170000000 311.56954939732611365 13001.286288001178036 3161.4571701466911691 -3919.8140015895714896 -1193.2674102029513961 8274.5385819392140547 15392
171000000 308.22068641676355583 12861.543728326132623 3252.2852128479362364 -3917.9185770284866521 -1132.6243860730342021 8302.8281759494584549 15388
172000000 311.87254582951953807 13013.929832169116708 3144.5836711928432123 -3928.7601269328670242 -1202.8455281494834708 8276.1893262751927978 15385
173000000 307.36922723238069466 12826.013733048601352 3195.357623776399123 -3946.1541268875412243 -1182.982363914328289 8324.4941145782686363 15410
174000000 311.85210077485817237 13013.076693570237694 2919.4449498558651612 -4023.4054938998820035 -1348.6154242635273022 8291.46586801927333 15423
175000000 307.82037878263815855 12844.839547302653955 3055.9927997613581283 -3927.3522612975530137 -1230.1585944771886716 8213.5036555361002684 15414
176000000 310.13083768480373692 12941.251207883158713 3100.2743290350581447 -4023.2184651459579072 -1186.5358509214347578 8310.0286451024512644 15407
177000000 314.38735945653030512 13118.868880253172392 2976.0224269737404938 -3929.601169682238833 -1303.6205290666366636 8209.2441257226164453 15421
178000000 308.43332485003958254 12870.416781396310398 3096.5908194574967638 -3960.7286968397611417 -1285.5682013876566998 8342.8877176849146053 15422
179000000 310.40331413492879165 12952.621203255512228 3172.2148177730437055 -3990.1458168012522947 -1136.1741740072261564 8298.5348085815239756 15404
180000000 312.4625022393260565 13038.547745556905284 3122.0636794136653407 -4001.9531675888911195 -1227.3551876480712508 8351.3720346506270289 15404
181000000 309.92364736243382595 12932.605495545591111 3139.625258871682945 -3950.6848623058458543 -1262.9796948668949881 8353.2898160444237874 15428
182000000 310.81283338052924137 12969.709769717788731 3008.8503664825689157 -3989.0927701370819705 -1269.317400134950276 8267.2605367546020716 15409
183000000 311.30869650645172442 12990.401324692436901 3103.1344820094063834 -3974.0050471237236707 -1243.5082588571374345 8320.6477879902668064 15413
184000000 310.82216245143899869 12970.099056546150678 3351.8770957121200809 -3844.5302546559792063 -1138.5693425214103627 8334.9766928895096498 15391
185000000 305.88466611400639295 12764.065432422452432 3083.8184723020103775 -3924.9545224845178382 -1232.5963953318857875 8241.3693901184142305 15400
186000000 312.4523629964581346 13038.124651581500075 2874.4665557930866271 -4079.4863762056020278 -1340.5066607496928555 8294.4595927483824198 15412
187000000 314.26834349324144569 13113.902539304404854 2955.8753139338537039 -3971.6949659962215264 -1241.4491393847329164 8169.0194193148081467 15414
188000000 306.71997977980953465 12798.921701690078407 3111.2286525523099954 -3975.4194887808098429 -1142.5779679113579732 8229.2261092444787209 15391
189000000 308.64648273843425841 12879.311510476625699 3080.9955857865979851 -4010.2426836970766999 -1223.8919501733246307 8315.1302196569995431 15420
190000000 309.90724566949745622 12931.921079799938525 3182.7867275569806225 -3872.877165387518744 -1257.0098066022524108 8312.6736995467526867 15418
191000000 309.9199663694793685 12932.451893746834685 3100.5007216234680527 -4013.9842331840932275 -1282.3414674605862729 8396.8264222681464162 15412
192000000 308.30629607883929566 12865.116079115286993 2985.6194633632630939 -4014.4258883550719474 -1333.9648609978494278 8334.0102127161844692 15436
193000000 310.03667565891208824 12937.321980978784268 3115.153253252194645 -3983.3346329640398835 -1255.8267039399256646 8354.3145901561601931 15432
194000000 310.3198295165119589 12949.137527052938822 3107.9371555657362478 -3930.3526128508242437 -1274.360242857600042 8312.650011274159624 15413
195000000 308.48581123250966129 12872.606952053343775 3117.487279739087171 -3928.2033298315996035 -1233.4817686063904603 8279.1723781770779169 15401
196000000 309.69479556257005015 12923.055885279412905 3202.2614870976062775 -3880.3326316844309076 -1244.7588837566654547 8327.3530025387026399 15404
197000000 308.85793855366279104 12888.135214835303486 3159.6216799374628863 -3924.284028229478281 -1152.9321955604195864 8236.8379037273607537 15401
198000000 307.86385443395658967 12846.653714927319015 3258.4123229849142263 -3805.8925407685546816 -1233.5760173061180467 8297.8808810595874093 15385
199000000 314.33272916531325336 13116.589247800373414 3200.339664245525455 -3926.4904180463977355 -1220.7344482116313884 8347.5645305035541242 15410
200000000 310.63123076877235462 12962.131790577443098 2940.5447482714416765 -3967.9760285365223353 -1257.9868743306274155 8166.5076511385914273 15415
201000000 309.46560014586879106 12913.491936446176624 3017.8307568874147364 -4040.277561467742089 -1215.187287541390333 8273.2956058965464763 15405
202000000 310.5254637414101353 12957.718305995182163 3247.7003738249891285 -3979.5918004380364437 -1129.5000372560016331 8356.7922115190267505 15389
203000000 311.22276367429589072 12986.815488545877088 3048.8472078517988848 -3891.453927450088031 -1264.3616551338880072 8204.6627904357756051 15406
204000000 311.72179679687883436 13007.639322282022476 3198.1420257166582815 -3907.9843003434780258 -1134.9410836280922013 8241.0674096882285085 15387
205000000 308.40593188305001604 12869.273717811316601 3125.0046049506399868 -3946.8589198213439886 -1261.2012207775217121 8333.0647455495054601 15401
206000000 306.84162779188056902 12803.997873717675247 3126.039179956638236 -3927.6501222832275744 -1263.8839229373209037 8317.5732251771860319 15418
207000000 310.32364275442631651 12949.296647216975543 3311.721336093129139 -3943.544837388103133 -1102.6262713842882022 8357.8924448655197921 15405
208000000 306.05256706918720511 12771.071663906102913 3130.7446121356597359 -4001.6215680542122755 -1197.4461327149085719 8329.8123129047817201 15416
209000000 307.56334070086165866 12834.113769720861455 3004.1607029862630043 -4019.5381313752213828 -1292.9537203292720733 8316.6525546907578246 15407
210000000 307.503027807958631 12831.597011619800469 3034.3199622361526053 -3994.9445868942625566 -1215.0109623186453973 8244.275511449061014 15394
211000000 313.14976691495064642 13067.226173281018418 3113.8556623200879585 -3986.3067482382489288 -1243.0523228640181514 8343.2147334223554935 15418
212000000 309.49842015501837977 12914.861461599561153 3234.9704205684706722 -3894.5850764578917733 -1240.04845734986975 8369.6039543762326502 15402
213000000 309.86255493587287901 12930.056208783506008 3069.5739123264993395 -4011.3379853016922425 -1215.5315687861580045 8296.4434664143500413 15404
214000000 307.62318608476493864 12836.611019438130825 2971.432177332057563 -3898.231848864080348 -1427.1391572923769218 8296.8031834885150602 15439
215000000 311.69671861262690982 13006.592850784172697 3108.1379490327553867 -3885.690295815940317 -1209.555262329793095 8203.3835071784887987 15400
216000000 308.21467016937782546 12861.292680190033934 3036.6761567957000807 -3954.5426746442658441 -1162.1755103886541747 8153.3943418286189626 15387
217000000 312.03591615218670086 13020.747007788708288 3170.4984347928088937 -3924.4737982592582739 -1254.9567546300340837 8349.9289876821003418 15419
218000000 308.23264736112844275 12862.042838917213885 2906.9837593709562498 -4006.7640035650201753 -1327.8945530734754357 8241.6423160094527702 15428
219000000 312.35990378926089761 13034.266480508435052 2960.1495443642538703 -4059.070689199379558 -1298.7898385756425341 8318.0100721392773266 15436
220000000 309.37765026759711873 12909.821932273378479 3113.0824257830154238 -3865.1689068288001181 -1235.0980351815760514 8213.3493677933911385 15400
221000000 314.22269569663001221 13111.997731619219849 3104.7062153225620023 -4022.4463096547792702 -1199.5016965833283393 8326.6542215606677928 15397
222000000 309.87273341465629528 12930.48094000931269 3066.4438403125586774 -3927.0752960693289424 -1208.6462203060370939 8202.1653566879249411 15391
223000000 308.41034854710250102 12869.458017958411801 3087.8154228788639557 -3984.7620150544498756 -1264.7255900976615521 8337.3030280309758382 15424
224000000 310.42143124019690958 12953.377200344304583 2982.8571318816334497 -3975.1066836509585301 -1228.8174004271859303 8186.78121595977791 15412
225000000 306.1812544905999971 12776.441578940126419 2999.2544710555339407 -4032.1342705709621441 -1171.6816199863415022 8203.070361612837587 15419
226000000 312.93423804485161099 13058.232507022850768 3176.2459953778488853 -3894.6181351181476202 -1189.0102060290769259 8259.8743365250738862 15390
227000000 308.58164398070260859 12876.605895459180829 3055.8824861233897536 -4013.3414000158959425 -1265.69047628946646 8334.9143624287535204 15434
228000000 309.69532136020762891 12923.077825952463172 3063.9178029924951261 -3895.385886468633089 -1268.5463022583744532 8227.8499917195040325 15405
229000000 311.65884760678807197 13005.01255582313388 3064.2283017839690729 -3978.810140326668261 -1168.8692141250821805 8211.9076562357204239 15400
230000000 312.50275965460127736 13040.227621469748556 2987.6309392345729066 -4116.1980450188020768 -1161.34777489023827 8265.1767591436146176 15413
231000000 307.33419536964004237 12824.551910872543885 2856.6796159153936969 -4071.0699865569299618 -1270.5375444955589046 8198.2871469678830181 15417
232000000 307.85571582313855288 12846.314104046099601 2935.5551350405148696 -4059.4407700578353797 -1290.2295870830116655 8285.2254921813619148 15429
233000000 310.02391899379034612 12936.789666265589403 3010.2701995040742986 -3998.3501119620341342 -1241.4043256540212496 8250.0246371201283182 15414
234000000 311.96805580018349247 13017.915306598060852 2994.5947781370505254 -3996.5112689062862046 -1277.3657702193447676 8268.471817262681725 15429
235000000 311.21885302085013336 12986.652303391487294 3042.4333226758380988 -4003.6935611341350523 -1277.1464065108502837 8323.2732903208234347 15430
236000000 309.50989340782149384 12915.340221621638193 3247.3722286620845807 -4011.5476588036090106 -1192.3367570065445307 8451.2566444722397137 15400
237000000 306.18672092322157141 12776.669684207872706 3105.0702407307553585 -3972.4917037970481033 -1256.8227308042105506 8334.3846753320140124 15424
238000000 313.51228980688460979 13082.353658983984133 3227.204001664970292 -3928.6346723876508804 -1116.1261173538891853 8271.964791406511722 15403
239000000 309.84736791253561705 12929.422479208031291 3174.7469895319054558 -3950.1145006576912238 -1220.8533489627220661 8345.7148391523187456 15407
240000000 310.40056504224514811 12952.506488126638942 3081.819376537246626 -3941.0615206566344568 -1279.0049335337266712 8301.8858307276077539 15418
241000000 309.51978476854787914 12915.752971881829581 3025.3945156099625819 -3966.4835118330247496 -1309.141375031586449 8301.0194024745742354 15427
242000000 307.7264014250766877 12840.918026304821979 3137.3528653464018134 -3811.2448159005216439 -1307.8021708175315325 8256.3998520644563541 15418
243000000 311.83946888270668296 13012.549585428449063 3044.2488616294058374 -3904.7851155729013044 -1209.5731110951567189 8158.6070882974636334 15382
244000000 311.56955879760056405 13001.286680259212517 3002.0196388701424439 -3933.9807390746750571 -1295.3514034338445526 8231.3517813786620536 15406
245000000 309.16447695334443324 12900.926559497309427 3057.6322901958310467 -4008.1561451796651454 -1283.0886192466639386 8348.8770546221603581 15410
246000000 310.12315988624743568 12940.930825941837611 2876.4203569587148195 -4100.4867400130378883 -1219.8496895993562248 8196.7567865711080231 15431
247000000 307.97728012716328294 12851.386783074214691 2950.7374635116575519 -3976.0710967265767977 -1361.3666192667765245 8288.1751795050113287 15430
248000000 310.17308286527673999 12943.014029977552127 3089.1370311266055069 -4033.6574058389542188 -1202.5215263209927343 8325.3159632865517779 15421
249000000 310.33795814310650485 12949.894004907786439 3231.5326109275993076 -3828.202346279176254 -1176.9176944377784366 8236.6526516445537709 15391
250000000 310.17845557164793036 12943.238224202590573 3013.3806610054866724 -3981.5227134502188164 -1209.4973632137393906 8204.4007376694462437 15418
251000000 307.61652258425795026 12836.332962490847422 3052.9844816721360985 -4001.1034346767146417 -1226.747460285148918 8280.8353766339987487 15412
252000000 310.74279691671893033 12966.787262950492732 3059.4667516545332546 -3922.5892489796151494 -1209.5793089546839383 8191.6353095888316602 15412
253000000 310.26588995265188942 12946.886717519879312 2939.8441025419178914 -3917.6753860931689815 -1387.8161261073903461 8245.3356147424783558 15429
254000000 311.00651708370980941 12977.791872988926116 2956.1798106161541 -3917.6803922796034385 -1398.4523501430876422 8272.3125530388460902 15423
255000000 306.24399787984651766 12779.05975766732081 3128.7730189118938142 -3895.0292540547761746 -1198.5670846545719996 8222.3693576212426706 15403
256000000 310.74114540479638435 12966.718348066626277 2895.5822042680119921 -3979.4372520546680789 -1350.4686338051333223 8225.4880901278120291 15423
257000000 313.08510267273686623 13064.527840509910675 3057.7898319930909565 -4001.2078941520321678 -1290.9242245695982092 8349.9219507147208788 15424
258000000 308.15523601487774386 12858.812590401299531 3161.4516841418235344 -3923.6577592506482688 -1218.4122364650813779 8303.5216798575529538 15393
259000000 309.25566219496585063 12904.731570076339267 2892.4254168485576884 -3984.9647491282903502 -1348.8793833575518875 8226.269549334399926 15428
260000000 309.90758304539360779 12931.935157942751175 3064.9954928632960218 -3960.5813378876159732 -1222.1922207679094754 8247.7690515188223799 15398
261000000 312.08637554367606981 13022.852595436605043 3110.2565339327529728 -3980.5055393500342689 -1275.4412551504487965 8366.2033284332355834 15421
262000000 307.94304506981922032 12849.958210280508865 3066.4890827877034098 -4052.2717953649216724 -1218.5304052316535035 8337.2912833842783584 15416
263000000 307.92862734086367027 12849.356582097856517 3152.5642113358430834 -3923.4821486488963274 -1185.9213747024768963 8261.9677346872158523 15413
264000000 310.38929970320799612 12952.036404005013537 3008.108941201210655 -4030.7219133666953894 -1277.6505019534934036 8316.4813565213989932 15407
265000000 310.28923132289111209 12947.860714617547274 3121.4723380299019482 -3894.8023366677603008 -1199.8847516612381696 8216.1594263588995091 15402
266000000 314.07753503060280309 13105.940415105371358 2954.9918784996953036 -3988.4964180666893299 -1288.8503140041361803 8232.3386105705212685 15432
267000000 308.83354351442807229 12887.117249858587456 2979.3751201697054967 -4011.6319667571069658 -1224.35677294334414 8215.3638598701563751 15415
268000000 306.97428504997844811 12809.533443525599068 2982.4473582857890506 -3978.4376078538125512 -1301.8798549648026892 8262.7648211044033815 15407
269000000 308.85653963084388351 12888.076840080459078 2982.9017583835484402 -3964.6565412518784797 -1295.4431989304939634 8243.0014985659199738 15412
270000000 310.68495762092624091 12964.373723999873619 3072.7136104743217402 -3898.0942011205197559 -1324.4428628715731975 8295.2506744664151483 15417
271000000 309.26398744394901996 12905.078969062082251 3099.22686398242422 -3952.098025273154235 -1191.0786546320618982 8242.4035438876398985 15407
272000000 307.2706000653191154 12821.898183126530057 3030.1547904281205774 -3937.772274958655089 -1283.6653516643987132 8251.5924170511752891 15418
273000000 309.32822849715893199 12907.759642850134696 3065.118485345505178 -3949.9839717580566685 -1179.4806276193598933 8194.5830847229226492 15374
274000000 310.23950431116736581 12945.785687976085683 3242.8047026653512148 -3874.8596295951001593 -1147.4675149954559856 8265.131847255906905 15388
275000000 308.28115669082984596 12864.067053685015708 3031.5520124750782998 -4027.0901011500704954 -1307.7937797261788546 8366.4358933513285592 15436
276000000 309.81568524467354564 12928.10041344120873 3101.7125230363030823 -3920.3092422837398772 -1256.2323810814664284 8278.2541464015102974 15405
277000000 313.31101179733542494 13073.954657763582873 3152.3142552756744408 -4022.8807189091867258 -1098.1824951823607535 8273.3774693672221474 15384
278000000 312.86362142416192 13055.285791260499536 3014.5153216521357535 -3935.5094952266836117 -1291.3589886368613406 8241.3838055156811606 15416
279000000 310.01302749618884036 12936.3351819339332 3102.7889823857408373 -3976.2386406979617277 -1219.1269567486704091 8298.1545798323732015 15416
280000000 309.94304451133689327 12933.414906755857373 2796.0123620412168748 -3957.100105305816669 -1392.7403635266505262 8145.85283087368407 15433
281000000 306.54135850471942604 12791.468128839116616 2938.5283247694169404 -4046.7586573853423033 -1208.6981269233074272 8193.9851090780648519 15397
282000000 315.69914814689462901 13173.607670824259912 3022.1148638974254936 -3992.6393935145792966 -1268.3257088101449881 8283.0799662221488688 15419
283000000 313.03905937824896455 13062.606529347000105 3037.1495187077343871 -4042.6378518490132592 -1235.1408851571713967 8314.9282557139176788 15405
284000000 306.22394893017872164 12778.223147880165925 3099.3806782696601658 -4052.1592102225431518 -1170.9359455854528278 8322.4758340776552359 15402
285000000 305.83512015838647358 12761.997960955251983 2951.4470069051567407 -3995.0738129798651244 -1401.8508759127541907 8348.3716957977758284 15434
286000000 309.65625548503686559 12921.447671053922022 3185.4469092445033311 -3946.1530483785927572 -1168.954879343321636 8300.554836966417497 15412
287000000 306.12687850624377006 12774.172558295538693 3286.5712180464774974 -3843.33657903895255 -1106.5905091199651906 8236.4983062053943286 15401
288000000 310.03560128272113161 12937.277149022431331 2834.7455616144343367 -4084.9635961071253405 -1349.8545319874870074 8269.5636897090480488 15411
289000000 307.82498836952959209 12845.031897803402899 3044.1821805096396929 -4014.0735126802419472 -1247.7875628955098364 8306.0432560853914765 15422
290000000 308.70287403462225484 12881.664626778618185 3120.6783610648039939 -3844.4340022163169124 -1238.9161071510779948 8204.0284704322002653 15412
291000000 310.80529335872483898 12969.395136974357229 2735.613568905804641 -3986.5581086399024571 -1423.2807437390740688 8145.4524212847809395 15448
292000000 313.90753299115868913 13098.846508821421594 2927.1833103618419045 -3997.8359818545513917 -1263.0126722775999042 8188.0319644939936552 15410
293000000 309.6566526514210409 12921.464244155737106 3059.078250342073261 -3950.0707984120176661 -1288.8472664664611784 8297.9963152205509687 15403
294000000 308.16492503194018582 12859.216897192261968 3109.9290879533323277 -3915.52954031606032 -1178.2238589950929963 8203.6824872644865536 15414
295000000 308.31832698182404329 12865.618108964834391 2710.6336654834353794 -4058.5756310342253528 -1371.8814417837591009 8141.090738301419151 15436
296000000 316.22167215589797706 13195.411740723091498 2968.8346921668389768 -4014.8112383092634445 -1265.8649345781873308 8249.5108650542897522 15407
297000000 307.45971137282322161 12829.789487825320975 2846.2115180929740745 -4103.2789685932002612 -1237.2414210094696045 8186.7319076956446224 15411
298000000 309.06017994628496126 12896.574416451287107 3044.9982651628652093 -4000.6277425807738837 -1225.1048430610337618 8270.7308508046735369 15428
299000000 311.19581828300545112 12985.691101560732932 2889.6586849198174605 -4078.6063586177324396 -1246.0159113072081709 8214.2809548447585257 15410
300000000 311.66067640755693446 13005.088868679784355 2986.9857612651367162 -4018.8443470313322905 -1284.113845914376725 8289.9439542108448222 15405
301000000 307.7114732912819477 12840.295099765349732 2933.8077265803776754 -4078.7920598879782119 -1282.5577666883091297 8295.157553156665017 15435
302000000 311.00088385215883591 12977.556807475422829 2914.9915988181642206 -4039.34225640436307 -1357.505248179277487 8311.8391034018040955 15432
303000000 310.94229802634805537 12975.112117051541645 2861.7032464708363477 -4074.9447780540945132 -1222.305919852333318 8158.9539443772637242 15408
304000000 310.26030323089349849 12946.65359278374126 2987.9451236998520471 -4022.427796154562202 -1303.0549713117154624 8313.4278911661313032 15416
305000000 307.53990043019337008 12833.135645670497979 2951.8834603901773335 -3925.7231869186052791 -1332.7512156594395947 8210.3578629682233441 15435
306000000 310.28554970214048581 12947.707086621885537 2937.9722255336891976 -4019.0877645271320944 -1260.2679673431809988 8217.3279574040025182 15415
307000000 309.23436207564668621 12903.842751031690568 3232.3244084760835904 -3950.7703512799844248 -1169.9567491514851554 8353.0515089075524884 15384
308000000 307.38826369942421479 12826.808093596426261 3028.6896289775804689 -3940.2136477129047307 -1248.2615112566008975 8217.1647879470874614 15415
309000000 310.9956745554101758 12977.339432065920846 2976.0224311386509726 -4007.6999339417702686 -1232.9538199905668989 8216.6761850709881401 15418
310000000 309.73984744413144199 12924.935826406926935 2850.7658364964986504 -4040.9424908352357306 -1357.8356223152418352 8249.5439496469771257 15435
311000000 311.23982240432019353 12987.527321371595463 3107.4821850982125397 -3931.9077773681792678 -1157.0221074355583823 8196.4120699019513268 15386
312000000 311.61959535313042124 13003.374623656016411 3212.5720379625249734 -3932.8562793802293527 -1102.7155491302330574 8248.1438664729867014 15398
313000000 310.61960823754537842 12961.646801411570777 3104.1713275135894037 -3977.3287584220984172 -1159.2887242581678038 8240.7888101938551699 15390
314000000 313.55676711919909394 13084.209624279179479 3178.087321838547723 -4031.0271780267612485 -1128.0843583531075183 8337.1988582184167171 15373
315000000 310.3454242133813068 12950.20555177517781 3219.5072730098563625 -3951.8115658464275839 -1187.699821634350883 8359.0186604906339198 15399
316000000 308.82523544455960973 12886.770567729126924 3027.9238545133662228 -3997.7394556552017093 -1324.7948457603865791 8350.4581559289545112 15418
317000000 308.89853061195879036 12889.829054852552872 3046.5153520716858111 -4065.933352809679036 -1190.385919851601102 8302.8346247329664038 15407
318000000 308.60152476341119154 12877.435487914939586 3214.8110040574019877 -3964.7054751056684836 -1203.3270314954054356 8382.843510658476589 15390
319000000 306.98189216940181723 12809.850876142621928 2883.0840643242413535 -4080.9954901648907253 -1332.4366783833411318 8296.5162328724727558 15432
320000000 308.4196717145575235 12869.847058445287985 3117.7348353823972502 -3947.491464421760611 -1260.2209107508754187 8325.447210555033962 15412
321000000 310.0057973283817887 12936.033478889616163 3081.5504768914033775 -4012.2890939719345624 -1176.4880619129212391 8270.3276327762578148 15382
322000000 309.69178087735156168 12922.9300874096607 2865.8726229848180083 -4057.1230891796362812 -1405.5686113248059428 8328.5643234892595501 15448
323000000 313.05068392766679608 13063.091602728665748 2951.5985786924243257 -4047.572493036220294 -1390.5248564903572515 8389.6959282190000522 15438
324000000 311.22886389713056587 12987.0700408397297 2940.1510975981859701 -4039.7942535957690779 -1297.6924495029120408 8277.6378006968661794 15421
325000000 310.28030614953650002 12947.48828177172436 2935.7218308517294645 -3982.4994874561675715 -1257.1154928906071291 8175.3368111985046198 15408
326000000 311.23842716580298884 12987.469100356616764 2955.5803578613513309 -4042.4442212147910141 -1240.9413666042805744 8238.9659456804220099 15408
327000000 310.15560871156776557 12942.284862202810473 2771.2301622531076646 -4056.7065194677343243 -1381.3965972140213125 8209.3332789348642109 15422
328000000 309.80834005369189299 12927.793910668466197 2827.1849786813654646 -4094.830634795417609 -1248.4111118392406752 8170.426725316023294 15416
329000000 309.3240632599712967 12907.585834333742241 2874.4794680342920401 -4042.194311062183715 -1385.4683086859290597 8302.1420877824057243 15429
330000000 307.65052165770816828 12837.751688063703114 2811.1575717420919318 -3990.0595167260566996 -1276.5090354806216055 8077.7261239487697821 15420
331000000 312.62082782828491645 13045.154412712769044 2841.1875721527221685 -4018.806360516247878 -1380.4232908241719997 8240.4172234931429557 15418
332000000 311.18184991563759922 12985.108224500132565 2794.568370172079085 -4041.707089632185216 -1320.5934362044831687 8156.8688960087474698 15439
333000000 309.83624461815139739 12928.958322376805882 2989.3177608833675549 -3986.2775273309089243 -1195.5581044106907029 8171.1533926249667275 15415
334000000 309.52898078880224375 12916.13670672455919 3091.3837249072689701 -3961.6421845266800119 -1104.610028112069358 8157.6359375460178853 15404
335000000 312.80942431432958983 13053.02423475642172 2928.6047664309985521 -4004.6544967472573262 -1260.2408683076339457 8193.5001314858909609 15402
336000000 308.49962181381329174 12873.183244960269803 2899.0803801349115929 -4021.1589273605759445 -1215.2407473065456998 8135.4800548020339193 15413
337000000 308.34955131926932381 12866.92104935507632 2850.3074436567067096 -4029.9276974175718351 -1272.1321357892702508 8152.367276863549705 15412
338000000 309.03320728658974303 12895.448891600335628 2876.4654236244805361 -4015.853069346338998 -1230.2353426657862201 8122.5538356366050721 15418
339000000 307.89831017238645927 12848.091496380795434 2791.5086945178027236 -4052.4093594978280635 -1312.5708209486656415 8156.4888749642968833 15415
340000000 308.20833832753572779 12861.028462814880186 2841.8639380582849299 -4092.1373256907754694 -1248.0866594574022201 8182.0879232064635289 15413
341000000 309.22014926991482753 12903.249673959066058 2882.6594653233401004 -4000.3984379532412277 -1289.2077546329664983 8172.2656579095473717 15400
342000000 308.69249281017727071 12881.231435308880464 2841.4012253869686901 -4137.4429229094248512 -1244.6250385695195746 8223.4691868659137981 15423
343000000 310.09776592808793794 12939.871177716728198 3031.4198568941155827 -4020.5360336255807852 -1189.2771299494627328 8241.2330204691588733 15411
344000000 307.27409558736661666 12822.044045528531569 2719.2942654349467375 -4134.133571442428547 -1313.7823469306999868 8167.2101838080743619 15430
345000000 311.10445741853419577 12981.87876252822025 2884.3297599493398593 -4077.3516159701566721 -1286.4321217088227058 8248.1134976283192373 15430
346000000 305.98524651910770444 12768.262487764395701 2854.2319013733972497 -3997.1673661471804735 -1314.8524577470141139 8166.2517252675925192 15408
347000000 311.90043162049880721 13015.093460490914367 3036.1865348900109893 -3957.3657377659678787 -1292.914095285426356 8286.4663679414043145 15394
348000000 312.17174239934541902 13026.414814312649469 2949.6069741299143061 -4000.9439012973416538 -1276.9763329694844742 8227.5272083967411163 15421
349000000 309.21823333946628054 12903.169725323783496 2773.6238086724529239 -3985.6195075915256893 -1339.2581652483991093 8098.501481512376813 15426
350000000 307.18603556268436705 12818.369445126672872 3083.8005194298120841 -4026.5299970920186752 -1228.9991097716574586 8339.3296262934891274 15403
351000000 308.16306881973798681 12859.139440501456193 2997.9909947791707054 -4029.4399417791228188 -1294.6380939000177932 8322.0690304583113175 15411
352000000 309.91574019495072889 12932.275542415147356 3112.6526315160735976 -3873.0658065960842578 -1256.4536801291378652 8242.172118241294811 15415
353000000 308.88310085708116048 12889.185196488006113 3156.1011931158245716 -3980.9509999110819081 -1197.6215827155745046 8334.6737757424798474 15401
354000000 311.75067168558382491 13008.844224029686302 3141.7298568313226497 -3976.658017837733496 -1220.6540350083016619 8339.0419096773584897 15416
355000000 315.72262468851386075 13174.587308401918563 2948.3591449968216693 -3973.88739167462154 -1209.9311321473342105 8132.1776688187765103 15397
356000000 307.42860432588076947 12828.49144177539165 2854.8070866822904463 -4109.9651917591172605 -1349.4722236831260034 8314.2445021245330281 15418
357000000 311.26315772651923908 12988.501066094466296 2968.8824610208766899 -3945.2030211851952117 -1285.2351928702325949 8199.3206750763038144 15420
358000000 309.6640356995172283 12921.772326643778797 3042.2311197947906294 -3960.0277791570824775 -1367.3175815874910768 8369.5764805393628194 15445
359000000 308.33875236469202719 12866.470426692039837 2879.6094366353472651 -4041.6056607784839798 -1203.2122339425368409 8124.4273313563680858 15421
360000000 311.51554176460751933 12999.032638066291838 3059.0208015287325907 -3974.6221049114433299 -1219.3467734171629218 8252.9896798573390697 15411
361000000 307.14139142938819305 12816.506518665515614 2869.3084665274973304 -4006.8685856457395857 -1250.5336624002388817 8126.7107145734753431 15421
362000000 309.09177497907234056 12897.892825350172643 2891.5541769455467147 -4054.2821872208769491 -1282.8666367644268576 8228.7030009308509761 15426
363000000 310.23468326353167868 12945.584513565298039 3071.9762153851625044 -4028.9972654459102159 -1273.5929440219638309 8374.5664248530374607 15405
364000000 307.56251306431988723 12834.079233805388867 3035.304788017001556 -3959.6017089162096454 -1227.9937703565237825 8222.9002672897349839 15400
365000000 312.76306819420625516 13051.089869892812203 2966.8012932040574015 -4001.3012921783511047 -1345.0906544204772217 8313.1932398028875468 15420
366000000 312.92325811054610085 13057.774332372582649 3055.5659043878649754 -4027.5217890810995414 -1246.4336266146419803 8329.5213200836078613 15434
367000000 312.81441551855027683 13053.232509522425971 2883.9814562914434646 -4065.1398367587803477 -1305.3106623590222171 8254.4319554092471662 15434
368000000 310.74234289018784239 12966.768317168003705 2911.8485333822914072 -4051.1462487505687022 -1298.3824809486084177 8261.3772630814692093 15423
369000000 310.28326355654974122 12947.611689515913895 3030.8081846360887539 -4052.4695631251533996 -1236.9624799326556968 8320.2402276938973955 15412
370000000 308.71742805843302904 12882.271942322040559 2941.34619958418034 -3968.155448205691755 -1254.5997150505727404 8164.1013628404443807 15421
371000000 310.97602575525445445 12976.519519861618392 2919.8827979674820199 -3992.8467031344544012 -1281.0521553244891493 8193.7816564264248882 15399
372000000 310.96113670938916584 12975.898224397333252 2996.893189883269315 -3917.926956575359327 -1284.0927603509981054 8198.9129068096262927 15420
373000000 308.1034991876686604 12856.653697455954898 3057.9838687148144345 -3999.6559176709356507 -1226.6092502852586676 8284.2490366710080707 15399
374000000 307.57484332638688329 12834.593755418458386 2926.2231424113620051 -3996.4419433681473492 -1274.8152449735994196 8197.4803307531074097 15414
375000000 311.14574401722393304 12983.601584576977984 2901.4525485660806225 -4014.4920315437047975 -1286.6641638298024191 8202.6087439395887486 15437
376000000 307.71557182188263369 12840.466124725275222 3173.509703178190648 -3991.8701262135332399 -1088.9751405627225722 8254.3549699544455507 15394
377000000 311.62775274554013549 13003.715018262253579 2984.9521450325219121 -3982.1941925299320246 -1270.4872652800015658 8237.6336028424557298 15428
378000000 308.89939776931458937 12889.865239906777788 2991.3555278157741668 -3991.0897834736242658 -1251.5690376721372559 8234.0143489615365979 15427
379000000 307.44015896495983498 12828.973597913281992 3072.0654175448689784 -3978.5994949501864539 -1286.1042665873992519 8336.7691790824537748 15430
380000000 313.93490632759272785 13099.988753255531265 2993.3235547743220195 -3978.5061336957214735 -1326.2296542771639452 8298.059342747206756 15410
381000000 305.59709344641396456 12752.065496654642629 2992.5154773479448522 -3956.2689808896766408 -1269.2388892838782795 8218.0233475214990904 15415
382000000 312.31922043797248989 13032.56883098434264 3144.686948548485816 -4044.3071737356794983 -1159.8692268411068653 8348.8633491252730892 15403
383000000 310.38644743098654999 12951.917383363253975 2812.6733100632818605 -4078.814177570130596 -1317.9813951548933346 8209.4688827883055637 15427
384000000 309.29292713362008271 12906.286574847779775 2911.5365660093889346 -3992.9486406974133388 -1271.3048474381444066 8175.7900541449471348 15403
385000000 310.1131015898657779 12940.511109730545286 3169.7849409363961968 -3958.0132201425135463 -1203.8443588721711421 8331.64251995108134 15396
386000000 312.3459130407208022 13033.682669518224429 3053.6139106140954027 -3923.3703401711145489 -1186.8491551382462603 8163.8334059234566666 15398
387000000 307.22768525750149138 12820.107418581308593 3134.1794978417892708 -3934.203684982336199 -1253.4633632345353362 8321.8465460586612608 15424
388000000 312.07069796771776282 13022.198395904813879 3112.9011727055026313 -3956.7068852773868457 -1198.4127425505016618 8268.0208005333915935 15416
389000000 310.46495725614784078 12955.193469602480036 3018.1156866762089521 -3969.3070720738323871 -1259.0085388689269621 8246.4312976189685287 15418
390000000 307.24485826291447665 12820.824019931573275 3015.1300938122353728 -3986.2242769409053835 -1267.8567513683242396 8269.2111221214654506 15413
                                                                                                                                                                                                                                                                                                           395000000 309.58924587124039363 12918.65146977333643 2960.8727503274340052 -3993.4743919374714096 -1263.9711457335063187 8218.3182879984124156 15415
396000000 311.43114481612286681 12995.510891826310399 3117.6781845603291003 -3982.3306121330306269 -1155.7690669818466631 8255.7778636752082093 15392
397000000 310.4324947869256448 12953.83886400386109 2984.3260319716364393 -4004.576396070854571 -1348.8251107154037527 8337.7275387578956725 15425
398000000 311.63265911188557311 13003.919752882866305 3137.1394130554231197 -3907.0550371708941384 -1345.0325766628534438 8389.2270268891716114 15406
399000000 311.74279806818708494 13008.515670889319154 3122.7461544983702879 -3914.1682020413454666 -1278.8139004029421812 8315.7282569426570262 15411
400000000 310.8951669662537256 12973.145415213930391 3057.9060825361357274 -4003.7562369819761443 -1312.9323604543887996 8374.5946799725006713 15417
401000000 309.46743266242168602 12913.568404356399697 2910.0351098232185905 -3930.5013517629913622 -1404.4494455714684591 8244.9859071576793212 15430
402000000 310.53256828106140119 12958.014766782602237 2923.0137777314789673 -4000.2134870576087451 -1312.7282303339673035 8235.9554951230566076 15427
403000000 307.66562857002725195 12838.382074737779476 2863.5816000023492052 -3997.1004806979481145 -1375.2588080536884263 8235.9408887539866555 15426
404000000 312.14695432091383509 13025.380448454874568 3076.3833835359782825 -3911.8576928666843742 -1285.0153763285084096 8273.256452731169702 15428
405000000 315.31887996701829024 13157.739703359684427 3267.9985546848265585 -3975.7722987988245222 -1093.2831918138494984 8337.0540452975001244 15405
406000000 309.32695785591050708 12907.706621074828945 2939.5049709680461092 -3923.5904635112792675 -1440.6822357093101346 8303.777670188635966 15409
407000000 308.36192493749155119 12867.437380149394812 3066.6741907323407759 -3950.2725296630424054 -1266.2636203927334009 8283.2103407881168096 15412
408000000 311.12750042572417897 12982.840309425189844 2982.2124708393225774 -3997.448235298169493 -1252.5403558915131725 8232.2010620290056977 15417
409000000 310.18128162713350093 12943.35615086296275 3045.8577795708470148 -3999.8013534925021304 -1216.4598728213579761 8262.1190058847059845 15410
410000000 307.20577371135408384 12819.193085697923379 2993.5427042738451746 -4028.5687050756760073 -1256.5018606904802709 8278.6132700400012254 15425
411000000 308.40065706971006421 12869.053608501913914 3024.4881403418803529 -3937.1417632017937649 -1237.4121421990603267 8199.042045742735354 15399
412000000 309.55308765734798726 12917.142646811056693 3291.9870327625467326 -3936.1176588342755167 -1070.6662320986479244 8298.7709236954688095 15394
413000000 308.7717843134520308 12884.540139693743185 3123.1367879497479407 -4026.3493194790412417 -1193.9638916960043389 8343.4499991247939761 15419
414000000 307.56709329250134033 12834.270359215322969 2967.4896556148055424 -4008.6627932990777481 -1273.3898596188830652 8249.5423085327656736 15409
415000000 312.98681674347221815 13060.426529881437091 2840.1344301039171114 -4100.7258488597844917 -1272.065535545916191 8212.9258145096173394 15412
416000000 307.03961230638140023 12812.259442791404581 2902.6687621470186969 -4005.4952210666783685 -1234.5335369030312904 8142.697520116727901 15413
417000000 307.3529989608846904 12825.336553895223915 2923.2216355144291811 -3956.1970236767656388 -1286.9340439367269937 8166.3527031279209041 15408
418000000 310.04064235368201707 12937.487504645718218 2809.9831933026516708 -4008.3894298170134789 -1395.88771068943106 8214.260333809095755 15420
419000000 310.50807818236552293 12956.992835130480671 3057.5496410422629197 -3896.9680094839077356 -1289.9558597904469934 8244.4735103166167391 15412
420000000 307.98159125000364611 12851.56667915962862 3025.8685229943339436 -4015.0649908687360039 -1235.4496932501347146 8276.3832071132055717 15404
421000000 311.86978230728414019 13013.81451491871303 2918.6444595548232428 -4013.4110766109561155 -1265.1260079542423682 8197.1815441200214991 15407
422000000 312.31339991889751673 13032.325950269636451 3009.0937917793944507 -4024.8640430527852914 -1281.2473577550740629 8315.2051925872547145 15425
423000000 312.34092755716852707 13033.474633466328669 3072.6995274898531534 -3978.8188149868810797 -1299.2934665435896022 8350.81180902032429 15403
424000000 309.94617521291417006 12933.545545797982413 2974.100900898519285 -4014.1956059932640528 -1226.268557596770961 8214.5650644885554357 15422
425000000 310.43061981006559336 12953.760624294658555 2926.8020587767259713 -3995.2263902365270951 -1268.5565712452348635 8190.5850202584879298 15425
426000000 309.50506344357648914 12915.138675135367521 2855.1759292762235418 -4039.4455413400874022 -1291.9713162124371593 8186.5927868287481033 15405
427000000 311.2310431360409666 12987.160976905270218 2972.128766752356114 -4110.1225688327394892 -1174.1805413866161416 8256.4318769717119721 15415
428000000 309.97692101229307582 12934.828517579569962 2875.6620592757872146 -4018.6384737379189573 -1326.0163553426036742 8220.3168883563084819 15436
429000000 312.97448059111661678 13059.91176247628573 2973.5535177836750336 -3980.9254636364407816 -1309.6793152800305506 8264.1582967001450015 15410
430000000 310.42658045525109856 12953.592068643236416 2733.1313992969198807 -4033.3413110279102511 -1338.7292418785266364 8105.2019522033569956 15413
431000000 309.56103041075482452 12917.474084883733667 2908.4163264013213848 -3981.2064494665846723 -1248.4261023399271835 8138.0488782078336953 15409
432000000 307.97420930812768347 12851.258642832341138 3145.1231252156271694 -3960.2045392728896331 -1126.924961065818934 8232.2526255543361913 15385
433000000 310.74298029508906893 12966.794915029116964 3195.9809614131600028 -3847.2826052995064856 -1227.4607263666498511 8270.7242930793181586 15412
434000000 310.10487831168865114 12940.167965819293386 3060.8828201132801041 -4035.3638253988719953 -1260.2255082384895104 8356.4721537506411551 15423
435000000 308.66188728987577861 12879.954317143119624 2902.3863552243865342 -3951.9356427232123679 -1271.1659977179983798 8125.4879956655977367 15417
436000000 309.08097322978511556 12897.442086068474964 2825.9161056258303688 -4076.9538200617212169 -1241.269124712842995 8144.1390504003948081 15425
437000000 304.88330722251930638 12722.280368219477168 2921.5998894436515911 -3946.2063280361253419 -1336.52923107144602 8204.3354485512245446 15426
438000000 308.40555258408846839 12869.257890287743066 3000.7198490043751917 -4011.3850583055796051 -1282.6025264074701226 8294.7074337174235552 15430
439000000 312.43730862272258264 13037.49645725634582 2966.9797716672378556 -4036.5445832344230439 -1304.8415923967545496 8308.3659472984145395 15446
440000000 313.05207584046178226 13063.149684966710993 3073.095305676375574 -4000.7979950275257579 -1229.5460723869623507 8303.4393730908632278 15424
441000000 309.69298780305450691 12922.98045043975435 2923.1731344138279383 -3968.1192447949661073 -1284.725361589313934 8176.0177407981082069 15406
442000000 310.31934322685299321 12949.117234983039452 3165.7242028795126316 -3909.1100819758130456 -1168.885075724524313 8243.7193605798493081 15403
443000000 308.40625399600190804 12869.28715905649733 2921.8882751284927508 -4015.2744360508604586 -1166.8465124883236967 8104.0092236676773609 15397
444000000 304.40545084570283052 12702.340205351971235 2959.3231529251556822 -4061.2018862238664951 -1305.7316949462342563 8326.2567340952555242 15432
445000000 310.75532056711028872 12967.309854341159735 2876.9028088400200431 -4083.8701896219536138 -1256.2091871768307101 8216.982185638804367 15417
446000000 310.92616579241143882 12974.438945388004868 3001.6462930763182158 -3937.3281769693749084 -1280.1115816231963436 8219.0860516688917414 15435
447000000 312.59908671433191785 13044.247191685330108 2903.4127410488381429 -4078.8927052632298 -1257.6918299286537604 8239.9972762407214759 15423
448000000 311.45864174917988976 12996.658293744783805 3270.1333105456033081 -3821.9171104993965855 -1256.7079307860929021 8348.7583518310930231 15413
449000000 307.28689931084795717 12822.578323909892788 3241.7903948522198334 -3936.7015519471306106 -1203.7737983069312122 8382.2657451062823384 15402
450000000 310.64813422923856479 12962.837144259161505 3036.3577914766010508 -3959.7337627362935564 -1205.8404918200244538 8201.9320460329181515 15410
451000000 308.74525010168332528 12883.432910555662602 2949.5505511748788194 -4036.4188920202977897 -1292.3488141560005715 8278.3182573511767259 15420
452000000 310.08295109075532991 12939.252978852802698 3033.9297874487619993 -4025.3383478417190418 -1196.7636042319054468 8256.0317395223864878 15409
453000000 306.73825290502935559 12799.684209235565504 2999.2429854514521139 -3938.0344098734749423 -1177.9656317460010087 8115.2430270709282922 15384
454000000 312.49412763571211826 13039.867421478964388 3080.4416420957331866 -3950.8206328720352758 -1249.4143702176347688 8280.6766451854036859 15431
455000000 306.51016807822941246 12790.16660349742051 2868.1568851062356771 -3974.808294853211919 -1390.7876685710593847 8233.752848530508345 15431
456000000 308.28447682681240849 12864.205597514179317 2956.3240475039451667 -4012.030236073431297 -1294.4238950579631364 8262.7781786353407369 15419
457000000 310.27421857122618576 12947.234257113133935 2921.0846302988356911 -3958.3792161339538325 -1345.6039051537047726 8225.067751586493614 15423
458000000 311.3618805633676061 12992.620608159830226 3021.5893627878331245 -3983.7729766605198165 -1329.5501311553207415 8334.912470603674592 15405
459000000 311.99070964473838785 13018.860614376537342 3086.9044969064366342 -4023.0867123848170195 -1140.9034058800205003 8250.8946151712734718 15386
460000000 305.90006950178081979 12764.708190531027867 2886.6447582078703817 -4068.4928988244400898 -1307.7424980336968474 8262.8801550660082285 15434
461000000 309.58210904788052176 12918.353661839704728 3106.6364563961947169 -4005.9819932445425366 -1144.1774017022430598 8256.7958513429803133 15408
462000000 310.30157086826477553 12948.375623607777015 2902.6759394672644703 -4008.9017159180480121 -1273.2563206601644197 8184.8339760454764473 15429
463000000 307.8994999234969896 12848.141142743314049 3037.8122355855557544 -3912.5971169781005301 -1282.484517580684269 8232.8938701443403261 15400
464000000 310.97540791994561005 12976.493738607498017 3124.6642971842447878 -4038.6974921407054353 -1196.3673285386530551 8359.7291178636023687 15417
465000000 308.69684891901476931 12881.413208586171095 3035.9998845180589342 -4021.5056129915606107 -1250.9004922621525111 8308.4059897717725107 15402
466000000 309.83508073085016576 12928.909755268627123 3095.3306466876138074 -4007.6967747427011091 -1171.9773120902052597 8275.0047335205199488 15404
467000000 310.6927316867916602 12964.69812301811362 3009.6785772575030933 -4007.1599871899061327 -1302.4023166564493295 8319.2408811038585554 15423
468000000 307.85526020998310059 12846.295092056378053 3111.6132490822446925 -3908.106163273342645 -1198.307862316972205 8218.027274672560452 15385
469000000 311.8043905954065167 13011.085826031663601 3006.502878546876218 -3935.4882192427185146 -1237.9224738266061649 8179.9135716162008976 15416
470000000 309.86452736027075616 12930.138514818636395 2923.8821264276566581 -4038.480017111856796 -1316.6436681224959102 8279.0058116620093642 15422
471000000 306.88132467712387097 12805.654359631618718 3003.975317843452558 -4079.4653965622346732 -1254.4138789528744837 8337.8545933585628518 15411
472000000 312.54621535593116732 13042.040956614113384 3050.9615190566410092 -4059.3219584210282846 -1283.8373090140817112 8394.1207864917505503 15410
473000000 308.73536042181444827 12883.020230434898622 2918.7647601144344662 -4023.3214333666137463 -1293.9173311347203708 8236.0035246157676738 15423
474000000 308.26180739509339901 12863.259639308907936 3027.087621576399215 -4017.8222213974859187 -1237.3545308056091017 8282.2643737794951448 15418
475000000 312.46147581029140383 13038.504914356744848 2916.6533876070711813 -4032.101939031355414 -1286.3673991458354067 8235.122725784262002 15420
476000000 311.80890706692599679 13011.274290980662045 2911.8152158461534782 -4049.5961561872400125 -1238.3262060895967807 8199.7375781229911809 15388
477000000 309.42449473142323768 12911.77667491876673 3200.1992971759254942 -3889.2145148457348114 -1226.3451762720724219 8315.758988293731818 15416
478000000 311.40567584504566412 12994.448113435175401 3061.2988473963428078 -4019.8876066902234925 -1220.2920816845671652 8301.4785357711334655 15414
479000000 309.87743658687264769 12930.67719567218046 3147.6667717748696305 -3920.2662911812631137 -1229.2100821336366607 8297.1431450897689501 15409
480000000 309.85248787577518215 12929.636126876715934 3004.9035039216923906 -4000.3118685067256592 -1276.7159265142045115 8281.9312989426216518 15424
481000000 310.69544619686200804 12964.811395071254083 2767.9674574936898352 -4072.2808600342127647 -1452.2091489949307288 8292.4574665228337835 15432
482000000 304.4432126902612481 12703.915945191814899 2897.2082484949960417 -4054.2289264713108423 -1327.6661136454549705 8279.1032886117609451 15444
483000000 308.47807451191977179 12872.28411139220043 3079.8617088901364696 -4021.1618335052467046 -1130.3942805475910518 8231.4178229429744533 15407
484000000 310.02660348564273818 12936.901685707727665 2936.1090220882251742 -3969.4301630178301821 -1305.2179356798919798 8210.7571207859473361 15416
485000000 308.90774187493201453 12890.213425748941518 2794.2649816786179144 -4084.1489516111382727 -1416.0593652465399828 8294.4732985362952604 15434
486000000 311.78130938431701225 13010.122684948624737 3196.8907702085575693 -3981.0943111331102955 -1169.0730707788370637 8347.058152120504019 15396
487000000 308.76745813709032973 12884.359615449575358 3160.4201514756832694 -3902.3696454566083958 -1192.2380928208103796 8255.0278897531024995 15411
488000000 308.50572727287618591 12873.438015753339641 3047.8697405853527016 -3916.3008744552439566 -1326.2179279083584333 8290.3885429489564558 15427
489000000 309.37931068756466857 12909.891218875352934 3005.9223369716155503 -3954.7794770678556233 -1268.4801398377410351 8229.1819538772124361 15424
490000000 311.281901834487428 12989.283226977579034 3193.408733615174242 -3949.2003834940460365 -1081.7379215898868097 8224.3470386991066334 15393
491000000 309.3708327776307101 12909.537449598514286 3012.5562931676308835 -3931.4679792907622868 -1303.9700123100094515 8247.994284768403304 15422
492000000 307.7250540200955129 12840.861801304850815 3019.3928661534991988 -3910.8650486810565781 -1291.7704030977731691 8222.0283179323287186 15412
493000000 308.26590443289808263 12863.430601976904654 3054.1161287796667239 -4008.7128449321221524 -1170.0046554171215121 8232.8336291289106157 15416
494000000 311.037088046816109 12979.067549139606854 2960.4729843632526354 -4005.9536386260060681 -1163.2835455090569212 8129.7101684983153973 15393
495000000 306.78587869964735546 12801.671555533430364 2997.5538891430032891 -3929.8692333788167161 -1370.8031728793284856 8298.2262954011475813 15416
496000000 312.11409098206468116 13024.00911522419301 2950.8493865356444985 -3982.8065899760849788 -1370.6033682905319893 8304.259344802261694 15436
497000000 312.98946154596649194 13060.536893151755066 2863.509899461367695 -4032.6346146708301603 -1419.6259907150472372 8315.77050484724532 15459
498000000 312.29980763268736155 13031.758766458931859 3135.9878126017574687 -4012.2486719915095819 -1175.9103223578326833 8324.1468069510992791 15417
499000000 307.72210853086636462 12840.738890870245086 2825.3599046999152051 -4032.8901787856793817 -1372.925492453115794 8231.1755759387106082 15424
500000000 308.77483889952202389 12884.667602560588421 2840.6525416252625291 -4046.7991428312857352 -1370.2961347490249864 8257.7478192055732507 15436
