# Steps Temp KinEng PotEng Epair Ebond Eangle Bonds
1000000 313.92723590096460384 13099.668678932683179 6802.6265880515584286 -2077.5619757491326709 396.41173792826748468 8483.7768258724245243 14933
2000000 307.50280579485814769 12831.587747377243431 6034.9388670042380909 -2285.2484284448109975 -155.49984486244227355 8475.6871403114928398 15066
3000000 311.07811935115785218 12980.779718173933361 5679.0300273794782697 -2604.4127295508360476 -209.91412402708999707 8493.3568809574026091 15109
4000000 306.6137135289153548 12794.487385328611708 5278.3697250565182912 -2782.9401883546324825 -521.64434738147338066 8582.9542607926232449 15205
5000000 309.06633463936509543 12896.831241699146631 4661.0610030478874251 -3000.667912521418657 -774.41829650365605175 8436.147212072961338 15241
6000000 310.25411621989815103 12946.395418962283657 4935.256133699926977 -3037.8710336092858597 -634.25954826441625301 8607.3867155736297718 15251
7000000 309.79258827469260495 12927.136614765477134 4640.2699227901139238 -3031.3694777180767232 -771.40101098693935455 8443.0404114951306838 15278
8000000 306.62744710174149532 12795.060464798074463 4319.6244745739268183 -3278.8241539517684942 -858.67925389518688917 8457.1278824208820879 15316
9000000 304.9790081583790311 12726.273811312838006 4271.1787311009220502 -3276.2084747932799473 -921.97356982680400961 8469.3607757210065756 15300
10000000 311.29349914608093286 12989.767163769507533 4553.8925401293281539 -3187.7518002486513069 -695.65285187302629311 8437.2971922510059812 15260
11000000 311.02541749900649393 12978.580556320495816 4422.9366591642710773 -3144.7687034186519668 -826.36277621274052763 8394.0681387956628896 15269
12000000 311.47468409354411278 12997.327714463892335 4478.5054199885535127 -3240.0443685124346302 -735.96389933148111595 8454.5136878324683494 15302
13000000 307.26473006936203092 12821.653237822680239 4423.1252353828349442 -3290.9037881710473812 -781.80464611839829558 8495.8336696722799388 15283
14000000 310.74501419268659674 12966.879786240046087 4133.742800387492025 -3348.9964346022998143 -952.21146077146454445 8434.9506957612538827 15324
15000000 310.03888967428235901 12937.414368208956148 4409.425326770709944 -3318.05510753593353 -792.87424875456440532 8520.3546830612085614 15286
16000000 306.30813629648406504 12781.736148599542503 4116.564021192752989 -3376.3790476754934389 -1001.5576873200366208 8494.5007561882830487 15332
17000000 309.52897242868687044 12916.136357870656866 4164.6827070440922398 -3356.3896380862070146 -877.52164353396346996 8398.5939886642627243 15320
18000000 311.69810635077249117 13006.650758820944247 4063.6697573639676193 -3395.0400595808109756 -1013.5035342633993878 8472.2133512081800291 15341
19000000 309.98255459630161113 12935.06359780054845 3922.28054414349117 -3466.0030622983831563 -994.36715222626730792 8382.6507586681418616 15340
20000000 310.23917168935491873 12945.771808213388795 3843.3386660166243018 -3460.0881982249329667 -1130.9799449401507445 8434.4068091817080131 15355
21000000 314.39832847709567432 13119.326599490963417 3971.1259216071434821 -3467.3342289111228638 -990.6168735520240034 8429.0770240702913725 15336
22000000 311.59012855714911439 13002.145022588505526 3981.2432113880640827 -3462.9439404583813484 -1021.256242434182127 8465.4433942806281266 15325
23000000 308.11088924740249695 12856.962072528136559 3902.7450587644243569 -3534.0873588762078725 -964.2530107736095033 8401.0854284142405959 15363
24000000 307.3697674693216868 12826.036276250100855 3738.4301585284401881 -3545.8431386720030787 -1137.8981435119035268 8422.1714407123472483 15352
25000000 310.36073532007338827 12950.844459145539076 3776.2306568616240838 -3592.755938367311046 -949.14723401638843825 8318.1338292453237955 15344
26000000 309.41024194526471547 12911.1819295285095 3585.4103661256040141 -3608.9312481399379067 -1087.8318301220115245 8282.1734443875539 15370
27000000 309.61991665487533965 12919.931311270962397 3660.6534053283053254 -3572.4082555590630363 -1182.5900829332131252 8415.6517438205810322 15373
28000000 313.59733844287251259 13085.902599074635873 3796.8546448541037535 -3589.1989242192821621 -1109.561539951320583 8495.6151090247076354 15380
29000000 310.83827272489622828 12970.77131183489837 3848.4863678648484893 -3562.1131917037832864 -986.38933259443365387 8396.988892163066339 15334
30000000 310.00789662989444651 12936.121079298653058 3836.5450071884756653 -3515.7252268737033774 -1040.552047378660518 8392.8222814408400154 15349
31000000 312.36683623920100672 13034.555760274455679 3408.3131979950185269 -3752.4976205432249117 -1163.7058463347032102 8324.5166648729464214 15379
32000000 307.98587224655688033 12851.745318124489131 3580.5152262625842923 -3598.2556318500301131 -1097.4030980487814304 8276.1739561613958358 15385
33000000 308.94940026600852434 12891.951762084217989 3754.469422546536407 -3567.4137816173306419 -1007.0034430619388104 8328.8866472258050635 15342
34000000 308.64667579290687627 12879.319566323136314 3591.1559562155407548 -3650.809733743176821 -1135.2120564940896656 8377.1777464528076962 15374
35000000 309.84442152104816159 12929.299531123666384 3955.1851968680412028 -3528.2364758581206843 -808.16123591299242435 8291.5829086391531746 15314
36000000 310.41149536381806229 12952.962592518946622 3657.6785911165070502 -3671.8697446497853889 -1128.314354296468764 8457.862690062760521 15380
37000000 307.66722445445310541 12838.448668377444847 3533.0106826195560643 -3587.0054877266898075 -1204.7784551272839053 8324.7946254735288676 15372
38000000 313.79315603018335423 13094.073745830724874 3504.5435794132426963 -3679.4239372312463274 -1169.6243478983697059 8353.5918645428573654 15367
39000000 308.62811974500948509 12878.545252878338943 3528.3785645819443744 -3603.352085585567238 -1087.9802211046007869 8219.7108712721128541 15370
40000000 314.21688272271666165 13111.75516575173242 3570.6668961806635707 -3674.9262523302222689 -1121.4588412362568306 8367.0519897471458535 15365
41000000 311.358733395740785 12992.48928201646595 3564.6128037088892597 -3640.9012100248605748 -1111.9038531596602297 8317.4178668934109737 15378
42000000 306.50681946369957132 12790.026871305186432 3475.7994765270009339 -3659.712558019683911 -1186.0624571827988802 8321.5744917294832703 15373
43000000 310.13144800786204769 12941.276675663384594 3600.8845380762527384 -3606.8493323537541073 -1042.1563323642023988 8249.8902027942094719 15358
44000000 309.14471384655342945 12900.101877464590871 3581.8423674773130188 -3683.9142004607574563 -1035.2028668348878 8300.9594347729580477 15368
45000000 312.836379848806871 13054.149045000114711 3580.2055511216181003 -3643.9704394107534426 -1068.748466980624471 8292.924457512996014 15360
46000000 308.56067641839672433 12875.730953473266709 3624.8292052922847688 -3627.303399048564188 -1065.7146700193607103 8317.8472743602105766 15356
47000000 311.71570204031132789 13007.384998086532505 3643.5452693226243355 -3639.8407665104532498 -1136.2265780924892624 8419.6126139255648013 15382
48000000 310.12145582384067666 12940.859718212454027 3744.4086622725585585 -3611.2119275240784191 -1030.3817993632701473 8386.0023891599084891 15364
49000000 311.50252861150659101 12998.48962053039395 3442.0473802066335338 -3743.3747786679291494 -1248.0197121661062738 8433.4418710406680475 15391
50000000 311.87587684936806909 13014.06883016415668 3449.3406438283768694 -3687.6623829625441431 -1135.0312359234599171 8272.034262714381839 15366
51000000 310.04875464218923753 12937.826017140077965 3361.3186821656254324 -3715.6758796121384876 -1122.4217054739960986 8199.4162672517595638 15361
52000000 309.37752814643437205 12909.816836357549619 3420.5485502475421526 -3744.8829505845014864 -1123.8009304299632731 8289.2324312620057754 15376
53000000 308.36195301057199458 12867.43855159299892 3407.910822488199301 -3821.5872741670154937 -1082.6394055111572925 8312.1375021663734515 15363
54000000 311.07393439525861822 12980.605086828047206 3386.6416449627804468 -3712.4665809866278323 -1187.351981807415541 8286.4602077568233653 15391
55000000 309.98088986414728652 12934.994131258092239 3480.2866449994485265 -3760.7817575429362478 -1129.7468633587654949 8370.8152659011484502 15379
56000000 310.62512179868809881 12961.876873275210528 3486.5095929006956794 -3692.1399580233364759 -1128.8660146922186414 8307.5155656162496598 15368
57000000 306.36821004117069833 12784.242927437764592 3212.2256592541971258 -3841.2511555849282558 -1235.4785323968699231 8288.9553472359948501 15410
58000000 307.8522559259550917 12846.169728211247275 3730.7064617444425494 -3725.3365651673084358 -944.15360867284857704 8400.1966355845979706 15351
59000000 313.84488883546623583 13096.232470947685215 3276.6726392744321856 -3827.8537339304489251 -1171.3503141316402889 8275.8766873365202628 15379
60000000 311.1992250593806375 12985.833260751382113 3431.711915100783699 -3714.5199077707266042 -1199.8528900356973281 8346.0847129072062671 15381
61000000 312.1433220428605182 13025.228879449046872 3555.2676871355888579 -3676.9093646010933298 -1066.3169491007802208 8298.494000837463318 15361
62000000 312.30049532127293332 13031.787462575723112 3452.6987085872342504 -3704.6784975894388481 -1154.6656432312690868 8312.0428494079424127 15363
63000000 309.81505012384513975 12928.073910890707339 3404.6535303521704918 -3790.0977654232287932 -1102.5327417412322575 8297.284037516632452 15370
64000000 308.89709762128956072 12889.769258502188677 3400.7179778927211373 -3812.0819075784443157 -1120.2019890023498192 8333.0018744735152723 15375
65000000 312.10083979863674131 13023.456165073142984 3580.3568026564657885 -3683.6573120208950058 -1050.4949249737819628 8314.5090396511441213 15382
66000000 312.8633476044830104 13055.274365214392674 3471.059857317703063 -3748.7888072665127766 -1182.0187418645982689 8401.8674064488131989 15409
67000000 312.28457029585774762 13031.122937383941462 3650.5155691250065502 -3721.6867739383178559 -1024.9841457936395273 8397.1864888569634786 15351
68000000 312.68057970465224571 13047.647760513924368 3509.8296774075492976 -3712.8682650213290799 -1068.5252612575814055 8291.2232036864588736 15364
69000000 311.78506042318184655 13010.27920964833902 3397.9387618237228708 -3730.2507856101210564 -1111.850039063139775 8240.0395864969832473 15375
70000000 313.39635113021341795 13077.515728158683487 3627.9910467940553644 -3714.2331382361876422 -1016.7401482680104436 8358.9643332982523134 15368
71000000 312.29736572984438681 13031.656869858283244 3341.3491252106396132 -3816.7319043888505803 -1138.6818365852814168 8296.762866184772065 15372
72000000 311.20557898293407106 12986.098399560132748 3379.1070928235258179 -3696.5154317608994461 -1116.6568990005121123 8192.279423584937831 15378
73000000 307.84384330333091384 12845.818683266767039 3389.8545583017958052 -3713.6694991038525586 -1102.1957657863968052 8205.7198231920447142 15367
74000000 313.29234817781485845 13073.175855531379057 3441.7586669208531021 -3712.7839007612901696 -1122.9894225816290145 8277.5319902637711493 15369
75000000 307.67998929646205397 12838.981324298732943 3453.5376147775941718 -3707.9661304862220277 -1194.6466525973107764 8356.1503978611272032 15386
76000000 310.72378015673655227 12965.993724746007501 3484.8331496945297658 -3778.9028539902383272 -1137.2483163003666959 8400.984319985134789 15370
77000000 308.0367569703554409 12853.868654192056056 3333.086585048179586 -3811.5767918858318808 -1141.5299947632906878 8286.1933716973035189 15375
78000000 308.91810520698953724 12890.645870598697002 3357.3340948013392335 -3746.65256160279705 -1103.5916523089827024 8207.5783087131185312 15368
79000000 307.64430095838929446 12837.492108483758784 3199.2568243574514781 -3757.8413338110858604 -1202.4158971685508277 8159.5140553370883936 15401
80000000 308.44582917005237732 12870.938566161983545 3354.242095495713329 -3813.5515295608884117 -1115.3527292068615679 8283.1463542634628539 15384
81000000 308.20869809752286983 12861.043475426382429 3473.2998925597958078 -3700.5260047550850686 -1145.3345405715467678 8319.1604378864267346 15381
82000000 308.5590304358213416 12875.6622693199879 3545.556776381826694 -3699.6549965971339589 -1119.740264576169011 8364.9520375551292091 15360
83000000 309.55053406151370154 12917.036089445069592 3481.5621056377021887 -3759.4535231541458415 -1090.3973338139123825 8331.4129626057620044 15349
84000000 312.88020700749422076 13055.977880450775046 3714.0799952465595197 -3783.3496641514066141 -959.78284035176613997 8457.2124997497321601 15361
85000000 309.56661609248993727 12917.707166221407533 3479.4064911703508187 -3788.5850737625200964 -1130.3159262487288288 8398.3074911816001986 15371
86000000 308.64041930406870051 12879.058493305250522 3392.1647028544625755 -3779.5931015002552158 -1174.5233715800509344 8346.2811759347678162 15401
87000000 313.14288091697892469 13066.938831879451755 3386.578510985631965 -3751.5318513211909703 -1155.2324478017928868 8293.3428101086155948 15375
88000000 311.67494631568911245 13005.684328541919967 3564.3869326392205039 -3733.7383626698310763 -1091.0024260276645691 8389.1277213367175136 15367
89000000 313.30320838143006767 13073.629034016312289 3483.8943374647628843 -3747.3773129149349188 -1102.4393467631668955 8333.7109971428653807 15385
90000000 309.29677926765032225 12906.447318082939091 3506.0548007221441367 -3729.3202567147936861 -1113.2825327243576794 8348.6575901612959569 15382
91000000 308.19169718323735196 12860.334055156617978 3372.0901414105169351 -3784.1783487275588413 -1151.1011137479758872 8307.3696038860507542 15396
92000000 311.90417565858359694 13015.249693059558922 3348.7557435805701971 -3776.4379349770051704 -1219.7239564863364194 8344.9176350439120142 15402
93000000 313.49504527108825869 13081.634072788137928 3229.2691406366143383 -3898.0671806568329885 -1216.8610387477956465 8344.1973600412420637 15405
94000000 310.36026505412115739 12950.824835718640315 3378.7597770429206321 -3791.8695459434075019 -1054.3112244645326427 8224.940547450860322 15389
95000000 312.34698960684511349 13033.727592856905176 2992.1755065293509688 -3839.0427927871560314 -1363.1732328384105131 8194.3915321549175133 15411
96000000 312.84326531493866241 13054.436364208871964 3300.1347208108400082 -3882.3101723995105203 -1189.203404182133454 8371.6482973924830731 15389
97000000 308.7869294591155267 12885.172121782576141 3194.189273497494014 -3832.8056034582218672 -1175.419991151320346 8202.4148681070364546 15407
98000000 309.93104707428420852 12932.914273384765693 3331.0155533339620888 -3795.0071495626971227 -1109.8061943089787746 8235.8288972056379862 15384
99000000 309.77031869455845481 12926.207341711042318 3118.6125121545483125 -3948.6284928741638396 -1269.1130470615448758 8336.3540520902570279 15416
100000000 309.54028004204354829 12916.608206030299698 3208.5321382284705578 -3848.1719203822503914 -1243.8784936615002152 8300.5825522722207097 15392
101000000 309.3192710552593212 12907.385863490855627 3229.3986647958026879 -3863.3464543100076298 -1174.928316419575367 8267.6734355253865942 15383
102000000 310.82665257376578438 12970.286421986551431 3197.0471862409231107 -3862.7386265409813859 -1129.8999461879504906 8189.6857589698556694 15392
103000000 311.46149416193628667 12996.777320250837874 3229.320328738797798 -3879.2333735128568151 -1181.6570821937784785 8290.2107844454330916 15376
104000000 313.47060993031851694 13080.614426094465671 3345.3264230616227906 -3937.295505411735121 -1105.1624691301676648 8387.7843976035255764 15381
105000000 310.08610782349205692 12939.384704132517072 3327.5028427752340576 -3842.9930381759954798 -1084.0454751696574931 8254.5413561208879401 15399
106000000 309.08435793001524416 12897.583324057797654 3237.5051532336169657 -3802.025390726711521 -1127.9218025785266946 8167.452346538853817 15382
107000000 306.03874376308692717 12770.49484001428209 3203.0482803355903343 -3891.7655900077215847 -1165.8982795624915525 8260.7121499058030167 15386
108000000 314.08697468151439125 13106.334316255846716 3062.2558210560009684 -3890.6980167006367992 -1228.5035333417979473 8181.4573710984350328 15389
109000000 311.04867074221738221 12979.550876021807198 3004.8320770944646938 -3934.47960996578513 -1261.4917369061349746 8200.8034239663847984 15399
110000000 307.82805063610857133 12845.159681165290749 3261.637596455104358 -3800.8965766890464693 -1249.6981417340932694 8312.2323148782452336 15392
111000000 310.88499264239254671 12972.72085736621375 3095.9430709927037242 -3918.2692211729026894 -1211.3518089933997999 8225.5641011590050766 15390
112000000 308.64337472800934847 12879.181818299071892 3019.1676532674082409 -3958.2653177811112073 -1248.9947165853186561 8226.4276876338371949 15413
113000000 311.7047717932069304 13006.928896801673545 3341.0491307216461792 -3935.8371245369344251 -1019.0825539883519468 8295.9688092469332332 15371
114000000 312.25609485496380557 13029.934703938293751 3281.1703854401657736 -3849.2761132024888866 -1191.8298104936386608 8322.2763091362940031 15396
115000000 309.23005932457692779 12903.663204286534892 3110.7521675768621208 -3865.9762529559666291 -1244.563973671025451 8221.2923942038542009 15422
116000000 313.78372365169337854 13093.680148146477222 3169.0666188392324329 -3823.3546022995360545 -1298.6766754201773892 8291.0978965589456493 15415
117000000 313.15617425373466176 13067.493541019734039 3325.071904208187334 -3820.3648742899022182 -1142.9151419644344969 8288.3519204625245038 15379
118000000 308.27088577041843109 12863.638465021685988 3101.5321521811270031 -3883.904795841489431 -1278.0774594444587819 8263.5144074670752161 15412
119000000 309.85163920626553136 12929.600713289988562 3219.0985787186150446 -3835.1531912456480313 -1253.9575144103673665 8308.2092843746304425 15402
120000000 310.37185984030031705 12951.308667129171226 3240.7041168205023496 -3866.3193471910699373 -1126.4138687746949472 8233.4373327862685983 15382
121000000 307.09216288688179475 12814.452292326950555 3033.0018642450386324 -3903.9513933608955085 -1219.336443994847059 8156.2897016007809725 15419
122000000 313.20054052267283851 13069.344872656960433 3064.2120630641829848 -3896.2024133661934684 -1238.8067607348998536 8199.2212371652749425 15413
123000000 308.8453657775355623 12887.610573508251036 3268.0181977768797879 -3874.0264826736529358 -1251.2951637546295842 8393.3398442051620805 15389
124000000 310.7102860430006217 12965.430637511637542 3019.6201622390090051 -3995.6366230669846118 -1258.3968991366875798 8273.6536844426809694 15405
125000000 309.44207112819174199 12912.510109128690601 3217.403158084599454 -3872.6826457526622107 -1208.8052250664761686 8298.891028903737606 15395
126000000 312.43878951981844239 13037.558252663322492 3049.5893988615548551 -3986.768169479268181 -1305.11744777556396 8341.4750161163865414 15426
127000000 308.54797059946969284 12875.200760488382002 3280.7894592149004893 -3921.644416695615746 -1114.9367743468624212 8317.3706502573786565 15394
128000000 306.52417830754944816 12790.75122738862774 3108.8511388923025152 -3869.0703543045547121 -1298.493526561021099 8276.4150197578783263 15421
129000000 310.75621518491414008 12967.347185274842559 3019.4719934665981782 -3965.7148130770119678 -1249.3416879825504111 8234.5284945261610119 15397
130000000 309.31580598743829569 12907.241271893775775 2824.584114783872792 -4087.5888180865422328 -1333.1170329137062254 8245.2899657841226144 15429
131000000 308.29530563148580313 12864.657465772768774 3071.8408126170452306 -3959.1181626641837283 -1131.6885951573794955 8162.6475704386084544 15383
132000000 308.47648760739241425 12872.217892468972423 3102.9335851749274298 -3933.1803810578048797 -1145.3479780300781385 8181.4619442628099932 15384
133000000 307.20885667343662817 12819.321732649230398 3140.3718893729542287 -3874.0799618087207818 -1195.6807605203446201 8210.1326117020198581 15403
134000000 308.84306433492031374 12887.514538082536092 2933.2619142164689947 -3850.6695836965200215 -1310.3282386284561198 8094.2597365414449087 15419
135000000 308.1199128514102199 12857.338612723675396 3165.2353985512449981 -3908.2442870791473979 -1244.9690792000151305 8318.4487648304075265 15405
136000000 310.60160039551743694 12960.895363698587971 2908.3648879845804913 -3915.4878416286687752 -1354.7901128792282179 8178.6428424924779392 15429
137000000 306.24659849867737194 12779.168277225830025 2993.5576397203249144 -3938.664814476122956 -1286.0173314044996005 8218.2397856009483803 15402
138000000 309.49508215684397783 12914.722172410427447 3161.5785366320633329 -3922.189391238198823 -1207.3106339467453836 8291.078561817008449 15407
139000000 308.53210908049891259 12874.538885316369488 2965.6191448906793084 -4022.1743646284940041 -1281.0689137557976665 8268.8624232749716612 15417
140000000 311.5437224890873722 13000.208573479347251 3081.4707910937941051 -4012.7004612069727045 -1169.914114763183079 8264.0853670639498887 15401
141000000 309.55732116333530257 12917.319304072490922 3021.3941007194580379 -3940.681682081236886 -1290.0084869931793037 8252.0842697938751371 15405
142000000 310.6052768133772588 12961.048774586148284 3103.3521244714820568 -3993.1275675158522063 -1156.0179117610325648 8252.4976037483684195 15399
143000000 307.90658564188709079 12848.436818150375984 3108.577143636166511 -3948.8522860446523737 -1211.8708683876116083 8269.300298068430493 15420
144000000 310.1475958699105604 12941.950499462398511 2881.3723345720891302 -4011.5406351558963252 -1310.027166155612349 8202.9401358835966676 15409
145000000 309.8442395744117448 12929.291938788941479 2952.9464527133568481 -4010.9475742793229074 -1343.4088460808482068 8307.302873073527735 15431
146000000 312.32702530618450965 13032.894515333988238 2978.3325048681203953 -4002.4870231681857149 -1298.1930012556758811 8279.0125292919838103 15409
147000000 310.8833257328790296 12972.651299966129955 2994.7396791193641548 -4053.7500580302003073 -1201.0557991550258521 8249.5455363045894046 15399
148000000 306.82213824817324621 12803.184607023766148 2989.139679231188893 -4022.3494131618826941 -1264.8333937436282213 8276.3224861367016274 15429
149000000 307.98024798131592661 12851.510626760396917 2808.6620638313961535 -4043.2926048466770226 -1356.9863444880827501 8208.9410131661570631 15424
150000000 311.80313204995633214 13011.033308994181425 2839.957681329823572 -4030.4186546287446617 -1341.781979296443069 8212.1583152550119848 15408
151000000 308.90838032725793028 12890.240067317368812 3084.9750875417257703 -4041.0460108422739722 -1194.0712977174925982 8320.0923961014923407 15396
152000000 308.62433517594377008 12878.387329018336459 3072.0339475545169989 -3958.1395384022125654 -1278.5677589758188333 8308.7412449325493071 15426
153000000 308.27675028890018893 12863.88318175947461 2933.0657668137655492 -4023.1384528635544484 -1273.7625910237420612 8229.9668107010620588 15413
154000000 307.30558783997759065 12823.358165579227716 3036.3830940709608512 -4000.2631835017477897 -1196.7688619094446949 8233.4151394821528811 15434
155000000 308.17376697897719851 12859.585857140349617 2891.6095385640446693 -4026.0492735979332792 -1341.6032316932260073 8259.2620438552039559 15424
156000000 309.07363463945682724 12897.135858730171094 2990.324648035595601 -3983.8201149500009706 -1224.278160038230908 8198.4229230238270247 15404
157000000 305.28591203291517786 12739.080406641101945 3042.400228177554709 -3957.2940226054402046 -1216.0896827882907019 8215.7839335712851607 15412
158000000 310.16462849649565214 12942.661243034412109 3054.4896600050569759 -3918.457092781081883 -1283.2636261124205248 8256.2103788985587016 15430
159000000 309.06308133342304245 12896.695486577964402 3081.1372150989891452 -3940.3131604352956856 -1182.2562185910444441 8203.7065941253295023 15411
160000000 309.31010002162838646 12907.003171298940288 3001.1834046661901994 -4022.7186954589792549 -1278.1449168790868498 8302.0470170042572136 15420
161000000 307.05049087419041598 12812.71338758402635 3029.4689606313772856 -4001.8918945030068244 -1240.1761931605719838 8271.5370482949565485 15393
162000000 313.00572737454336902 13061.21563950052041 2953.4482690559743787 -3997.3272461213700808 -1307.0285188730013033 8257.8040340503466723 15421
163000000 308.71850269005454948 12882.316784937092962 3080.3122992615158182 -4096.137492130861574 -1161.0593362241352224 8337.5091276165112504 15398
164000000 312.50577263873839229 13040.353348356165952 3055.2757016311629741 -3994.1038000282028406 -1128.8532080614993447 8178.2327097208653868 15394
165000000 311.94106219626928578 13016.788907779200599 2945.2454334671933793 -4076.002482600399162 -1187.7435126032416974 8208.9914286708353757 15399
166000000 310.48816371688798199 12956.161837148016275 2970.3222935369703919 -3976.5579833656802293 -1246.3247693346945653 8193.2050462373445043 15400
167000000 310.1647940914042465 12942.668153038353921 2907.6848633806757789 -3994.0770661587798713 -1285.2675454018144592 8187.0294749412696547 15413
168000000 304.32781575308746369 12699.100620267228805 2903.2718601929545912 -4079.9698589966346844 -1288.5671126672202718 8271.8088318568097748 15414
169000000 311.24913060534805709 12987.915737334014921 3234.710322103690487 -3917.2917981085911379 -1104.3991193746924182 8256.401239586974043 15398
170000000 315.34070958913628147 13158.650617687684644 3186.705400308363096 -3998.0262658488718444 -1210.1423673237261482 8394.8740334809608612 15405
171000000 309.3900606384475509 12910.339796694592224 3035.3466840339733608 -3987.8999859604773519 -1287.1818763393839617 8310.4285463338346744 15416
172000000 309.39089994400330852 12910.374819538881638 2971.3943838027171296 -4039.6216046437207297 -1244.3436571999186526 8255.3596456463565119 15415
173000000 310.87429242613399083 12972.274354891276744 3154.940754203254528 -3901.0488144111723159 -1274.0568901878118595 8330.0464588022387034 15404
174000000 309.02073062289952077 12894.928260887643773 3297.2161791116323002 -3949.6923430762763019 -1135.6974520892954388 8382.6059742772049503 15395
175000000 313.28870312575458001 13073.023753487190334 3183.3719227234528262 -3890.9199759674720553 -1223.9939142309635827 8298.2858129218875547 15397
176000000 307.15422812212602821 12817.042172799876425 3042.4818832441010272 -4064.219255456191604 -1195.4860507076095928 8302.1871894079031335 15413
177000000 308.95514088264434349 12892.191308601188211 3218.6318429499424383 -3987.0378560329468201 -1118.946357533166065 8324.6160565160571423 15400
178000000 312.26917469044309428 13030.480504020475564 3092.269265565508249 -3991.1572038756908114 -1181.2256014078041062 8264.6520708490024845 15424
179000000 311.83106201614805286 13012.198780675144008 2987.4654004996036747 -3967.3122840555679431 -1307.3124431156354603 8262.090127670808215 15407
180000000 306.82658784981430244 12803.370281602410614 2881.4831576681831393 -4063.4874250918865073 -1349.1469022321359716 8294.1174849922063004 15435
181000000 310.67588902210496826 12963.995306244562016 2877.0879608739378455 -4056.753600808747251 -1221.949757002157412 8155.7913186848427358 15404
182000000 312.48172003457102619 13039.34967263317958 3039.8116865955071262 -4021.2788016603344659 -1297.484248338294492 8358.5747365941369935 15426
183000000 309.67882273195874632 12922.389365255203302 2868.8373160227329208 -4058.4609177670890858 -1227.6061642315135032 8154.9043980213355098 15425
184000000 309.46793934926608927 12913.589547567393311 2924.9204373953916729 -3982.1591042913009915 -1223.5108629082299103 8130.5904045949237116 15401
185000000 307.62384521714074026 12836.638523951121897 3038.4351858852255646 -3963.6102148096379096 -1230.5582781699517909 8232.6036788648161746 15417
186000000 308.65003464765862873 12879.459725823035114 2897.6152886784720977 -4107.1218844206041467 -1219.3988386258872652 8224.1360117249641917 15408
187000000 312.69965621558827706 13048.443792027708696 3044.2312599607034826 -3948.0743897311103865 -1194.7621596784315443 8187.0678093702454134 15406
188000000 308.92891183781176778 12891.096813578844376 2972.4590295892057839 -4015.5260556251610069 -1265.6017058735785668 8253.5867910879442206 15416
189000000 311.23659714314203484 12987.392736512414558 2845.4946167434113704 -4069.271118176631262 -1205.7437620468149362 8120.5094969668571139 15415
190000000 311.01965366513610434 12978.340040986406166 2954.0524638507822601 -4041.6267859849226625 -1253.2423992092292337 8248.9216490449343837 15420
191000000 308.56217977027120014 12875.793685881326383 2832.0573047020561717 -4102.2050812709749152 -1261.3084607867726845 8195.5708467598033167 15411
192000000 308.28006557502811802 12864.021523212159082 3076.0618780885242813 -4044.8743871611663963 -1240.8651082103506269 8361.8013734600426687 15412
193000000 309.19753244428653716 12902.305910919680173 2881.9197369806875031 -4071.9932121701181131 -1272.6413480122396322 8226.5542971630457032 15413
194000000 305.94405238509500577 12766.543524114958927 3057.6588895050999781 -3926.0280357770029696 -1300.8913259991545601 8284.5782512812584173 15418
195000000 307.95297921058283919 12850.372745681490414 3065.6659114723224775 -3962.0606754605796596 -1264.8895521230474515 8292.6161390559500433 15405
196000000 307.92067674802416377 12849.024816898510835 3073.5663833256394355 -4047.6293507842401596 -1181.9739924685254664 8303.169726578404152 15397
197000000 308.05023329380122732 12854.430999066795266 3103.882181678042798 -3854.4799767107897424 -1251.5249719787113918 8209.8871303675441595 15408
198000000 311.64861058872219246 13004.585381849081386 2901.2181877882048866 -3924.6212178079576915 -1297.4435749398071493 8123.282980535968818 15407
199000000 314.03092200616748642 13103.995330046176605 2955.7853009686996302 -4049.553150869937781 -1227.9884884380608128 8233.3269402766982239 15426
200000000 311.53097321557874011 12999.676567206042819 3030.2179086948481199 -4025.7191303993595284 -1220.6262667491182583 8276.5633058433249971 15407
201000000 306.38101350677646906 12784.777195058401048 3118.7496328349852774 -3917.4107252628245988 -1362.1683250884188965 8398.3286831862278632 15416
202000000 314.07543884560118386 13105.852944743228363 3006.6832923903184565 -3991.9776263057246979 -1295.7279849746614673 8294.3889036707041669 15420
203000000 310.53631738417038832 12958.171210706397687 3279.9005643328118822 -3892.7065596207967246 -1122.6845489123297739 8295.2916728659383807 15384
204000000 309.24210094401280458 12904.165681316013433 2990.6485077896572875 -3953.8403416807664144 -1224.4557398929246119 8168.9445893633492233 15412
205000000 306.32162556352392357 12782.299033589233659 3001.8610205088548355 -3967.9017933706923031 -1260.0927616062263041 8229.8555754857734428 15413
206000000 312.96565106380654697 13059.543320783031959 2766.6430316563323686 -4065.1816432163636819 -1359.5413532646980457 8191.3660281373940961 15440
207000000 313.4659540998460443 13080.420145924923418 3016.2145354100634904 -3924.7657726000438743 -1323.9875305041268803 8264.9678385142342449 15416
208000000 311.81606073594497275 13011.572801856018486 3177.670777825010191 -3958.4252409360196907 -1222.2241990879433615 8358.320217848973698 15414
209000000 312.72254779080657272 13049.399019916863836 3093.0213470891590077 -3862.3839512631247999 -1334.9158244447773995 8290.321122797060525 15426
210000000 311.67405477599743335 13005.647126052810563 3191.315999749383991 -3969.453804302921526 -1193.2345430510285951 8354.0043471033350215 15400
211000000 310.42822326259272359 12953.660620299217044 3042.8295423042595758 -4063.4879611217629645 -1273.6651627048004229 8379.9826661308215989 15415
212000000 307.43826584952415715 12828.894601311068982 3148.1821358971224072 -3958.3523762299846567 -1188.6533167619102187 8295.1878288890166004 15391
213000000 310.98103655588926131 12976.728612353843346 3164.0186860515059379 -3959.2177920096055459 -1158.0444701782928405 8281.280948239404097 15384
214000000 316.09033449947958161 13189.931235728961838 3252.4765527504546299 -3892.2183788965376152 -1186.8967568234184 8331.5916884704110998 15398
215000000 304.41305404020511105 12702.657474188476044 3159.7500786576429164 -3983.7388193669853536 -1109.2342358454648092 8252.7231338700930792 15384
216000000 312.06686191543047926 13022.038323734414007 3044.1668185124831325 -3924.465140625289223 -1264.506635539420131 8233.1385946771915769 15405
217000000 306.62303308340261765 12794.876275052269193 2990.8095888789562196 -3980.4871959843003424 -1206.4709644660856611 8177.7677493293413136 15396
218000000 305.84169330664786912 12762.27224765151368 2944.7605526113784435 -4021.5922767748907063 -1283.2947739639366773 8249.6476033502040082 15428
219000000 312.13108233768298305 13024.718136626450359 3010.2772522511995703 -4005.2485256964018845 -1312.3640198539442281 8327.8897978015465924 15428
220000000 311.4099341924824671 12994.625807289554359 2990.1069186054255624 -3939.7205882709731668 -1244.9006610974208797 8174.7281679738207458 15430
221000000 313.73611607245936739 13091.69356194671127 3165.5842682901975422 -4006.3566674014346063 -1166.8889085024868564 8338.8298441941187775 15401
222000000 305.58395707295619559 12751.517337335348202 2951.9825102141385287 -4153.9718024577232427 -1218.88722645439384 8324.8415391262569756 15427
223000000 311.77724821688008205 13009.953219092243671 3001.1878508689210321 -3998.5010041476762126 -1306.4397795057261646 8306.1286345223234093 15413
224000000 310.41877025909502663 12953.266161967225344 2895.3689009763661488 -3960.1619416547619039 -1266.9853075548339802 8122.516150185962033 15407
225000000 308.70591590254400671 12881.791558937995433 3079.821267327834903 -3998.6753959484608458 -1249.2221842595481576 8327.7188475358434516 15434
226000000 311.2733998125548851 12988.928451546584256 2788.700553788947218 -4138.2311244069833265 -1270.7878724173069713 8197.7195506132375158 15434
227000000 312.99549695536512672 13060.788740887224776 2826.8611835166248056 -3985.1006778424325603 -1361.5560043129562473 8173.5178656720136132 15406
228000000 308.56934516473961594 12876.09268604045792 3016.3768439322179802 -4022.3658152982397951 -1178.4560965410887547 8217.1987557715474395 15399
229000000 308.4996853282738698 12873.185895314540176 2728.1903082612220715 -4112.3198533446029614 -1461.777960531390363 8302.2881221372153959 15436
230000000 313.49738490817594538 13081.731702006545675 3010.5497127320186337 -3973.7755564422536736 -1218.2518706009102516 8202.577139775183241 15414
231000000 307.23722440909824627 12820.505471732181832 3000.6048467168693605 -4045.6661716291528137 -1208.3604575718736669 8254.6314759178967506 15405
232000000 308.65371197202119902 12879.613174537469604 2848.6591667120305829 -4055.3652271449809632 -1366.1659491110385716 8270.1903429680496629 15428
233000000 307.4905879987749131 12831.07791878522039 3073.6406156282314441 -3944.2305909396377501 -1170.2666132994904729 8188.1378198673592124 15403
234000000 310.84593357822376447 12971.090986679613707 2843.0591744115490656 -4159.1693974323698058 -1309.008807738622636 8311.2373795825405978 15442
235000000 311.77806927431612394 13009.987480472425887 2980.1054539503825254 -4000.5129398345197842 -1223.2596109390185575 8203.8780047239215492 15405
236000000 308.40036063356245677 12869.041238707663069 3109.6308273179029129 -3978.2242693864841385 -1205.2527279332830403 8293.1078246376691823 15411
237000000 307.33531219702160797 12824.598514247456478 3060.9710370301036164 -4097.5085952012059352 -1241.5916116398157101 8400.0712438711252616 15412
238000000 309.96059423950981682 12934.147228129028008 3060.7695128531431692 -3962.915934423375802 -1267.4996062916484334 8291.1850535681660403 15412
239000000 307.60591919465662158 12835.890500433510169 2896.8832649988353296 -4061.8150929999619621 -1322.2468864536908768 8280.9452444524886232 15433
240000000 310.77546741061559032 12968.150549077594405 2993.1509002792586216 -4079.4293989443917781 -1297.4719284593893462 8370.0522276830397459 15429
241000000 308.20557221575057838 12860.913037506814362 2920.2652885084035006 -4032.7727677294687965 -1208.0103908092073652 8161.048447047080117 15416
242000000 310.00308262172234208 12935.920198633133623 3085.4318983120269877 -3961.9840786977320022 -1261.5110262648431672 8308.9270032746026118 15417
243000000 310.85025977180026757 12971.271511642127734 2883.8154316238569663 -4016.0042440364663889 -1264.6563362521983436 8164.4760119125221536 15413
244000000 308.48600771800857956 12872.615151070955108 3260.2523864819277151 -3985.7053288494939807 -1134.0004189665032754 8379.9581342979254259 15396
245000000 309.02101836896264331 12894.940268058922811 3404.5229862283567854 -3896.3619067199242636 -1034.6687603257196315 8335.5536532740006805 15387
246000000 309.27868093348456568 12905.69210428146107 3160.5095986379874375 -3892.5765135582096264 -1230.5946858677802993 8283.6807980639769085 15409
247000000 313.07786528204184151 13064.225836066323609 3126.453880402021241 -3929.6692938370420052 -1165.6162724412120042 8221.7394466802743409 15406
248000000 310.77227352177465036 12968.017273334591664 3025.530701418303579 -3987.722268745555084 -1313.1683164910486994 8326.4212866549078171 15432
249000000 311.93797979913682639 13016.660284402334582 2804.2767273396693781 -3981.490793047320949 -1311.4493039475764817 8097.2168243345658993 15399
250000000 311.84612217494287734 13012.827216401334226 2941.8501831005196436 -3960.4513181153379264 -1408.9835351471883769 8311.2850363630459469 15436
251000000 305.998788693720428 12768.827580500328622 3057.4925682591624536 -3960.6393244160803988 -1209.3882434114611897 8227.5201360867049516 15400
252000000 311.39168695735560277 12993.864380095183151 3136.1476783513830924 -3873.6658062600577068 -1246.4101601852757994 8256.2236447967152344 15411
253000000 310.44554904997499989 12954.383596990481237 3024.1212630430677564 -4019.0456918064173806 -1266.8057051628820773 8309.9726600123685785 15395
254000000 309.63319185411967283 12920.485263562639375 3074.2668695295824364 -3993.9852347902992733 -1303.3010547245785347 8371.5531590444588801 15405
255000000 311.3755569595336965 12993.191301741047937 3076.3298692539369767 -3979.2466935052716508 -1228.7827004609648611 8284.3592632201725792 15399
256000000 313.07497403479897002 13064.105189060843259 2906.9034490486965296 -4039.9122112998429657 -1276.5282297765181738 8223.3438901250574418 15415
257000000 312.52894235239062937 13041.320182505993216 2728.3040254964380438 -4085.4027710404093341 -1350.4060845198621337 8164.1128810567097389 15438
258000000 309.10560482633036372 12898.469922193778984 2947.6219549216448286 -4067.6411231183128621 -1231.166626932197687 8246.4297049721553776 15401
259000000 314.63503416669453827 13129.203939694543806 2950.5700316921056583 -4072.2566719984624797 -1284.0567306831301266 8306.8834343736998562 15418
260000000 310.91423488928307961 12973.941088368452256 3170.6810906950272511 -3983.6450824391054084 -1195.3555961502684113 8349.6817692844015255 15399
261000000 313.29542965872605009 13073.304440675836304 2998.0130963320216324 -4006.5563318933282062 -1322.5195312662947345 8327.0889594916443457 15420
262000000 309.38357820598469061 12910.069295419820264 2932.8293119168811245 -4017.0982643732550059 -1300.9610173959172243 8250.8885936860533548 15410
263000000 309.23544815489862003 12903.888071337583824 3119.3810718581103174 -3977.1906205119435072 -1218.6217014125304559 8315.1933937825833709 15403
264000000 310.99164524971644141 12977.171295747826662 2985.7197752354891236 -4002.9846038500313625 -1305.82194012490163 8294.5263192104230257 15420
265000000 315.95817336811865061 13184.416368476069692 3123.5176607404373499 -3915.4167222673695505 -1134.825533840144999 8173.7599168479518994 15396
266000000 308.0046157700077174 12852.527454616651085 3030.8706073047505924 -3967.128023838144145 -1230.2987980832958783 8228.2974292261897062 15427
267000000 311.51312500705518005 12998.931790737380652 2829.2362519303542285 -4038.7430792002942326 -1340.2539815214558985 8208.2333126521061786 15439
268000000 306.12750867505951646 12774.198854206673786 3056.8114695846729774 -4047.2644866270184139 -1262.245164083847385 8366.3211202955390036 15413
269000000 312.84409000213804575 13054.470777053124039 3020.2322005515616183 -3899.8777413276493462 -1321.3767141157641163 8241.4866559949768998 15413
270000000 309.5284459482796251 12916.114388706748286 3040.9283573334851098 -4036.779692547760078 -1271.1308663894214988 8348.8389162706662319 15418
271000000 312.97788101929489812 13060.053656767087887 3154.1875856734309309 -3949.2494027357906816 -1172.5581643024913774 8275.995152711713672 15395
272000000 307.65305464584838546 12837.857385504414196 3114.7617953344511079 -4016.0207409163613193 -1235.5719073399554873 8366.3544435907679144 15400
273000000 307.45657061130856391 12829.658428998507588 3031.9678247201591148 -3983.5276208782793219 -1161.4010334516178773 8176.8964790500567688 15411
274000000 309.01720171147979954 12894.78100520190128 3000.4847766778398181 -4004.5281210167067911 -1241.7083938696748646 8246.7212915642212465 15407
275000000 307.7638902894099715 12842.482375127587147 3073.4316703362619592 -3967.156336583645043 -1257.0271531681344186 8297.6151600880402839 15407
276000000 308.16249517962990012 12859.115503440578323 2945.5498209483080245 -4042.0686366543395707 -1258.6469231985577153 8246.2653808012055379 15402
277000000 305.93969327951396053 12766.361625788475067 2803.5661240802942302 -4077.6064204174049337 -1352.3642799471986109 8233.5368244448982296 15433
278000000 308.75082846811045556 12883.665686637532417 3003.4380213936792643 -4006.7572961894838954 -1200.246143820340194 8210.4414614035049453 15408
279000000 314.61223858649429985 13128.252717520048463 3020.1694733393205752 -4008.9018024042720754 -1306.6070536781519422 8335.6783294217457296 15428
280000000 311.74496707075553559 13008.606179809097739 3097.7504340845630395 -3990.1279403692169581 -1222.1483100229152114 8310.0266844766938448 15409
281000000 309.47206307460595553 12913.761623862463239 3004.0341537606395832 -3993.1052040669355847 -1178.7361686393019227 8175.8755264668780001 15419
282000000 305.26931099984602724 12738.387672758646659 3291.239823170546515 -3955.4148252634249729 -1074.5499465449413492 8321.2045949789117003 15380
283000000 308.77507130990812811 12884.677300664821814 3107.897521822796989 -3965.2730016444456851 -1164.0314693704287947 8237.2019928376721509 15403
284000000 309.84522609669124904 12929.333104745659512 2892.0835202308680891 -3994.2603825620499265 -1310.627593059560013 8196.971495852478256 15424
285000000 305.93455324256711947 12766.147140476910863 2888.2827098202269553 -4046.9755307417663062 -1357.7684281608651418 8293.0266687228577211 15413
286000000 312.14521332263603881 13025.307799452171821 3130.5164639636814172 -3992.4230863959164708 -1134.0144579693110245 8256.9540083289084578 15395
287000000 311.00490498008610984 12977.724602548736584 2923.2434199599674685 -4030.9334938343395152 -1292.1521005149770644 8246.3290143092835933 15416
288000000 309.63752967791373294 12920.666273835058746 2842.3950426166065881 -4037.1606613694980297 -1374.1246487813273234 8253.6803527674310317 15434
289000000 311.96221362829925283 13017.671522347134669 2932.7783030762479939 -4026.5142874654957268 -1253.3803258916632331 8212.672916433406499 15403
290000000 310.90400056998163336 12973.51402700941253 2881.2804975341750833 -4061.1404155329009882 -1240.3521176774734158 8182.773030744549942 15419
291000000 309.92249774122933559 12932.557523738232703 3054.3390895705688308 -3994.7046798241867691 -1211.2345054076974975 8260.2782748024510511 15402
292000000 310.55660769659738207 12959.017892165631565 2937.9890803821035661 -4002.7010979340589074 -1304.5231332069588461 8245.2133115231226839 15429
293000000 311.69388803132881094 13006.474735269066514 3117.2106870976058417 -3958.7698859754682417 -1183.1371803919948889 8259.1177534650705638 15377
294000000 311.79470404642836456 13010.681622229811182 3123.9012646869427954 -3930.6526512028476645 -1340.5618275298513709 8395.1157434196429676 15418
295000000 310.46837531930998466 12955.336099772237503 3127.826623405684586 -3909.262272563262286 -1239.9522597564323405 8277.0411557253792125 15408
296000000 309.48686580652855582 12914.379317587483456 3228.9890674929142733 -3990.6398782515957464 -1132.1046741580380512 8351.7336199025485257 15409
297000000 308.64312303884474886 12879.171315723031512 2889.3203532975189773 -3935.9481399622313802 -1302.9458678248909109 8128.2143610846414958 15409
298000000 313.05194784829711807 13063.144344063601238 3308.3598087243703958 -3961.5090377789206286 -1149.2778197423506299 8419.1466662456423364 15390
299000000 309.44045478933998083 12912.442661959381439 2902.1759032483441842 -4090.3522861665728669 -1269.5855832021670722 8262.1137726170836686 15411
300000000 313.34677518136965091 13075.447005123445706 3207.353231512604907 -3961.3206511718553884 -1176.7606597060494096 8345.4345423905106145 15426
301000000 312.2550215055992453 13029.889914829722329 3003.3494241398188933 -4057.0626216402861246 -1179.9774591262612375 8240.3895049063667102 15406
302000000 310.24492138774678551 12946.011733697143427 2966.5007465995249731 -4074.899102293850774 -1224.3226148921548884 8265.7224637855324545 15430
303000000 312.40587897034816933 13036.184949410850095 2867.0719837765286684 -3976.0475492882983417 -1306.7795575898126117 8149.8990906546396218 15423
304000000 306.88928550102633608 12805.986551756441258 2796.574008193494592 -4047.5080797222917681 -1341.7683477875657445 8185.8504357033507404 15426
305000000 307.94514975160103631 12850.046035199355174 2921.0329648383440144 -4009.4450989204997313 -1221.9217057568307609 8152.3997695156749614 15435
306000000 304.99721341828558252 12727.033486950107545 3012.9836860706127482 -4011.3589864869154553 -1295.2777449160275864 8319.6204174735539709 15417
307000000 308.70833475837389415 12881.892493824587291 2802.3971609689301658 -4033.2409059664005326 -1316.9921735001883007 8152.6302404355192266 15432
308000000 309.33415440451017275 12908.006921244761543 2858.4717705726297936 -4103.5089363041879551 -1267.4893630759113421 8229.4700699527293182 15412
309000000 310.77100193459091315 12967.964212086957559 2818.2317486977267436 -4052.4448937990487138 -1376.3915345167383748 8247.068177013514287 15420
310000000 305.79817145823994906 12760.456152298072993 2907.234121384286027 -3998.564649512327378 -1300.2463852727823905 8206.0451561693953408 15429
311000000 308.43603396716463294 12870.529828410688424 2894.2665642713245688 -4070.9881202786755239 -1276.8571146654655877 8242.1117992154649983 15424
312000000 305.1356775113726485 12732.811366458279736 2963.67875861354878 -4066.9162671117155696 -1275.6260531745663229 8306.2210788998308999 15408
313000000 308.43679811870430285 12870.561715201145489 3044.6696811125530076 -4031.2490199331559779 -1191.3012834309213304 8267.219984476630998 15408
314000000 314.05693006949985602 13105.080603872949723 3063.0001627333781471 -3891.6052433929835388 -1230.6375335245311362 8185.2429396508923674 15410
315000000 309.06547559423040639 12896.795395154604194 3098.096685863575658 -4004.9903990390002946 -1194.3429525235924302 8297.4300374261692923 15417
316000000 308.24577674892469759 12862.590706736311404 2887.751098560108403 -4062.1582678509157631 -1231.8080724814551559 8181.7174388924795494 15413
317000000 314.25461730422432538 13113.329767949180678 2791.830618523702924 -4045.3163430079484897 -1377.5294427583016841 8214.6764042899540073 15429
318000000 305.94083981605507461 12766.409468877889594 3012.9034853331941122 -4053.8597352573997341 -1269.7204563637010324 8336.4836769542944239 15422
319000000 310.56611196915520168 12959.414489871416663 2726.126342442823443 -4100.0278350884054817 -1318.8835901679635754 8145.0377676991920453 15418
320000000 311.68128338971126823 13005.948764247366853 3074.61575145533061 -3938.1842646212107866 -1233.2637718927337573 8246.0637879692749266 15405
321000000 309.2962252019957532 12906.424197831902347 3110.0612878960464514 -3910.505452096166664 -1243.6358687239517167 8264.202608716164832 15417
322000000 310.11693285455777414 12940.670982122444912 3005.4917991292741135 -3971.300650972272706 -1242.3126049682969096 8219.1050550698437291 15412
323000000 314.30323378785334398 13115.358454074636029 2935.3552358383522005 -3959.5289488115213317 -1308.0767422501266992 8202.9609268999993219 15403
324000000 309.53348343128811848 12916.324594610665372 3066.591244893003477 -3985.8484722425737345 -1261.9738856718233819 8314.4136028074026399 15442
325000000 309.99746432512705496 12935.685756330836739 2856.8300609647380952 -4043.2484874809488247 -1245.8524739967965616 8145.9310224424825719 15416
326000000 307.88329863135652431 12847.465089394194365 2996.5711629029729011 -3999.2784792641373315 -1305.2838277308635497 8301.1334698979735549 15418
327000000 311.3571388908049471 12992.422745940655659 3155.6201402660781241 -3975.0821925452814867 -1155.3529000661749251 8286.0552328775338538 15411
328000000 312.54946490316143581 13042.17655489041681 3079.94027270202605 -3995.7452797121209187 -1147.8445490541939762 8223.5301014683409448 15411
329000000 309.18840665634735387 12901.925106756274545 3109.4297764189113877 -3988.5592757166150477 -1153.7487421304808777 8251.7377942660077679 15401
330000000 314.26544785480223254 13113.781709061502625 2922.8460963063980671 -3972.2596888606894936 -1329.5259028119626237 8224.6316879790501844 15437
331000000 313.68607425874171213 13089.605399134354229 3031.3085150682672975 -3958.7708790676542776 -1246.095196041773761 8236.1745901776957908 15419
332000000 309.03612555416657415 12895.570666120036549 3045.5056666405534997 -3987.5647161025040077 -1330.2037794836612647 8363.2741622267185448 15408
333000000 307.9430868974274631 12849.95995567799946 3066.177651281472663 -3968.9692854183476811 -1226.4073219460469772 8261.5542586458668666 15423
334000000 309.60032277274058288 12919.113690705600675 2921.290353653494094 -4026.3349280121419724 -1292.0591050262805766 8239.6843866919170978 15416
335000000 309.81853343242391929 12928.219263644690727 3076.7851431925269026 -3965.004942144008055 -1247.9675855901057275 8289.7576709266413673 15392
336000000 307.56200725313891553 12834.058127134392635 2803.9041820578449915 -4057.7948371666898311 -1392.9829221745394534 8254.681941399074276 15416
337000000 311.9772124978148895 13018.297400572226252 2994.2609485351786134 -4003.6937720040855311 -1324.1690119754689476 8322.1237325147321826 15422
338000000 311.53926436889946672 13000.022543435712578 2914.5195167460360608 -4060.5222442647987009 -1300.1793952618413641 8275.2211562726770353 15430
339000000 310.75842115293636425 12967.439236702379276 2936.7833647422694412 -3969.6470105916578177 -1334.2421136411014686 8240.6724889750294096 15419
340000000 308.84121943474883665 12887.437553424219004 2987.3140006809162514 -3947.5506198616826623 -1239.744506484232943 8174.6091270268307198 15386
341000000 307.98236815611164729 12851.599098177302949 3193.0859308861740828 -3874.4698836622251292 -1185.7572449215817869 8253.3130594699814537 15392
342000000 311.58148475141439349 13001.784330751987 2886.1444805306477974 -4029.6229569383667695 -1286.0218543636435697 8201.7892918326579093 15405
343000000 311.97856629536130413 13018.353892323460968 2917.2693883636266037 -4029.0956911506741562 -1353.6448923967348037 8300.0099719110367005 15427
344000000 308.49799376786484117 12873.115309273016464 3181.0469942546778839 -3940.0047762110912117 -1255.9222033850337539 8376.9739738508033042 15420
345000000 306.16891230964824899 12775.92655997154543 2874.6273744325917505 -4010.0783432366151828 -1308.8259121985383899 8193.5316298677462328 15413
346000000 307.57643750225014401 12834.66027776260853 2722.6186354199053312 -4080.1599813179259399 -1305.7750599028490797 8108.5536766406812603 15418
347000000 311.525019915395319 12999.428145753456192 2846.3679627977753626 -4066.6453476566266545 -1308.0704054145401187 8221.0837158689428179 15409
348000000 312.62189974293403338 13045.199141953018625 2706.989636571446681 -4133.2405444239175267 -1323.5527697039860868 8163.7829506993502946 15417
349000000 310.88341857287775838 12972.655174027009707 2939.1185945398556214 -3974.2815567444613407 -1297.5911069283424695 8210.9912582126598863 15432
350000000 306.22205946958513323 12778.144303788520119 3022.7033617920696997 -4028.67824784781169 -1232.9045618424224813 8284.2861714823047805 15409
351000000 312.88331150054955287 13056.107425854263056 2668.1771441694777423 -4123.1119170860511076 -1398.6934085261718792 8189.9824697817002743 15434
352000000 311.13810999418615211 12983.283029316247848 3058.2471839599966188 -4016.3176789330054817 -1230.9248881437279124 8305.4897510367300129 15405
353000000 309.82067986071291443 12928.308830576812397 2977.738740824341221 -3922.6426541866235311 -1317.4977864176873936 8217.8791814286523731 15414
354000000 309.62839915279823799 12920.285271997054224 2878.1566311399992628 -4042.0164505437023763 -1325.2225501683867606 8245.3956318520886271 15419
355000000 310.13980511968242126 12941.625404233065638 2956.9660942870723375 -3988.3398808557831217 -1227.1585872869491141 8172.4645624298054827 15421
356000000 311.51055317991256288 12998.824472608799624 2846.148170537158876 -4023.543318647378328 -1260.6142194774688505 8130.3057086620065093 15405
357000000 312.13431316262654036 13024.852953652436554 3106.7434016022884862 -3876.4200301629789465 -1241.5287457650256329 8224.6921775302926108 15389
358000000 314.30941714489398464 13115.616475422557414 3047.3779178707113715 -4014.5768404384130008 -1269.6076862426971275 8331.5624445518224093 15411
359000000 307.90585323165043974 12848.406255872432666 3033.6843029479000506 -3926.9769224205783757 -1311.8800895926901831 8272.5413149611686094 15410
360000000 310.10771254892557636 12940.286233890730728 3060.7308685800144303 -3972.6589516324957003 -1263.5870279529001436 8296.9768481654100469 15401
361000000 312.6776783178693222 13047.526690402066379 3251.875513485596457 -3951.4286065261194381 -1191.2655142948387947 8394.5696343065537803 15401
362000000 313.80720732661944794 13094.660083385329926 3250.2507300004781428 -3836.7756204121287738 -1275.7817479040877515 8362.808098316694668 15416
363000000 312.8364768675698997 13054.1530934339753 2844.2899475679741954 -4007.8383101792760499 -1426.4456897389643473 8278.5739474862148199 15439
364000000 308.00127601236459896 12852.388092007773594 3143.7521626291008943 -3997.5512228641705406 -1164.4063553070297985 8305.7097408003010059 15419
365000000 308.21340184152916208 12861.239754949107009 2922.6057753654945373 -3983.3724194472065392 -1309.9998403611371032 8215.9780351738372701 15409
366000000 309.47252747861227817 12913.781002679974335 3113.0067511556908357 -3957.5341526734619038 -1267.8359275170655565 8338.3768313462169317 15413
367000000 312.87044211743801725 13055.570407604223874 2939.4335407644343832 -4004.0572543648604551 -1297.3579658258536256 8240.8487609551484638 15422
368000000 310.70159048628892151 12965.067786191728374 3106.2076853639982801 -3985.9685129495633191 -1160.3195817107985022 8252.4957800243610109 15392
369000000 309.03706389032316793 12895.609821348876721 3262.8821847736680866 -3875.0118166991128419 -1136.8684120106454429 8274.7624134834259166 15395
370000000 309.37492260661161936 12909.708111454117898 2973.7492183466588358 -4058.5433180207464829 -1262.1332700895368362 8294.4258064569421549 15428
371000000 310.01360837809420445 12936.359421183133236 3097.1675140405382081 -4012.0595922866173169 -1204.8182206988262806 8314.0453270259822602 15406
372000000 309.92350148508171515 12932.599408322943418 2942.1459986268405373 -4039.6320609273311675 -1228.9989808871805508 8210.7770404413513461 15399
373000000 308.50527531363178468 12873.419156235333503 3056.428572460930809 -3972.4869479263879839 -1311.0788240599390519 8339.9943444472592091 15412
374000000 310.71609864788064215 12965.673187979969953 3011.6624896706935033 -3997.3328039539287602 -1185.8715185973305779 8194.8668122219532961 15411
375000000 310.56848562276837811 12959.513538543640607 3020.3635941022412226 -3999.9811129721410907 -1202.4043982420068915 8222.7491053163885226 15406
376000000 309.6912143303656535 12922.906446333137865 3034.285079301722817 -3969.4558154349856522 -1211.0449772402316739 8214.7858719769392337 15397
377000000 310.80307434885401108 12969.30254133186645 2904.4780294031397716 -3971.1831371100706747 -1332.6774910231047215 8208.3386575363147131 15422
378000000 308.18477874184702614 12860.045359944404481 3009.1803274504572983 -4047.0357593127073415 -1214.0252963357263525 8270.2413830988898553 15423
379000000 309.06118528088592257 12896.61636741532493 3106.0020317427670307 -3900.9285698787180081 -1289.8853617887029941 8296.8159634101866686 15394
380000000 307.31893100822492215 12823.914954105923243 2993.5907235144727565 -3970.1300615147483768 -1259.5099169587087999 8223.2307019879299332 15409
381000000 308.5953192890743253 12877.176543648522056 2948.7552437957465372 -4016.3068005356503818 -1350.3842085148889964 8315.4462528462863702 15440
382000000 310.66518944725396523 12963.548830534509761 2826.2204314457458167 -4040.9876334398900326 -1357.7311029191446323 8224.9391678047795722 15437
383000000 309.72856805064890295 12924.465155816345941 3012.2668189160353904 -4054.650488078811577 -1321.0598911774382032 8387.9771981722860801 15422
384000000 309.13489232440753085 12899.692041453819911 2914.1286872926466458 -4057.1835965097557164 -1299.5816052060299626 8270.89388900843187 15412
385000000 314.8195078404039009 13136.901723541310275 3053.2787332899688408 -4071.5941843411419541 -1248.4597385006093191 8373.3326561317207961 15402
386000000 313.97282884560303273 13101.57119773499835 2972.3620196239021425 -3992.5907800198265249 -1270.2124993794550392 8235.1652990231850708 15401
387000000 308.25602114776575036 12863.01818869800627 2880.2217466894253448 -3997.7033495476084681 -1294.0012435203079804 8171.926339757342248 15399
388000000 312.12459714917611109 13024.447520346482634 2989.7650971149546422 -4014.5574744708451362 -1217.6895047419166076 8222.0120763277154765 15406
389000000 306.63528982125814082 12795.387728620580674 2949.5323875485332792 -4014.4458877655247306 -1234.7821116200511824 8198.7603869341091922 15407
390000000 309.29692202027689518 12906.453274915915244 2903.3187429426998278 -4009.7809066365120998 -1254.6093320535169369 8167.7089816327288645 15406
391000000 312.35785119888544159 13034.180829278540841 3295.6117976697237282 -3884.3284828720952646 -1119.496916009859433 8299.4371965516784257 15379
392000000 305.93123765609237807 12766.008786491245701 3067.7354900839941365 -4011.6683272663176467 -1249.7181824883537047 8329.1219998386641237 15429
393000000 312.13313697568116822 13024.803873300283158 3031.211287408881617 -3938.7719960358699609 -1199.7731438905811956 8169.756427335333683 15421
394000000 307.24968397074451332 12821.025388804628165 2964.694174490316982 -4035.712651369309242 -1244.6141030735966524 8245.0209289332233311 15417
395000000 309.32492766525808747 12907.621904548639577 2964.3042347347150098 -4021.1175058221456311 -1330.8590948752471377 8316.2808354321077786 15429
396000000 310.91525215072709898 12973.983537020090807 3190.9955722326453724 -3957.8526739680610262 -1219.4472603047463508 8368.2955065054520674 15417
397000000 313.82066940921998821 13095.221834012954787 3083.5611886335600502 -3965.3207730785725289 -1200.1020707138218313 8248.9840324259530462 15409
398000000 311.82078847730070947 13011.770082748776986 2980.7590783650971389 -4022.5752589854741927 -1264.4606027504141821 8267.7949401009864232 15423
399000000 308.75661359636234238 12883.907090551236251 2950.046151776586612 -4028.6120500700426419 -1240.3677151431602397 8219.0259169897890388 15411
400000000 307.24431819702482471 12820.801483867764546 2909.5420238981446346 -4024.1628608787955272 -1290.9815760276380843 8224.6864608045780187 15410
401000000 305.07108524461943944 12730.116037105095529 2905.9223725666779501 -4062.0333965191903189 -1241.639471016017751 8209.5952401018857927 15404
402000000 309.29388245065109686 12906.326438660658823 2905.4936154307265497 -4020.9871561040440611 -1242.0885427687680931 8168.5693143035387038 15413
403000000 312.27250157008097631 13030.619329251314412 2735.7993498752903179 -4060.4813646081570369 -1287.7151557941331248 8083.9958702775802522 15426
404000000 310.39947111599741447 12952.460840378480498 3116.7447379706518404 -3952.1455563001027258 -1229.654718132273274 8298.5450124030285224 15421
405000000 304.83992710922507285 12720.470187239869119 2924.1885642511047081 -4035.4627939503807283 -1182.0665040529956968 8141.7178622544806785 15413
406000000 311.49412664235683224 12998.139020137929037 2892.2591652943756344 -3950.0265032473826068 -1409.1186889603529835 8251.404357502111452 15433
407000000 312.73204903867753046 13049.795491407427107 2911.0353416147486314 -3947.3307633705426269 -1291.7934250509078993 8150.1595300361977934 15429
408000000 307.22445894442773806 12819.972789828249006 3164.5390525144721323 -3948.186457974881705 -1234.4966415137341755 8347.2221520030889224 15407
409000000 311.81792213067569719 13011.650474805239355 3162.3982935707144861 -3858.4994682542251212 -1280.2333960547734932 8301.1311578797140101 15408
410000000 308.80284415474136495 12885.836215929190075 2969.7917559484581034 -3955.2860578194859045 -1340.7943838711444187 8265.8721976390879718 15429
411000000 312.49265250327260901 13039.805866621643872 2842.4624002071673203 -4071.7154074072254843 -1238.2065532344226995 8152.3843608488150494 15425
412000000 311.17158547206969388 12984.679906104860493 3101.1025541690046339 -3928.2366364479685217 -1190.5839356041512929 8219.9231262211251305 15412
413000000 311.18219749839909127 12985.122728558695599 2925.6727168948159488 -4003.9811939609298861 -1293.1401736232419353 8222.7940844789882249 15415
414000000 309.07247802211156795 12897.087594985332544 2980.2758591754309236 -4040.689823733951016 -1307.7146499863442841 8328.6803328957248596 15428
415000000 308.98457445818166889 12893.419523434056828 3016.3311515174332271 -3985.0562646824437252 -1245.3140343473623943 8246.7014505472398014 15398
416000000 309.80276171866495361 12927.561135896876294 3066.2069324396852608 -3954.5123454594163377 -1216.6591045183736242 8237.3783824174752226 15414
417000000 311.03345361299989236 12978.915890177328038 2927.5628128351777377 -4048.7047766637278983 -1337.273914337873066 8313.5415038367773377 15419
418000000 307.70922692522560737 12840.201362594107195 3058.9249442129935233 -3967.4875190539228242 -1256.2856356831882749 8282.698098950106214 15399
419000000 311.38792690422849319 12993.707479245091235 3099.4281702673333712 -3875.717482879448653 -1215.8119703444663173 8190.957623491247432 15395
420000000 309.74277725669787742 12925.058082680108782 2894.64929823615239 -4041.2156338213585514 -1280.9711344974905387 8216.836066555002617 15414
421000000 309.37570720660050938 12909.740851524824393 2857.880953264980235 -4098.865580728711393 -1250.089302219367255 8206.8358362130602472 15418
422000000 307.24006093365778725 12820.623835249838521 2960.839663897103037 -4043.769987669911643 -1243.5088482616051806 8248.1184998286189511 15416
423000000 311.70604949881413859 13006.982213361085087 2928.2422742952426233 -4032.1935941539568375 -1273.9108578171640147 8234.3467262663652946 15421
424000000 309.91532230874111065 12932.258104708998872 2841.4924112196913484 -4081.9283911943921339 -1291.7439735142893369 8215.1647759283732739 15427
425000000 311.58094812945654439 13001.761938397805352 2911.9804709447466848 -4060.4388377061031861 -1310.183953828957101 8282.6032624798081088 15429
426000000 313.49812168840122695 13081.762446636945242 2825.6162090241195983 -4058.0098464306429378 -1337.254744610887883 8220.8808000656499644 15426
427000000 312.62849862227238873 13045.474502364919317 2974.1583324515318054 -3926.4168009177660679 -1338.9762459612002203 8239.5513793304999126 15436
428000000 308.87020361043278172 12888.647015538272171 2963.5083100125048077 -3975.8288756927695431 -1291.6392871989023661 8230.9764729041780811 15410
429000000 309.14783840227721612 12900.232260050328478 3235.1366751779860351 -3830.8018686652048927 -1275.7281014165985198 8341.6666452597892203 15411
430000000 307.47980957969070914 12830.628153034629577 3070.9960611939823139 -3877.5813436367693612 -1246.2702518447515558 8194.8476566755034582 15401
431000000 309.3204931897133747 12907.436861157188105 2967.2807349669342329 -3982.1348036449207939 -1283.8108473168022101 8233.2263859286558727 15423
432000000 314.16243143447837838 13109.483002799654059 2983.4015130606840103 -4035.0272544795493559 -1349.4614816079183583 8367.8902491481530888 15432
433000000 309.29503321602641108 12906.374458212389072 3127.0525253630075895 -3865.7147036241376554 -1211.0188806924625169 8203.7861096796077618 15404
434000000 311.58084286241540894 13001.75754577682892 3056.6595844371595376 -4062.1756851926238596 -1170.0493269090434296 8288.8845965388263721 15401
435000000 307.42938418425825375 12828.523983986431631 2831.996149147142205 -4016.5252340088259189 -1327.3831740765699578 8175.904557232537627 15424
436000000 309.08288974491352974 12897.522059101487685 3013.5538493002350151 -4013.6974616124225577 -1220.0757656451187358 8247.3270765577763086 15404
437000000 310.99806667049989528 12977.439251105282892 2929.2908349880922287 -4069.8217021608647883 -1231.8512255311816261 8230.9637626801377337 15396
438000000 308.64506929122927659 12879.25252964297033 3005.3302015179265254 -4052.6806488562133381 -1233.6450914677466244 8291.6559418418873975 15410
439000000 308.98864423584888073 12893.589348581226659 3209.2397192738844751 -3951.1121078285459589 -1160.4105043127378849 8320.7623314151678642 15394
440000000 312.26502040787471515 13030.307152622377544 2974.094112343253073 -3981.2177260921998823 -1228.3191626937241381 8183.6310011291770934 15428
441000000 311.10198759129508517 12981.775700688320285 3269.882264385563758 -3928.4943811116963843 -1223.4271842170846867 8421.803829714346648 15412
442000000 310.06590981648901106 12938.541874427233779 2980.3405873853857884 -3967.7368038539807458 -1368.9870243327331991 8317.064415572098369 15430
443000000 312.57018606650001402 13043.041215051547624 2958.2275146584906906 -3992.4252698725808841 -1350.2822343654408996 8300.9350188965127018 15422
444000000 310.75210855148179689 12967.175822197041271 2904.7093161325046822 -4059.7605557351062089 -1330.7576015352865397 8295.2274734028978855 15408
445000000 308.35509083282448728 12867.152204170322875 2884.0275910412774465 -4063.6691807547240387 -1283.337991079710946 8231.0347628757117491 15427
446000000 309.80966064816988137 12927.849016910113278 3016.2684543607192609 -4011.6021740065179984 -1272.9034890682255536 8300.7741174354632676 15407
447000000 306.48688079882447255 12789.194863521553998 3133.8404037684081231 -3847.4190210953152018 -1264.2878402898772947 8245.5472651536001649 15420
448000000 311.89271179087171504 13014.771324661945982 2922.3777381300369598 -3937.4155478201946607 -1316.0002125757544036 8175.793498525987161 15423
449000000 310.01387135183449573 12936.370394646010027 3061.1979727345233186 -4009.543340257554064 -1121.1722840051229468 8191.9135969972003295 15406
450000000 307.95527741680808731 12850.468646057959631 2943.1509246063824321 -4105.2809965111591737 -1199.3052296737434972 8247.7371507912866946 15411
451000000 307.04897133470035442 12812.649979693316709 3033.8994607067306788 -3980.2512236344064149 -1203.6334786792554041 8217.7841630203911336 15404
452000000 311.76583134232180328 13009.476811641858149 3142.8794858623473374 -4005.7295541966013843 -1153.3597250713737594 8301.9687651303211169 15393
453000000 310.25506847970245872 12946.435155202107126 3057.9516083165563032 -4015.7294394575260412 -1242.4729997012682361 8316.1540474753492163 15428
454000000 309.02727582770165782 12895.201381549180951 3100.5757632513746103 -4007.673856109728149 -1246.9651663863260183 8355.2147857474301418 15410
                                                                                                                                                                                                                                                                                                          459000000 310.32515958208284701 12949.359941947319385 2986.8224095319255866 -4100.6634574068721122 -1196.1977581719445425 8283.6836251107415592 15426
460000000 306.42901729640675512 12786.780314468174765 3088.3179964815517451 -4015.5718772657241971 -1211.6791022113870895 8315.5689759586639411 15390
461000000 307.94964062528043769 12850.233431992468468 3249.8407733569611082 -4022.4340119172575214 -1139.197335977063176 8411.4721212512831698 15397
462000000 310.62771128871980864 12961.984928447183847 3196.940641618486552 -3865.1950751567183033 -1268.1796291877644762 8330.3153459629684221 15415
463000000 313.622845445278017 13086.966964450726664 3104.856548808876596 -3967.6103105167780996 -1148.8829182062956988 8221.349777531950167 15395
464000000 309.52623887497173882 12916.022291157452855 3039.4870090275057919 -3871.5412443983059347 -1242.6850041000006968 8153.7132575258128782 15408
465000000 309.26306661860195391 12905.040544530604166 2904.0092695687308151 -3995.2092179090336685 -1313.6700506135152864 8212.88853809127977 15428
466000000 309.30389108104867546 12906.744082391895063 2909.751759698202477 -4085.3178193889016256 -1312.0221552872822031 8307.091734374385851 15435
467000000 308.61660201648714974 12878.064636957444236 3093.6268893363148891 -4000.7928490413178224 -1211.0576752751121603 8305.4774136527448718 15415
468000000 311.9270011345664102 13016.202162736028185 3119.114566068462409 -3907.7764423979524508 -1230.3071046324448616 8257.198113098860631 15405
469000000 308.38301384892122314 12868.317385835220193 2862.6860286981591344 -4025.1585440796720832 -1375.490073760992118 8263.3346465388240176 15433
470000000 307.28927532280522428 12822.677470991948212 2923.0983370263043071 -3980.5685885484517712 -1289.534406889123602 8193.2013324638810445 15424
471000000 310.64553640991249495 12962.728741519395044 2947.3036605441939173 -4042.5756923996123078 -1312.955031068865992 8302.8343840126726718 15421
472000000 313.38916479851593522 13077.215854323321764 3310.2280165378401762 -3967.968280765563577 -1212.6460435807766771 8490.8423408841790661 15395
473000000 311.5891508210697225 13002.104223265507244 2963.6235846661056712 -4062.7699037620054696 -1338.7117078027556545 8365.1051962308665679 15433
474000000 311.71831833155846425 13007.494171629270568 3148.9512600392690729 -3959.9313742277067831 -1203.6368339824302893 8312.5194682494075096 15407
475000000 309.80860964878291952 12927.805160429448733 3154.488877561607751 -3989.8071150580231006 -1143.3746992236392543 8287.6706918432719249 15403
476000000 312.35725392188220439 13034.155905888796042 2845.5323572449392486 -4050.2209928667398344 -1276.1279024984405623 8171.8812526101191906 15428
477000000 309.69020231144588706 12922.864216443438636 2840.1007954390215673 -4064.1814028294752461 -1284.6650557902157743 8188.9472540587130425 15429
478000000 311.9530046271506194 13017.287245832978442 3211.2254621357251381 -3866.5727943478050292 -1208.6670401583207877 8286.4652966418507276 15390
479000000 311.76473466662145029 13009.431049163549687 2964.9997043320245211 -3910.1451379290983823 -1397.2736014825254642 8272.4184437436470034 15439
480000000 308.63158388832817991 12878.689805897451151 3276.1428463910619939 -3894.2646873881408283 -1235.3043970262826861 8405.7119308054861904 15414
481000000 306.37849773441342904 12784.672216003833455 3079.096125167394348 -3959.6613115638774616 -1254.9225404646724655 8293.6799771959449572 15399
482000000 312.01351643461032381 13019.812304312248671 3081.8422330438279459 -3967.8068478366421914 -1231.0321195767273821 8280.6812004571984289 15412
483000000 311.09908371907323499 12981.654526863172578 3103.0956043594501352 -3951.5164168451669866 -1236.8635791903780046 8291.4756003949951264 15405
484000000 308.89172163515394232 12889.544927417957297 3077.6406983844244678 -4072.4348577407813536 -1218.3934451483512476 8368.4690012735572964 15407
485000000 307.65757363517457179 12838.04595551735656 2999.1979882753153106 -4000.4282204454507337 -1273.3459092032467197 8272.9721179240132187 15402
486000000 311.53734570156098016 12999.94248059450365 3018.8831875989317268 -4020.0846199946699926 -1345.0401471647785456 8384.0079547583809472 15409
487000000 309.15758486560469009 12900.638963979712571 3217.832443966952269 -3887.6631850123949334 -1143.6249759350371278 8249.1206049143838754 15395
488000000 309.99900441093063819 12935.750021585510694 2954.515031412938697 -3914.9769872189326634 -1331.0276556478645489 8200.5196742797361367 15430
489000000 308.78181523063989289 12884.958713416184764 3122.1805328397717858 -3960.3036425813525057 -1227.4987239759605018 8309.9828993970841111 15425
490000000 307.94948096859604902 12850.226769780883842 3180.6998112434848736 -3904.5423717192215918 -1192.4723762995872676 8277.7145592622946424 15404
491000000 310.68949927241470732 12964.563239667679227 2876.0715858666599161 -4016.6934687386997211 -1284.266922588225043 8177.0319771935846802 15412
492000000 307.83358106827432721 12845.390457029050594 3041.744553877990711 -3985.6260930106454907 -1266.6129054454547713 8293.9835523340916552 15410
493000000 313.25337764369112392 13071.549679058360198 3127.5131941220502085 -3951.5266780228412244 -1220.4855359974194471 8299.5254081423099706 15402
494000000 308.25515199939417244 12862.981920561960578 3043.7890104874272765 -4006.8014800949831624 -1267.9508867086076407 8318.5413772910178523 15430
495000000 311.12390148570773363 12982.690131560961163 3047.8311870891784565 -3926.1569906565687234 -1313.0324982467834616 8287.0206759925313236 15428
496000000 305.22085850261339601 12736.365829516556914 3043.76613364125933 -3906.9328859407605705 -1314.922778327018932 8265.6217979090397421 15418
497000000 311.32777794631709867 12991.197561882358059 3036.1618554264787235 -3982.9857280838409679 -1180.071786686354244 8199.2193701966752997 15408
498000000 310.73499756639932912 12966.461808853448019 2978.6677957993115342 -4036.5054608701498182 -1133.9952409678344338 8149.168497637296241 15407
499000000 309.09377736982969509 12897.976381832335392 2932.0121537198738224 -4066.5584745769383517 -1244.156772528266174 8242.7274008250788029 15406
500000000 312.00893551119060021 13019.621149891161622 3149.4491296297419467 -3894.3977462935772564 -1301.2194278333508919 8345.066303756670095 15407
