# Steps Temp KinEng PotEng Epair Ebond Eangle Bonds
1000000 308.09651341679960979 12856.362192695021804 6566.5053613644595316 -2100.3148329299788202 138.54640209924008332 8528.2737921951993485 14979
2000000 309.76002327475049469 12925.777730728077586 5933.8300165362070402 -2412.4848861233649586 -190.62425174061073108 8536.9391544001809962 15086
3000000 309.95913553199034141 12934.086358656681114 5343.7839502904353139 -2594.7733998552357662 -481.16117865806791087 8419.7185288037399005 15176
4000000 311.74706879315408514 13008.693881237733876 5205.0230255949281855 -2758.0358789820370475 -589.62425856361903698 8552.6831631405839289 15223
5000000 310.86780818462216303 12972.003778127857004 4977.1899980475709526 -2837.9591509194610808 -702.73236116492410019 8517.8815101319560199 15244
6000000 308.35646623473655836 12867.20959743630192 4915.357512364050308 -2880.712736164389753 -813.13364998586644106 8609.2038985143080936 15244
7000000 312.55668890059473597 13042.478000455157598 4765.1815564950738917 -2980.3995233268587981 -747.60083794388219758 8493.1819177658144326 15264
8000000 308.60363799193123668 12877.523669475152928 4839.8404487673642507 -2921.4927137625536488 -706.14603829127452173 8467.4792008211916254 15249
9000000 307.67725287018112112 12838.867137718068989 4589.9366016170506555 -2963.0525167185114697 -920.11635439354949995 8473.1054727291120798 15281
10000000 311.47788193298077886 12997.461155058776058 4550.7042366115038021 -3056.5363270174348145 -907.23949744887522684 8514.4800610778147529 15283
11000000 312.10664174944827209 13023.698270964670883 4739.5128552992318873 -2934.3873566458000823 -826.67109349866109369 8500.571305443692836 15275
12000000 308.38934512509513297 12868.581579605966908 4651.4914632996915316 -3095.6205328342930443 -758.59768154358221182 8505.709677677568834 15274
13000000 306.950818441931915 12808.554220459636781 4417.7351806632505031 -3202.4837936330404773 -909.03254524761109678 8529.2515195439027593 15304
14000000 309.56096137280911762 12917.471204043489706 4323.5833566764740681 -3163.6811816362014724 -913.20359607680984482 8400.4681343894844758 15303
15000000 311.53511446150372421 12999.849374606394122 4340.0454003324821315 -3207.6483571551925706 -869.90588861139030996 8417.5996460990645573 15301
16000000 309.09620800402245777 12898.077808210691728 4394.1201379737412935 -3154.9176964678867989 -920.04585660714883488 8469.0836910487778368 15296
17000000 308.2602883752500702 12863.196253102205446 4138.9000974773953203 -3292.1893896615611084 -942.47879200762724849 8373.5682791465842456 15336
18000000 309.16075211257771116 12900.771128001262696 4189.5592298697065416 -3312.6660393178131017 -919.58618521075777608 8421.8114543982774194 15313
19000000 308.20038462676455993 12860.696567926645002 4119.7633709054180144 -3418.961173177652654 -895.9449205897713 8434.6694646728428779 15320
20000000 308.4699529116053327 12871.945210331396083 3972.9402287200409774 -3382.8618876927957899 -988.37456237135131687 8344.1766787841879705 15342
21000000 306.91716939685039733 12807.15010099652136 4012.9028131454333561 -3403.8065220734397371 -1011.0449488397161986 8427.7542840585902013 15347
22000000 310.37845346306772853 12951.583808192988727 3888.6133244556986028 -3466.0736056622199612 -1017.0664574943982643 8371.7533876123161463 15350
23000000 310.94418140969332853 12975.190707549583749 3910.686293425414533 -3406.2664174165724944 -1018.9743219258830322 8335.9270327678714239 15337
24000000 309.20980113654752586 12902.817863325724829 3830.2579640398312222 -3434.7746853903072406 -1060.23780551507366 8325.2704549452118954 15335
25000000 310.15005935368179735 12942.053296599786336 3932.4698012222611396 -3409.3395466217421017 -1023.2003959814346672 8365.0097438254379085 15351
26000000 307.47526190693298531 12830.438386109133717 3899.0813317374258986 -3472.6940938268216996 -1090.5597067560195228 8462.3351323202678032 15351
27000000 309.8735067397061016 12930.513209595303124 3901.1229900570078826 -3399.6760780414078909 -1061.5871450233498763 8362.3862131217647402 15364
28000000 311.75618815139233675 13009.074417100264327 3869.2923169951868658 -3407.8469854124241465 -966.27052143972844078 8243.4098238473379752 15318
29000000 308.94320686401243847 12891.693321576782182 4026.3420573291168694 -3487.0201135234551657 -936.99741918021254605 8450.3595900327854906 15334
30000000 309.3430579236317044 12908.378450494952631 4016.8028494864511231 -3409.117843355509649 -920.99785113963571348 8346.918543981595576 15354
31000000 309.83786085841347813 12929.025765432130356 3767.68637307235349 -3564.5475099480190693 -1045.489458011842089 8377.723341032215103 15373
32000000 312.83077837646447961 13053.915304746298716 3853.8333725596648947 -3487.296669174107592 -1057.4003071629131227 8398.5303488966856094 15352
33000000 310.87062936284183934 12972.121501267922213 3703.6812774553236522 -3587.5846633398582526 -1075.5284635431178231 8366.7944043382995005 15352
34000000 308.76621512865733621 12884.307746746337216 3670.472389393629328 -3554.170420258582908 -1062.9591303565352973 8287.601940008747988 15332
35000000 312.98270082706949324 13060.254779440507264 3661.7187557364782151 -3578.5302286695628027 -1141.4209105757408906 8381.6698949817819084 15384
36000000 310.57701540853895494 12959.869472514059453 3888.3409158941112764 -3484.9203318786526324 -920.36458389727954454 8293.6258316700441355 15326
37000000 304.63179473816961718 12711.785164755718142 3685.7654234811761853 -3650.9095570456943278 -1080.5232520979775472 8417.1982326248471509 15378
38000000 314.24024167011617692 13112.729896315469887 3742.666499348074467 -3616.0359404202790756 -1078.2865147814616194 8436.9889545498153893 15355
39000000 309.6757696646726572 12922.261965764721026 3752.9782832590672115 -3587.9764009741988957 -1076.2815076133520051 8417.2361918466176576 15368
40000000 308.66492446802448057 12880.081053605958004 3599.0573890072064387 -3652.9287459379520442 -1126.028221470297467 8378.0143564154550404 15376
41000000 307.42485855055150523 12828.335136714385953 3718.6250868462093422 -3605.679850368534062 -1067.1988529775808274 8391.5037901923242316 15375
42000000 310.3487592730342044 12950.344718344627836 3525.2001827804679124 -3651.5824482981315668 -1219.660439804769112 8396.4430708833697281 15398
43000000 306.77120249531748186 12801.059141597335838 3728.3656170866988759 -3581.5382619779966262 -1016.9107818610377763 8326.8146609257328237 15338
44000000 310.49825257347356455 12956.58282858649909 3740.2088706783315502 -3630.803747270837448 -1017.3314139070994315 8388.3440318562679749 15357
45000000 309.85504172257037681 12929.742694714888785 3490.5235899788222014 -3746.1428269735724825 -1126.0738217795267246 8362.7402387319216359 15372
46000000 310.70107531351334273 12965.046288876743347 3436.9622184969671252 -3722.4077115950044572 -1226.2239221778561387 8385.593852269827039 15376
47000000 307.63737682229100301 12837.203175640721383 3519.9973039374135624 -3590.8078538866111558 -1118.3518762716992114 8229.1570340957241569 15360
48000000 311.54096631237132442 13000.093562745420058 3519.0703120378693711 -3703.5162533199677455 -1082.689172154888638 8305.2757375127257546 15365
49000000 309.52735582703121509 12916.068899734969818 3695.4636388160465685 -3687.1305725100669406 -1076.8150792064827783 8459.4092905325960601 15355
50000000 307.93711716283212354 12849.710848444357907 3523.5804047386286584 -3603.5122023805365643 -1159.3157792679012346 8286.4083863870655478 15380
51000000 312.76769234248644125 13051.282828016432177 3529.7152168874963536 -3723.4290481758471287 -1043.55094811733602 8296.695213180679275 15348
52000000 308.69596706430257882 12881.376410235368894 3305.9278625886672671 -3744.5746873084017352 -1185.1940692592856976 8235.6966191563551547 15386
53000000 310.76694905066625552 12967.795091887956005 3490.8119479726292411 -3685.7256246756905966 -1094.1449415996255539 8270.6825142479465285 15378
54000000 310.55657594322434534 12959.016567149454204 3482.2603988601408673 -3719.8631176458575283 -1178.5449181276840136 8380.6684346336842282 15373
55000000 306.52067429403064125 12790.605010651455814 3845.5141698838783668 -3697.6597031577894086 -939.81824926596709702 8482.9921223076344177 15362
56000000 310.47898451138610199 12955.778803957331547 3494.7957719687783538 -3804.3650497659991743 -1041.1002853651887108 8340.2611070999664662 15370
57000000 309.63380054734398072 12920.510663332566764 3379.5060058051599299 -3765.0632627057925674 -1111.9489811349753836 8256.5182496459274262 15365
58000000 312.65809358226590575 13046.709451506458208 3418.2354834274206041 -3796.3969287374134183 -1191.8028987680108912 8406.4353109328458231 15385
59000000 308.24619417063331639 12862.608125059594386 3484.8559203216464084 -3647.8631408261117031 -1111.525714701836705 8244.2447758495945891 15376
60000000 309.26875298303207273 12905.277827192010591 3509.2547574927784808 -3662.6709496569551447 -1158.5367491293027342 8330.462456279037724 15392
61000000 310.05875453460055269 12938.24329624947859 3426.211286654046944 -3747.396303555794475 -1181.8776711666951087 8355.4852613765360729 15388
62000000 309.47808137074889601 12914.012757489839714 3397.0678608048415299 -3725.1524482717295541 -1222.6504016200874503 8344.8707106966576248 15376
63000000 310.07955691977957713 12939.111345664798137 3600.0040412095236206 -3666.5855557561194473 -1025.4857513273309451 8292.075348292974013 15364
64000000 314.94055539432304158 13141.952839435045462 3387.0358627713694659 -3829.5685784673728449 -1197.2216632130482594 8413.8261044517912524 15382
65000000 313.22588719069432273 13070.402547542173124 3429.5201393339280003 -3698.9001222804067766 -1179.6351990379384915 8308.0554606522746326 15358
66000000 310.37574477592818312 12951.470779121200394 3451.1254105276620976 -3756.757003914044617 -1091.8324926231211975 8299.7149070648265479 15380
67000000 309.3468333182815968 12908.535991521630422 3587.675865048237938 -3736.9737377911869771 -1037.0278193443436976 8361.6774221837695222 15385
68000000 310.14741345873642331 12941.942887743274696 3435.0133762072050558 -3728.148507036027695 -1145.1673090421281813 8308.3291922853604774 15394
69000000 310.6966133576902962 12964.860098778346583 3397.5115774476080333 -3711.5537377923542408 -1172.4509216142205332 8281.5162368541823525 15380
70000000 309.08095487022876569 12897.441319954299615 3511.584018475261928 -3826.0814973458000168 -986.63951062925502811 8324.3050264503162907 15359
71000000 308.27010550095661756 12863.605905656771938 3611.8359119184292467 -3658.735827614081245 -1061.7843665914629128 8332.356106123972495 15386
72000000 310.05293530381942446 12938.000469293159767 3622.8708914201106381 -3749.013451849755711 -974.40700179650889368 8346.2913450663745607 15368
73000000 309.63290041467786295 12920.473102272726464 3520.9938329352225992 -3687.8752876491566894 -1140.1831666488387782 8349.0522872332185216 15372
74000000 311.22095758276299193 12986.740123308396505 3445.934682525991775 -3779.5322349899297478 -1160.4866915286022504 8385.9536090445235459 15360
75000000 312.08551644052960228 13022.816746471326042 3425.1774169550576516 -3807.1312839057350175 -1178.1848667352915072 8410.4935675960841763 15387
76000000 310.32821510201517867 12949.487443782705668 3199.6430959511744732 -3722.673085576718222 -1348.6130618769332159 8270.9292434048275027 15401
77000000 310.26766423624167146 12946.960755464060639 3562.6712654327038763 -3743.4637568383477628 -1170.6602033431986456 8476.7952256142507395 15384
78000000 308.30268367452077882 12864.965339407815918 3492.3705639417703424 -3765.777586507687829 -1035.5236724925166527 8293.6718229419748241 15369
79000000 308.48568516458641398 12872.60169144567044 3522.7887208859397106 -3783.319508570369635 -1141.1391591005019563 8447.2473885568106198 15359
80000000 311.76910229812699527 13009.613303262880436 3347.0724956774488419 -3768.1734768319206523 -1184.164442926502943 8299.4104154358719825 15383
81000000 308.5857086312932438 12876.775506661853797 3256.0153795604105653 -3799.2399751003181336 -1186.2777042735763189 8241.5330589343047905 15400
82000000 308.15239025446135201 12858.693841486483507 3329.0302974034902945 -3827.2543862847396667 -1127.7838900131648643 8284.0685737013955077 15367
83000000 311.72913063615391138 13007.945351366668547 3468.9771078622297864 -3771.9793335284211935 -1106.0355556564074959 8346.9919970470582484 15385
84000000 312.38948711713197781 13035.500944260582401 3549.2273803208936442 -3790.5349488852516515 -1122.2560926029211714 8462.0184218090671493 15375
85000000 308.15503836142181626 12858.804342646757505 3263.0224812031656256 -3859.9491164207643124 -1256.7980733751994649 8379.7696709991287207 15409
86000000 314.14385054198675107 13108.707652630686425 3202.1745469835459517 -3797.0328573192850854 -1328.8812663411792983 8328.0886706440105627 15429
87000000 309.70034036301296965 12923.287260707813402 3334.7317887180197431 -3827.7705251205629793 -1154.1925053705886057 8316.6948192091713281 15379
88000000 310.30028486022501966 12948.32196060147362 3342.7564765538136271 -3837.8578253000437144 -1141.8100778760388039 8322.4243797298950085 15388
89000000 310.56483571713971514 12959.361233968003944 3258.0328453089327922 -3850.0230003199858402 -1195.056129034921014 8303.1119746638396464 15400
90000000 310.386631649466608 12951.925070498287823 3282.8557316185906529 -3797.8087470413329356 -1235.5109977506235737 8316.1754764105462527 15386
91000000 307.76137502565268278 12842.377417296303975 3255.2222812429627083 -3819.9484743003890799 -1208.4206562515703354 8283.5914117949232605 15396
92000000 308.68847786584757387 12881.063898266951583 3441.2271817811629262 -3771.8875502481855619 -1075.8606537850519089 8288.9753858143994876 15381
93000000 311.12726139370198553 12982.8303350109436 3362.7701389049952923 -3761.3388111820895574 -1198.3821584179759157 8322.4911085050589463 15384
94000000 311.12274614078734203 12982.641920912326896 3393.0264041058162547 -3807.9388143516493983 -1116.8994399563212028 8317.8646584137859463 15373
95000000 311.78814991585903726 13010.408129110648588 3286.9771036409547378 -3867.5373761525243026 -1157.108737458658652 8311.6232172521376924 15390
96000000 310.2837123909565662 12947.630418639573691 3418.4539840316292612 -3750.8821662266500425 -1153.1008891356568711 8322.4370393939370842 15382
97000000 309.83042418185476663 12928.715445116302362 3240.7782029393601988 -3891.777501280933393 -1138.9236737772337165 8271.4793779975279904 15389
98000000 312.43983828131177916 13037.602015760354334 3274.4589658213253642 -3832.876312510437856 -1191.7658592631839838 8299.1011375949474314 15404
99000000 313.16183404717844496 13067.729714917459205 3187.4433634659908421 -3801.3034300000663279 -1291.9608197028396717 8280.7076131688972964 15398
100000000 308.42527366599119887 12870.080818690799788 3237.0834081532966593 -3826.7014158034930915 -1172.5298383329159151 8236.3146622897056659 15413
101000000 309.33388252376869332 12907.995576107334273 3190.2465686945115522 -3822.9659831250000934 -1255.8785051988870691 8269.0910570183987147 15402
102000000 308.7299534619776864 12882.7946068689198 3004.1473787685108618 -3941.9393777511791086 -1327.753088653722898 8273.839845173413778 15435
103000000 311.99224728549779684 13018.924777603528128 3198.5383889006761819 -3852.9802113274272415 -1183.5386342137687734 8235.0572344418724242 15383
104000000 309.5151382614547515 12915.559080761617224 3322.2518779190395435 -3889.4345824996535157 -1065.0265317842734021 8276.7129922029671434 15395
105000000 310.42453164093700479 12953.506574982189704 3207.7527204785083086 -3936.6640921166917906 -1246.1790741069003161 8390.5958867020999605 15402
106000000 311.06447526841407125 12980.21037297883413 3303.099348749796718 -3788.3535572454475187 -1242.3300600505272087 8333.7829660457719001 15392
107000000 310.11876862953079126 12940.747586001196396 3120.5377136973270353 -3911.3569426751114406 -1295.977504664739854 8327.8721610371776478 15387
108000000 308.94504125198847078 12891.769867578423145 3350.2148975396462447 -3824.0025459307862548 -1107.9439905616065971 8282.1614340320393239 15377
109000000 308.45687013811578936 12871.399287650867336 3137.4056233586716189 -3818.225180918904698 -1288.7321539082513482 8244.3629581858276651 15414
110000000 311.46751104962720547 12997.02839510582271 3269.3566638779984714 -3815.4475279140951898 -1228.4022052521545447 8313.2063970442486607 15400
111000000 308.65650339701301164 12879.729656124132816 3071.5167247497529388 -3943.5541422731112107 -1226.6129661110996949 8241.6838331339640717 15399
112000000 307.20293835362684831 12819.074770870265638 3362.3176970250051454 -3761.8667387725017761 -1168.7272738137617125 8292.9117096112677245 15378
113000000 307.55349160461145175 12833.702783087941498 3294.1389740560207429 -3788.9061619276480997 -1143.3791461219457233 8226.4242821056141111 15389
114000000 312.44404593761322531 13037.777594356793998 3196.9181939734817206 -3857.3481593091482864 -1221.3469402903865557 8275.6132935730165627 15397
115000000 310.27025436947445769 12947.068837475761029 3283.2841830387624213 -3832.0351113350870946 -1170.9899838223284405 8286.3092781961786386 15394
116000000 309.11078260721632205 12898.685982498020167 3259.3728243770101471 -3852.3104954684581571 -1190.6949302060017999 8302.3782500514716958 15406
117000000 307.58495244600328533 12835.01559239998096 3286.5441702527023153 -3840.9857185262421808 -1138.7286968994376366 8266.2585856783825875 15397
118000000 314.25956057252381015 13113.536042427815119 3125.8169895735568389 -3896.2619856059300218 -1275.9582268322642449 8298.0372020117520151 15407
119000000 311.63021614872604914 13003.817812036948453 3179.3923696955994274 -3824.0180249213358366 -1230.5537263713119955 8233.9641209882465773 15398
120000000 310.69684953672725669 12964.869954142199276 3196.5788324228478814 -3850.1894662508266265 -1257.6247326483940014 8304.3930313220698736 15422
121000000 309.55295155240651184 12917.136967375075983 3092.3733795476464365 -3880.9291983479702139 -1273.1368495874223754 8246.4394274830392533 15414
122000000 310.42245130145073517 12953.419765827413357 3244.2435535346676261 -3908.93582422655345 -1147.9089286088806148 8301.0883063701003266 15418
123000000 310.37288522698355564 12951.351454833715252 3089.5573691239164873 -3880.5206322735766662 -1277.9678962130533364 8248.0458976105473994 15425
124000000 307.15040811770967366 12816.882770280808472 3094.42388151204932 -4014.1042958407970218 -1150.9616666978777175 8259.4898440507240593 15406
125000000 310.11149246749272379 12940.443963693054684 3283.388282581438034 -3896.1994873277008082 -1198.6692505167025047 8378.2570204258427111 15388
126000000 312.1049640318233287 13023.62826255982327 3571.9624755165673378 -3819.3151739490958789 -998.34974571661905429 8389.627395182282271 15382
127000000 308.78864890308682334 12885.243871359420154 3207.0213318043070103 -3821.7215262109439209 -1239.403270796244442 8268.1461288114951458 15393
128000000 308.35548823207568603 12867.168786989295768 3105.514761948747946 -3949.1577737218854054 -1264.8894445555367838 8319.5619802261699078 15426
129000000 309.20693620367359244 12902.698314375700647 3294.8444335622079961 -3857.5629536169458333 -1077.8078921001281287 8230.2152792792821856 15397
130000000 308.99578754601844821 12893.887427198787918 3166.1741893444777816 -3946.7884627994976654 -1231.3780760102406475 8344.3407281542167766 15414
131000000 308.38250973007188804 12868.296349782447578 3250.5629058281510879 -3928.0140179732152319 -1164.2746748876213587 8342.8515986889869964 15391
132000000 309.47904850188444925 12914.053114285925403 3084.2952217295178343 -3940.8470587587180489 -1258.3557142102076796 8283.4979946984440176 15418
133000000 309.6415043390678079 12920.832129926135167 3244.1934937964751953 -3874.9800440966405404 -1186.3221308599499935 8305.4956687530648196 15396
134000000 307.29647753111447628 12822.978007332278139 3166.7930987715699302 -3928.9428607436625498 -1243.8258254997494987 8339.5617850149828882 15421
135000000 312.55113159651898513 13042.246103270666936 3355.2157388034975156 -3863.4263028827726885 -1219.4724479079841331 8438.1144895942561561 15402
136000000 311.97490381241829027 13018.201062917123636 2871.5409918980121802 -3972.0419914708418219 -1422.090573496165689 8265.6735568650201458 15443
137000000 311.01458888220651033 12978.128695901554238 3205.8188539627808495 -3894.8927049008034373 -1246.52147687798265 8347.2330357415667095 15408
138000000 309.66225134560028209 12921.697868481362093 2997.1616477487891643 -3941.5610865470480348 -1206.8175586982133609 8145.5402929940519243 15399
139000000 310.09470927463189582 12939.743628581256417 3066.3567567890386272 -3870.2290372563657002 -1259.7730135815490939 8196.3588076269534213 15404
140000000 311.96699468705037361 13017.871028087356535 3068.7598047866590605 -3966.9299265151671534 -1233.7356564518349842 8269.4253877536611981 15421
141000000 310.03053667194876653 12937.065811121419756 3327.5599195149302432 -3920.9542254182015313 -1096.1656401787597588 8344.6797851118917606 15397
142000000 310.41155070461411469 12952.964901799599829 3131.170588884211611 -3925.7773718312437268 -1218.8853955506097009 8275.8333562660645839 15413
143000000 310.45991935821029983 12954.983246384254016 3127.5653307307875366 -3969.9832167330905577 -1207.9622117412354783 8305.5107592051135725 15410
144000000 307.23376614255442973 12820.361163941246559 3142.598748884664019 -3991.2344740297139651 -1195.7982965312671695 8329.6315194456456084 15392
145000000 308.40256083097114015 12869.133049336960539 3132.1845509625081831 -3974.3253643764992376 -1211.5085441811431792 8318.0184595201499178 15395
146000000 309.34378940658075408 12908.408974078703977 2993.5210428890595722 -3992.1150675675239654 -1207.900087648139106 8193.5361981047208246 15426
147000000 309.23148227121407672 12903.722581515914499 3171.4084854655884556 -4005.4687521039718376 -1163.0352105288163784 8339.9124480983773537 15404
148000000 310.58306635560558107 12960.121968610930708 3187.5726945131045795 -3944.6415100299636833 -1185.5176364156138789 8317.7318409586805501 15401
149000000 309.61115754184709203 12919.565807850201963 3287.1831874801591766 -3835.8969371965604296 -1178.1143667891924451 8301.1944914659143251 15398
150000000 309.43710063286721379 12912.302698510957271 3255.652445335977518 -3900.0806455474530594 -1192.113087243192922 8347.846178126623272 15379
151000000 309.98777627217202735 12935.281489770497501 3043.3072339364171057 -4100.0173141319110073 -1229.0956725513437959 8372.4202206196714542 15413
152000000 310.74782837967842397 12966.997217647638536 3159.4490938090120835 -3978.9533515258885927 -1172.145389362934111 8310.5478346978343325 15398
153000000 308.03298225798067733 12853.711141635600143 3062.7725344632208362 -3922.7863469043390978 -1210.0114427472235548 8195.5703241147839435 15395
154000000 308.60079578760979757 12877.405068950347413 3127.6490159028644484 -3938.4146487115485797 -1155.1686038560887937 8221.2322684705013671 15399
155000000 313.56851898232167741 13084.700010252936409 3186.9469027926334093 -3867.2738412601415803 -1263.5878407292095744 8317.8085847819838818 15416
156000000 313.28412957645548431 13072.832906776062373 3012.9497542278350011 -3969.5788536449526873 -1298.3894495567519698 8280.9180574295387487 15419
157000000 310.95022063186729611 12975.44271438591386 3319.3245738891055225 -3874.7184891276428971 -1128.2065611538887424 8322.2496241706376168 15400
158000000 311.04596473169857518 12979.437958641012301 3203.5793463899894959 -3950.9453670811039956 -1130.1819281117441278 8284.7066415828376194 15378
159000000 308.47027370520413569 12871.958596522137668 3219.673146094063668 -3835.471329563355539 -1218.1166681344634526 8273.2611437918840238 15405
160000000 311.32692867611888232 12991.162123229883946 3205.2219199367582405 -3886.412424123884648 -1242.9251507878484517 8334.5594948484904307 15418
161000000 308.28514222387667587 12864.233363442346672 3189.4760588749904855 -3857.9881857535651761 -1234.8149079167937998 8282.2791525453503709 15392
162000000 309.10191520939827114 12898.315960530580924 3202.3570644834262566 -3841.7668850089894477 -1168.9136867533075019 8213.0376362457227515 15390
163000000 308.82236641789205578 12886.650847951808828 3033.2142059921534383 -3908.7754466633286938 -1337.5544832385553491 8279.5441358940370264 15424
164000000 306.99321261021799501 12810.32325957111243 2912.488069522087244 -4024.2774416148167802 -1338.2158355391911755 8274.9813466760951997 15442
165000000 313.4067012981323046 13077.947623690524779 2987.5821238271682887 -4024.9214486098821908 -1283.0750373052076156 8295.5786097422569583 15425
166000000 308.72679606416653542 12882.662853836740396 3070.190124052959618 -3935.8281978665404495 -1177.5229481311432664 8183.541270050644016 15406
167000000 308.31924101368457514 12865.656250015261321 3191.1889630810169365 -3886.198703681558527 -1224.1613964054017742 8301.549063167976783 15406
168000000 314.46275496555830387 13122.015011187977507 3227.0821413729499909 -3836.2858818936410898 -1201.4477104371874248 8264.8157337037773686 15394
169000000 307.68751865138148105 12839.295511930549765 3112.1961691878204874 -3864.3436400950959069 -1239.1719660321928131 8215.7117753151087527 15402
170000000 308.797788936456584 12885.625269961281447 3085.5323182350957723 -3826.8580346516141617 -1349.8773674309086346 8262.2677203176190233 15404
171000000 310.10942141983281317 12940.357542270952763 3185.5618029492125061 -3919.5773158820088611 -1185.9931168205780523 8291.1322356517994194 15397
172000000 306.86030741065343364 12804.77734357243753 2929.2486216794968641 -4008.9726566206340976 -1272.8224223753873048 8211.0437006755182665 15424
173000000 309.57068987205383337 12917.877158361161491 3112.4130401218189945 -3975.747969911159089 -1153.7618679390186571 8241.9228779719960585 15384
174000000 307.6449550427714712 12837.519402352256293 3095.6969611592539877 -3921.9559488272175258 -1188.1187459219345328 8205.7716559084055916 15396
175000000 309.45553599480450657 12913.071975928578468 3027.0248676885012173 -3841.4315947766990575 -1360.9242577789673305 8229.3807202441676054 15428
176000000 311.58286382844431728 13001.841877374608885 2965.9553610342554748 -3949.5167293264412365 -1289.1751006518038594 8204.6471910125001159 15416
177000000 312.72633875461588104 13049.557210619030229 3222.4430327780610241 -3888.9717826313271871 -1280.0526747480464564 8391.4674901574344403 15417
178000000 305.09790608380518506 12731.235226735188917 3138.501434468865682 -3939.5365044673330885 -1303.6735274106811175 8381.7114663468801155 15387
179000000 309.60918907661044841 12919.4836670243767 3181.7122417161390331 -3885.5636389731294003 -1172.1200530719704602 8239.3959337612395757 15389
180000000 312.48040374900688221 13039.294746195440894 3236.8301480890368111 -3949.2448616331976154 -1069.7538674077597989 8255.8288771299939981 15360
181000000 308.64097147952315936 12879.081534681336052 3173.3317033928719866 -3893.5877660967912561 -1103.3064378880244476 8170.2259073776876903 15378
182000000 311.35418159194887266 12992.299342709688062 2931.7178623552699719 -3925.4216731571937089 -1228.7996463922881958 8085.9391819047523313 15407
183000000 308.22316145779694807 12861.647007729116012 3113.6078936520498246 -3900.7999746904142739 -1221.6742383003584109 8236.0821066428216 15385
184000000 307.20402701033066251 12819.12019872899873 3072.3005624655352221 -3955.4776446980422406 -1274.1248054836564734 8301.9030126472334814 15395
185000000 310.83278365577155 12970.54226198300239 2961.143802848411724 -3984.5950096529177245 -1261.2410048365904913 8206.9798173379203945 15411
186000000 304.8162326532576003 12719.481456453861028 2901.3557454144470285 -3908.9324784466734855 -1377.1817342519311751 8187.469958113051689 15409
187000000 308.80589558063212507 12885.963546926937852 3119.043171526189326 -3933.5044803218074776 -1249.2296897209969302 8301.7773415689953254 15423
188000000 307.45662745963232965 12829.660801185820674 3178.3058278372568566 -3904.4224152432789197 -1166.7195348372260923 8249.4477779177614138 15414
189000000 309.67815276651583645 12922.361408696087892 3185.9777208155983317 -3942.2042132838205362 -1173.8588531941386464 8302.0407872935575142 15383
190000000 310.48695901538332009 12956.111566930070694 3073.4172829744939008 -3938.1800316189646765 -1222.0375269912451586 8233.6348415847041906 15401
191000000 309.26425237681536373 12905.090024276076292 2903.0103977231055978 -3923.3270756636502483 -1270.7531191271664284 8097.0905925139222745 15398
192000000 306.95924853148477496 12808.905994270402516 2877.6986439798797619 -3973.6395195243544549 -1316.5429893414591334 8167.8811528456926681 15420
193000000 309.58295752872959383 12918.389067553933273 3347.0778385915436957 -3857.8611137486605003 -1083.7377999758487022 8288.6767523160524433 15386
194000000 311.74384153543059028 13008.559213065989752 2962.2207014562263794 -3976.0921275758896627 -1292.9536651270902894 8231.2664941592065588 15417
195000000 310.80298348740160463 12969.298749832481917 3070.3933815358504944 -3947.0173502257639484 -1197.7514545940325661 8215.1621863556465541 15390
196000000 308.95401221301625583 12892.144211068749428 2956.1788159389238899 -3927.3743644590394979 -1259.1867320419414682 8142.7399124399053107 15402
197000000 310.11616525046696324 12940.63895126269199 3121.2313369243929628 -3996.346085319384656 -1174.7846595771693501 8292.3620818209456047 15398
198000000 310.1644169859412159 12942.652417045876064 3152.9055222601091373 -3987.4660996712887027 -1154.6223084342004768 8294.9939303655992262 15391
199000000 307.2011946317416573 12819.002008215891692 3052.447124569978314 -3978.0058119669320149 -1212.1309375583800829 8242.5838740952895023 15410
200000000 308.66729355857046357 12880.179911868874115 3110.6621372454619632 -3918.2165409926901702 -1228.1828808743521222 8257.0615591125024366 15405
201000000 308.29130277503077195 12864.490433138025764 3139.0324522050514133 -3969.3039059804032149 -1231.219450240743754 8339.5558084261974727 15425
202000000 311.80286344633418594 13011.022100605568994 3136.4915118127114511 -3932.4433565083518261 -1327.5227666105790831 8396.4576349316412234 15416
203000000 309.74407121509278795 12925.112077441694055 3399.9508564808797928 -3868.8630469595900649 -958.47383977534059341 8227.2877432158093143 15358
204000000 306.85546854857295784 12804.575425794086186 3193.7948985636503494 -3960.2937177683006666 -1190.1417588215524574 8344.2303751535037009 15407
205000000 309.54414705675930009 12916.76957021205817 3160.963930400157551 -4039.2130762013548519 -1163.2192112900127086 8363.3962178915244294 15397
206000000 311.04309566522192654 12979.318237202527598 3527.7480748940911326 -3791.4726732403059941 -1052.9289651033377595 8372.149713237735341 15374
207000000 311.63970298812688497 13004.213682285684627 3141.2578774864814477 -3859.5801106378862642 -1272.2280433256532888 8273.0660314500200911 15428
208000000 309.15524851625428937 12900.541471953189102 3113.3800506402963038 -3955.1698340671905498 -1291.9724784447425918 8360.5223631522294454 15423
209000000 311.62403346724124731 13003.559818878866281 3192.0822862350464675 -4007.5918576265371485 -1157.6338879927311609 8357.3080318543161411 15403
210000000 309.50881996110814498 12915.295428450861436 3051.8127205311461694 -3935.5956310996152752 -1296.49119997196226 8283.8995516027225676 15414
211000000 310.79457245774000285 12968.94777135971708 3043.8799999448588096 -3916.66694117013094 -1228.9192730175809629 8189.466214132569803 15392
212000000 309.70501367090366784 12923.48227018135367 3089.2748065746809516 -3992.1317147688237128 -1214.2983698983371141 8295.7048912418413238 15420
213000000 307.39827422126171541 12827.225816254347592 2981.8282019947205299 -3989.8768445685782353 -1249.109089867142302 8220.8141364304410672 15420
214000000 308.78314079910416012 12885.014027214121597 2921.7009708806108392 -3996.7808170918451651 -1289.6778860707711374 8208.1596740432269144 15414
215000000 311.6226668556728896 13003.502792419511024 3155.7446059662347579 -3917.1910084402270513 -1228.7653109753277931 8301.7009253817886929 15416
216000000 309.18091551386100946 12901.612513666617815 2968.3057126415774292 -4005.7372906478685763 -1308.71438139786801 8282.7573846873146977 15444
217000000 311.68675376337688476 13006.177033968417163 3093.9673638970502907 -3913.8495282299313658 -1367.846788775875666 8375.6636809028568678 15431
218000000 311.65445684127087134 13004.829336379440065 3143.8463504358496721 -3937.6518605148280585 -1208.3830409290285388 8289.8812518797058146 15427
219000000 312.04246537221717972 13021.020295999138398 2982.0970738335399801 -4031.4878878054241795 -1346.8677640003938905 8360.4527256393594143 15435
220000000 310.49951962372597336 12956.635700515429562 3110.591396550211357 -3930.5205040865548654 -1143.7441211092932463 8184.8560217460599233 15387
221000000 308.74070624053985057 12883.24330268257836 3231.9679146981084159 -3893.5318670552915137 -1148.5299375662318653 8274.0297193196311127 15399
222000000 309.67982418015185431 12922.431154045816584 3085.884717584437567 -3940.3140653934442525 -1320.7583048277460875 8346.9570878056274523 15428
223000000 307.3014229304321816 12823.184370734807089 3246.5263792312944133 -3853.3544806123863964 -1220.7286069618785405 8320.6094668055593502 15412
224000000 312.17535670479469445 13026.565633351188808 3067.9027189222233574 -3935.8626727927949105 -1301.9399399271505899 8305.7053316421697673 15411
225000000 312.55485143535582893 13042.401326044382586 3139.0803454828546819 -3941.8581757440611 -1241.049105529595181 8321.9876267565105081 15413
226000000 309.56952052755923432 12917.82836353325547 3114.4145325858576143 -3887.1983520960029637 -1227.1138693860943931 8228.7267540679549711 15401
227000000 311.20893925289499293 12986.238618114390192 3194.1091353991278083 -3954.3764062997088331 -1208.0495793682973726 8356.5351210671324225 15429
228000000 310.68894686984447162 12964.540188814424255 2999.2538788065457993 -3939.5762057332394761 -1239.178042070284846 8178.0081266100696666 15407
229000000 309.89594184078686112 12931.449389567367689 3121.9731790438609096 -3951.4868581594123498 -1140.7804834424193814 8214.2405206456933229 15396
230000000 312.05146685405310336 13021.395913072730764 3226.5881028759495166 -3829.9235507619769123 -1169.7720042929900046 8226.2836579309150693 15399
231000000 308.79668290669684438 12885.579117153416519 3179.8759642985492064 -3930.6139750440497664 -1120.7499889632103987 8231.2399283058093715 15377
232000000 309.8158586882972827 12928.107650959162129 3271.1392448305646212 -3870.3176980004195684 -1150.7245561572344741 8292.1814989882186637 15398
233000000 313.68601251976781441 13089.602822868231669 3123.9407024607789936 -3962.6147309366315312 -1220.4908981004373345 8307.0463314978478593 15411
234000000 310.93225327184194384 12974.692965920503411 3179.9354918876369993 -3880.0359432505601944 -1225.2791658252806428 8285.2506009634780639 15411
235000000 310.37929465386702077 12951.618909705397527 2989.5971629462519559 -3937.0543997548593325 -1315.0537708602698785 8241.705333561381849 15415
236000000 305.64268262636011286 12753.967858362522747 3056.0862922831497599 -3873.0776269886314367 -1300.4471985079646856 8229.6111177797465643 15400
237000000 308.33280550057696701 12866.222273806029989 3052.4381957300511203 -3968.245148462965517 -1221.2743352377967767 8241.9576794308140961 15403
238000000 308.15899529769637866 12858.969459107684088 2993.8290661779838047 -4039.6820914026520768 -1305.1433140207914221 8338.6544716014268488 15432
239000000 313.75777210072971002 13092.597232488162263 2896.5751802877193768 -4021.7737941110090105 -1339.0276423083873851 8257.3766167071171367 15441
240000000 302.89844968902275468 12639.455518731454504 3156.3609109249073299 -3820.5871341033634963 -1228.2657714277552259 8205.2138164560255973 15399
241000000 306.7238457244266101 12799.083021218375507 3095.4448338521160622 -3991.7759324093440227 -1237.1861190299355258 8324.4068852913951559 15416
242000000 312.35605734819915824 13034.105974831514686 3043.9591805532486433 -4019.1406546138118756 -1293.9586605133210924 8357.0584956803813839 15424
243000000 313.43189532180946344 13078.998928977600372 2996.3519781750192124 -4031.5584979733521322 -1206.5764788382191455 8234.4869549865888985 15422
244000000 313.59969899019068862 13086.001100842666347 3285.521626422144891 -3875.6699320670686575 -1092.2119697753532819 8253.4035282645672851 15381
245000000 312.1970536026212244 13027.47100931219029 3093.6474306307541156 -3950.8020850723787589 -1293.178769741553424 8337.6282854446872079 15416
246000000 307.98029562477836407 12851.512614843944903 3214.8045160454735196 -3834.0899649464522554 -1246.4926850619519882 8295.3871660538770811 15395
247000000 310.3641968413238601 12950.988902750044872 2901.4198702198928004 -4034.6895957581805305 -1274.4137079378556336 8210.5231739159298741 15402
248000000 309.47653399339162661 12913.94818797059088 3154.2929318513424732 -3990.7497922953639318 -1161.5647480394677586 8306.6074721861750731 15398
249000000 311.7237399110839533 13007.720405250880503 2962.1892349347817799 -3956.3063239920311389 -1282.1611429177228274 8200.6567018445366557 15407
250000000 313.58746146390012655 13085.490448941451177 2892.6707913770587766 -3980.6614926111951718 -1308.459832554089644 8181.792116542344047 15422
251000000 311.14437852128725126 12983.544604671102206 3031.8534293847060326 -3975.7120163359186336 -1246.7539963610570339 8254.3194420816817001 15410
252000000 308.52041851391396676 12874.051057146594758 3146.772038580539629 -3956.6275062448885365 -1168.1924406206812819 8271.5919854461099021 15400
253000000 308.17404974131250128 12859.597656348840246 3073.1841437840380422 -3906.0439029936037514 -1321.5413175495818905 8300.7693643272232293 15414
254000000 306.30911542902464362 12781.777006194575733 3089.6181147509123548 -3990.1631538732885929 -1279.973326609160722 8359.7545952333603054 15419
255000000 309.92077350785416456 12932.485574307420393 3274.0648303429870793 -3889.1059160556978895 -1164.0469961420506024 8327.2177425407353439 15410
256000000 311.81583056265179721 13011.563197102004779 3217.8063063453973882 -3870.1861448216550343 -1127.3210616760916309 8215.3135128431458725 15392
257000000 312.11611639263696816 13024.093632285477725 3140.1828191513232014 -3892.4266501697384228 -1223.3366472221364347 8255.9461165431985137 15416
258000000 308.59097116735773625 12876.995103660687164 2982.0835199889338583 -4008.4315554217287172 -1274.8476496354162464 8265.362725046079504 15408
259000000 313.57630262544819288 13085.02480891457526 3077.7318252682298407 -3948.5588335741567789 -1309.1389760167385248 8335.4296348591233254 15415
260000000 314.23968668357184697 13112.706737637214246 3326.7838352985154415 -3881.8331538670540795 -1182.0840486633660475 8390.7010378289360233 15405
261000000 309.61186510069308042 12919.595333120370924 3161.4414708966073704 -3957.1241371265928137 -1252.269138652836773 8370.8347466760369571 15403
262000000 311.41307641087684033 12994.756926909567483 2980.9017141645972515 -3917.33900340514856 -1294.2720751979272791 8192.5127927676730906 15414
263000000 309.95259717335738969 12933.813523674556563 2918.0720770968318902 -3961.7282248528804303 -1261.1739346119206857 8140.9742365616320967 15406
264000000 311.72815937003264253 13007.90482202441126 3121.3309243937751489 -3875.5310363344719917 -1221.96907726491213 8218.8310379931590433 15401
265000000 310.71924477327519298 12965.804470632692755 3035.4029761710326056 -3920.0446257397770751 -1256.7819622100978449 8212.2295641209075256 15409
266000000 307.83021655790275872 12845.250061529412051 3089.5949386649463122 -3967.2250279439062979 -1284.4825428731414831 8341.3025094819931837 15415
267000000 312.37062830812055836 13034.713997091057536 2997.557626046589121 -4004.3276939840006889 -1238.5662172779807406 8240.4515373085705505 15418
268000000 312.1217470366925113 13024.32858982704056 3059.2385633432231771 -3987.5265370550673651 -1276.331929615377021 8323.0970300136687001 15417
269000000 310.46345690314450394 12955.130862332394827 3142.1641713558233278 -3912.6067853961358196 -1251.1909349660445514 8305.961891718003244 15397
270000000 311.07305895493675507 12980.568556139234715 2995.2156668387488025 -3987.5765352803346104 -1285.0035875591554486 8267.795789678239089 15393
271000000 310.49788024281866683 12956.56729183893367 3100.2842974397681246 -3934.5365872741731437 -1241.7113014088574801 8276.532186122798521 15402
272000000 311.09789528376245471 12981.604935406818186 2952.8435702311689965 -3990.5738204522604065 -1338.1938106376105679 8281.6112013210404257 15430
273000000 314.03826187629613287 13104.30161078844867 3096.8167678067361521 -3945.8847402602345937 -1283.0289820573320867 8325.7304901243041968 15421
274000000 310.29608574278353217 12948.146738317655036 3002.1617599765368141 -3924.3620797560292885 -1279.9195442867267047 8206.4433840192923526 15423
275000000 309.63208858581185723 12920.439225985635858 3142.2472866843263546 -3951.1245080732155657 -1215.8647170506019393 8309.2365118081434048 15404
276000000 311.67139336939186478 13005.536069920159207 3005.7229893085468575 -3996.5387766594176355 -1266.2711747003647815 8268.5329406683285924 15431
277000000 312.91847696005271473 13057.574822804106589 2837.2121812658351701 -3937.4204714232737388 -1391.0558922161342252 8165.6885449052424519 15428
278000000 312.44532864948973838 13037.831119819613377 3225.0008858449514264 -3936.9788231100856137 -1203.6968113740313129 8365.6765203290688078 15384
279000000 307.71660263557510007 12840.509138890014583 2776.8255984264546896 -3990.9339921225459875 -1382.0115118297803747 8149.7711023787815066 15406
280000000 311.33781543128651492 12991.616409667552944 3089.3922997386262068 -4032.2849698038294264 -1189.4113392599724648 8311.0886088024271885 15422
281000000 307.24777012011270472 12820.945526956689719 2945.4252270718889122 -3975.1655723007575034 -1297.4779903271473813 8218.0687896997951611 15416
282000000 310.79561010205839011 12968.991070555272017 3267.6423742902134109 -3908.3079443217379776 -1130.6679114401667903 8306.618230052117724 15376
283000000 307.56707656176928367 12834.269661069314679 3133.784829381779673 -3838.066302644870575 -1281.9326699437508523 8253.7838019704013277 15390
284000000 309.16056792341470327 12900.763442089581076 3150.0189028886961751 -3949.7960989480725402 -1249.3998903050774061 8349.2148921418465761 15424
285000000 314.41118115392447407 13119.862920615225448 3320.7739896814300664 -3874.4242651262261461 -1164.9228196455774196 8360.1210744532327226 15409
286000000 310.36189832287459467 12950.892989344980379 3321.8042491706255532 -3856.402902080493277 -1120.7902528208865078 8298.9974040720044286 15392
287000000 311.68779952150134704 13006.220671739793033 3187.5594450686362507 -3944.3050723292367366 -1220.025994859833645 8351.890512257705268 15397
288000000 305.07704658547095278 12730.364794081573564 2948.6214548894390646 -3956.5608902215126363 -1370.8437037024655183 8276.0260488134172192 15409
289000000 311.96285920097136568 13017.698461035932269 2913.5399282803259666 -4001.9894929671713726 -1299.8270571544314862 8215.3564784019290528 15417
290000000 309.22309988552325422 12903.372798309070276 3105.6407684658138351 -3900.8172381424433297 -1269.4935230316034449 8275.9515296398603823 15404
291000000 307.08502993047210339 12814.154645754806552 3124.8778313768266344 -3952.1774563355697865 -1253.4504465627276204 8330.5057342751242686 15401
292000000 308.68038248891201647 12880.726091464739511 2982.7446237459762415 -3934.658903438858033 -1328.5381741342739588 8245.941701319108688 15435
293000000 312.28142939051366511 13030.991872555363443 3171.6442776393560052 -3922.2538712596083315 -1205.1203243446489068 8299.0184732436136983 15408
294000000 312.39605192470628481 13035.774882913650799 3028.2896059723398139 -3976.617125495858545 -1291.2125304651385704 8296.1192619333378389 15412
295000000 313.77421632507042659 13093.28342299956239 3253.988768932154926 -3963.6741476673209945 -1111.6202688775892966 8329.2831854770647624 15382
296000000 312.63406711009332639 13045.706866228754734 3246.4148139691496908 -3849.8260584162071609 -1178.1103915016947212 8274.3512638870524825 15398
297000000 311.78021366938503434 13010.076962561606706 3282.7478347271080565 -3896.8315036338763093 -1105.0695431716537769 8284.6488815326374606 15398
298000000 312.29061794114471695 13031.375295702962831 2935.3109658880721327 -4043.8783701837296576 -1331.3219595324826514 8310.5112956042848964 15416
299000000 310.94985544650660358 12975.427475799757303 2845.1860183671351479 -3989.2829516086030708 -1440.5550957209895842 8275.0240656967271207 15433
300000000 306.66274680049104973 12796.533463331503299 3179.9653474235124122 -3922.5307466364733955 -1113.1326550548501473 8215.628749114835955 15396
301000000 307.2233523606576 12819.926613902440295 3235.1133278033858005 -3877.7693948329060731 -1177.8688721251564857 8290.7515947614483593 15388
302000000 310.32447667241302725 12949.331445246843941 3222.8453345383031774 -3852.1767613387705751 -1222.91752082385824 8297.9396167009326746 15389
303000000 310.03491226134133285 12937.248397290322828 3207.8798273005372721 -3939.5059379425779298 -1213.2008430563193997 8360.5866082994343742 15409
304000000 309.67325296075358665 12922.156947837849657 3002.1997145208169968 -3998.2118486264289459 -1294.896801392153975 8295.3083645393999177 15413
305000000 311.12797624928157347 12982.86016476183795 3271.0826169750380359 -3911.0163212011329961 -1117.8853313755050749 8299.9842695516763342 15384
306000000 310.34265971954124552 12950.090193981306584 3158.1991580646745206 -3910.660592926755271 -1184.9838534054415504 8253.8436043968722515 15409
307000000 305.55831833672380071 12750.447474922719266 3139.3563054870764972 -3940.3482129922281274 -1187.5552802521008289 8267.2597987314056809 15402
308000000 310.02501523999336541 12936.835410821677215 3098.0119654971103955 -3952.7852312980512579 -1069.7565351263160665 8120.5537319214781746 15398
309000000 309.07359628152670439 12897.134258116657293 3009.019161770568644 -3910.8849680091784649 -1285.4758849211480083 8205.3800147008951171 15404
310000000 308.75390177911395995 12883.793930865140283 3080.8548705979246733 -3927.5079342441204062 -1227.5802207662795809 8235.9430256083232962 15411
311000000 308.31608935087149348 12865.524736295146795 2987.002051843515801 -3993.1457596026939427 -1273.6007287592451576 8253.748540205455356 15407
312000000 306.09917265157213251 12773.016438420741906 3267.579048913123188 -3898.7849111178147723 -1180.9788518378882145 8347.3428118688261748 15407
313000000 306.58825744018230353 12793.425144496568464 3048.7340004375928402 -3989.276664431169138 -1337.1550902809972285 8375.1657551497592067 15423
314000000 312.35710097342035851 13034.149523600335669 3295.4304257307603621 -3865.1892610411505302 -1265.7048878797650104 8426.3245746516768122 15416
315000000 314.04226362962253916 13104.468597391443836 3191.4624329203302295 -3941.1080171140583843 -1176.1906492120797338 8308.7610992464688024 15398
316000000 311.62878309880233019 13003.758013213991944 3062.9881400765693797 -4025.8421488426329233 -1235.9333714576152943 8324.7636603768169152 15425
317000000 313.00124625735998052 13061.028649829982896 2940.3559113820419952 -3944.0007965009544932 -1307.331005354120407 8191.6877132371164407 15423
318000000 310.03956294878287281 12937.442462849619915 2992.5828671061603927 -4002.7122083544854831 -1287.1522229023200907 8282.4472983629657392 15416
319000000 311.2120151225494169 12986.366969110304126 3137.7213050070113241 -3942.3933182322261928 -1205.8941051021665771 8286.0087283414031845 15398
320000000 307.74900315615627733 12841.861159473446605 2899.4389688169026158 -4054.8132564761276626 -1236.2066978253751586 8190.4589231184063465 15422
321000000 305.74148249458590954 12758.090614820928749 3164.001234800799466 -3904.3651784164694618 -1290.9696356082049533 8359.3360488254729717 15406
322000000 312.01291815602218094 13019.787339128008171 3102.1482134064513048 -4001.847466589222222 -1256.2518206101553915 8360.2475006058284634 15394
323000000 312.00027283376039122 13019.259670569743321 2992.4234315966727991 -4080.8418527223138881 -1239.6512841123558246 8312.9165684313411475 15421
324000000 311.25510791960044799 12988.165160854314308 2950.6725702355256544 -3941.1115451385308006 -1304.1341186458876109 8195.9182340199440659 15408
325000000 309.80154318558345494 12927.510288509913153 3151.6173833494158316 -3954.8997646562306727 -1150.6219826079318409 8257.1391306135792547 15398
326000000 308.80892333261419935 12886.089890051302064 2959.410845482933837 -4013.4472136297822544 -1258.3845776909158758 8231.2426368036321946 15399
327000000 311.57670585153596221 13001.584915097982957 2999.8592074299631349 -3920.3580611835186573 -1300.1580280864989163 8220.3752966999800265 15422
328000000 308.53923151214377185 12874.83609270733723 2958.1016419964280431 -3933.4266896423059734 -1343.1325498168935155 8234.660881455627532 15409
329000000 310.56119384339973521 12959.209264549908767 3094.5863118301972463 -3898.0168821817364915 -1248.7539328699574526 8241.3571268818923272 15399
330000000 312.54710760074118525 13042.07818852665514 3100.1245561973396434 -3958.1872121105984661 -1231.572048847561291 8289.8838171554998553 15415
331000000 312.42176102471438526 13036.847681491235562 3303.3213648276014283 -3904.1460539616650749 -1121.1822732525461106 8328.649692041813978 15387
332000000 311.28269446056060588 12989.316301963617661 3137.2929496854494573 -3878.2401312961401345 -1239.7432038374786316 8255.2762848190668592 15397
333000000 310.14307338204702091 12941.761783461230152 3028.9420715016931354 -4041.5639926636631571 -1235.2501240279752892 8305.7561881933306722 15412
334000000 309.18437603882370013 12901.756915697667864 2858.0549909358778677 -4017.5749286729706 -1357.8613493523566831 8233.4912689612065151 15430
335000000 306.1059175054717798 12773.297890111671222 3265.0710903330682413 -3900.8922234135352483 -1098.3397634217299128 8264.3030771683334024 15371
336000000 310.23809707747557241 12945.726966422145779 3035.4011924148344406 -3948.7090362202329743 -1252.6581166045202735 8236.7683452395867789 15396
337000000 309.89258061430331281 12931.309131098991202 3017.5401521005555878 -3981.4898339085684711 -1264.0230699929336424 8263.0530560020579287 15408
338000000 313.53186974525601727 13083.17069769896807 3102.9286465922887146 -3997.5780208017649784 -1308.9410373839816657 8409.4477047780364956 15420
339000000 309.49351385716192908 12914.656729836880913 3062.8798256506624966 -3985.0429102498137581 -1313.5675375132495901 8361.4902734137267544 15406
340000000 309.92689809468475914 12932.741143270864995 3191.6457549586693858 -3978.6166118115215795 -1171.2193305829548535 8341.4816973531451367 15399
341000000 313.57723802413505609 13085.063841567620329 2922.3243197490510283 -3973.8785063894347331 -1369.6575118175442185 8265.860337956031799 15430
342000000 312.56870429082044893 13042.979382982714014 2993.4842078802485048 -3938.1454689719230373 -1227.0847735265897427 8158.7144503787612848 15387
343000000 315.11926548372639445 13149.410118361633067 3030.2297513760267975 -3988.2552789724695685 -1245.3199634669988427 8263.8049938154945266 15414
344000000 306.69307334624323857 12797.798940346869131 3438.4369683035774869 -3942.4453354543356909 -1017.989309533418691 8398.8716132913323236 15382
345000000 307.62780406736413852 12836.803720277994216 3133.9787240530822601 -3982.2082280250197073 -1136.4963015745133816 8252.6832536526162585 15400
346000000 308.46336155164249249 12871.670163690703703 3115.2009273834537453 -3954.1838340263930149 -1265.9019998157898499 8335.286761225635928 15410
347000000 305.67037644740389624 12755.12347609376593 3040.5332909019066392 -3975.8220936963552958 -1204.4735220353245495 8220.828906633587394 15408
348000000 314.66098103390908136 13130.286659907689682 3010.7994982238692501 -3981.9058646858875363 -1236.0152467268871987 8228.7206096366462589 15398
349000000 311.04671867642463212 12979.469419517878123 3193.8468378744973961 -3898.3509532048074107 -1139.4671436450707915 8231.6649347243765078 15394
350000000 312.29954405931022166 13031.747767974193266 3183.698709812535526 -3888.6988319549604967 -1260.9943549952072317 8333.3918967627032544 15417
351000000 311.57839946812691778 13001.655586940605644 3044.5538541118639841 -3930.4619960717491267 -1172.9620890408627929 8147.9779392244763585 15410
352000000 309.41796852950528773 12911.504347216419774 3118.9273040750413202 -3917.8632512021531511 -1156.1087564690001273 8192.8993117461941438 15395
353000000 310.36931874778434803 12951.202631506150283 3049.4784315217675612 -4002.5382368628806944 -1178.5680101809091411 8230.5846785655558051 15413
354000000 309.48222415070290481 12914.185628902705503 2979.5776345507292717 -3965.2168418080173069 -1225.7011324326124395 8170.4956087913578813 15415
355000000 309.58160515994200068 12918.332635422460953 3041.7776993458692232 -3973.99826221859621 -1239.6187916941810272 8255.394753258646233 15405
356000000 312.12670572556123716 13024.535507780736225 2890.1984444678755608 -4091.2955176250784461 -1237.8794649061335349 8219.3734269990873145 15405
357000000 309.10317331993371681 12898.368459419785722 2933.6755201632072385 -4009.1115310272066381 -1279.6587535676251264 8222.4458047580392304 15417
358000000 307.88876162531778391 12847.693051172287596 3082.8558919497900206 -3978.6100652886771059 -1171.5812945456661964 8233.0472517841335502 15424
359000000 311.21034482699155888 12986.297270416142055 3071.113638421309588 -3916.2662809573585037 -1218.8290458303970354 8206.2089652090653544 15399
360000000 311.88042155840474834 13014.258473418432914 2900.7062043838932368 -4035.7256225021478713 -1287.4603435156325304 8223.8921704016738659 15421
361000000 311.0696972622970975 12980.428278218927517 3091.8747504081129591 -4069.2989643348255413 -1119.2361800686494462 8280.4098948115879466 15416
362000000 308.72805518719763995 12882.715394975728486 2931.6761268964264673 -4042.0808264641973437 -1249.9150860252298116 8223.6720393858522584 15417
363000000 315.07400316174937416 13147.521395900721473 3057.6807058936083195 -3884.3392036263385307 -1281.3326752816010412 8223.3525848015488009 15413
364000000 309.0004474803016592 12894.081878613620574 3072.4175253671060091 -3904.7815675939164066 -1146.7060345152594891 8123.9051274762823596 15398
365000000 311.80330370476320923 13011.040471867738233 2989.1935159693280184 -3954.1209019467364669 -1381.6618703166896012 8324.9762882327540865 15440
366000000 307.19921704726715461 12818.919486859227618 3179.9618048851225467 -3976.3326615913942987 -1161.7042512664138485 8317.9987177429302392 15392
367000000 311.34192276468763794 12991.78780195390209 2984.0360144654687247 -3978.8371014232043308 -1232.9588053301529271 8195.8319212188253005 15391
368000000 310.72989804515401602 12966.249014195656855 3190.9400176061953971 -3922.4148747515755531 -1160.8781842232365307 8274.2330765810074809 15398
369000000 309.62519707791119572 12920.151654663774025 3049.3412445804183335 -3906.3687732282605793 -1214.1184563799838543 8169.8284741886618576 15407
370000000 308.7717668809037832 12884.539412262096448 3152.2037578359295367 -3943.7018917780069387 -1221.677539175231459 8317.5831887891690712 15407
371000000 309.80120816835733422 12927.496308790532566 2883.9924183371495019 -3968.6979972189242289 -1328.3378623439778039 8181.0282779000508526 15425
372000000 311.44747816877446667 12996.192455843965945 2880.6983275573502397 -4066.5085454639902309 -1330.3476922480670055 8277.5545652694072487 15440
373000000 308.8789816075844783 12889.013306962531715 3092.0290466453689078 -3961.5385283323448675 -1249.7456645564930113 8303.3132395342072414 15406
374000000 307.09746864031166069 12814.673692715557991 2870.1794613323509111 -4045.1235922528162519 -1238.1933415174266884 8153.4963951025929418 15425
375000000 308.94335088771441633 12891.699331449650344 3029.3424703647688148 -3979.3415304168238436 -1251.6350663379962498 8260.3190671195898176 15424
376000000 315.85169557724668721 13179.973224898278204 3112.3374833065927305 -3961.9624287990318408 -1239.0625881649011717 8313.3625002705266525 15394
377000000 313.20765959877684281 13069.6419400267132 3160.3680937006802196 -3945.5758710891805094 -1200.3899486615730439 8306.3339134514335456 15394
378000000 315.09190921788615469 13148.268586255406262 3244.5502193831116529 -3952.870390028897873 -1217.3988407947072119 8414.819450206716283 15389
379000000 308.17689302608312119 12859.716301959018892 2980.1182747886032303 -3976.9781302117471569 -1348.9435329375032779 8306.0399379378523008 15418
380000000 311.57774743270056206 13001.628378571673238 3075.2539895788563626 -4046.7329210589828108 -1189.9426408166223155 8311.9295514544610342 15398
381000000 312.72188498305570192 13049.371362036497885 3191.1220763085675571 -3844.7430490559381724 -1119.6350093075388941 8155.5001346720446236 15389
382000000 311.39933266201859396 12994.183422810972843 3156.82261084610127 -3878.3385029316368673 -1253.8238908004236691 8288.9850045781640802 15419
383000000 312.42422936780701548 13036.950681400136091 3153.937416705200576 -3865.2814565481498903 -1278.6436205808900013 8297.8624938342400128 15405
384000000 312.6236520078281842 13045.272261093143243 3045.7523855806934989 -3979.6468398305578376 -1333.6520092894443223 8359.0512347006952041 15442
385000000 309.80120344179641734 12927.49611155889761 3020.1072411937279867 -3896.7882312782621739 -1267.8523894349245893 8184.7478619069152046 15410
386000000 308.64634746063467219 12879.30586555591799 3105.058478254190959 -3885.2646429147080198 -1266.9802387824024663 8257.3033599513000809 15419
387000000 312.15890140573259259 13025.878980709829193 3224.4880920880477788 -3913.1577172840729872 -1143.6339431283972772 8281.2797525005153148 15400
388000000 312.32301453112273748 13032.727152268773352 2995.8716933758996674 -3902.210187365456477 -1236.5123811011737871 8134.5942618425306136 15404
389000000 308.00097964451867938 12852.375725063639038 2887.7217754230377977 -4069.1565234894310379 -1247.9057694467815054 8204.7840683592512505 15409
390000000 313.29468399130598755 13073.273325197373197 3084.2024326530340659 -3983.2322483415327952 -1194.073009101572552 8261.5076900961394131 15403
391000000 312.3951957794062082 13035.739157374451679 2855.2148024872099086 -4025.770714608619528 -1287.4158542396346547 8168.4013713354643187 15419
392000000 309.26316006291830263 12905.044443808666983 3237.4887470381950152 -3913.0977042532686028 -1161.4866259454843203 8312.0730772369479382 15399
393000000 308.78612105840818458 12885.138388546924034 3059.6813491393040749 -3973.8637466979007513 -1208.3935723191198122 8241.9386681563246384 15414
394000000 308.86536247878490258 12888.445003054595873 3193.5260660249718967 -3953.3790116464797393 -1231.6913519990630448 8378.5964296705151355 15395
395000000 306.45180709001681407 12787.731295177753054 3119.9895295207124946 -4013.0697580888345328 -1096.6488228032419556 8229.7081104127883009 15395
396000000 309.42598737068698256 12911.838960307150046 3111.8683794640128326 -3998.7219744107137558 -1217.5861506635847036 8328.1765045383108372 15405
397000000 307.68085167978608752 12839.017310140439804 3029.3619700347271646 -3953.3785821893516186 -1283.8676695528934033 8266.6082217769726412 15416
398000000 310.09513546937620276 12939.761412988929806 3008.924131449721699 -3970.300195531332065 -1277.1941147579118478 8256.4184417389660666 15399
399000000 308.5050043588086055 12873.40784973495829 2907.8527688506037521 -3997.883094705538042 -1349.82271494105089 8255.5585784971917747 15407
400000000 310.74218354984662938 12966.761668156899759 2981.779510009625028 -3917.9214003918477829 -1263.9047618593720017 8163.6056722608445853 15411
401000000 311.90714608973900113 13015.373644279839937 3143.112258792592911 -3953.4240239838295565 -1206.1482851182211107 8302.6845678946447151 15401
402000000 306.23259461493142908 12778.583918125023047 3126.4067911805341282 -3846.1508040685148444 -1222.5611348057118448 8195.1187300547608174 15390
403000000 310.28948615384024379 12947.871348295102507 3033.3672759358792064 -4053.0536368170501191 -1179.7043445837621221 8266.1252573366909928 15395
404000000 311.78213068211977088 13010.156956358916432 3192.4685862897904371 -3899.9841997410103431 -1107.0636306151141071 8199.5164166459144326 15393
405000000 313.64622999396931391 13087.942763314382319 3090.4283800190532929 -3932.6173184391996074 -1238.1673883063476751 8261.2130867646010302 15398
406000000 311.36567918698392532 12992.77911849317934 2973.5487166921129756 -4058.0524304166538059 -1187.9762970461574696 8219.5774441549256153 15406
407000000 312.52441585068726226 13041.131299013872194 3100.8099978077079868 -3974.4793170300822567 -1176.5885141545477381 8251.8778289923357079 15406
408000000 307.93094454195829712 12849.453275099071107 3137.9957227195654923 -3983.7460188820514304 -1169.7338040358451963 8291.4755456374623463 15406
409000000 309.11211601186249709 12898.741623286974573 3190.1029783033600324 -3894.8759408932951374 -1228.5951391043743115 8313.5740583010301634 15412
410000000 309.15148770879125095 12900.384539625894831 3032.8222751939665613 -3877.3214062438200926 -1285.2965247407332754 8195.4402061785203841 15416
411000000 309.05691554985128278 12896.43819854207868 3049.8471788679053134 -3936.1471018243096296 -1289.3491769991308047 8275.343457691345975 15412
412000000 311.80450839873549285 13011.09074177137154 3219.5886254833603743 -3915.905512310042468 -1122.5326673140748426 8258.0268051074781397 15388
413000000 310.81667319892613932 12969.869999041766278 3141.3451891323402378 -3870.2120495742897219 -1237.4510934773481949 8249.0083321839774726 15403
414000000 311.44437208506940351 12996.062844065272657 3087.0791924324967113 -3927.263452072623295 -1222.4904283517344084 8236.8330728568544146 15407
415000000 307.95717817281308726 12850.547961488598958 2788.3937351621434573 -4000.8942719975939326 -1377.0838977878395326 8166.3719049475776046 15437
416000000 309.39240734310311609 12910.437720831016122 3159.405568780676731 -3914.6729613573752431 -1232.3413200516138204 8306.4198501896644302 15422
417000000 309.20193384454438501 12902.489574133658607 3153.7007195901660452 -3973.8933085592025236 -1215.6753324469500512 8343.2693605963177106 15401
418000000 309.77754429652264889 12926.508854230225552 3027.4761570838609259 -3842.646278521295244 -1322.968983825533769 8193.0914194306897116 15427
419000000 307.73563491768203448 12841.30332480729885 3353.8919527896191539 -3943.616556214044067 -1147.5205494463457399 8445.0290584500089608 15377
420000000 309.08482710784471692 12897.602902079117484 3066.4562396227192949 -3902.8729347693169984 -1325.2436230030859861 8294.5727973951215972 15411
421000000 307.89807201322668107 12848.081558389663769 3128.6316717222234729 -3987.4268081188247379 -1229.7082221118776033 8345.7667019529271784 15406
422000000 312.37934695925622464 13035.077812103401811 3008.8840045974766326 -3953.4957769519578505 -1261.8611149115477019 8224.2408964609821851 15420
423000000 308.96275294746874351 12892.508947581685788 3027.330087153556633 -4027.3609246219511988 -1286.969349090315518 8341.6603608658242592 15424
424000000 309.81168537127689433 12927.93350528459996 3031.3454948961039008 -3983.8660260156511868 -1229.5500617514210262 8244.7615826631754317 15403
425000000 309.52669483422073426 12916.041317589089886 3064.1375412630341089 -3921.5887410693858328 -1230.0226958848368213 8215.7489782172578998 15398
426000000 313.43087172526912809 13078.956215972782957 2968.8132017848629403 -4114.1636088324703451 -1244.8859708843101544 8327.8627815016443492 15422
427000000 309.22204334273857285 12903.328710511512327 3036.5833337076837779 -4010.3702123513407969 -1185.2068327984420648 8232.1603788574666396 15411
428000000 311.63559717797380699 13004.042353561977507 3129.8027222070527387 -3834.6943763961585319 -1175.7071614199708165 8140.2042600231834513 15396
429000000 308.69538551715578478 12881.352143226735279 3140.3378020543159437 -3827.6087062717392655 -1234.9068106306854133 8202.8533189567406225 15396
430000000 310.64924359416249899 12962.88343623795663 3082.3460287208422415 -3903.767192130228068 -1169.3846477417971528 8155.4978685928681443 15398
431000000 309.99871789856183568 12935.73806589427295 2952.604871386423838 -4011.1384345398737423 -1250.5357842908438215 8214.2790902171418566 15382
432000000 310.45572070500713835 12954.808043472339705 3083.9321840665302261 -3957.2899727988724408 -1170.0908798877244408 8211.3130367531266529 15416
433000000 311.80619230501963557 13011.161008418817801 3144.3432983421321296 -3960.5983859229700101 -1260.4390711673618171 8365.3807554324630473 15402
434000000 307.1930038970161263 12818.660222289501689 3183.6450691544646361 -3843.861943935106865 -1286.1643608188196595 8313.6713739083916153 15400
435000000 309.95579797617631357 12933.947087926520908 3058.8950953991106871 -4008.3419245203349419 -1166.6771688063793135 8233.9141887258247152 15400
436000000 305.0516678185181263 12729.3057797606034 3143.905167853725743 -3927.4210238431960533 -1197.2706214612019266 8268.5968131581230409 15381
437000000 310.45939332094843621 12954.961295712075298 3030.828423872676467 -3919.7891426025989858 -1252.5959276074945592 8203.2134940827709215 15402
438000000 309.09891231761901054 12898.190654781705234 3202.6218118051247075 -3994.0633844358690112 -1182.0913759089480664 8378.776572149941785 15397
439000000 310.55436445541283774 12958.924285390163277 2961.6963462658941353 -3883.7268886793790443 -1325.3416918028638065 8170.7649267481374409 15417
440000000 310.38186694354828887 12951.726247134958612 2994.0897174306915076 -3971.4520514811092653 -1275.2873689320681478 8240.8291378438680113 15427
441000000 309.91874589978505128 12932.400965548196837 2995.8795833905132895 -4059.0068145278901284 -1260.8012271863983642 8315.6876251048015547 15408
442000000 310.32426150151206912 12949.322466518051442 3143.1774554441444707 -3910.9919449716517192 -1279.1639555014648977 8333.3333559172606329 15407
443000000 307.53912791190595044 12833.103409749379352 3067.6769894691224181 -3914.5267014457849655 -1265.8316471973807893 8248.0353381122877181 15407
444000000 314.58721092908291439 13127.208354424383288 3125.7578310459070963 -3896.0768293655783054 -1312.6310535865698057 8334.4657139980554348 15402
445000000 312.28525174994757663 13031.151373345450338 3044.3151751751402116 -3995.3688038986574611 -1203.2517983116340474 8242.9357773854317202 15401
446000000 307.94221093055085703 12849.923403016920929 3258.3434077032779896 -3946.4691599954085177 -1153.7314079452016813 8358.5439756438881886 15416
447000000 309.70204609347098312 12923.358438042239868 2937.2953018942162089 -4055.4546235965153755 -1281.0611336811234651 8273.811059171855959 15428
448000000 309.03845390806833393 12895.667824509600905 3250.2460343063539767 -3823.9006931501230611 -1204.7110641171336738 8278.8577915736113937 15400
449000000 305.85905213628581123 12762.99660314191533 3191.3209283204651001 -3837.9935150098767735 -1297.6163335806859322 8326.9307769110291702 15403
450000000 310.72675969330828138 12966.118055920376719 3066.3459497132898832 -3901.9230191692890912 -1258.9529109982577211 8227.2218798808371503 15426
                                                                                                                                                                                                                                                                                                            455000000 307.46129998608307687 12829.855778051152811 3165.6060784259821048 -3920.2026162423539972 -1234.1599303654943469 8319.9686250338309037 15411
456000000 310.00877337553419011 12936.157664456241037 2978.0467260176428681 -3989.1396729350708483 -1280.6548111278821125 8247.8412100805944647 15412
457000000 310.59192968862720363 12960.49182096108234 2892.1163511225872753 -4067.7523872274314272 -1389.63313375888265 8349.5018721088999882 15439
458000000 308.95513484625547562 12892.191056712579666 3034.7424624196864897 -3904.8991335774981053 -1223.943087854955138 8163.5846838521401878 15408
459000000 311.06189814742009503 12980.102833946517421 3069.5157909288609517 -3919.7007855911419938 -1213.5973472061950815 8202.8139237261966628 15409
460000000 308.02124592235048794 12853.221403598634424 3100.6175923533019159 -3889.9800476630143748 -1195.1919561605798208 8185.7895961768954294 15400
461000000 310.47196698809307236 12955.485974219824129 3101.7564745060371934 -3957.2651666807682886 -1227.1492835792910228 8286.1709247660946858 15408
462000000 309.19254095147817907 12902.097624111383993 3180.5954372643873285 -3989.7972110751034052 -1147.0252670924969607 8317.4179154319863301 15374
463000000 312.11108305167601884 13023.883599222410339 3150.4858550595959059 -3956.9344643470376468 -1179.2819962922458217 8286.7023156988798291 15394
464000000 307.37885769514343792 12826.41559646467249 2953.969222529965009 -4029.3237451259128648 -1302.686454783246063 8285.9794224391243915 15410
465000000 310.02083034014282248 12936.660781814609436 2913.0632017580128377 -3971.7151208595669232 -1251.6685888573481407 8136.4469114749281289 15408
466000000 311.95698551062963588 13017.453361571469941 2931.3790639536973686 -4004.4732515162540949 -1357.9360194587657134 8293.7883349287185411 15417
467000000 312.22817417984447275 13028.769619958544354 3128.0806636698207512 -3918.9966097307783457 -1194.7222919949631432 8241.7995653955622402 15408
468000000 308.50651254079332375 12873.470783695596765 3242.2092043776674473 -3958.2298840546363863 -1196.8063290452328147 8397.2454174775375577 15393
469000000 307.22393768566411154 12819.951038554963816 3082.9951640866779599 -4030.998261071523757 -1216.7234516318030728 8330.7168767900056991 15404
470000000 312.74930903500876411 13050.515722746036772 3224.970334788735272 -3960.1740916867202031 -1095.5514891909224389 8280.695915666377914 15398
471000000 305.5352964340120252 12749.486808681011098 3089.343806358364418 -3930.001931643745138 -1276.4385876691724206 8295.784325671282204 15409
472000000 310.75826637617973347 12967.432778122176387 2937.6626230246997693 -3945.3075895097726971 -1349.0405622520652287 8232.0107747865367855 15426
473000000 312.12628601420078667 13024.517993914038016 2985.3599835296045057 -3933.2984252316482525 -1275.9831939851749212 8194.6416027464292711 15407
474000000 305.23925544450236202 12737.133503728573487 3130.5055927422008608 -3985.7291714115535797 -1152.2848692679840497 8268.5196334217398544 15389
475000000 310.06495898891728302 12938.502197952127972 3051.5613210110059299 -3919.8415200359859227 -1203.1156163419009317 8174.5184573888927844 15412
476000000 310.07010896047222559 12938.717097818594993 3168.3308375749084007 -3999.0495786880987907 -1156.5094075278689161 8323.8898237908761075 15422
477000000 308.39769549794385739 12868.93002696941403 3313.738977715078363 -3875.726559251505023 -1108.3038304742781293 8297.76936744086197 15384
478000000 313.5100876566198167 13082.261766865201935 3221.9232120589140322 -3914.1929128303754624 -1227.667314280132814 8363.7834391694232181 15400
479000000 310.58436236311956691 12960.176048878895017 3036.0793293321912643 -3955.0178517435474532 -1297.7335427143580091 8288.8307237900953623 15416
480000000 310.25338259896716409 12946.364806164052425 3016.9568884205637005 -3953.8697152048362113 -1280.3279177508384237 8251.1545213762365165 15408
481000000 309.57195836366088315 12917.930090435458624 3197.9810315596987493 -3805.8024882165123017 -1201.6409899597297226 8205.4245097359416832 15398
482000000 306.71617460769704167 12798.762918098726004 3039.4560593873093239 -3988.4333992671904525 -1232.2057281723480173 8260.0951868268475664 15424
483000000 307.68419441007705473 12839.156796793036847 3132.5621633604623639 -4023.7615672020092461 -1255.0260489144156963 8411.3497794768863969 15417
484000000 314.41211304244268376 13119.901806794690856 3104.0759368375429403 -3858.6007576134179544 -1277.1063182783314005 8239.783012729290931 15395
485000000 309.55236067927074828 12917.112311208216852 3207.7433890956026517 -3920.6499482541121324 -1225.1304457965622987 8353.5237831462782196 15418
486000000 310.90612917587930042 12973.602850242374188 3122.184729184099524 -3900.5483673835742593 -1299.840924362997157 8322.574020930671395 15409
487000000 307.65196068398853413 12837.811736270221445 2935.5990198565923492 -4016.5085435106220757 -1299.4456068662821053 8251.5531702334956208 15420
488000000 308.48321409633047097 12872.498577820175342 2995.1274954068267107 -3976.237793491962293 -1286.0250568822034438 8257.3903457809938118 15427
489000000 308.51185541385382294 12873.693733025511392 3172.0388750252950558 -3984.1494908808899709 -1147.377348663980456 8303.5657145701661648 15391
490000000 309.92964967428162026 12932.85596217454804 3181.1548138883144929 -3879.6474736873215079 -1216.5224134892350776 8277.3247010648719879 15404
491000000 312.29357543794759522 13031.498707193926748 3025.7128564243034816 -3915.7810300224077764 -1281.0709268849420823 8222.5648133316535677 15393
492000000 307.26909656964062378 12821.835444717764403 3121.8716829988452446 -3916.6016659088145389 -1284.0950288206859113 8322.5683777283466043 15405
493000000 310.96235184049504596 12975.94892982543206 3044.5854411252612408 -3902.0693404193016249 -1299.7083770048657243 8246.3631585494294995 15431
494000000 311.69416986063339436 13006.486495543716956 3074.5174962147057158 -3912.9154712566137277 -1231.3158874813279908 8218.7488549526478891 15381
495000000 308.29110062717438723 12864.481997839522592 3120.9464477004239598 -3932.6943008853168067 -1317.2679052689450145 8370.9086538546853262 15413
496000000 308.76794592560457886 12884.379970064248482 3129.5940746182191106 -3851.7316208708102749 -1262.9476091252524839 8244.2733046142820967 15391
497000000 307.47262652759229695 12830.328416051557724 3105.183769569177457 -3914.9794759672981854 -1183.5617621039632468 8203.7250076404379797 15389
498000000 311.40662796001839752 12994.487843631413853 3018.9952774168632459 -3926.3843785027356716 -1270.1430287009125095 8215.5226846205114271 15423
499000000 309.53590686314066716 12916.42572044717781 3105.8964899123348005 -3865.426267573205223 -1272.4300044941346641 8243.7527619796746876 15421
500000000 310.51897982135915299 12957.447742645796097 2843.9486326172991539 -4032.7703446238920151 -1314.0522163609380186 8190.7711936021296424 15406
