# Steps Temp KinEng PotEng Epair Ebond Eangle Bonds
1000000 311.32262540998311806 12990.982554991867801 6820.792630389032638 -2058.8744793888508866 367.75101352683873301 8511.916096251045019 14897
2000000 306.76409402833854756 12800.762516928973128 6076.7668526189409022 -2394.0875456520107036 -78.533118709168903138 8549.3875169801212905 15070
3000000 312.63915610627009301 13045.919221692696738 5318.4763383997888013 -2557.0069426007448783 -555.39050889413442746 8430.873789894667425 15181
4000000 310.32199265473076366 12949.22779126302521 5440.4305072035076591 -2628.581641876692629 -468.91255762969734633 8537.9247067098986008 15191
5000000 310.31181076409723119 12948.80291766630944 5119.6398195688798296 -2795.7373618704968976 -611.19891136601677317 8526.576092805393273 15215
6000000 309.7543662248677947 12925.541671314656924 4865.8729753783118213 -2834.6590328439683617 -735.54678895232132163 8436.0787971746012772 15235
7000000 312.67146329934661253 13047.267347872428218 4713.5260274424308591 -2952.1284730958386717 -851.6392686132523977 8517.2937691515217011 15284
8000000 310.22283891936405098 12945.090268509209636 4771.7290918732160208 -3058.6690496100918608 -742.55483860097137949 8572.9529800842792611 15267
9000000 312.24110971471628773 13029.309398613044323 4519.5876415574484781 -3150.492847467149204 -860.7027360262708271 8530.7832250508690777 15273
10000000 310.86841972092224751 12972.02929653467254 4476.4433010641632791 -3057.7906477033975534 -851.7542677422518409 8385.9882165098133555 15278
11000000 309.19025608711979203 12902.002280469137986 4608.2967615950628897 -3154.7698543938959119 -810.41517893953766816 8573.4817949284952192 15291
12000000 311.45198538977467706 12996.380534783966141 4412.4277558591875277 -3213.0342593987479631 -831.20732076017907275 8456.6693360181143362 15291
13000000 309.5880937621262774 12918.603394149589803 4445.2047273286207201 -3184.0756284894391683 -885.78458110512406165 8515.0649369231832679 15291
14000000 310.63215007648926758 12962.170151780703236 4007.7948106486765028 -3304.9057221070106607 -980.84588105736429497 8293.5464138130519132 15324
15000000 312.15796464356787965 13025.839891161087507 4255.6907188932600548 -3174.5770981589494113 -1024.2239640221760055 8454.4917810743863811 15340
16000000 311.30831766518787163 12990.385516267839193 4207.9402408303612901 -3364.9692365028213317 -899.44954317485985484 8472.3590205080417945 15331
17000000 311.3366839264238024 12991.569193825424009 4159.4737511053153867 -3434.1921592206890637 -938.87005429061241557 8532.5359646166180028 15309
18000000 308.79600338529075998 12885.550761839631377 3992.2396936318000371 -3420.0468114036939369 -978.61742121919780857 8390.9039262546921236 15324
19000000 310.60218438048627831 12960.919732433538229 4131.3990904200763907 -3358.2849233232673214 -991.00426722983343097 8480.6882809731760062 15312
20000000 310.45682111078167509 12954.853961600523689 3976.5468590096784283 -3449.7957692138679704 -944.79667576952920172 8371.139303993075373 15360
21000000 311.35278540450309492 12992.241082097476465 3874.4273325890344495 -3509.1105017607560512 -1015.7618812807713766 8399.2997156305627868 15333
22000000 310.57020063537788701 12959.585103207025895 3752.8032056730116892 -3601.991559133636656 -1155.8749063616710373 8510.6696711683180183 15355
23000000 311.43804795091165261 12995.798948319146803 3715.0218723662669618 -3477.618533288220533 -1111.751771827786115 8304.3921774822738371 15353
24000000 306.85212515160270641 12804.435911322056199 3695.7884160875419184 -3662.0750199980147954 -1054.7170638029997463 8412.5804998885560053 15365
25000000 309.72035719061221926 12924.122530093729438 3729.4414364852641484 -3580.7067967554125971 -1079.8909841979323119 8390.03921743860883 15354
26000000 311.25379165839478901 12988.110235433014168 3743.1461641707628587 -3561.8524662324707606 -1144.4766602077336302 8449.4752906109661126 15384
27000000 311.58217412843492866 13001.813097324400587 3765.2855908321816969 -3616.0595190966496375 -1023.4524222819059105 8404.7975322107376996 15373
28000000 310.29509962660267774 12948.105589306765978 3512.9769714392559763 -3717.8264214492110113 -1096.7234139371280435 8327.5268068255954859 15369
29000000 312.21368595003650626 13028.165049890949376 3614.5400557124758052 -3676.5485671564847507 -1140.7423211918426205 8431.8309440608027217 15368
30000000 309.84072559464186725 12929.145306176458689 3452.2279816021191436 -3782.2727146674542382 -1084.4648430437455318 8318.9655393133198231 15382
31000000 312.7189193929754083 13049.247612826342447 3435.6505294414932905 -3770.7123381333658472 -1160.2823397225602093 8366.6452072974207113 15385
32000000 310.79180143219821275 12968.832141008644612 3373.0574371114935275 -3757.481847188465963 -1142.5303321875155689 8273.0696164874734677 15377
33000000 309.14030645649000917 12899.917964305848727 3337.4945910517108132 -3674.9319403018480443 -1160.4702453387326386 8172.8967766922914961 15374
34000000 310.4552213270089851 12954.787205247510428 3421.5411467318153882 -3730.4247558258134632 -1164.3153640348182307 8316.2812665924466273 15387
35000000 311.50281358312639668 12998.501511928703621 3309.067223884420855 -3800.2214824283551025 -1198.1450094281349266 8307.4337157409099746 15372
36000000 310.17654834103507255 12943.158638597184108 3339.8483665602007022 -3833.2807949530802034 -1098.0294929826541193 8271.1586544959354796 15363
37000000 311.27812379771938822 12989.125575699643377 3296.3039470593544138 -3715.6578718792770815 -1172.3850676226124961 8184.3468865612430818 15388
38000000 307.79390067024593236 12843.734659099543933 3433.1114430269281002 -3682.3131125319655439 -1189.5456309868663993 8304.9701865457609529 15383
39000000 307.93773015820892169 12849.736427736052065 3327.3883671896828673 -3785.0373116940972977 -1162.4668673699216015 8274.8925462537008571 15383
40000000 309.43083436685469678 12912.041217507621695 3396.7510533495242271 -3862.0886197474733308 -1177.7752267787857363 8436.6148998757853406 15400
41000000 309.83300891666061716 12928.823301860500578 3260.1975889836785427 -3819.8242468093894786 -1212.4226938944725589 8292.4445296875419444 15408
42000000 309.39860345516683537 12910.696274425128649 3510.9767294550401857 -3815.5395409802113136 -967.0434657610760496 8293.559736196326412 15362
43000000 312.95872750863014744 13059.254412180913278 3168.7806782007978654 -3902.4263733650359427 -1152.9991695041903768 8224.2062210700241849 15399
44000000 308.89812253233822048 12889.812026359282754 3102.9694362440832265 -3888.9045294139118596 -1203.2776752687377666 8195.1516409267314884 15395
45000000 308.84976251129097591 12887.794041996738088 3284.9052967422294387 -3807.0372578824694756 -1205.2065149621225828 8297.1490695868196781 15393
46000000 307.34693506762073412 12825.083517574772486 3162.5238431842126374 -3864.9040444795318763 -1305.7609814337583884 8333.1888690975029022 15398
47000000 308.61897182371075132 12878.163525126141394 3095.8327526770790428 -3925.5579018651142178 -1209.5237563881769347 8230.91441093037065 15408
48000000 306.87314143739524752 12805.312886459156289 3029.8999364624578448 -3925.680532927585773 -1261.3222776065363178 8216.9027469965803903 15420
49000000 308.5305862171477429 12874.475338726388145 2923.3976983286725044 -4005.5426122896278684 -1213.5335803733048579 8142.4738909916040939 15422
50000000 308.97924595328692021 12893.197173664133516 3288.7141120509622851 -3909.2238585416271235 -1124.9607120422465414 8322.8986826348373143 15401
51000000 310.39526506430593145 12952.285328739781107 2998.7229137162530606 -4026.5406789735907296 -1263.5508416639029292 8288.8144343537478562 15409
52000000 309.55241395475519539 12917.114534306805581 3120.1919085605022701 -3913.4556201698305813 -1155.8294694766223074 8189.4769982069556136 15403
53000000 307.7743969042890626 12842.920798934486811 2976.9533477926765954 -4007.2752553999739575 -1402.0251986923599361 8386.2538018850118533 15431
54000000 308.6515377053216298 12879.522445954133218 3160.9178077800397659 -3847.3026102713929504 -1266.6071404721215004 8274.8275585235569451 15405
55000000 305.06133853664675826 12729.709322967068147 3090.1172074513915504 -3979.4771430069072267 -1255.6904202933537817 8325.2847707516521041 15424
56000000 311.14332820948817471 12983.50077688235433 3081.0176359087899982 -3886.4419639397251558 -1253.4899054332586275 8220.949505281774691 15422
57000000 311.84098447374083207 13012.612828556568275 2951.6255608686155938 -3994.5753853427945614 -1354.8725836965372764 8301.0735299079460674 15425
58000000 315.0268008741152812 13145.551721854697462 3195.0132832511262677 -3945.052979600166509 -1211.1827531112478482 8351.2490159625394881 15419
59000000 312.51152225623894765 13040.593270464458328 3036.4816377518882291 -4024.4030738730111807 -1204.3173040769040654 8265.2020157018032478 15409
60000000 309.72359467704029612 12924.257625092539456 2834.1898914207204143 -4088.1673801699816977 -1291.0406961801932084 8213.3979677708957752 15422
61000000 311.62158493178213803 13003.457645510025031 2913.829643385678537 -4023.663057202525124 -1394.3362209376768988 8331.8289215258810145 15428
62000000 310.5568305625188259 12959.027191995008252 3057.1602540219678303 -3988.5378978978160376 -1212.7522254022537709 8258.4503773220385483 15402
63000000 307.15952460444395911 12817.263186320189561 2989.0013895699721616 -3914.1882074253821884 -1265.0866320114412247 8168.276229006795802 15424
64000000 308.99315920732982477 12893.7777509360767 3195.3115513835973616 -3908.7513859194168617 -1250.2258319063109866 8354.2887692093245278 15400
65000000 309.58582919098034836 12918.508897309815438 2887.6656910339142996 -3996.4434440095410537 -1299.4624180725634233 8183.5715531160185492 15411
66000000 310.55545221017098356 12958.969675612182982 2995.0245588924808544 -3995.9465999572739747 -1242.3541955579798923 8233.3253544077342667 15398
67000000 304.61032013403490737 12710.889064745890209 3021.9698675490881215 -3955.9168780251275166 -1267.2623265500935759 8245.149072124309896 15423
68000000 312.50880107887621762 13040.479720196140988 2928.6658751270229004 -4086.9931369825417278 -1250.6417527033115675 8266.3007648128768778 15427
69000000 314.15117629578537617 13109.013344321661862 2925.9621170641694334 -4072.3117924982661862 -1305.8357109449193558 8304.1096205073554302 15421
70000000 310.15470886525764627 12942.247313092137119 3055.3766583583465035 -3997.8160500108642736 -1250.1271427373308143 8303.3198511065420462 15398
71000000 310.47403709136278849 12955.572356234071776 3290.0197156067679316 -3930.360777198982305 -1147.4311662739823987 8367.8116590797326353 15409
72000000 313.45636032950892513 13080.019813623594018 3105.6455106852890822 -3953.7888466497306581 -1284.1465305946562694 8343.5808879296746454 15423
73000000 314.46510068233573065 13122.112894101866914 3030.1069880747445495 -4015.1590447722519457 -1217.5520380524533266 8262.8180708994514134 15415
74000000 311.10151105502274049 12981.755815611246362 3055.9420215392519822 -3962.9840103988340161 -1247.9345719833461317 8266.8606039214319026 15426
75000000 310.46917494995932429 12955.369467047752551 2980.5375670539633575 -4059.4752096548036207 -1184.7117933996319152 8224.7245701083993481 15386
76000000 308.77460296517261895 12884.657757407145255 2875.182348310726411 -4061.2165313547552614 -1363.9669703056138133 8300.3658499710945762 15431
77000000 313.8209086463937183 13095.231816987838101 2727.6177536642990162 -4110.6232332792151283 -1451.4282151815896214 8289.6692021251037659 15431
78000000 307.5384909512933973 12833.076830427702589 2845.631702058247356 -4020.2870875178887218 -1335.496791556150356 8201.4155811322852969 15408
79000000 310.20363729586551926 12944.289016253393129 3041.6824340708235468 -3944.7346701578280772 -1264.5756544913165271 8250.9927587199672416 15398
80000000 313.50486242356595312 13082.04372645982221 3015.6732350429510916 -4007.7578456137034664 -1290.7056796491060595 8314.1367603057606175 15413
81000000 308.29250993020269789 12864.540805743481542 2966.1336686609884055 -4029.3035795407677142 -1258.5890738693683488 8254.0263220711240137 15411
82000000 308.70193153307587863 12881.625297734894048 3099.4752671213300346 -3909.1072863158751716 -1199.0337865269921167 8207.6163399641973228 15402
83000000 314.11209552811129697 13107.382567983382614 3108.7230265451476043 -3976.4745761190802114 -1119.2648537870149994 8204.4624564512414508 15405
84000000 309.4826933341454378 12914.205207158251142 3097.6619459179155456 -4112.0456307384547472 -1081.7816429866825274 8291.4892196430519107 15401
85000000 307.97998280048437891 12851.499561199223535 2775.6014514598236929 -4043.0193958437184847 -1343.2965769166569316 8161.9174242201988818 15436
86000000 306.60143564585820286 12793.975049405715254 3013.2037531390660661 -3988.048753853641756 -1246.5625137862455176 8247.8150207789531123 15416
87000000 309.90290184438316601 12931.739819102269394 3086.7909075908837622 -3986.8365703560120892 -1234.5266486952186824 8308.1541266421136243 15417
88000000 307.75394216195559238 12842.0672560849398 3110.097433473475121 -3918.9278304173058132 -1163.9657097066253755 8192.9909735974069918 15405
89000000 308.0755650415686091 12855.488051354273921 3066.1358143391548765 -3967.9597384728631368 -1190.3035850458427376 8224.3991378578612057 15411
90000000 307.08432300497867118 12814.125146913402205 2915.6776776372917084 -4020.5385474342183443 -1267.0233601278596325 8203.2395851993696851 15416
91000000 312.325942713074312 13032.849340499071332 2796.3373918826673616 -4091.739215573108595 -1317.901266901164945 8205.9778743569404469 15421
92000000 310.21703651282689407 12944.848143601000629 2922.1161161163631732 -4013.0398366377035018 -1269.9869782199652946 8205.1429309740324243 15423
93000000 308.32060769116344545 12865.713279224954022 3176.1869198246595261 -3958.7665167198160816 -1072.9393181557732078 8207.8927547002494975 15408
94000000 310.97842337499520227 12976.619568601039646 2837.7669632513288889 -4056.2755847999333128 -1344.0128986185995927 8238.0554466698613396 15412
95000000 310.69360468901629702 12964.734551969128006 2789.831076276953354 -4081.6673624392296915 -1326.7188804468069065 8198.217319162988133 15437
96000000 313.53029292375606474 13083.104899523936183 3034.1603440852832136 -4020.2592417635260063 -1285.4354031667189702 8339.8549890155281901 15417
97000000 309.54942674928213364 12916.989883121759703 2966.2190783820037723 -3997.0496769262617818 -1240.1801327644648154 8203.448888072731279 15414
98000000 306.36482702593065142 12784.101759760314962 3051.0147340444136717 -4033.938345256006869 -1221.2450899868633769 8306.1981692872832355 15394
99000000 310.56786503077847783 12959.487642257741754 2835.1938375733379871 -4097.0412144301280932 -1276.8040327883029477 8209.0390847917697101 15423
100000000 312.20215928433702857 13027.684061036310595 3033.2050374845011902 -3988.1439264119130712 -1140.9030236489575145 8162.2519875453708664 15409
101000000 310.78150760228510308 12968.4025963693839 2816.0426234941023722 -4088.0193334450718794 -1369.7561848900124915 8273.8181418291860609 15418
102000000 307.46787982308700293 12830.130343857670596 2945.1651396715969895 -4023.7738909531312856 -1302.8400035214644959 8271.7790341461932258 15415
103000000 309.68745065087136936 12922.749394160689917 3019.6434202314308095 -4017.0534744126953228 -1255.8298770300916658 8292.5267716742182529 15414
104000000 308.99649656406432996 12893.917013358974145 3028.1813073572438952 -3929.5102785323801982 -1309.5798221718400782 8267.2714080614641716 15432
105000000 314.68807995865711291 13131.417453592206584 2973.1213362663720545 -4040.9110912051337436 -1139.1035329501453361 8153.1359604216513617 15406
106000000 309.64683991519171968 12921.054774766855189 2789.4081684114344171 -4012.8690770190141848 -1353.5217617458904442 8155.7990071763388187 15431
107000000 305.40364768879294388 12743.99332246144877 3077.8982251851957699 -3936.3551100825611684 -1251.3447615855684489 8265.5980968533258419 15418
108000000 311.1373168097950952 12983.24993103252018 3036.3581732892876062 -4018.3003722870262209 -1225.2126360212021154 8279.8711815975148056 15403
109000000 309.11997495951612791 12899.069564283021464 3015.797293499355419 -4006.8965280419183728 -1264.8330222647973642 8287.5268438060702465 15420
110000000 310.32404223505739083 12949.313316888517875 2763.8518565092513199 -4131.1905490971985273 -1345.5543570814102168 8240.5967626878591545 15422
111000000 310.86005459034083742 12971.680233355245946 2955.7296564272683099 -4004.0409015513528175 -1220.2704712179549915 8180.0410291965763463 15394
112000000 310.6147148033250005 12961.44260642732479 3001.0481062859607846 -3964.333412844389386 -1193.6126233970385329 8158.9941425273882487 15401
113000000 309.32051332742742034 12907.437701470966203 3023.846556663478168 -3973.4853724807639992 -1248.2261568218850698 8245.5580859661258728 15413
114000000 305.64449660967699174 12754.043552911203733 3093.5759806941550778 -4024.5250334932534315 -1193.3924950223743053 8311.4935092097839515 15430
115000000 308.53479973764916622 12874.651162026275415 3005.9153095501856114 -4035.0731265199956397 -1206.4503684047765546 8247.4388044749575783 15424
116000000 308.79090763786581419 12885.338124657175285 3103.5422012962753797 -4026.6432771476838752 -1186.3948560429735153 8316.5803344869327702 15385
117000000 310.29155087359691834 12947.957505664180644 2762.9144031929040466 -4104.4771934174532362 -1368.37763546299675 8235.7692320733531233 15418
118000000 311.39925879311101653 12994.180340382612485 3008.1391048284467615 -3984.1879123315206925 -1230.262983984970333 8222.5900011449375597 15406
119000000 310.47708971060342265 12955.699737028351592 2898.7462902868314814 -4155.4401121447936021 -1242.8153459181530707 8297.0017483497795183 15433
120000000 310.59743454172382826 12960.721529452239338 3032.5213277348107113 -4009.4345642318903629 -1255.5462129405789256 8297.5021049072802271 15410
121000000 308.56877575553357929 12876.068925528183172 2919.4479983503347285 -4011.919377513991094 -1236.9864860733405294 8168.3538619376668066 15411
122000000 309.67856270482172931 12922.378514749249007 3036.2151045963555589 -4005.507012631462203 -1148.2204358090207279 8189.9425530368389445 15394
123000000 309.5764597735722532 12918.117926888251532 2929.1818313924459289 -4035.245620495968069 -1205.7581597231646811 8170.185611611578679 15414
124000000 309.28613155016165592 12906.003006295564774 3015.500816500871224 -4023.3157246117002614 -1315.6758669865510001 8354.4924080991222581 15416
125000000 308.04418311372091921 12854.178534975004368 2896.4176503856106137 -3983.3710460427309954 -1347.1231550753209376 8226.9118515036625467 15439
126000000 313.02516531853865445 13062.026753023075798 3089.1105023543714196 -3995.888717043773795 -1219.5286159660679459 8304.5278353642133879 15416
127000000 308.77825475979466319 12884.810140807378048 3089.1789176973243229 -3968.898918994620999 -1199.9118668649507526 8257.9897035568974388 15435
128000000 307.575610610298952 12834.62577291767775 2904.4933545776070787 -4064.079413461574859 -1298.9209768537475611 8267.4937448929285893 15410
129000000 311.64448819732956508 13004.413361217442798 2826.767301521407262 -3929.5597968628699164 -1373.6549341057989295 8129.9820324900756532 15417
130000000 309.84205623352136172 12929.200831554504475 3167.2497632273884847 -3955.934246713198263 -1219.1911535963715778 8342.3751635369590076 15404
131000000 311.73176637262554323 13008.055336326731776 2919.0469217404561277 -4054.0777388763322051 -1191.4523314166992805 8164.5769920334878407 15413
132000000 313.14993584610152766 13067.233222500877673 3072.5819604552475539 -4015.5871233890916301 -1189.9104884178909742 8278.0795722622315225 15423
133000000 308.11909652425413242 12857.304548730318857 2913.5312494586341927 -3978.0503448787148955 -1379.1155447385915522 8270.6971390759408678 15430
134000000 311.82523099014440504 13011.955461523535632 2911.2024652578684254 -4032.7450062201828587 -1309.4516401036371462 8253.3991115816879756 15425
135000000 309.75338756977600951 12925.500833642778161 2968.9922341675055577 -4021.6753627045673056 -1246.8889772907334645 8237.55657416280701 15422
136000000 312.57482854538380934 13043.234938081192013 3063.0254003692439255 -3946.9030063706104556 -1294.36600248751256 8304.2944092273664864 15425
137000000 310.47595672043127024 12955.652459206696221 2798.1652284768388199 -4022.185500079141093 -1376.8207874572672154 8197.1715160132462188 15423
138000000 306.69614558271581473 12797.927139736064419 3020.1235330578247158 -4080.2745042453470887 -1170.547430379415573 8270.9454676825880597 15409
139000000 309.34478651953691042 12908.450581966988466 2904.3804654932582707 -4029.4915471971439729 -1167.7458292457608877 8101.6178419361640408 15398
140000000 306.83702084495774898 12803.805633378486164 2928.8210916176712999 -4000.5596450577886571 -1261.6811840598202252 8191.0619207352801823 15414
141000000 309.3567916287230446 12908.951535483625776 2911.8592917506048252 -4091.6828525111768613 -1234.8620481171428764 8238.4041923789245629 15431
142000000 307.85676703180496361 12846.357969259652236 2945.1879593161756929 -3967.2326596868215347 -1291.8193583647137075 8204.2399773677097983 15423
143000000 311.14047902511970278 12983.381885091634103 2874.0956962124510028 -4074.7221656833175985 -1259.4538462991936285 8208.2717081949631392 15432
144000000 310.52787031972036402 12957.818728561014723 3020.8735043686333483 -3872.5308269570018638 -1288.89062257925616 8182.2949539048922816 15409
145000000 307.71939751151199971 12840.625764478956626 2936.2498908262750774 -4046.1525395283852049 -1307.1926570874827576 8289.5950874421432673 15422
146000000 310.24056982953800343 12945.830150310124736 3162.2173635574572472 -3984.43781273217337 -1186.3472336848954001 8333.0024099745278363 15425
147000000 309.79694752637772126 12927.318519188644132 2944.54112085299721 -4082.3907116633181431 -1315.0986585840414591 8342.0304911003549933 15434
148000000 310.17687614156608333 12943.172317175714852 3143.3975839126160281 -3958.5450835000028746 -1248.8778576520535353 8350.8205250646733475 15414
149000000 308.78734327829238282 12885.189389778117402 2819.7429150116081473 -4086.5374254607017974 -1434.3612997695502145 8340.6416402418599318 15454
150000000 310.7297763727241886 12966.243937004717736 3068.9181928714933747 -3948.6032214052165727 -1213.5367802990986092 8231.0581945758094662 15401
151000000 310.40784665598005176 12952.810337925147905 2791.8976573080253729 -4098.7114679472142598 -1309.679804744544299 8200.288929999784159 15408
152000000 306.70833370678326446 12798.435730163533663 2958.5912207982205473 -4001.0481294741548481 -1354.5749015813780716 8314.2142518537548312 15411
153000000 313.46851704704403119 13080.527093507978861 3128.7488800602427546 -4024.0068488986580633 -1183.1324104741768224 8335.8881394330783223 15415
154000000 312.14103615554370208 13025.133493120421917 2860.1372289227101646 -4034.3672632201387387 -1356.0998758691521289 8250.6043680120019417 15421
155000000 308.19325774437595555 12860.399174813439458 2977.8698152873153049 -4025.1389718940663442 -1276.1328343557379412 8279.1416215371209546 15415
156000000 303.91850140846344175 12682.020603986638889 2801.8611194435547986 -4007.544846915236576 -1335.2803539549324796 8144.6863203137227174 15418
157000000 312.76229751323597839 13051.057710639925062 2958.7826501502186147 -4034.2085696176463898 -1250.9410009093207918 8243.9322206771848869 15409
158000000 312.870756909650936 13055.583543366974482 2952.7452165838294604 -3971.793139931906353 -1268.3403373187907164 8192.8786938345256203 15406
159000000 308.68160861596248878 12880.777255735572908 2853.3342127344199071 -4029.0483428149200336 -1239.9643227969174859 8122.3468783462567444 15418
160000000 310.19162641693100113 12943.787821974618055 3083.3594612990200403 -4031.8274109670946928 -1174.0299895994221515 8289.2168618655377941 15414
161000000 307.77229127003374742 12842.832934270483747 2807.4654316671771994 -4123.4199089631802053 -1329.1914720149211462 8260.0768126452785509 15427
162000000 310.57077760893554341 12959.609179367287652 3017.6078527267986829 -3954.6306834326842363 -1273.6112844740946457 8245.8498206335752911 15413
163000000 307.97895851004477663 12851.456819239127071 3028.5678802637421541 -3949.9661175833930429 -1316.6765515369079367 8295.2105493840426789 15425
164000000 308.80320618446529579 12885.851322835800602 3065.243091868449028 -3993.0050160887285529 -1147.7018187042012869 8205.949926661378413 15395
165000000 311.16345536363178326 12984.340650014019047 2939.1623866824347715 -3998.3419119212112491 -1222.5405126510945593 8160.0448112547410346 15405
166000000 306.709998855139645 12798.505214073418756 3154.1028447038429476 -4029.0834133141147504 -1165.2699789668845369 8348.4562369848426897 15409
167000000 311.13386402578640855 12983.105852018781661 3069.8231745082530324 -3889.443780484619765 -1143.6491414523025014 8102.9160964451766631 15371
168000000 310.61067828461244744 12961.274169121785235 2882.9864899901235731 -4006.6150967034272981 -1273.4380568074184339 8163.0396435009697598 15414
169000000 311.87028212370603342 13013.835371438244692 2847.6208336696381593 -4159.8235730852757115 -1260.4092512102502042 8267.8536579651627108 15420
170000000 314.35912288187080321 13117.690614303721304 2876.5025020081038747 -4064.8806208929536297 -1374.4549431172470122 8315.8380660183047439 15429
171000000 307.96393009698584819 12850.829708210429089 2936.1633254818716523 -3991.3327562326312545 -1271.5450001526232882 8199.041081867126195 15421
172000000 313.09873822255963205 13065.096829640211581 2897.453188464494815 -4037.7192678120127312 -1209.1987059043453883 8144.3711621808542986 15410
173000000 310.01353403953032739 12936.356319156786412 2977.0294337437080685 -4064.8027032192967454 -1203.3916971229045885 8245.2238340859112213 15402
174000000 312.09705498351485176 13023.298230945620162 2841.3602992357737094 -4001.2002578184055892 -1325.326922228759031 8167.8874792829383296 15428
175000000 309.81747467966272325 12928.175083628437278 3100.0527946318243266 -3921.7617691116465721 -1349.0091158780041951 8370.8236796214750939 15437
176000000 309.0075081675846036 12894.376509513635028 3052.8582780467850171 -3934.2038769336968471 -1273.4227294093475393 8260.4848843898289488 15400
177000000 311.40301431913019314 12994.337052323917305 3049.1857275164293242 -3947.9244029177443736 -1270.2452543396716464 8267.3553847738457989 15400
178000000 311.58958285444424519 13002.122251309643616 2859.648682237569119 -3968.1069313075522587 -1333.8249224754918032 8161.5805360206131809 15415
179000000 309.21298688563871337 12902.950799410322361 3017.2563353598011417 -3929.807484249558911 -1229.907130173497535 8176.9709497828580425 15404
180000000 313.32648808408703189 13074.600457826913043 2993.74608981713709 -4084.7668335283719898 -1148.6381926863027729 8227.151116031811398 15389
181000000 309.90152821598155697 12931.682499841972458 2950.8324864203068501 -3941.2582139915843982 -1314.2264750853237274 8206.3171754972136114 15420
182000000 308.02635074554444827 12853.434419498047646 2887.5274592822788691 -4103.5201907634427698 -1292.3768781408534778 8283.4245281865751167 15432
183000000 308.51364655204139353 12873.768474284415788 3028.0803138546784794 -3933.308334454353826 -1210.3712134727300054 8171.7598617817620834 15386
184000000 307.82590700124791283 12845.070230798351986 3084.2648192038441266 -3943.0608355908839258 -1244.6899287379674206 8272.0155835326950182 15423
185000000 310.1484322901426367 12941.985401906860716 2861.4631694775598589 -4047.4743336189731053 -1302.9653151018455901 8211.9028181983794639 15425
186000000 308.07984769164681893 12855.666759318019103 2905.5581672339030774 -4044.7839385873044193 -1318.3676350769565033 8268.7097408981644548 15425
187000000 311.40457580910577917 12994.402210739583097 3096.9503305650982838 -3957.105217712155536 -1224.1083062485217852 8278.163854525777424 15426
188000000 310.27572257742002648 12947.29701682486666 3025.2757642770011444 -4021.4745140851982796 -1316.0966870736356213 8362.8469654358359548 15418
189000000 308.97967993620238758 12893.215283059416834 3140.1913582069964832 -3954.0231280773805338 -1269.7730278864219144 8363.9875141707998409 15421
190000000 312.30815004877626961 13032.106881799842085 2906.1567083318650475 -4001.4056921180367681 -1295.433171630179686 8202.9955720800826384 15418
191000000 307.77085003844695166 12842.772794040145527 2946.6304271965209409 -3972.1084421261621173 -1308.3631420002129744 8227.1020113228951232 15422
192000000 309.3827703154917117 12910.035583474576924 2931.4956489178730408 -4028.866401970842162 -1308.2777812292347335 8268.6398321179494815 15430
193000000 315.52042220104476655 13166.149730234164963 2975.470398896819006 -3923.9832619116255046 -1310.4987105931600126 8209.952371401604978 15419
194000000 312.50219305268592507 13040.203978101109897 2991.2842331300244041 -4011.0178058440251334 -1351.283057256533084 8353.5850962305812573 15426
195000000 311.36535300669976323 12992.76550752489311 3073.3578971211072712 -4048.3321425009307859 -1237.4049389753336072 8359.0949785973716644 15422
196000000 309.00084733589608277 12894.098563931769604 2959.2460941799490683 -4013.9763146726986633 -1340.3522913358365258 8313.5747001884828933 15435
197000000 312.5859246838749641 13043.697961741539984 2937.4693143052400046 -4051.8342261363382022 -1296.7698180318993764 8286.0733584734771284 15418
198000000 309.89029415639043918 12931.213720960329738 2989.4270402201264005 -3950.4447786753544278 -1282.4296556379383674 8222.3014745334203326 15419
199000000 308.51003188979677816 12873.617640357391792 3006.36878621656615 -3986.6306393524992018 -1286.5741566648880507 8279.5735822339538572 15413
200000000 314.06102573354064589 13105.251509216031991 2875.9648429066751305 -4046.8459734045418372 -1305.5366612602424539 8228.3474775714603311 15426
201000000 308.19504192924392783 12860.473625921720668 3060.5541515173599691 -4027.9849852305051172 -1183.2393727228245552 8271.7785094706887321 15396
202000000 304.26780567036132652 12696.596497938206085 2865.453330119772545 -4034.4075520478800172 -1284.759007067144239 8184.6198892347965739 15423
203000000 310.16865837285462248 12942.829403165431359 2937.7576838209520247 -4015.3170230382702357 -1250.9830911478500184 8204.0577980070720514 15410
204000000 309.93540790135745056 12933.096243546297046 3089.0997416012814938 -3937.0460325587291663 -1299.6160395563310885 8325.7618137163408392 15408
205000000 309.74893596684012209 12925.315075553382485 3142.8458062847766996 -3945.6643303508149074 -1161.130656009201175 8249.6407926447936916 15401
206000000 310.23488968840712232 12945.593127336789621 3055.4992257104713644 -3965.1354436298379369 -1237.7652599205111983 8258.3999292608204996 15416
207000000 312.12255858881138693 13024.362454565925873 2927.3766771194027569 -4061.8389414566240703 -1314.7833381277655462 8303.9989567037937377 15437
208000000 308.21968985431988131 12861.502143409830751 2940.3406510488630374 -3997.9484832535499663 -1287.247880266097809 8225.5370145685119496 15421
209000000 305.53922112265121314 12749.65057950100163 2962.0531859233929026 -3990.3136172481313224 -1262.7203527555398068 8215.0871559270635771 15413
210000000 311.54820448194783467 13000.395599690453309 2920.8815478674505357 -4040.3312923718212915 -1336.8950147134892177 8298.1078549527628638 15425
211000000 311.10109912014047495 12981.738626244228726 3097.3498498555845799 -3891.0500781189648478 -1225.7987639322186624 8214.1986919067676354 15419
212000000 311.30453329529279927 12990.227600718899339 2845.1549103937486507 -4065.3196093341571213 -1309.5257308826151075 8220.0002506105211069 15423
213000000 308.33909246553821504 12866.48461854254856 2791.7290087950404995 -4132.8233126838695171 -1284.5923771496773043 8209.1446986285864114 15420
214000000 309.38866045150416539 12910.2813691899064 2678.0692767384534818 -4087.2437037119379966 -1383.7476530623337112 8149.0606335127249622 15432
215000000 308.49928985826380767 12873.16939299963451 2820.5048303841899724 -4040.4639516596580506 -1375.120504126672131 8236.0892861705215182 15423
216000000 309.32851834547750514 12907.771737745086284 2931.6533488800378109 -4031.781788622145541 -1327.7267997442711476 8291.1619372464556363 15424
217000000 306.26209148624070622 12779.814774186643263 3070.6942903664485129 -3990.1626455062614696 -1201.8779592532007428 8262.7348951259100431 15412
218000000 309.2691974639548107 12905.296374651918086 3069.2549240492194258 -4015.3671823954264255 -1171.4931056110331156 8256.1152120556798764 15408
219000000 312.02686886513646414 13020.369479338649398 2981.3479632986836805 -4019.9159635090472875 -1236.7291901540188519 8237.9931169617502746 15411
220000000 310.44676484159106167 12954.43432998058779 3194.2915293614196344 -4059.985894905863006 -1130.454491159707004 8384.7319154269898718 15381
221000000 307.82237458655237106 12844.922828926655711 3073.5757892655792602 -3991.0105349978657614 -1258.4275500207841105 8323.0138742842282227 15445
222000000 311.87081760833081034 13013.857716333382996 3150.0124118612784514 -4005.8277556368147998 -1214.8584427416087692 8370.6986102397022478 15413
223000000 308.42007887932538779 12869.864048763256505 3029.3487474265234596 -3989.2834884609510482 -1236.2862589413612113 8254.9184948288366286 15405
224000000 306.60051136269225935 12793.936480585127356 3077.5034821988228941 -4006.504558904681744 -1221.1395637893274397 8305.1476048928325326 15421
225000000 313.19980751735147351 13069.314285547108739 3369.9206565961285378 -3790.3254108909495699 -1128.4105827264272648 8288.6566502135046903 15395
226000000 313.86108981878544455 13096.908511410199935 3006.3574359597951116 -4029.2619231901499006 -1162.2686063233900313 8197.8879654733354982 15383
227000000 309.17795345909212301 12901.488911979207842 3017.6530121005421279 -3933.5006705964078719 -1219.1670360595169313 8170.3207187564676133 15409
228000000 310.09255319188389421 12939.653658784394793 2923.904667753718968 -4045.6671043463311435 -1241.1984971169285927 8210.7702692169805232 15411
229000000 312.79628359216388844 13052.475893972676204 2910.3153253649315957 -4042.4396799400910822 -1253.5704073232222981 8206.3254126282445213 15420
230000000 312.75746203705432436 13050.855934149576569 2865.8653398947080859 -4067.5467619645783088 -1337.0311583893235365 8270.4432602486085671 15432
231000000 309.51863955539334938 12915.705184015167106 2962.4161480886177742 -4060.6550358735285045 -1157.2007365625549937 8180.2719205247012724 15410
232000000 312.03590868034547157 13020.746696001027885 3038.0235997354629944 -4044.3276203534010165 -1139.3521352261464017 8221.7033553150104126 15403
233000000 311.49025534706260032 12997.977477334650757 2891.1630639960985718 -4042.1998711006081066 -1359.6277435433789833 8292.9906786400861165 15419
234000000 307.27515551711604758 12822.088274658573937 2997.7559137586117686 -3998.9595513336589647 -1264.8215198824555046 8261.5369849747257831 15437
235000000 308.3695792416652921 12867.756781708663766 2817.3558215460216161 -4101.1347330345888622 -1337.8521182603774378 8256.3426728409885982 15418
236000000 310.36921552207934383 12951.198324066783243 3023.2383307617269566 -3961.0589612112526083 -1185.2385333985639591 8169.5358253715430692 15413
237000000 316.26271201482558126 13197.124266726255883 2605.741289321579643 -4106.5332104709132182 -1355.2953744316710072 8067.5698742241629589 15412
238000000 313.24868689724229398 13071.353941902390943 3016.5650869444775708 -4020.5317204340644821 -1158.0532200939346694 8195.1500274724767223 15417
239000000 310.93046194283402883 12974.618216698980177 2957.1823876480202671 -3959.2674912090233192 -1281.4668044421659943 8197.9166832992086711 15422
240000000 314.07074984426208175 13105.657280407825965 2979.2922010538381983 -4037.9593274579060562 -1258.9880266293571367 8276.2395551411009365 15421
241000000 313.07147001526061558 13063.958972072485267 2874.6952454949405364 -4022.8514288197407041 -1359.4303794421361999 8256.9770537568183499 15427
242000000 309.98376160389796041 12935.113964247917465 3138.0486330056282895 -3858.9506189736016495 -1237.1802415910251511 8234.1794935702564544 15410
243000000 305.41957563444464085 12744.65796950990989 3069.64093611608223 -4026.2500931476502046 -1254.8742831777658466 8350.7653124414973718 15422
244000000 311.0168094786565689 12978.221357749393064 3049.9472799708501043 -4071.5884763702697455 -1135.0615707873944302 8256.5973271285147348 15401
245000000 310.50726133721707356 12956.958749522151265 2961.6151573913498396 -4017.7530483236805594 -1272.1953542903625021 8251.5635600053938106 15399
246000000 312.24192623993837969 13029.3434708713703 2925.808955433650226 -4012.7672254873805286 -1221.7072420563858941 8160.283422977416194 15423
247000000 310.48008518559095137 12955.824733286672199 2959.2555276313642025 -3958.1075644789534635 -1267.7308067780531928 8185.0938988883708589 15419
248000000 309.53262288563632865 12916.288685452005666 3036.5880434910150143 -4005.9442560858242359 -1251.2625362212049822 8293.7948357980421861 15406
249000000 309.2506441878986152 12904.522176871507327 2882.660125142513607 -4057.2603049517647378 -1314.7259699062094569 8254.6464000004889385 15413
250000000 309.82108542744794022 12928.325754211491585 3122.273739353216115 -3955.0348361387609657 -1207.3160710722527256 8284.6246465642307157 15404
251000000 307.38540391081249936 12826.688759308028239 3114.3214003652728934 -4002.2034690724422035 -1207.1191956544287223 8323.644065092143137 15406
252000000 312.81800937351135872 13053.38247519563447 3039.8962258659394138 -3903.0210411419793672 -1221.8736644803311719 8164.790931488249953 15414
253000000 310.52542220116089311 12957.716572588711642 2935.7192307512564184 -4028.9106494783536618 -1201.6752193771310431 8166.3050996067413507 15423
254000000 313.18121411983889857 13068.53841356412704 3183.1153893286491439 -4046.3369507419629372 -1094.8317974632909682 8324.2841375339030492 15398
255000000 312.97720088230312285 13060.025275765921833 2996.726138491756501 -3897.6902320828285156 -1327.7074666954645181 8222.1238372700499895 15435
256000000 310.41412704203702333 12953.072408134781654 3169.858362696687891 -3931.4493176044547909 -1193.0463507315118932 8294.3540310326552571 15393
257000000 311.99118319997830895 13018.880375060016377 2927.7811013024947897 -4109.0885472347345058 -1202.9074730453262418 8239.7771215825559921 15410
258000000 309.3666148741074835 12909.361443402314762 3033.4589014611719904 -3943.6570500021125554 -1202.7806408061260299 8179.8965922694114852 15415
259000000 306.49987944888886204 12789.737275869523728 2940.2591695922960753 -4021.4485338801223406 -1390.8511360520460585 8352.5588395244649291 15433
260000000 310.67435658390490971 12963.931360111841059 2895.8507664434123399 -4069.0267705713672513 -1262.8740510832026303 8227.7515880979826761 15424
261000000 308.63027517805261368 12878.635195564082096 2964.5416286341542218 -3987.1062836912997227 -1270.0346303981364144 8221.6825427235889947 15409
262000000 311.3442839861800735 12991.886331854118907 2888.760570735870715 -4056.7979175178215883 -1307.0446642285025973 8252.6031524821955827 15427
263000000 311.45311567383657803 12996.427699684079926 2824.8670942665435177 -4023.5509675744042397 -1430.9088380076236717 8279.3268998485727934 15431
264000000 308.43785629722310659 12870.605871255205784 3005.8574370605115291 -4050.5337194337585061 -1303.0590322672812817 8359.4501887615515443 15427
265000000 310.86768993750678192 12971.998843869670964 3023.0312186337687308 -3917.1047789016693059 -1274.443770002438896 8214.5797675378762506 15423
266000000 309.9823903879688487 12935.056745656142084 2937.0383641432936201 -4012.1236025451016758 -1312.1686788110316684 8261.3306454994271917 15419
267000000 310.80451744911101741 12969.362759538747923 2885.1141477784431117 -4028.2604207349586432 -1367.1032778722583316 8280.4778463856600865 15458
268000000 308.80639167937448519 12885.984248313799981 2871.1587204386914891 -3998.5951086068289442 -1248.2160480302518408 8117.9698770757713646 15418
269000000 311.22126469178033403 12986.752938463998362 2790.0664264525885301 -4051.3122327920937096 -1294.0172208014960233 8135.3958800461787177 15429
270000000 312.89113709290040788 13056.433974988231057 2939.0820069846845399 -3967.0780345702578416 -1250.6629627051970601 8156.8230042601389869 15407
271000000 308.60928288994256263 12877.759221810911185 2744.1122407916009251 -4130.8855536203500378 -1420.7429581954402238 8295.7407526073911868 15442
272000000 308.17499819065358224 12859.637233584282512 3094.1845507376960995 -4049.3535251761554719 -1250.7507701873146289 8394.2888461011643813 15409
273000000 306.60138650038476271 12793.972998645713233 3063.2159919404366519 -3992.0251810890858906 -1178.0498984850144097 8233.2910715145371796 15386
274000000 312.77071008128933727 13051.408753307254301 3014.5787742895549854 -3891.5443042801175579 -1326.7497701835509361 8232.8728487532243889 15415
275000000 308.77420966866480967 12884.64134578892299 3100.8029443155028275 -4008.3295506336726248 -1164.9221924688492891 8274.0546874180254235 15403
276000000 308.96132855339322987 12892.449509953077722 2963.7503163677088196 -4019.4865063188744898 -1223.2467515665671272 8206.4835742531504366 15404
277000000 310.74484048409186698 12966.872537665289201 2930.3758749923308642 -4020.1080864340583503 -1317.0652673231907102 8267.5492287495799246 15424
278000000 310.86595873855384298 12971.926603776721095 3252.5696547262991771 -3940.4222348336652431 -1177.7881336866742004 8370.7800232466379384 15397
279000000 309.17618807894439215 12901.415245561060146 3038.4177814687236605 -4043.3350786918713311 -1218.0532485142909991 8299.8061086748857633 15425
280000000 307.00067712901159211 12810.634741697736899 3108.1396792217224174 -3979.6305676555234641 -1191.5401159011303207 8279.3103627783766569 15400
281000000 308.1779487355972833 12859.760354985564845 2952.9862653784498434 -3955.7120577799723833 -1271.4462859828815908 8180.1446091413044996 15420
282000000 310.92096026857632296 12974.22172741599752 3327.7212386431378945 -3912.2413077316882664 -1025.9838530318072571 8265.9463994066336454 15396
283000000 311.03788761097342785 12979.100913640519138 3055.2647632025082203 -3979.9620906783297869 -1274.3687985869828481 8309.5956524678204005 15417
284000000 309.56129090146640692 12917.484954733894483 3056.5056912691879916 -3927.5839073458246276 -1281.650756730479543 8265.74035534549148 15402
285000000 312.00600759125751438 13019.498972594465158 2974.9501194123004097 -4063.1862545070539454 -1182.6969924027589514 8220.8333663221128518 15417
286000000 310.22746943854917845 12945.283492480244604 2935.7940982348945909 -4026.1514790286555581 -1250.8990350118774586 8212.844612275428517 15444
287000000 311.57555936661651685 13001.537074162655699 3057.9867916393864107 -3902.4911627803703595 -1265.6569326459355125 8226.1348870656911458 15393
288000000 309.83554899447551634 12928.929295141710099 3077.2631227256520106 -3893.5503137008640806 -1274.5195532882303269 8245.3329897147468728 15411
289000000 310.09935808311774963 12939.937615734812425 3110.2649875260485715 -3978.4059717268296481 -1259.0617901068444553 8347.7327493597222201 15407
290000000 308.98200841539295425 12893.312446677076878 2952.2552194540894561 -3996.529737656926045 -1346.204489130097727 8294.9894462411139102 15423
291000000 305.90952156086291325 12765.102609454106641 2999.939353262628174 -3991.8542174063495622 -1334.281297624489298 8326.074868293466352 15415
292000000 309.02454050683581954 12895.087241095676291 3022.7640789828901688 -3991.7524793569496069 -1222.0862905678122843 8236.6028489076525148 15398
293000000 309.5644233335153217 12917.615665985762462 2893.7547621938138036 -3987.3123316029368652 -1378.5202716998919641 8259.5873654966435424 15438
294000000 309.15762382433945277 12900.640589663817082 2958.3672706856586956 -3935.0228994786671137 -1348.01256415812054 8241.4027343224479409 15447
295000000 307.96510528608808954 12850.878746924227016 3030.0725376091313592 -4074.3300812182583286 -1215.4512507092977103 8319.8538695366878528 15416
296000000 312.13076233594046016 13024.704783478573518 2856.4239354464602911 -3955.5272342653220221 -1314.0337630462493053 8125.9849327580313911 15419
297000000 310.6432793610393901 12962.634558571728121 3087.0788672658763971 -3960.3577620870819374 -1120.1695317513926966 8167.6061611043505764 15399
298000000 309.62079772170227443 12919.968076744602513 3098.1766007676078516 -4040.1832539926954269 -1209.5063008895015173 8347.8661556498045684 15411
299000000 314.12426410229306839 13107.890342626185884 3154.7951582536961723 -3955.081871600345039 -1216.5771245671305678 8326.4541544211715518 15396
300000000 309.5588848051105515 12917.384552279227137 3020.9367469933104076 -3973.4777412203993663 -1217.1549721257865713 8211.5694603394967999 15408
301000000 311.75420655219704713 13008.991728215885814 3039.9771870506865525 -3942.0906404794059199 -1179.2415749690198936 8161.3094024991123661 15399
302000000 312.14856057937186051 13025.44747498588913 3171.6015698564515333 -3993.7119688797502022 -1148.4431662632518965 8313.7567049994540866 15396
303000000 311.98444059210601154 13018.599017092124996 2921.1594403837307254 -4079.8606071923777563 -1272.1280282959191936 8273.1480758720281301 15423
304000000 312.356182934605215 13034.111215346265453 2919.6509497255951828 -4037.7416890324179803 -1242.841122829872802 8200.2337615878859651 15404
305000000 310.68854883688749169 12964.523579551947478 2959.5916327550730784 -3953.4272343117536366 -1330.8260878846135711 8243.8449549514407408 15428
306000000 304.08176523513026268 12688.833335702802287 3168.6851815704940236 -3862.6461420319128592 -1264.9113207325510757 8296.2426443349577312 15411
307000000 312.67673191236161756 13047.48719845243977 3010.1344682865615141 -3982.5473808130068392 -1322.7273531770788395 8315.4092022766471928 15416
308000000 312.80936302504164814 13053.021677254955648 3105.8917185696236629 -3895.449903635906594 -1272.1053702040146618 8273.4469924095428723 15427
309000000 312.5431160594239941 13041.911628054056564 3018.1310069605779063 -4055.4853069646019321 -1284.0698174850122086 8357.6861314101915923 15423
310000000 310.68935369970336069 12964.557165157189957 2974.8611583372867244 -3926.9509736360878378 -1266.2748846143865649 8168.087016587760445 15426
311000000 308.53494102933927934 12874.657057896769402 3068.2422608379392841 -3918.8496882470931268 -1311.9517336019412141 8299.0436826869736251 15421
312000000 311.74949578991351018 13008.795155831963712 3075.7750699413627444 -3953.3685402879109461 -1167.1294730416391303 8196.2730832709130482 15405
313000000 313.23058416136143478 13070.598544424561624 3102.0694203214879963 -4003.5115021028095725 -1196.3488450546037711 8301.9297674789013399 15406
314000000 309.6629939857826912 12921.728857638161571 3082.9401542273571977 -3945.8234303838798951 -1272.0808014666317831 8300.8443860778679664 15392
315000000 313.48690886434877712 13081.294553879502928 3065.605851512492336 -3935.209668254166445 -1254.0466173568352133 8254.8621371234949038 15421
316000000 308.61933240936559741 12878.17857177411679 3050.8590420988007281 -3948.6530305993228467 -1299.0430041236024863 8298.555076821725379 15434
317000000 305.24872139743166599 12737.528502419108918 2819.575371223430011 -4145.6521137378076673 -1302.1278126993788646 8267.3552976606169977 15408
318000000 310.0878574020700853 12939.457711177075907 2875.7822246887790243 -3989.5678865949284955 -1355.741515652669932 8221.091626936376997 15434
319000000 309.7634015042274882 12925.918698703482733 3061.9999889997357059 -4000.1168246671368252 -1172.4738215436104838 8234.5906352104830148 15408
320000000 307.14026316698948449 12816.45943812609039 2842.0790152739377845 -3962.3474728297737784 -1325.7514133630434117 8130.1779014667554293 15402
321000000 306.26054029446180493 12779.750045497836254 2955.9840511293309646 -3981.6153232363876668 -1301.0216559015000257 8238.6210302672188845 15439
322000000 308.2979669125630835 12864.768516667329095 2737.9043085779458124 -4133.7518149351981265 -1377.6614934655444813 8249.3176169786893297 15426
323000000 306.02534680103053688 12769.935806760160631 3034.7657348176503547 -3993.5294791339961193 -1208.8149565318740315 8237.1101704835200508 15405
324000000 309.8241014298782261 12928.451607046330537 2952.6898542863082184 -4062.631786165048652 -1272.5231404464698244 8287.8447808978253306 15426
325000000 312.19667394356918066 13027.455166762631052 3055.8395579880962032 -3926.4580881871779638 -1316.7779660499040801 8299.0756122251787019 15430
326000000 307.97619046445947788 12851.341313236753194 3178.5613109520209036 -3894.8632685867014516 -1168.2486545679869323 8241.6732341067108791 15394
327000000 311.52546141784125666 12999.44656892641251 3089.1187178130307984 -3928.503887550158197 -1275.6329885687973729 8293.2555939319863683 15407
328000000 312.65936135597780776 13046.76235362416628 3079.6497136226576004 -3951.3106999433671263 -1257.8932794196643954 8288.853692985689122 15427
329000000 309.30175091702710688 12906.654776857380057 2924.2590789189557654 -3982.0627669253231034 -1326.9128926646069431 8233.2347385088851297 15428
330000000 309.35155717254042429 12908.733110212209795 3140.7113054016167553 -3930.4413033019400245 -1225.1225825852961862 8296.2751912888525112 15406
331000000 309.00504719672539977 12894.273817235942261 3063.2707403506365154 -3934.0148606773868778 -1258.9946214308370145 8256.2802224588594981 15422
332000000 310.57181316910430269 12959.652391594696383 3157.1831645422271322 -3976.7233061855258711 -1220.5647410330802813 8354.4712117608341941 15393
333000000 308.70141781162362804 12881.603860981251273 2850.5558207274780216 -4000.1554518857446965 -1299.9234261320648329 8150.6346987452870962 15422
334000000 309.25357390910016875 12904.64442933218379 2862.8029865924318074 -4005.0711914357202659 -1311.760330205787568 8179.6345082339394139 15425
335000000 308.09449382485991009 12856.277918435731408 3069.3140628470209776 -3938.9061908694529848 -1276.9730826800746399 8285.1933363965472381 15414
336000000 309.20898799752598052 12902.783932367994566 3234.4449947715565941 -3931.3425165267281045 -1180.1020917232312968 8345.8896030215164501 15396
337000000 312.31161949190016003 13032.251655971133005 2992.9974136351020206 -3968.4668683006548235 -1288.5948552376944463 8250.0591371734517452 15403
338000000 310.39746279012069863 12952.377036233519902 3087.6630716585673326 -4036.458528391695836 -1203.4646553359148129 8327.5862553861788911 15409
339000000 313.0103498774647619 13061.408528966016092 3076.2485743597844703 -3980.805054916417248 -1211.2628243353051403 8268.3164536115073133 15407
340000000 310.6481313970463134 12962.837026076424081 2939.675577163356138 -4000.0382523962207415 -1238.3007079657522809 8178.0145375253287057 15403
341000000 310.58793944476468596 12960.32531462913721 3112.1539966231293874 -3961.2406926859498526 -1240.77765255862505 8314.1723418677047448 15400
342000000 310.47933896432653 12955.793594697193839 2883.3307862885749273 -4045.1509918265533088 -1345.0884807853674374 8273.5702589004959009 15431
343000000 308.8420821779282619 12887.473554282103578 2993.7777582778235228 -3982.6174346738816894 -1244.0177398571825051 8220.41293280888749 15410
344000000 310.87147686581994321 12972.156866177199845 2907.0909465186537091 -4036.6578667143403436 -1225.9719513174968597 8169.7207645504913671 15409
345000000 308.89447667451025836 12889.659890691729743 2962.5211233945806271 -4024.6198759316907854 -1249.533943415706517 8236.6749427419781568 15409
346000000 306.51498923651195128 12790.367782525321672 3065.7157342682812668 -3985.4531530416506939 -1258.2412634428519596 8309.4101507527830108 15426
347000000 309.35826409155288275 12909.012978942513655 3103.4554647014219881 -4086.9776071580258758 -1168.1320423241049866 8358.5651141835533053 15414
348000000 310.7775017557286219 12968.235438962612534 2970.4114646086500215 -4076.1357933177878294 -1329.5442186366990427 8376.0914765631350747 15413
349000000 311.84319744776149719 13012.705172332929578 3083.0913987900421489 -3964.8583128523855521 -1268.1976567494339179 8316.1473683918629831 15413
350000000 310.65633359506739453 12963.179290347336064 2891.0328490045326362 -4114.6495475409701612 -1288.7109981076096119 8294.3933946531124093 15430
351000000 315.61259013875161372 13169.995747109111107 2960.5825057325878333 -3982.4788446736984042 -1231.4503554366506251 8174.5117058429368626 15407
352000000 309.97841423007491812 12934.890827108563826 2925.4244360381258048 -4042.4579819820728517 -1243.098245814373513 8210.9806638345726242 15415
353000000 311.66674863320520217 13005.342252696967989 2934.3832492848850961 -4064.2587887719869286 -1274.858777385303938 8273.5008154421757354 15406
354000000 308.67086269418018674 12880.328846044092643 3191.1229026007640641 -3912.3614205801195567 -1150.9442032552371984 8254.4285264361205918 15388
355000000 309.1140819542976601 12898.823658840430653 3068.4041013523283254 -4041.4675080906517906 -1207.8306841082667233 8317.7022935512468393 15417
356000000 310.14015437056337987 12941.639977899518271 2901.6111430496102912 -3976.7662510061791181 -1332.5727612260468504 8210.9501552818364871 15425
357000000 313.89686522581661166 13098.401360470006694 3155.8073483269754433 -3850.2318455090153293 -1279.5866306333423381 8285.625824469330837 15413
358000000 309.57627499570270402 12918.110216410812427 3151.8055649541684033 -3960.4453036193035587 -1237.8259589388312634 8350.0768275123027706 15410
359000000 308.40607012237904883 12869.279486311788787 3020.6294497193989628 -3948.9386509412165651 -1288.7395128772795942 8258.3076135378942126 15410
360000000 308.03808411456719796 12853.924033743349355 3175.716875350094142 -3970.6463205646723509 -1251.291442286329584 8397.6546382010965317 15409
361000000 312.49041174752164807 13039.712363559241567 2961.3350730252795984 -4020.522764364534396 -1337.9739219375574066 8319.831759327371401 15423
362000000 312.79453734825278843 13052.403026078298353 3117.2752867425524528 -3948.6812508878119843 -1233.5388439236176055 8299.495381553981133 15405
363000000 315.91190707281623418 13182.485751854916089 3198.2693503728296491 -3860.6205367726547593 -1299.7368640534609767 8358.6267511989462946 15431
364000000 314.96839692104254027 13143.114620681883025 2895.0785458510981698 -4077.0177116797622148 -1306.7455701448702712 8278.8418276757311105 15430
365000000 306.57084729204296991 12792.698647569271998 2918.9325431282145473 -4049.0450311815029636 -1305.0226590087004297 8273.0002333184183954 15444
366000000 308.85555260879243633 12888.035653269076647 2998.5418810082410346 -4140.9168828513411427 -1195.3708302703400932 8334.8295941299220431 15409
367000000 308.17254280903341623 12859.534774536368786 3027.3590525410259033 -3985.8578485557491149 -1263.5172051404199465 8276.7341062371961016 15423
368000000 308.07867634613700147 12855.617880991030688 3184.8846604153877706 -3967.5723409850156713 -1153.7999724928038177 8306.2569738932070322 15398
369000000 311.17083375002653156 12984.648537976907392 2824.7335739675868354 -4059.8436462882737032 -1319.8025719318134179 8204.3797921876739565 15422
370000000 311.13641374608579326 12983.212247665054747 2944.7971790823016818 -3987.516220496178903 -1285.2308275969089664 8217.5442271753890964 15416
371000000 309.48159480298454582 12914.159367254618701 2843.1177024179455657 -3981.8444374691080156 -1373.4408702056032325 8198.403010092655677 15416
372000000 309.19841927566062623 12902.342916938419876 3159.3332286916424891 -3954.0006973413519518 -1135.5078054501980205 8248.8417314831913245 15401
373000000 307.20996166912573244 12819.367842307023238 3077.9664127352248215 -4015.001191581231069 -1233.6026642063820873 8326.5702685228388873 15421
374000000 309.19202481126171733 12902.076086426677648 2978.099106020360523 -4028.3365856294894911 -1224.9633556552089431 8231.3990473050598666 15406
375000000 309.85199694536470361 12929.615641155865887 3176.8095346787386006 -3931.2739625499534668 -1163.3902274316510557 8271.4737246603435779 15385
376000000 310.72672489633049508 12966.116603899565234 3019.1525346307603286 -3922.339397680901584 -1253.0033901576762219 8194.4953224693381344 15418
377000000 309.43955334802387824 12912.405046291722101 2986.8881329592159091 -3981.7602452143382834 -1239.3126858139714841 8207.9610639875281777 15398
378000000 313.03010242131313134 13062.23277022446382 3194.0417914982922412 -4008.6247928053899159 -1192.2421817803565318 8394.9087660840395984 15418
379000000 309.86565598529341514 12930.185610489763349 3033.2386537104503077 -3928.6523237094088472 -1308.8652265806179003 8270.7562040004777373 15419
380000000 310.88195373527076981 12972.594048756163829 3017.1549202351307031 -4026.6391757351620981 -1260.4853320044819611 8304.2794279747758992 15416
381000000 310.58806927037903733 12960.330732039095892 2971.0555116787172665 -3979.1959281791637295 -1281.9348869215584727 8232.1863267794396961 15437
382000000 310.4885571983123782 12956.178256482504366 3191.8780575241207771 -3963.757336092874084 -1263.42856007913133 8419.0639536961280101 15413
383000000 307.89515233821498441 12847.959725140015507 3308.3244053773032647 -3938.4645035600970004 -1123.6568135008687932 8370.4457224382676941 15402
384000000 311.01809822824361618 12978.27513515596911 3189.5115331814090496 -3898.3509211489663357 -1168.9071104348531662 8256.7695647652290063 15404
385000000 309.12596889613064377 12899.319681427228716 3178.1982772262554136 -3952.3057090237789453 -1186.9701513967706887 8317.4741376468045928 15400
386000000 308.18002013425370933 12859.846791054174901 2997.3026354289986557 -3881.6769096581047052 -1227.9724681475440775 8106.9520132346478931 15398
387000000 309.90359515547970659 12931.768749837221549 3198.2430481015530859 -3892.1380629964328364 -1133.1512785971149242 8223.5323896951013012 15400
388000000 310.33937977856169255 12949.953327423692826 2945.8667243492691341 -3957.1418326577804692 -1295.464029735719123 8198.4725867427696357 15412
389000000 311.72388838013807799 13007.726600621004764 3020.09346656468324 -4052.9334900507847124 -1240.120101381867471 8313.1470579973356507 15435
390000000 309.60376959820194998 12919.257521078930949 3080.0568462236624327 -3937.9948720492502616 -1202.9827720670266444 8221.0344903399400209 15418
391000000 308.74815271770285108 12883.55403196154839 3028.4108480051700099 -3964.5540560734243627 -1278.9372903602775295 8271.9021944388714473 15417
392000000 306.82051338678053298 12803.116804222800056 2978.7785777763820079 -4007.8708629503707925 -1348.5550429572949724 8335.2044836840486823 15437
393000000 311.70530570917622981 13006.951176239392225 3145.4272355706457347 -3897.0165098958282215 -1268.2808176015307708 8310.7245630680044997 15425
394000000 312.18638733775645733 13027.025923573230102 2848.5048045538469523 -4034.3682198695719308 -1396.5427699671381561 8279.4157943905556749 15445
395000000 307.96778064919465123 12850.990385438773956 3012.8370197254184859 -4026.0782807105706524 -1237.5940982212950985 8276.5093986572846916 15419
396000000 310.26139570012082913 12946.699179732826451 2746.0303896294954029 -4034.1163934380169849 -1475.1342514496548119 8255.2810345171674271 15447
397000000 313.43941622874649511 13079.312764088968834 3004.6681831287451132 -4004.4231274162502814 -1277.9292836168433496 8287.0205941618387442 15420
398000000 310.304316055014624 12948.490175748440379 3233.6733073057994261 -3917.2391377867243136 -1100.8348466849076885 8251.7472917774321104 15385
399000000 306.65263618992190686 12796.111564134966102 2858.8375984871681794 -4028.1163812277081888 -1391.3492736005921415 8278.3032533154673729 15436
400000000 312.09056850276323303 13023.027560742397327 3094.9153676475061729 -4050.4308321252351561 -1211.0452711457908208 8356.3914709185319225 15419
401000000 307.4230561457721933 12828.259925319087415 2980.9378451791130828 -3937.7423633994476404 -1313.1983141211808288 8231.8785226997406426 15416
402000000 309.25861338589402294 12904.854718433494781 2954.1266509942365701 -4074.5881470820431787 -1202.8900618501934332 8231.6048599264722725 15408
403000000 313.56004768748340439 13084.34651701319126 3134.3990009462581838 -3987.6427854672620015 -1176.6385710510692206 8298.6803574645891786 15402
404000000 308.93993464005296801 12891.556777037760185 3050.1796872584973244 -3842.2431060295348288 -1290.6272625316257745 8183.0500558196581551 15419
405000000 309.68655388629053959 12922.711973645526086 2994.9745455345509981 -4061.5602424077151227 -1181.4543294597870045 8237.9891174020522158 15402
406000000 310.43364819983423786 12953.886994032811344 3057.9805336758681733 -4000.1224045499357089 -1243.7381809991211412 8301.841119224924114 15433
407000000 309.59503091743539471 12918.892870262941869 3040.4168149357928996 -4026.4163605892790656 -1210.2114940054423187 8277.0446695305145113 15400
408000000 311.62352818271585875 13003.538734184343411 3069.0504917387806927 -3921.7137150531011685 -1343.8681371262905486 8334.6323439181724098 15439
409000000 304.58868611615014288 12709.986312661729244 3121.2581655125368343 -3916.1875592389237681 -1235.948528776413923 8273.3942535278747528 15416
410000000 310.20132222947484024 12944.192412329872241 3077.0123526778857013 -3954.0510144505001335 -1175.9780696066868586 8207.0414367350731482 15388
411000000 309.54498325133255321 12916.804463240148834 2880.0267231838279258 -4041.3657642965631567 -1173.7695965996967971 8095.1620840800869701 15407
412000000 310.86558505630983973 12971.911010629559314 2961.1066203896693878 -4038.9857458724536627 -1296.2715229893433388 8296.3638892514663894 15421
413000000 312.96715449380866403 13059.606056451229961 3005.0236663484020028 -3990.1594925310801045 -1304.9338119944206937 8300.1169708739034832 15414
414000000 312.73631255995809397 13049.973401157822082 3230.0448277742007122 -3934.3597871712745473 -1243.0074967864568407 8407.4121117319318728 15401
415000000 308.88596884349016136 12889.3048728570393 3021.3021083816697683 -3963.5349759430246195 -1254.5609414495015699 8239.3980257741968671 15436
416000000 308.15570847729202342 12858.832305482957963 3158.9411311298067631 -3908.0360235158341311 -1202.3021407113601526 8269.279295357002411 15417
417000000 311.68336183784646209 13006.035494479165209 3063.4077949525844815 -4005.2006323084456199 -1183.2771163195691315 8251.885543580599915 15395
418000000 311.97406470535651124 13018.166048355664316 3078.6675477686903832 -3960.8812686225901416 -1266.8584077242830972 8306.4072241155627125 15410
419000000 314.15534635716795719 13109.187354143796256 2947.4649266927272038 -4069.3167646092197174 -1283.7285612512032458 8300.5102525531510764 15422
420000000 309.96509958409450292 12934.335228769286914 2877.6049518852150868 -4023.1921119927174004 -1235.2977089131143202 8136.0947727910470348 15410
421000000 313.87038013135043002 13097.296180916402591 2900.3108625549107273 -4022.555956673442779 -1323.6812622770380585 8246.5480815053924744 15426
422000000 309.37781664514380964 12909.828874935523345 2943.2387047455249558 -3993.7136410498897021 -1116.3667122287361053 8053.3190580241498537 15409
423000000 308.93076280514151222 12891.174051409723688 2874.4698041712931627 -3991.8663037198475649 -1341.9627347569507947 8208.2988426480915223 15422
424000000 309.99712078748370914 12935.671421068420386 2953.5302623551137913 -4029.4744249757982288 -1278.7523360416216747 8261.7570233725346043 15424
425000000 314.31614669631881043 13115.897288566309726 3051.7063448180738305 -4020.3808998690997214 -1151.7116187820893174 8223.7988634692628693 15410
426000000 308.575328966522477 12876.342380274762036 2816.5914591492291947 -3965.1912631010504811 -1417.3626619887440938 8199.1453842390237696 15428
427000000 311.15987313241538459 12984.191169380612337 2899.644587787661294 -3965.378655048384644 -1334.144030466880622 8199.1672733029263327 15434
428000000 310.16682743534454403 12942.753001146074894 3004.008673829241161 -3909.0912469982736184 -1332.1383068434747656 8245.2382276709904545 15408
429000000 308.89251056597743172 12889.577848207289207 2946.1259873218459688 -4077.9458986412637387 -1348.9540424058754979 8373.0259283689847507 15433
430000000 307.53440434598377351 12832.906303090614529 2806.166457945475031 -4009.3705991582983188 -1295.4865907620148846 8111.0236478657889165 15410
431000000 314.18980620108698076 13110.625306912601445 3076.3856003877908734 -4001.853664196389218 -1193.9066495537567789 8272.1459141379382345 15381
432000000 307.45942699724810154 12829.777621298977465 2963.2708554458695289 -4035.4064479692497116 -1360.6359193183384377 8359.3132227334572235 15432
433000000 314.14892348017451695 13108.919338021085423 3030.1137901365409562 -3927.3350293299081386 -1224.8270981957198273 8182.2759176621684674 15396
434000000 307.30687053462031599 12823.411690322907816 2911.7016577647664235 -4063.4729285160765357 -1261.1855151315917283 8236.3601014124342328 15399
435000000 311.00167694791718986 12977.589902060655731 3122.0189708875359429 -3926.6175793586166947 -1222.8905186794265774 8271.5270689255776233 15403
                                                                                                                                                                                                                                                                                                          440000000 309.17347061031358635 12901.301850052044756 2970.5916121640802885 -4039.7962604988365456 -1297.0837522026361057 8307.4716248655531672 15419
441000000 309.09409485242014171 12897.989629860128844 3018.5410687833909833 -3964.4054234486366113 -1241.801158455243467 8224.7476506872699247 15408
442000000 313.42700352419825549 13078.794802286371123 3005.5168820068406603 -3937.6982471938727031 -1264.3668241935286005 8207.5819533942412818 15394
443000000 309.17547199528462443 12901.385364564393967 2939.747701983836123 -4071.0140855112858844 -1236.8239428542110545 8247.5857303493321524 15411
444000000 311.69855209238789939 13006.66935888748958 3004.7893765537232866 -3981.2362777839348382 -1282.4298835638587661 8268.4555379015164362 15418
445000000 310.60188991376742251 12960.907444820317323 3054.1276055640473714 -4176.3936713524235529 -1193.4250367424340311 8423.9463136589056376 15408
446000000 312.61547718387157602 13044.931139097045161 2973.3051618026752294 -3970.1099029346160023 -1275.7771257081133172 8219.1921904454047763 15412
447000000 311.27670858910221341 12989.0665213651464 2884.0804910461502004 -4086.8403055073258656 -1366.5077484177004408 8337.4285449711751426 15429
448000000 310.93066092068028183 12974.626519718158306 2814.3781546245136269 -4035.6285211305157645 -1352.4647967506198256 8202.4714725056473981 15418
449000000 309.68014082678462273 12922.444367190466437 2988.0232397994218445 -3881.8032631335308906 -1151.9280748519704503 8021.7545777849227306 15393
450000000 309.36544471681122559 12909.312614657528684 2730.6755035003452576 -4063.9444236792496667 -1432.3876915340956657 8227.0076187136910448 15439
451000000 306.01074494907277312 12769.326495426606925 2815.208046002950141 -4031.4932888010762326 -1358.1831297992312102 8204.8844646032575838 15423
452000000 311.21862793748908871 12986.642911031991389 2933.5740402538094713 -3948.3936721410832433 -1222.00577554087522 8103.9734879357683894 15423
453000000 311.87793575397535051 13014.154744876588666 3031.1812746376299401 -3933.6457356115829498 -1184.44397265767725 8149.2709829068908221 15401
454000000 311.48981630458968084 12997.959156812334186 3225.0359453290529927 -3952.2157016899691371 -1155.864389224306251 8333.1160362433274713 15412
455000000 308.90252974217401061 12889.995931997420485 2851.241203296252479 -4030.5899228884509284 -1302.6278659245299423 8184.4589921092338045 15412
456000000 306.08435382555978777 12772.398073115753505 2945.6956123222412316 -4015.814481616136618 -1370.6365540512688312 8332.146647989648045 15441
457000000 311.36009339558626152 12992.546032579466555 2974.0399685316479008 -3963.4945103047443808 -1244.5300215431900597 8182.0645003795825687 15431
458000000 310.38569654871525927 12951.886050277602408 3070.3674466399215817 -3993.5176800161098072 -1230.4659692031441409 8294.3510958591759845 15418
459000000 306.64017395833076307 12795.591535650099104 3111.5590519547185977 -3973.2317026964374236 -1250.2199203682544066 8335.0106750194117922 15415
460000000 311.78698594702603941 13010.359558600284799 2942.4441631290001169 -4049.2016257100931398 -1257.283024208299139 8248.9288130473942147 15416
461000000 312.12272748431939817 13024.369502298468433 3096.0608662481454303 -4023.4853466328568175 -1274.1883703871535545 8393.7345832681548927 15441
462000000 309.25038972544325588 12904.51155857059166 3016.6997279666220493 -3948.8533657021148429 -1318.4498497892450359 8284.0029434579828376 15418
463000000 310.88739440447017159 12972.821078958559156 3061.3066339738252282 -3912.5996648871723664 -1274.8638767420379736 8248.7701756030364777 15420
464000000 308.31322966556246001 12865.405406317398956 3138.0877966512834973 -3895.471261493858492 -1204.5893592037359667 8238.1484173488788656 15423
465000000 306.62259691660784711 12794.858074527284771 2826.1401785937109707 -4032.510132404945125 -1356.8415426535407278 8215.4918536521963688 15412
466000000 308.37185053186402683 12867.851558923490302 3006.8406031687486575 -3947.4816213508488545 -1241.0052449442684974 8195.327469463867601 15410
467000000 311.76752450212973145 13009.547464423674683 2886.2500776178549131 -4026.0460546817794238 -1377.5276692114202888 8289.8238015110546257 15412
468000000 309.98757387281034426 12935.27304397709122 3022.0171362305586626 -3964.9330443517023923 -1356.9425646792196858 8343.8927452614807407 15433
469000000 313.46830630965911269 13080.518299782539543 2965.556978331238497 -3960.8456979949464767 -1263.6941407889466973 8190.0968171151325805 15411
470000000 308.62939356066641494 12878.598407116505768 2761.2279427408266201 -4021.2670944701371809 -1355.467682650063125 8137.9627198610269261 15424
471000000 308.7578084814742283 12883.956951147212749 3045.8157978945255309 -4001.8249578969862341 -1252.988723596561158 8300.6294793880733778 15412
472000000 310.67802796203795879 12964.084560699868234 2977.1079540585578798 -4012.7818383243129574 -1269.4327588708395069 8259.3225512537101167 15432
473000000 312.27256909406258956 13030.622146916321071 2885.1758421559206909 -4005.831892547795178 -1324.9862963111277168 8215.9940310148431308 15422
474000000 312.34607457226638871 13033.689409964692459 3041.0697783158020684 -3994.1256157038446872 -1294.6317086068047502 8329.8271026264519605 15413
475000000 311.40010812371428983 12994.215781555692956 2697.4088082700068298 -4093.6438148764241305 -1375.0218028443666753 8166.0744259907978631 15432
476000000 306.69547614300682881 12797.899205114963479 2908.387941061402671 -3988.4177442676541432 -1257.0142814609325796 8153.8199667899898486 15425
477000000 309.2556167011438788 12904.729671693763521 2850.6677741446701475 -4031.845551973126021 -1260.9018172004953158 8143.4151433182905748 15404
478000000 311.49409881269002653 12998.137858851576311 2701.7221151005010142 -4043.0344708440798058 -1378.5692550024073171 8123.3258409469881371 15433
479000000 308.05418014313414687 12854.595694616189576 2831.3416227476113818 -3938.0753355769747941 -1328.693592370713759 8098.1105506953008444 15416
480000000 308.56260031519315135 12875.811234531178343 2985.9366789911891829 -3965.4588619676651433 -1270.5143934766720122 8221.9099344355272478 15414
481000000 310.57344552470908638 12959.720507116840963 3144.4239958345951891 -4001.3894145237718476 -1231.5455053241632868 8377.3589156825291866 15425
482000000 304.05156880794510244 12687.573288321827931 2868.125492448296427 -4076.6153139575885689 -1270.4764139789808723 8215.2172203848676872 15424
483000000 310.80872983553496169 12969.538535515443073 3119.2147218703044018 -4008.0081719922213779 -1206.5360774301936999 8333.7589712927201617 15410
484000000 310.24407393365805774 12945.976370827938808 3346.8216706822877313 -3872.0274073589753243 -1125.6773034025263769 8344.5263814437894325 15395
485000000 312.25956463638118521 13030.079492226017464 2964.0515514726776019 -3906.1934312690482329 -1287.0185546008947313 8157.2635373426201113 15409
486000000 312.51088244867122512 13040.566572344012457 3164.2732509420657152 -3923.8383906723433938 -1141.7551832620724781 8229.8668248764806776 15390
487000000 309.13647000303700452 12899.75787539546036 3139.8709718694399271 -3939.6567681671490391 -1242.4669454634959038 8321.9946855000853247 15402
488000000 313.83515755028389549 13095.826400377405662 3005.7235598227925948 -4033.010199811873008 -1248.3075960795363244 8287.0413557142019272 15394
489000000 315.74802326014707887 13175.647149139720568 3026.2672320075680545 -3968.063860502510579 -1213.4706883979129088 8207.8017809079901781 15415
490000000 310.40263951469256654 12952.593052459505998 3162.2957617656657021 -3915.1358272912893881 -1125.3553499944009673 8202.786939051356967 15408
491000000 310.19047853271581516 12943.739922648974243 3125.3745659567894108 -3925.4112528055188704 -1199.7670794725108863 8250.5528982348187128 15393
492000000 312.48136939944168944 13039.335041204310983 3008.299591917986163 -3968.1429382702317525 -1256.8332229025450033 8233.2757530907620094 15408
493000000 307.42146965967572214 12828.193723856293218 2874.9926272065877129 -4052.209947633311458 -1293.4026584276996346 8220.6052332675990328 15430
494000000 306.22805469655514798 12778.39447477714566 2977.8359909743749085 -3988.478980692384539 -1269.7529030513819635 8236.0678747181409562 15412
495000000 310.96554672370649541 12976.082247061885937 2798.7610216425446197 -4050.9776834218150725 -1278.377020419148721 8128.1157254835088679 15433
496000000 312.85423309987976381 13054.894031886089579 2832.3638966659500511 -4048.9722311148047993 -1274.3540332121012852 8155.6901609928554535 15416
497000000 305.72536330931649218 12757.417987656874175 2883.184616631055178 -4103.1162629121890859 -1307.7988127824123694 8294.0996923256552691 15424
498000000 305.69441931840532334 12756.126745667701471 3086.6282630098476147 -4017.7829594281915888 -1198.8558745380723849 8303.2670969761129527 15400
499000000 306.85622473240391628 12804.60698010512715 2899.5929857653591171 -4026.9167575630312967 -1277.7336805529785124 8204.243423881367562 15415
500000000 306.74858088746429985 12800.115179003547382 3027.1822987078935512 -4073.9403328933631201 -1273.0851452771378263 8374.2077768783947249 15433
