# Fix print output for fix saveBond
1000000 122833 122832
2000000 245030 245017
3000000 367608 367623
4000000 489429 489461
5000000 610658 610658
6000000 732822 732801
7000000 856277 856294
8000000 977900 977885
9000000 1101312 1101324
10000000 1223999 1223995
11000000 1347010 1347016
12000000 1469052 1469066
13000000 1591247 1591250
14000000 1713134 1713156
15000000 1835113 1835107
16000000 1957402 1957389
17000000 2079705 2079726
18000000 2202547 2202562
19000000 2324790 2324791
20000000 2447571 2447567
21000000 2570358 2570356
22000000 2693337 2693363
23000000 2816312 2816324
24000000 2937859 2937846
25000000 3060634 3060631
26000000 3183491 3183499
27000000 3306646 3306636
28000000 3430052 3430058
29000000 3551892 3551911
30000000 3674901 3674910
31000000 3797213 3797232
32000000 3919030 3919042
33000000 4041226 4041253
34000000 4164059 4164062
35000000 4286711 4286692
36000000 4409260 4409264
37000000 4531357 4531357
38000000 4654036 4654030
39000000 4777030 4777033
40000000 4900257 4900263
41000000 5022570 5022574
42000000 5144737 5144745
43000000 5266342 5266344
44000000 5389110 5389115
45000000 5510858 5510859
46000000 5633511 5633532
47000000 5755592 5755592
48000000 5877803 5877800
49000000 6000059 6000052
50000000 6122319 6122341
51000000 6244696 6244704
52000000 6366592 6366565
53000000 6489525 6489497
54000000 6612821 6612818
55000000 6735950 6735933
56000000 6858932 6858931
57000000 6981708 6981716
58000000 7103075 7103072
59000000 7224948 7224945
60000000 7347319 7347306
61000000 7469424 7469428
62000000 7591802 7591802
63000000 7713957 7713978
64000000 7835403 7835414
65000000 7957560 7957565
66000000 8079491 8079512
67000000 8201158 8201192
68000000 8323115 8323142
69000000 8444956 8444951
70000000 8566710 8566714
71000000 8689016 8689030
72000000 8810819 8810830
73000000 8933499 8933510
74000000 9056389 9056391
75000000 9178723 9178737
76000000 9300001 9299994
77000000 9422343 9422361
78000000 9543992 9544006
79000000 9666942 9666951
80000000 9789185 9789176
81000000 9911761 9911737
82000000 10035052 10035061
83000000 10157276 10157280
84000000 10280048 10280052
85000000 10403029 10403013
86000000 10525785 10525787
87000000 10648633 10648639
88000000 10771056 10771049
89000000 10892799 10892783
90000000 11015500 11015497
91000000 11138363 11138354
92000000 11261256 11261269
93000000 11384477 11384480
94000000 11507120 11507128
95000000 11629518 11629519
96000000 11751624 11751629
97000000 11874818 11874805
98000000 11997747 11997747
99000000 12120519 12120528
100000000 12242913 12242920
101000000 12365578 12365573
102000000 12488237 12488248
103000000 12610729 12610730
104000000 12732972 12732967
105000000 12855649 12855653
106000000 12978518 12978491
107000000 13101635 13101601
108000000 13223005 13222999
109000000 13345481 13345485
110000000 13467143 13467149
111000000 13589637 13589634
112000000 13711984 13711994
113000000 13834463 13834449
114000000 13956762 13956758
115000000 14078632 14078646
116000000 14201586 14201601
117000000 14324035 14324027
118000000 14446810 14446794
119000000 14569296 14569286
120000000 14691192 14691197
121000000 14813570 14813583
122000000 14935919 14935918
123000000 15058109 15058126
124000000 15179186 15179206
125000000 15300670 15300680
126000000 15422427 15422435
127000000 15545113 15545101
128000000 15666992 15666974
129000000 15789208 15789211
130000000 15912017 15912023
131000000 16034033 16034054
132000000 16156712 16156714
133000000 16279325 16279334
134000000 16402397 16402374
135000000 16525635 16525611
136000000 16647413 16647419
137000000 16769864 16769846
138000000 16893224 16893228
139000000 17016500 17016491
140000000 17138868 17138855
141000000 17261197 17261194
142000000 17383383 17383408
143000000 17505859 17505868
144000000 17628132 17628129
145000000 17750445 17750437
146000000 17872796 17872789
147000000 17995794 17995811
148000000 18117980 18118012
149000000 18240188 18240216
150000000 18362555 18362578
151000000 18484537 18484534
152000000 18607222 18607233
153000000 18729699 18729684
154000000 18851814 18851817
155000000 18973338 18973328
156000000 19096367 19096398
157000000 19218890 19218892
158000000 19340910 19340912
159000000 19463896 19463882
160000000 19586861 19586857
161000000 19710107 19710106
162000000 19832413 19832434
163000000 19955474 19955473
164000000 20078215 20078209
165000000 20201280 20201298
166000000 20323373 20323377
167000000 20446349 20446344
168000000 20569390 20569393
169000000 20691140 20691129
170000000 20813528 20813540
171000000 20935334 20935344
172000000 21057932 21057929
173000000 21180647 21180653
174000000 21302414 21302427
175000000 21425046 21425060
176000000 21546836 21546843
177000000 21669406 21669417
178000000 21792119 21792134
179000000 21914653 21914649
180000000 22036868 22036862
181000000 22159177 22159181
182000000 22280740 22280747
183000000 22403180 22403188
184000000 22524892 22524893
185000000 22647288 22647304
186000000 22769819 22769785
187000000 22892890 22892902
188000000 23015503 23015496
189000000 23138081 23138067
190000000 23260075 23260083
191000000 23382340 23382341
192000000 23505169 23505174
193000000 23627862 23627857
194000000 23749958 23749967
195000000 23872361 23872374
196000000 23994156 23994145
197000000 24116446 24116463
198000000 24238583 24238586
199000000 24361525 24361520
200000000 24484280 24484290
201000000 24607063 24607067
202000000 24730041 24730036
203000000 24853001 24853014
204000000 24975807 24975820
205000000 25099037 25099035
206000000 25222718 25222729
207000000 25346082 25346068
208000000 25468538 25468537
209000000 25591790 25591788
210000000 25714830 25714825
211000000 25836456 25836452
212000000 25958241 25958247
213000000 26080276 26080289
214000000 26202229 26202229
215000000 26325236 26325233
216000000 26447014 26447023
217000000 26569191 26569200
218000000 26691355 26691370
219000000 26813497 26813527
220000000 26935585 26935590
221000000 27057957 27057961
222000000 27179816 27179813
223000000 27302255 27302270
224000000 27424505 27424525
225000000 27547280 27547290
226000000 27669680 27669682
227000000 27792624 27792612
228000000 27915003 27915003
229000000 28037466 28037462
230000000 28160293 28160298
231000000 28282115 28282126
232000000 28404437 28404452
233000000 28527528 28527525
234000000 28650468 28650456
235000000 28773248 28773233
236000000 28895632 28895614
237000000 29018088 29018091
238000000 29140946 29140956
239000000 29263636 29263643
240000000 29386019 29386014
241000000 29508670 29508704
242000000 29631365 29631386
243000000 29754472 29754459
244000000 29876739 29876742
245000000 29998819 29998818
246000000 30119999 30120012
247000000 30241796 30241788
248000000 30363230 30363246
249000000 30485446 30485457
250000000 30607108 30607101
251000000 30729275 30729288
252000000 30851463 30851461
253000000 30973292 30973282
254000000 31095917 31095913
255000000 31218351 31218349
256000000 31340115 31340120
257000000 31462557 31462551
258000000 31584550 31584530
259000000 31707121 31707095
260000000 31830080 31830093
261000000 31952707 31952701
262000000 32075329 32075341
263000000 32197586 32197598
264000000 32320816 32320791
265000000 32443928 32443915
266000000 32566420 32566422
267000000 32689557 32689554
268000000 32812431 32812421
269000000 32935303 32935277
270000000 33057520 33057529
271000000 33180783 33180775
272000000 33303366 33303371
273000000 33425499 33425492
274000000 33549158 33549154
275000000 33671487 33671488
276000000 33793931 33793905
277000000 33917259 33917264
278000000 34040223 34040211
279000000 34161759 34161753
280000000 34284866 34284857
281000000 34406609 34406631
282000000 34528168 34528160
283000000 34650709 34650704
284000000 34772900 34772883
285000000 34895730 34895715
286000000 35018430 35018435
287000000 35141041 35141054
288000000 35263317 35263297
289000000 35385360 35385376
290000000 35508513 35508511
291000000 35630172 35630163
292000000 35753161 35753189
293000000 35876139 35876130
294000000 35998705 35998689
295000000 36121250 36121237
296000000 36243765 36243758
297000000 36366155 36366160
298000000 36487891 36487923
299000000 36610325 36610329
300000000 36732438 36732434
301000000 36854355 36854361
302000000 36975963 36975953
303000000 37098780 37098800
304000000 37221295 37221299
305000000 37344612 37344603
306000000 37467218 37467225
307000000 37589689 37589701
308000000 37712573 37712568
309000000 37835073 37835078
310000000 37957180 37957211
311000000 38079645 38079643
312000000 38201454 38201442
313000000 38323767 38323754
314000000 38445583 38445570
315000000 38569247 38569225
316000000 38690836 38690850
317000000 38813182 38813161
318000000 38935154 38935152
319000000 39057570 39057570
320000000 39180168 39180173
321000000 39302692 39302690
322000000 39424370 39424377
323000000 39546706 39546708
324000000 39668419 39668412
325000000 39791012 39791013
326000000 39913225 39913228
327000000 40035339 40035347
328000000 40157629 40157621
329000000 40280159 40280172
330000000 40402380 40402378
331000000 40525482 40525475
332000000 40647935 40647931
333000000 40770667 40770665
334000000 40893075 40893070
335000000 41015726 41015715
336000000 41138805 41138805
337000000 41261175 41261176
338000000 41383124 41383105
339000000 41505679 41505670
340000000 41626969 41626945
341000000 41749623 41749627
342000000 41871960 41871959
343000000 41994680 41994672
344000000 42116345 42116347
345000000 42239274 42239262
346000000 42361333 42361355
347000000 42483034 42483032
348000000 42605766 42605757
349000000 42727726 42727731
350000000 42849883 42849906
351000000 42972425 42972408
352000000 43094377 43094380
353000000 43216592 43216581
354000000 43338280 43338282
355000000 43461001 43461007
356000000 43583487 43583488
357000000 43706764 43706770
358000000 43829465 43829461
359000000 43951564 43951566
360000000 44074217 44074223
361000000 44197124 44197129
362000000 44319346 44319350
363000000 44442184 44442172
364000000 44564131 44564111
365000000 44686605 44686605
366000000 44808589 44808592
367000000 44931144 44931138
368000000 45053514 45053511
369000000 45175494 45175503
370000000 45297911 45297893
371000000 45419954 45419959
372000000 45542858 45542849
373000000 45665047 45665034
374000000 45787884 45787878
375000000 45910066 45910066
376000000 46031396 46031393
377000000 46152893 46152910
378000000 46274706 46274711
379000000 46396195 46396210
380000000 46518489 46518488
381000000 46640996 46641007
382000000 46763106 46763116
383000000 46885800 46885803
384000000 47007409 47007398
385000000 47129444 47129457
386000000 47251276 47251285
387000000 47373233 47373230
388000000 47495951 47495979
389000000 47618169 47618175
390000000 47740425 47740432
391000000 47862612 47862615
392000000 47984463 47984457
393000000 48107215 48107195
394000000 48229894 48229904
395000000 48351721 48351718
396000000 48473454 48473475
397000000 48595425 48595433
398000000 48717225 48717218
399000000 48839642 48839638
400000000 48962052 48962027
