# Fix print output for fix saveBond
1000000 121797 121791
2000000 243942 243950
3000000 366019 366032
4000000 487775 487774
5000000 609137 609119
6000000 732152 732145
7000000 855100 855084
8000000 977160 977146
9000000 1099333 1099333
10000000 1220990 1220976
11000000 1343319 1343304
12000000 1465457 1465447
13000000 1587729 1587715
14000000 1710241 1710218
15000000 1832648 1832656
16000000 1955120 1955096
17000000 2077760 2077746
18000000 2200471 2200446
19000000 2323345 2323325
20000000 2445776 2445772
21000000 2568426 2568423
22000000 2690825 2690803
23000000 2813476 2813466
24000000 2935764 2935749
25000000 3058987 3058971
26000000 3181076 3181075
27000000 3303919 3303901
28000000 3426860 3426856
29000000 3549669 3549646
30000000 3672786 3672777
31000000 3795535 3795551
32000000 3917747 3917738
33000000 4039581 4039573
34000000 4161159 4161134
35000000 4283642 4283632
36000000 4406446 4406404
37000000 4529253 4529233
38000000 4651537 4651505
39000000 4774179 4774165
40000000 4896571 4896565
41000000 5017996 5017982
42000000 5140282 5140271
43000000 5263284 5263288
44000000 5385493 5385502
45000000 5507833 5507806
46000000 5630381 5630375
47000000 5753509 5753490
48000000 5875793 5875783
49000000 5998092 5998058
50000000 6120532 6120508
51000000 6242524 6242511
52000000 6364875 6364856
53000000 6487085 6487064
54000000 6609622 6609590
55000000 6731567 6731583
56000000 6853950 6853956
57000000 6976647 6976628
58000000 7098767 7098768
59000000 7221444 7221439
60000000 7344360 7344364
61000000 7466769 7466753
62000000 7588480 7588499
63000000 7710775 7710753
64000000 7831993 7831978
65000000 7955199 7955185
66000000 8077046 8077043
67000000 8199211 8199192
68000000 8322150 8322142
69000000 8444457 8444460
70000000 8566758 8566761
71000000 8690040 8690035
72000000 8813618 8813610
73000000 8935955 8935930
74000000 9058205 9058174
75000000 9180594 9180556
76000000 9302671 9302653
77000000 9424435 9424411
78000000 9546844 9546833
79000000 9669278 9669262
80000000 9791783 9791754
81000000 9914005 9913999
82000000 10037098 10037099
83000000 10159203 10159186
84000000 10281372 10281358
85000000 10404057 10404039
86000000 10526873 10526874
87000000 10649073 10649047
88000000 10770933 10770926
89000000 10893590 10893570
90000000 11016579 11016563
91000000 11139427 11139440
92000000 11261530 11261525
93000000 11383728 11383692
94000000 11505444 11505431
95000000 11628324 11628297
96000000 11751228 11751238
97000000 11872965 11872965
98000000 11994473 11994490
99000000 12116010 12116010
100000000 12237988 12237988
101000000 12360172 12360158
102000000 12482188 12482178
103000000 12603519 12603522
104000000 12725305 12725318
105000000 12847428 12847422
106000000 12969253 12969250
107000000 13091282 13091273
108000000 13213630 13213629
109000000 13336005 13335984
110000000 13457260 13457258
111000000 13579249 13579252
112000000 13701505 13701479
113000000 13824363 13824342
114000000 13946371 13946359
115000000 14069572 14069562
116000000 14192108 14192100
117000000 14313996 14314000
118000000 14435178 14435158
119000000 14557788 14557795
120000000 14681076 14681068
121000000 14803735 14803730
122000000 14925910 14925903
123000000 15048769 15048757
124000000 15171388 15171390
125000000 15293362 15293364
126000000 15415266 15415269
127000000 15536725 15536739
128000000 15659155 15659144
129000000 15781673 15781674
130000000 15904300 15904285
131000000 16026606 16026627
132000000 16148811 16148808
133000000 16271233 16271227
134000000 16393943 16393934
135000000 16516656 16516651
136000000 16638718 16638717
137000000 16760761 16760767
138000000 16883433 16883406
139000000 17005999 17005996
140000000 17127957 17127943
141000000 17250387 17250388
142000000 17371893 17371899
143000000 17494557 17494552
144000000 17617176 17617163
145000000 17739415 17739393
146000000 17861697 17861703
147000000 17984101 17984096
148000000 18106109 18106088
149000000 18227974 18227948
150000000 18349942 18349969
151000000 18472176 18472179
152000000 18594038 18594034
153000000 18716655 18716658
154000000 18838734 18838724
155000000 18960395 18960391
156000000 19082727 19082723
157000000 19204866 19204861
158000000 19327003 19326981
159000000 19448757 19448760
160000000 19571294 19571293
161000000 19693641 19693617
162000000 19816634 19816613
163000000 19939118 19939115
164000000 20061302 20061314
165000000 20183490 20183502
166000000 20305843 20305845
167000000 20428158 20428142
168000000 20550236 20550226
169000000 20672762 20672743
170000000 20794751 20794738
171000000 20917493 20917490
172000000 21039772 21039752
173000000 21162341 21162348
174000000 21284362 21284370
175000000 21406745 21406750
176000000 21529724 21529692
177000000 21652321 21652318
178000000 21774541 21774529
179000000 21897536 21897526
180000000 22019858 22019833
181000000 22142275 22142241
182000000 22264738 22264719
183000000 22387133 22387092
184000000 22510057 22510041
185000000 22633127 22633117
186000000 22755313 22755309
187000000 22877020 22877039
188000000 22999246 22999217
189000000 23121251 23121239
190000000 23243930 23243922
191000000 23366840 23366848
192000000 23489218 23489236
193000000 23611453 23611440
194000000 23732917 23732884
195000000 23855421 23855413
196000000 23978321 23978289
197000000 24100923 24100898
198000000 24223723 24223700
199000000 24346444 24346434
200000000 24469001 24469011
201000000 24591002 24590978
202000000 24713032 24713022
203000000 24835399 24835390
204000000 24958024 24957980
205000000 25081057 25081035
206000000 25203666 25203657
207000000 25326773 25326778
208000000 25449661 25449654
209000000 25572180 25572175
210000000 25694416 25694402
211000000 25816364 25816353
212000000 25938487 25938491
213000000 26060580 26060594
214000000 26182765 26182751
215000000 26305088 26305090
216000000 26426902 26426885
217000000 26548928 26548921
218000000 26671504 26671495
219000000 26793506 26793497
220000000 26915631 26915625
221000000 27038335 27038325
222000000 27161382 27161390
223000000 27283647 27283618
224000000 27406235 27406241
225000000 27528691 27528675
226000000 27650847 27650826
227000000 27773472 27773463
228000000 27896350 27896333
229000000 28019823 28019806
230000000 28142470 28142476
231000000 28264612 28264598
232000000 28387314 28387293
233000000 28510583 28510576
234000000 28632819 28632795
235000000 28755126 28755102
236000000 28877760 28877746
237000000 29000476 29000459
238000000 29122523 29122517
239000000 29244885 29244886
240000000 29367382 29367363
241000000 29489498 29489483
242000000 29611671 29611658
243000000 29734070 29734036
244000000 29856226 29856217
245000000 29978584 29978559
246000000 30100458 30100450
247000000 30222617 30222608
248000000 30344406 30344395
249000000 30466685 30466689
250000000 30589085 30589064
251000000 30711286 30711275
252000000 30833592 30833580
253000000 30956065 30956056
254000000 31078190 31078178
255000000 31200336 31200323
256000000 31323236 31323230
257000000 31446146 31446154
258000000 31569308 31569302
259000000 31692229 31692210
260000000 31813873 31813859
261000000 31936058 31936040
262000000 32058857 32058839
263000000 32181520 32181532
264000000 32304599 32304570
265000000 32427206 32427184
266000000 32549930 32549903
267000000 32671996 32671995
268000000 32794644 32794635
269000000 32917142 32917125
270000000 33039343 33039329
271000000 33161186 33161170
272000000 33284387 33284356
273000000 33406924 33406923
274000000 33528875 33528870
275000000 33651358 33651329
276000000 33773522 33773507
277000000 33895009 33894991
278000000 34016776 34016768
279000000 34139524 34139531
280000000 34262158 34262147
281000000 34385118 34385104
282000000 34507846 34507853
283000000 34631119 34631105
284000000 34753343 34753330
285000000 34875989 34875975
286000000 34998947 34998965
287000000 35120958 35120936
288000000 35242874 35242863
289000000 35365977 35365972
290000000 35488098 35488083
291000000 35610653 35610644
292000000 35733513 35733493
293000000 35855849 35855842
294000000 35979149 35979129
295000000 36101840 36101834
296000000 36224461 36224461
297000000 36346879 36346874
298000000 36469121 36469095
299000000 36592068 36592042
300000000 36714124 36714113
301000000 36836637 36836612
302000000 36958857 36958834
303000000 37081859 37081837
304000000 37204691 37204665
305000000 37327246 37327244
306000000 37449505 37449491
307000000 37571566 37571560
308000000 37694627 37694609
309000000 37816953 37816935
310000000 37939840 37939840
311000000 38062070 38062040
312000000 38184060 38184047
313000000 38307644 38307647
314000000 38430250 38430237
315000000 38552957 38552932
316000000 38674911 38674911
317000000 38797191 38797192
318000000 38919138 38919151
319000000 39041157 39041143
320000000 39163722 39163693
321000000 39286012 39285999
322000000 39408488 39408471
323000000 39530827 39530817
324000000 39653344 39653342
325000000 39775655 39775652
326000000 39898744 39898727
327000000 40021104 40021099
328000000 40143938 40143914
329000000 40266396 40266378
330000000 40388015 40388005
331000000 40510662 40510667
332000000 40633626 40633612
333000000 40756634 40756633
334000000 40878866 40878858
335000000 41001707 41001710
336000000 41123706 41123703
337000000 41246159 41246135
338000000 41368523 41368521
339000000 41490942 41490930
340000000 41612525 41612523
341000000 41734734 41734720
342000000 41857038 41857042
343000000 41979130 41979140
344000000 42101852 42101836
345000000 42223804 42223798
346000000 42345738 42345736
347000000 42468106 42468110
348000000 42588899 42588891
349000000 42710659 42710633
350000000 42831798 42831804
351000000 42953108 42953113
352000000 43075179 43075174
353000000 43197321 43197289
354000000 43319565 43319564
355000000 43442463 43442466
356000000 43564427 43564406
357000000 43686599 43686604
358000000 43809342 43809335
359000000 43931892 43931883
360000000 44053870 44053872
361000000 44175848 44175846
362000000 44297284 44297298
363000000 44419780 44419755
364000000 44542510 44542484
365000000 44665728 44665728
366000000 44787474 44787473
367000000 44909767 44909753
368000000 45032664 45032655
369000000 45155625 45155616
370000000 45277733 45277752
371000000 45399742 45399744
372000000 45521973 45521965
373000000 45644074 45644073
374000000 45766336 45766324
375000000 45889248 45889218
376000000 46011765 46011764
377000000 46134622 46134611
378000000 46257675 46257667
379000000 46379648 46379624
380000000 46501343 46501332
381000000 46624398 46624400
382000000 46746116 46746089
383000000 46868466 46868454
384000000 46991226 46991217
385000000 47114263 47114244
386000000 47236441 47236431
387000000 47358305 47358302
388000000 47479746 47479725
389000000 47602108 47602101
390000000 47725197 47725171
391000000 47847798 47847765
392000000 47969547 47969524
393000000 48092048 48092046
394000000 48214649 48214642
395000000 48337299 48337284
396000000 48459306 48459302
397000000 48581494 48581481
398000000 48704435 48704412
399000000 48826534 48826516
400000000 48947960 48947937
