# Steps Temp KinEng PotEng Epair Ebond Eangle Bonds
1000000 308.81007077499333491 12886.137770939852999 3630.2145445095661671 -3084.7476129434635368 -1491.3352498698186537 8206.2974073228469933 15558
2000000 311.12113835253148864 12982.574830545359873 3649.329562624414848 -2959.217714722160963 -1552.2799336569466959 8160.827211003523189 15591
3000000 307.54676311367313701 12833.422014196552482 3539.0933675785890955 -2965.8784651358037081 -1571.3749583673529742 8076.3467910817462325 15570
4000000 310.25065511623319026 12946.250992782936009 3635.4674662090583297 -2995.5872755972350205 -1482.2770425929984413 8113.3317843992917915 15578
5000000 312.50135575672857158 13040.169039114067346 3453.748952089861632 -3039.3195973596298245 -1611.1568874290737767 8104.2254368785652332 15594
6000000 311.03487607739282339 12978.97524728344797 3662.1445510634589482 -3009.3970457437189907 -1529.2615030376664436 8200.8030998448448372 15561
7000000 309.35597689624893292 12908.917538033732853 3630.1841853429887124 -2980.6331757456055129 -1550.1014173669141201 8160.9187784555078906 15583
8000000 312.97470099089809992 13059.920959397686602 3812.667456901863261 -2930.2898913343237837 -1497.016097781874123 8239.9734460180625319 15574
9000000 311.19764415225802168 12985.767292090016781 3507.1666524988909259 -3005.8696100284832937 -1609.7726805478246206 8122.8089430751970212 15595
10000000 311.11152077669351002 12982.173504879523534 3550.8729223012533112 -2903.4619836810516063 -1659.73104369254429 8114.0659496748485253 15599
11000000 309.20135284600826253 12902.465330017648739 3525.6885289466599716 -2910.2033826244187367 -1549.3167202682475363 7985.2086318393248803 15579
12000000 311.92337568771711176 13016.050878785139503 3531.5090809029170487 -2999.1908909825224328 -1606.0619466881635162 8136.7619185736020881 15574
13000000 309.60392308351885049 12919.263925769471825 3529.660629231987059 -2935.3711237121956401 -1633.340399920753498 8098.3721528649366519 15593
14000000 313.18203742342575424 13068.572768672498569 3686.1650131450182926 -2957.4009738122185809 -1586.6574602447067264 8230.2234472019426903 15572
15000000 305.73562046622527077 12757.846001991811136 3679.3950904523562713 -2881.531617507622741 -1611.3760128334743058 8172.3027207934537728 15570
16000000 308.76062476036213411 12884.074469846198554 3598.9636426721040152 -3017.0554131221360876 -1623.8539000593875699 8239.8729558536288096 15601
17000000 311.18822978622017672 12985.374446035853907 3680.1289601636626685 -3011.5934414820449092 -1536.3552635039418419 8228.0776651496489649 15574
18000000 306.14797195224900861 12775.052753201764062 3737.4028807801500989 -2988.8930932562234375 -1531.4661560178915352 8257.7621300542632525 15570
19000000 311.642599262775434 13004.33453907655894 3582.3611644858265208 -3008.8659070150142725 -1508.5353355038967038 8099.762407004736815 15559
20000000 308.82408782778281875 12886.722679563248676 3650.1206497754028533 -2974.3312053569179625 -1597.387334528221345 8221.8391896605426155 15586
21000000 306.48311726350408435 12789.037817365246156 3622.731400615707571 -2913.2460516414375888 -1564.2690038494356486 8100.2464561065808084 15584
22000000 311.02817822529033265 12978.695756900424385 3678.5055592350008737 -2959.8275175484532156 -1455.0167072869321601 8093.3497840703848851 15545
23000000 311.4805498311681049 12997.572482074487198 3699.9200178571882134 -2994.9391419828439211 -1511.4122303063213621 8206.2713901463539514 15560
24000000 312.7536839315494035 13050.698280003365653 3753.5826787343630713 -2925.553350770976067 -1479.4168655328958266 8158.5528950382340554 15573
25000000 307.45967437619333396 12829.787944016634356 3729.5486864413505828 -2888.2242373292697266 -1586.642628296595376 8204.4155520672175044 15559
26000000 310.61193736530680098 12961.32670849412898 3533.0555942133682947 -3094.9215361132892212 -1648.9237479021967374 8276.9008782288528892 15574
27000000 310.04349437798788358 12937.606514942368449 3700.8225601266153717 -2992.2069629795828405 -1514.0051897492151056 8207.0347128554130904 15582
28000000 311.05615781166198985 12979.863299150112653 3605.8434485517336725 -2932.8488692673518017 -1558.5257210258837404 8097.2180388449696693 15572
29000000 309.96281591436877534 12934.239934977102166 3465.8787966669597154 -3033.1881710844672853 -1655.2951474504702674 8154.3621152018977227 15586
30000000 309.74489938066744799 12925.146635432842231 3593.4856677508300891 -2929.9238666406736229 -1520.8120708435399138 8044.221605235043171 15564
31000000 308.99523343749757487 12893.864305159009746 3529.4537725081499957 -2953.6077921032178892 -1580.8383795974059467 8063.8999442087733769 15567
32000000 310.49079750052976578 12956.271740619693446 3589.3579080099680141 -2898.6476797429395447 -1552.8969759364633774 8040.9025636893711635 15591
33000000 310.95878669335763789 12975.800162082621682 3716.5067614820809467 -2909.7167558858500342 -1494.2004691008673944 8120.4239864687988302 15578
34000000 311.93987293426545193 13016.739281826301522 3397.1583151841505241 -3049.7680570781940332 -1666.9177235922484215 8113.8440958545934336 15571
35000000 312.17950458713397666 13026.738717678223111 3482.3126904303653646 -3087.8662748423289486 -1538.6692305586739167 8108.8481958313677751 15582
36000000 308.92148193733061134 12890.786776017619559 3534.5841914510488095 -3031.8355092574893206 -1698.3200856963485421 8264.739786404887127 15603
37000000 312.33728291423921064 13033.322548494505099 3569.8001081098304894 -3047.2209528495823179 -1563.1922699306210234 8180.2133308900329212 15570
38000000 310.83246430885293421 12970.528936159853401 3546.2589720630248848 -3008.0072623250621291 -1627.0198153410242412 8181.2860497291112551 15594
39000000 310.25261006815799192 12946.332569720421816 3576.5794546516749506 -2955.8429761920342571 -1624.6964972499763462 8157.1189280936850992 15585
40000000 311.97004147757053261 13017.998165658691505 3483.373112424305873 -3009.0928313304648327 -1573.7195448131531066 8066.1854885679240397 15574
41000000 310.67190758099263803 12963.829167236946887 3345.4791524763113557 -3141.7564383948615614 -1567.1262791073365861 8054.3618699785101853 15564
42000000 305.27590250997496923 12738.662725665526523 3389.1094180820446127 -3035.0428082095154423 -1658.2051512043105959 8082.3573774958713329 15587
43000000 311.44636131335784057 12996.145851299195783 3649.9049961574610279 -3023.5805126518798716 -1435.816990043669648 8109.3024988530105475 15553
44000000 305.93319222366159238 12766.090347390203533 3672.4653470983680563 -3007.9666134181711641 -1489.3309835194640982 8169.7629440360033186 15567
45000000 310.0752814326783664 12938.932936600333051 3543.9983552367330049 -3043.377690276971407 -1552.9372277287898214 8140.313273242494688 15568
46000000 310.40612719653751128 12952.73858770271363 3621.3831857365221367 -2985.2886812024717074 -1588.0796832254945912 8194.7515501644884353 15579
47000000 309.03274766504347326 12895.429712347038731 3614.4485297690266634 -2903.638839513288076 -1585.3936836306670557 8103.4810529129808856 15596
48000000 311.7157324331612358 13007.386266330311628 3664.9904536268422817 -2892.3169550275488291 -1581.6150161234938878 8138.9224247778838617 15584
49000000 309.07100394931364917 12897.026084345117852 3443.6417161821036643 -3038.6803696785400462 -1627.5237362509342347 8109.8458221115779452 15588
50000000 310.48417124942011469 12955.995238028668609 3685.3233972502621327 -2906.9352139890415856 -1524.7967139301738371 8117.0553251694782375 15564
51000000 312.75118665729451095 13050.594072844512993 3603.8266513818880412 -3056.2785550221324229 -1612.3720511356268617 8272.4772575396455068 15584
52000000 310.87098812935056458 12972.136472005913674 3504.9217600041238256 -3090.9317872970286771 -1516.187968251037546 8112.041515552191413 15592
53000000 305.56979435976478499 12750.926350542278669 3563.7582814266143032 -2939.8656218938490383 -1605.6612053814983483 8109.2851087019607803 15594
54000000 308.51568432408248555 12873.853507169518707 3622.1238531213020906 -3062.7527553312993405 -1515.0701541337546132 8199.9467625863562716 15570
55000000 311.33898050270522617 12991.665026187009062 3621.2941190808778629 -3007.317587011224532 -1540.3380696662964056 8168.9497757583967541 15573
56000000 309.88405415145217603 12930.953335788550248 3690.0675430907831469 -2971.1507974258088325 -1534.119089545661609 8195.3374300622526789 15575
57000000 307.92956925732318041 12849.395886726864774 3622.0479208744527568 -2923.4186847883993323 -1546.4954063908176067 8091.9620120536692411 15559
58000000 306.87577531713350254 12805.422793940781048 3516.1472295386893165 -2926.8820712237256885 -1583.3992193028077509 8026.4285200652229832 15583
59000000 313.36869067184824189 13076.361502597301296 3816.1406047793270773 -2950.8980284644412677 -1477.0966465666526801 8244.1352798104198882 15590
60000000 309.56312733064675058 12917.561585911644215 3790.9031208606106702 -2945.9663782930037996 -1456.5234656593752334 8193.3929648129887937 15558
61000000 310.77296167363999757 12968.045988783287612 3639.0397678841941342 -2948.933518918898244 -1582.3808281534968501 8170.3541149565890009 15574
62000000 306.74951651958207322 12800.154221397282527 3608.9750076549557889 -2969.082931343025848 -1584.3351465920884493 8162.3930855900707684 15582
63000000 309.95466587953040971 12933.899847390250216 3640.1913776187029725 -3019.259350426097626 -1521.8441921328396802 8181.2949201776409609 15564
64000000 311.23254351965340447 12987.223585452622501 3566.5319372328572172 -3027.0302648070910436 -1577.3654482677261512 8170.927650307674412 15581
65000000 308.75387213688526344 12883.792693943552877 3544.8523258553686901 -3081.6659023223051008 -1491.3729933673548658 8117.8912215450282019 15571
66000000 309.6479442458489757 12921.100856673958333 3471.7055070949859328 -3031.1693599073055339 -1606.9997385139784001 8109.8746055162700941 15572
67000000 310.06922904125281093 12938.680380232734024 3599.8894557880789762 -3024.0630826765350321 -1529.7794586250897737 8153.7319970897042367 15583
68000000 308.24662568365368998 12862.626131390205046 3599.655363721408321 -2887.0992636640139608 -1604.2040233687216642 8090.9586507541444007 15591
69000000 310.78124496269475685 12968.391636850037685 3445.538548257972252 -2920.0311449395021555 -1723.9678744917282529 8089.5375676892017509 15599
70000000 315.28640543702096011 13156.384594484698027 3823.0937227160156908 -2932.144674707964441 -1497.2554024342980483 8252.4937998582790897 15576
71000000 308.84093986458339032 12887.425887419742139 3451.904447582103785 -2898.3340589993158574 -1745.8760928823096492 8096.1145994637299736 15615
72000000 311.67896058178303065 13005.851837282181805 3789.8613267449459272 -2933.6445655989264196 -1590.9557491210462103 8314.4616414649190119 15578
73000000 309.44869946722621989 12912.786698845393403 3579.3920466825493349 -2988.503501696476178 -1627.1641402137242949 8195.0596885927498079 15579
74000000 309.70424080055727245 12923.450019569390861 3654.0235833487486161 -2970.3584598017150711 -1619.3397479540194581 8243.7217911044826906 15583
75000000 310.13260635890219419 12941.325011752465798 3913.9087562882505154 -2872.6694045528247443 -1432.2653133867650013 8218.8434742278404883 15580
76000000 306.60073058199657225 12793.945628247151035 3718.4579867085953993 -2846.3739349587003744 -1537.9970895775654753 8102.829011244861249 15583
77000000 307.93586330388234273 12849.658526966850332 3687.181036422483885 -2875.965949373755393 -1552.4408137309728772 8115.5877995272130647 15574
78000000 309.0878964066450294 12897.730978884066644 3763.2750379870421966 -2923.2350939782436399 -1468.5350733398590819 8155.0452053051449184 15586
79000000 306.96078132693156704 12808.969955310443765 3615.8103475039442856 -2977.9888761077818344 -1586.5017742834936598 8180.3009978952195524 15598
80000000 309.55285982740406325 12917.133139841162119 3671.4065726957014704 -2944.2449851261712865 -1536.5549127360466173 8152.2064705579186921 15561
81000000 314.06756920076151118 13105.524557371152696 3733.529369155835866 -2876.0958644344905224 -1669.8943857632275467 8279.5196193535557541 15587
82000000 313.6274936372555544 13087.16092587840285 3723.7325326564332499 -2947.0780835013702017 -1509.8149808228790789 8180.6255969806825306 15572
83000000 312.840715118605317 13054.329948698485168 3611.5163103674485683 -2968.0889722515998983 -1570.2624325410056372 8149.8677151600541038 15577
84000000 309.14476789257855671 12900.104132716576714 3634.7509958969512809 -3016.7202224081138411 -1547.7478279161368846 8199.2190462212020066 15569
85000000 313.76575310395043061 13092.930266662839131 3796.7344918355483969 -3002.0627491216982889 -1423.6128984548940934 8222.4101394121407793 15573
86000000 311.26967516071130149 12988.773027933990306 3802.1167368615697342 -3000.8437701893958547 -1547.8526139304453864 8350.8131209814109752 15562
87000000 311.59689392002610475 13002.427330085422 3648.9603823653596919 -2971.7900660744835477 -1548.9268578875635285 8169.6773063274067681 15577
88000000 310.15164542954727267 12942.119480944315001 3585.0691106878471146 -2996.6189368889044999 -1543.9303318671027228 8125.618379443854792 15587
89000000 308.04336497059989597 12854.144395204410102 3866.723505727860811 -2928.7242306499897495 -1522.7364314739440943 8318.1841678517939727 15566
90000000 314.7114068689877513 13132.390847301603571 3567.5235324561886046 -2957.9997466420963974 -1649.2985999371867365 8174.8218790354712837 15587
91000000 306.92252390056432887 12807.373535654529405 3572.2208845172253859 -2963.2284143104525356 -1573.4056896092154147 8108.8549884368940184 15574
92000000 310.13055711618648047 12941.239500214922373 3689.7310593705024075 -2973.057366418824131 -1586.9800449013519028 8249.7684706906784413 15561
93000000 308.66349533817901829 12880.0214183614371 3527.0495380363931872 -2967.9505708079645956 -1601.1108651719409863 8096.1109740162983144 15580
94000000 313.47315871226902573 13080.720782584976405 3571.1470639589679195 -3112.6058995649027565 -1567.4126981040317332 8251.1656616279033187 15575
95000000 305.37829989989302248 12742.935600803817579 3515.7072580446874781 -3108.4062120020425937 -1598.674783262292749 8222.7882533090232755 15599
96000000 307.46709584484585775 12830.097629731477355 3619.6555352096165734 -2927.4696451425943451 -1592.0086739999683232 8139.1338543521796964 15583
97000000 308.61677259406155827 12878.071754879858418 3680.7198526417960238 -2997.664004523134281 -1504.7061372044913696 8183.0899943694221292 15583
98000000 308.93904351058574775 12891.519591666643464 3424.3840454988203419 -3016.7152318257076331 -1625.1760698330726882 8066.2753471576006632 15584
99000000 311.00125470838793262 12977.572282697617993 3643.6280581561304643 -2960.8958075370182996 -1623.6157798966435166 8228.1396455897920532 15566
100000000 311.52262733264495864 12999.328307199382834 3475.4596484623407378 -2997.9742059936884289 -1623.0511546598027053 8096.4850091158323266 15599
101000000 308.78725522069578346 12885.185715279036231 3589.1109110540000984 -3047.2571331048511638 -1525.4475620799414628 8161.8156062387924976 15576
102000000 307.35483333774880066 12825.41309943318447 3671.6768055343122796 -2975.3521698879471842 -1453.1112963359119021 8100.1402717581722754 15569
103000000 309.13985894539956689 12899.899290402012412 3428.8238222206455248 -3031.0405706177134562 -1546.8919067686974813 8006.7562996070555528 15580
104000000 309.84568899341422821 12929.352420666707985 3795.260405159261154 -2827.1924311738371216 -1529.6321807924409768 8152.0850171255387977 15577
105000000 311.87466282663660877 13014.018170986702899 3604.6034836380513298 -2971.6341122347607779 -1558.735909556613251 8134.9735054294251313 15581
106000000 307.53526729009399787 12832.942312333010705 3686.5396993837243826 -2879.9200015615988377 -1604.1447409327040532 8170.6044418780275009 15583
107000000 306.97412174988420475 12809.526629280495399 3626.2594542564270341 -2869.8780563021405214 -1682.1639389022302566 8178.3014494607978122 15597
108000000 308.5620948394705465 12875.790141858309653 3708.1207250349289097 -2881.3173490124127056 -1521.1909754227390295 8110.6290494700806448 15560
109000000 311.38937641196957884 12993.76796482577447 3645.6148296657465835 -2946.972418513165394 -1627.8480410692845908 8220.4352892481983872 15604
110000000 310.08271665660862482 12939.24319630035825 3521.9568181620302312 -2998.3007700524149186 -1647.8385233802400762 8168.0961115946856808 15587
111000000 307.72052230451316746 12840.672700246112072 3586.6919984036567257 -2949.1423751546108178 -1549.1118411066386216 8084.9462146649066199 15585
112000000 308.94753163951577335 12891.873787365428143 3541.6301099332276863 -3107.6856025965471417 -1510.1736326559969257 8159.4893451857715263 15583
113000000 311.20748224135644477 12986.177819412545432 3611.1907777567330413 -3038.0795496112259571 -1525.3915616827575832 8174.6618890507170363 15583
114000000 309.67722883694551683 12922.322854630465372 3643.4804146693813891 -2949.8713969326558981 -1521.3709554907759411 8114.7227670928141379 15571
115000000 310.56422627052762664 12959.335802760440856 3689.8904299701334821 -2901.1214625431521199 -1542.3748420920360331 8133.3867346053211804 15580
116000000 311.0270847151344924 12978.650126515098236 3649.0773999137077226 -2936.4250720290897334 -1596.7803673469545629 8182.2828392897517915 15581
117000000 308.02188976239477824 12853.248269987714593 3653.8683922136019646 -2939.9303761457604196 -1576.1462655548784824 8169.9450339142413213 15578
118000000 312.52898740787691167 13041.322062597539116 3555.5179396667990659 -2888.2210656517445386 -1648.5967588021944721 8092.3357641207385313 15601
119000000 308.77502135329478961 12884.675216057281432 3563.7893756069011033 -3035.6187092772306642 -1523.3754303118580538 8122.7835151959907307 15581
120000000 307.90394043371640009 12848.326437951845946 3702.0199838832450041 -2927.9532154688417904 -1546.4234924584657165 8176.3966918105534205 15572
121000000 307.77913952541797471 12843.118700735776656 3617.8189798293287822 -2925.4782692440985556 -1652.4937628178868181 8195.7910118913132465 15599
122000000 308.86052603288169394 12888.243186099358354 3766.3598957998219703 -2925.9168807278374516 -1486.9112082149047183 8179.187984742565277 15568
123000000 309.63378878890546275 12920.51017267221323 3717.2844018599344054 -2975.9621518840040153 -1539.0754134617861837 8232.3219672057257412 15572
124000000 310.64375108891664468 12962.65424300236009 3409.2535275369700685 -3088.1820796923284433 -1583.5813362334592966 8081.0169434627587179 15582
125000000 311.35086683732095025 12992.161023435626703 3597.8363973152149811 -2965.2213368917355183 -1615.2228276994114822 8178.2805619063619815 15586
126000000 309.11568500837307738 12898.890551657814285 3556.725259279349757 -2993.5410896098401281 -1520.2830916081018131 8070.5494404972923803 15579
127000000 311.29503126604140562 12989.831096622612677 3504.4256029770222085 -2968.716215718465719 -1533.1948503911978605 8006.3366690866878344 15579
128000000 308.85159231797655366 12887.870396828642697 3579.3073522647609934 -3144.822853472085626 -1504.1111819385791932 8228.2413876754253579 15555
129000000 309.42039547972251512 12911.605619868518261 3375.5872966930592156 -3162.1499254775453664 -1547.6737815135109031 8085.4110036841157125 15560
130000000 310.54009364737129317 12958.32878797628473 3541.2585099965026529 -3013.0928922774110106 -1476.3622959415238256 8030.7136982154388534 15583
131000000 308.184448777660009 12860.031591080058206 3688.6765535744607405 -2997.8745008836522175 -1502.4132769386264954 8188.9643313967399081 15587
132000000 306.50763072897706252 12790.060724074652171 3387.7109552650117621 -3064.2354499237835626 -1686.7663578597475862 8138.7127630485410918 15590
133000000 309.84261196614488654 12929.224021365422232 3599.4030378320126147 -2980.2181843942557862 -1560.5913610249378962 8140.2125832512065244 15585
134000000 310.64095083192813718 12962.537392870959593 3466.9644258584230556 -2981.4592346950612409 -1570.4955184329985514 8018.91917898648353 15597
135000000 309.95362044148220093 12933.856222975131459 3633.8596290757604947 -2971.6299276668214588 -1587.3683693767338809 8192.8579261193153798 15579
136000000 310.46683806279003193 12955.271952578928904 3691.2746033900743896 -2958.3282327959914255 -1563.2708564138836209 8212.8736925999473897 15584
137000000 311.3503818272252488 12992.140784759803864 3503.4741997692849509 -2978.9205867398627561 -1662.1148317905717704 8144.5096182997185679 15598
138000000 305.79944916288212653 12760.509468817213929 3508.3062908669544413 -3036.4447359634336863 -1596.4021105524293489 8141.1531373828174765 15579
139000000 308.03169646775478441 12853.657487718312041 3477.6041932563266528 -3021.2098507636674185 -1613.0933404954569141 8111.9073845154516675 15566
140000000 308.38600644833712749 12868.442262100652442 3674.986443961464829 -3039.3588286533322389 -1460.8519706064414549 8175.1972432212378408 15569
141000000 308.82578887319795058 12886.793661398520271 3694.0355690682063141 -2951.4601528724597301 -1530.7011800693639998 8176.1969020100304988 15576
142000000 312.96151625462078982 13059.3707819772535 3502.3674359395877218 -2987.4543311020888723 -1688.9601485660637081 8178.7819156077403022 15599
143000000 312.03617611565897505 13020.757855638037654 3605.1492990287651992 -2905.7630360611783544 -1636.2161325642875909 8147.1284676542318266 15578
144000000 307.44316759263864469 12829.099143011837441 3428.9494489732942384 -3010.3286355375616949 -1703.9447389475210457 8143.2228234583762969 15578
145000000 310.66212449940297802 12963.420935287540487 3816.3738293100418559 -2918.0717981413145026 -1439.3113620607020948 8173.7569895120586807 15559
146000000 306.5648079629025915 12792.446636269409282 3660.9983384878191828 -2932.0227101492846487 -1594.083163634571747 8187.1042122716753511 15571
147000000 310.16571112759265816 12942.706419454456409 3486.4143860367867092 -2947.6012723792896395 -1608.6922457101509281 8042.7079041262277315 15584
148000000 309.73999702408508483 12924.942068133064822 3662.2320121696757269 -2916.7228138400969328 -1545.6731957475792569 8124.6280217573512346 15574
149000000 310.05391363651443726 12938.041293511949334 3494.51441586969122 -3049.911952562215447 -1551.6061593192032433 8096.0325277511101376 15576
150000000 310.9789347629255758 12976.640907980641714 3522.3841293025029699 -2979.8929564595928241 -1617.2434336776404962 8119.5205194397358355 15579
151000000 308.43681776369970748 12870.562534954584407 3565.0390259444179719 -3004.9996261106734892 -1573.4901188598887529 8143.5287709149806687 15589
152000000 311.64220400544456879 13004.318045636407987 3567.6899508729302397 -2869.1201801138895462 -1697.6733737494719207 8134.4835047362921614 15602
153000000 312.7889085132786704 13052.168144026736627 3788.8330471297676922 -2908.189676169278755 -1474.7561417765164151 8171.7788650755610433 15576
154000000 311.36637226776809939 12992.808039617573741 3648.7982514521700068 -2845.4033989223999015 -1628.3525492428871075 8122.5541996174561064 15568
155000000 311.25275029416826555 12988.066781011793864 3758.4730161238512665 -2833.0195151741299924 -1531.0698208624448853 8122.5623521604265989 15580
156000000 309.21058233257133452 12902.850461354551953 3663.3283689357895128 -2926.1989520734596226 -1491.3748808461409681 8080.9022018553896487 15558
157000000 310.95844947705541017 12975.786090599402087 3513.1236241082629022 -2979.7551316369731467 -1638.3967138981363405 8131.275469643372162 15590
158000000 311.34434947927792336 12991.889064773675273 3678.4790487319442036 -3013.8361847462492733 -1423.1699807673289797 8115.4852142455220019 15542
159000000 310.23829470637093664 12945.735213151816424 3439.778118241847551 -3040.1165639448731781 -1698.897163120840105 8178.7918453075617435 15590
160000000 311.24869273232803835 12987.897465611049483 3574.2733996411052431 -3034.156157503641225 -1574.8813060621264412 8183.3108632068715451 15585
161000000 312.25020095818115351 13029.688761292192794 3548.5709254290113677 -3014.9725675813215275 -1550.0273438675303623 8113.5708368778632575 15585
162000000 306.02769059911361182 12770.033609610080021 3626.4040209386030256 -2949.3655615471725469 -1545.4737034323484295 8121.2432859181226377 15572
163000000 308.2916765158846033 12864.506028730878825 3628.9547928154424881 -2963.2537231040773804 -1547.7358430075578326 8139.9443589270777011 15567
164000000 311.73835661036855527 13008.330336139031715 3572.109864638786803 -2959.1521887590656661 -1571.9800748322923027 8103.2421282301456813 15597
165000000 309.15573876528929986 12900.561929241357575 3595.0304483684171828 -2971.2825895595451584 -1591.4277622692261502 8157.7408001971880367 15588
166000000 309.48365337966566813 12914.245268283229962 3535.6463824753964218 -3025.1888791636333735 -1655.8357725892237795 8216.6710342282531201 15597
167000000 310.89613063687374961 12973.185627608378127 3551.8660567921169786 -2928.1694786095490599 -1587.585894649535021 8067.621430051201969 15595
168000000 308.12407120547550221 12857.512134018661527 3672.0190687964104654 -2941.3513356254989048 -1526.4065749905948906 8139.7769794125042608 15585
169000000 311.3897545553445525 12993.783744128615581 3546.4463412080281159 -3029.8402013182712835 -1659.4126507063378995 8235.6991932326363894 15581
170000000 307.59997245982816594 12835.642352942417347 3661.1845002097993529 -2984.7001359676823995 -1493.9191880821063023 8139.8038242595885094 15566
171000000 307.90307367346878209 12848.290269468294355 3611.8301777571923594 -2973.0714063367172457 -1585.459166665763405 8170.3607507596734649 15585
172000000 307.56101065542577544 12834.016540746353712 3666.1172912014690155 -2993.0858500271610865 -1554.5943617295097283 8213.7975029581393756 15584
173000000 311.87993897856057401 13014.23833615302101 3545.4423172874880947 -3029.5408373621266946 -1582.6007821303419405 8157.5839367799562751 15591
174000000 310.99723044439946307 12977.404356761615418 3646.1594413476514092 -3103.8792630522052605 -1434.298168831420071 8184.3368732312774227 15569
175000000 312.65113684159399554 13046.419158128039271 3473.5371201898378786 -3029.9970540655331206 -1666.4715853430952848 8170.0057595984671934 15574
176000000 308.01526804227245293 12852.971956467359632 3531.1750746918755794 -3033.8487860501800242 -1536.5899021027348681 8101.6137628447913812 15591
177000000 313.06915940449465552 13063.862554074878062 3739.6090483121406578 -2896.522307732997433 -1460.450661155740363 8096.5820172008789086 15553
178000000 310.80946182401606848 12969.569080194218259 3639.5029355915712586 -2905.2690755480853113 -1651.9436215503351377 8196.7156326899912528 15597
179000000 310.31453493530653986 12948.916592862933612 3760.1539382626515362 -2934.5665642561680215 -1440.2859112144062692 8135.0064137332265091 15573
180000000 310.37371131269873104 12951.385926035738521 3595.2635201037860497 -3056.7851053956865144 -1482.6033864810592604 8134.6520119805318245 15575
181000000 314.48738762686247128 13123.042891743925793 3552.8607963406884664 -2988.5537590469111819 -1545.8602949632038417 8087.274850350802808 15571
182000000 307.21222865117334777 12819.462439749770056 3535.8649606225135358 -3130.4808633237144022 -1598.2957421055093619 8264.6415660517377546 15578
183000000 309.79375976442128149 12927.185499110482851 3630.5976498761356197 -3088.7357416219042534 -1531.4893615964397213 8250.8227530944786849 15573
184000000 317.18478831608149449 13235.6009984710563 3568.3471923371562298 -2908.2985988119717149 -1514.4246177051516042 7991.0704088542788668 15569
185000000 309.38860203566076734 12910.278931592569279 3595.4008091630066701 -2956.741474936974555 -1649.7655111734882212 8201.9077952734696737 15596
186000000 311.03935011182261405 12979.161941402293451 3693.7209115257801386 -2937.7162428514047861 -1476.5853213409013733 8108.0224757180849338 15570
187000000 316.82618448432549485 13220.637048721626343 3618.978627564015369 -2942.6372683822519321 -1649.7149002387409382 8211.3307961850077845 15584
188000000 309.21365023450522358 12902.978479870556839 3415.2299872868488819 -2948.6381038633535354 -1642.3167944293279561 8006.1848855795296913 15569
189000000 308.111917917872006 12857.00499725969712 3521.1330264332641491 -3015.8587738263850042 -1543.1962624570855951 8080.1880627167347484 15575
190000000 307.60924755736590441 12836.029387550486717 3638.8347050437459984 -3022.1170053868427203 -1502.8075651039582681 8163.7592755345467594 15572
191000000 309.6015712765764647 12919.165788722988509 3670.8026922198559987 -3055.2446465555108261 -1557.532258782157669 8283.5795975575238117 15583
192000000 314.75822235077674804 13134.344380574115348 3551.8200142638656871 -2902.9600451223409436 -1626.2382027662467863 8081.0182621524536444 15578
193000000 309.12768094667728747 12899.391122488588735 3443.9285941123353041 -3050.19089538874141 -1659.7154735134140537 8153.8349630144912226 15590
194000000 309.6832621575845792 12922.57461520542347 3462.3414662780046456 -3063.6440388299924962 -1596.7962769490172832 8122.7817820570144249 15579
195000000 308.14706042581462953 12858.471436478561372 3576.0652148084682267 -3078.5805329071354208 -1495.9431868688898248 8150.5889345844934724 15562
196000000 312.21834872418287432 13028.359619808614298 3385.8554934963522101 -3108.566769061890227 -1670.8231760061494242 8165.2454385643914065 15584
197000000 312.58723109363074855 13043.752476077992469 3448.416174622590006 -3042.8798758618750071 -1659.7267771914730474 8151.0228276759380606 15582
198000000 310.75952813997810154 12967.485429456050042 3496.83776042160207 -2984.7074174243634843 -1637.7892476428582995 8119.3344254888243086 15597
199000000 308.4615983524977878 12871.596588282234734 3508.0093659736330665 -3014.3347813013519954 -1637.5529213703944151 8159.8970686453794769 15581
200000000 307.09298106456958521 12814.486433539959762 3707.6062907002201428 -2911.3644198743922971 -1507.3692369705122474 8126.3399475451242324 15576
201000000 312.35502333949546028 13034.062827344198013 3423.3704610346858317 -3051.8775861746416922 -1639.4057153893336363 8114.6537625986611602 15591
202000000 310.68664901375933596 12964.444303048729125 3559.6999783195606142 -2966.3166142495133499 -1538.8172099432304094 8064.8338025123048283 15566
203000000 307.81463937519106366 12844.600051243145572 3585.4731626273505753 -2970.3343967586133658 -1630.9252360965892876 8186.7327954825523193 15611
204000000 311.38011124272128427 12993.381344508939947 3545.5888012227137551 -2902.1867643412551843 -1615.618419363505609 8063.3939849274738663 15597
205000000 308.58383472201569475 12876.697311501118747 3563.5010574415200608 -2963.4910852185448675 -1646.8627603657137115 8173.8549030257790946 15592
206000000 306.94333672152231429 12808.242020537787539 3514.5539476114086028 -2945.4723646561737951 -1590.4693242942257712 8050.4956365618081691 15571
207000000 309.44435168274401349 12912.605272929797138 3439.5513067384008536 -3065.9749668757758627 -1610.9032768895713161 8116.4295505037480325 15591
208000000 307.48008346120565193 12830.639581661052944 3562.5161130758742729 -2982.8033807051851909 -1595.2764298428742222 8140.5959236239332313 15569
209000000 308.74430582989873528 12883.393507642802433 3443.0665575587108833 -3039.3274368196148316 -1540.6669017772453572 8023.0608961555699352 15569
210000000 308.69063553707064784 12881.153934348272742 3710.5455201716658848 -2916.0771089285217386 -1563.8775787291656343 8190.5002078293546219 15575
211000000 310.8373312020109438 12970.732023629096147 3439.3513062342808553 -2993.486860091712515 -1561.8326710037440535 7994.6708373297378785 15585
212000000 312.20756860250321552 13027.909783011507898 3504.5459774497576291 -2959.7424994682637589 -1673.4568573598533021 8137.7453342778753722 15575
213000000 312.9543274082800508 13059.070803209953738 3473.2799647493948214 -2964.8673529530169617 -1699.5705932216360452 8137.7179109240478283 15598
214000000 311.2512416780294302 12988.003828934617559 3511.8599711019005554 -2941.9101893367910634 -1701.5539288206089168 8155.3240892593003082 15591
215000000 305.45237273541010836 12746.026538742344201 3644.4083089494397427 -2991.6236984749257317 -1554.3482091906689675 8190.3802166150335324 15576
216000000 307.0021622814423381 12810.696714672858434 3633.6180017436004164 -2940.3530231967238251 -1607.3252143740021438 8181.2962393143270674 15586
217000000 310.93480128619194147 12974.799290380306047 3532.0629888451544502 -2968.7200614858484187 -1637.7767254428467822 8138.5597757738487417 15609
218000000 311.95408573850278344 13017.33235883656198 3599.367922044970328 -2948.4816654353867307 -1569.7397511821459375 8117.5893386625029962 15602
219000000 311.4611859769584612 12996.764460197171502 3488.2679639926764139 -3082.1642091812723265 -1572.6150879585388793 8143.0472611324885293 15564
220000000 310.80982666177521878 12969.584304275533214 3562.9352117721668947 -2973.5297549044039442 -1546.1398068807773143 8082.6047735573483806 15579
221000000 315.85224728791422422 13179.996246879567479 3627.9137825015577619 -2967.4414546208163301 -1537.1962306478708342 8132.5514677702449262 15574
222000000 308.36233344579568438 12867.454426530926867 3559.8302563764973456 -2949.3815754245242715 -1619.0374134130238417 8128.2492452140450041 15593
223000000 314.18268829545689869 13110.328288384806001 3691.1117538960670572 -2858.5851042116455574 -1576.1914628284289392 8125.8883209361410991 15577
224000000 307.66959890766702301 12838.54775041569701 3555.8512569719268868 -2991.1775393489651833 -1639.6223784913404415 8186.6511748122320569 15599
225000000 309.15139612143366321 12900.380717835676478 3863.9795257084360856 -2868.8496091064248503 -1483.4991472558642727 8216.3282820707245264 15578
226000000 310.84292753612544402 12970.965549473090505 3654.4462520635865985 -2957.0371032510020086 -1606.3977450854495146 8217.8811004000381217 15568
227000000 308.52249702275474874 12874.137789911537766 3708.8439915721296529 -2952.4738192537347459 -1580.8828243867337733 8242.2006352125972626 15578
228000000 310.36742720169081622 12951.123700390011436 3565.0825864530102081 -2972.9510673684389985 -1621.2825407353893752 8159.3161945568390365 15586
229000000 309.62673799008257447 12920.215954401419367 3709.3308914275557981 -2938.1258547824991183 -1522.0168597177180345 8169.473605927772951 15570
230000000 311.99513040269602016 13019.045085355579431 3395.9698015559156374 -3040.9443156960614942 -1589.8833311881087411 8026.7974484400865549 15588
231000000 308.24490651374179606 12862.554393249411078 3628.9274254419133285 -2998.5343934742104466 -1547.6599588894841872 8175.1217778056079624 15575
232000000 310.52886239226523912 12957.860126121204303 3614.0887718248181955 -3002.9997758868412348 -1553.0073277933206555 8170.0958755049796309 15569
233000000 310.28828953407696645 12947.821415314969272 3637.2486989276030727 -2935.6168320480664988 -1590.306206454693438 8163.1717374303625547 15580
234000000 309.48390682841892385 12914.255844284018167 3567.8484583153458516 -2976.4053712282338893 -1640.2546999384094306 8184.508529481990081 15574
235000000 312.33812110208032209 13033.357524698394627 3682.4011488057617498 -2969.7530209852789085 -1648.805471445076364 8300.9596412361170223 15583
236000000 308.75531857539158409 12883.853051450103521 3497.233858974386294 -3008.6326608352519543 -1626.8903591032571967 8132.7568789128963544 15601
237000000 303.43422427244087203 12661.812513368213331 3706.0503839599350613 -2973.8503851163022773 -1533.3950267767402238 8213.2957958529768803 15585
238000000 311.4797106945237033 12997.537466278592547 3694.5011435743585935 -2912.823484708984779 -1598.4918042607787356 8205.8164325441230176 15578
239000000 312.50684030595158447 13040.397900357880644 3855.8353695997593604 -2921.5140491680235755 -1423.2942747529223197 8200.6436935207057104 15577
240000000 313.15462948549605926 13067.429080374726254 3586.2090945469608414 -2931.837832605872336 -1588.442331996613575 8106.4892591494462977 15574
241000000 308.92692877960030273 12891.014063812113818 3646.5247836581102092 -3004.1193309434897856 -1506.4174442899220594 8157.0615588915215994 15566
242000000 313.06688296477557287 13063.767561979011589 3644.3116660217333447 -3041.765468414615043 -1499.9048733326426373 8185.9820077689919344 15549
243000000 309.54656528104624158 12916.870478745398941 3417.9503419578586545 -3080.8822878308997133 -1602.9417862012192018 8101.7744159899766601 15579
244000000 304.79715471872185617 12718.685365535597157 3369.3473540584723196 -2949.4383545780428904 -1695.8071259449179706 8014.5928345814327258 15591
245000000 308.17489869313396866 12859.633081715976004 3691.2860655337453863 -2961.9642829947056271 -1498.1437867261015526 8151.3941352545516565 15579
246000000 308.57876386562963944 12876.485712980891549 3596.4675472778981202 -3040.0784445299032086 -1585.8515306995764149 8222.397522507377289 15564
247000000 305.55162353343928316 12750.168111761870023 3452.6388641257199197 -2997.3349806934334083 -1592.9654665516272871 8042.9393113707810699 15589
248000000 310.5595923751952796 12959.142437908320062 3709.4988895245060121 -2946.1338664968052399 -1510.899792132933726 8166.5325481542458874 15567
249000000 307.93410730892873062 12849.585252177461371 3482.007753825130294 -2966.8017883494285343 -1640.9371402851927542 8089.7466824597513551 15582
250000000 310.66946327363234559 12963.727170299735008 3580.0611611011727291 -2983.9384014989104799 -1569.626314242954777 8133.625876843037986 15588
251000000 310.55861176063262974 12959.101518470935844 3603.8246868780424848 -2950.2558041159645654 -1558.9957906812355759 8113.0762816752430808 15569
252000000 311.23941079864005133 12987.510145741642191 3481.3873560001884471 -3027.5973308838597404 -1601.1792309779402785 8110.1639178619880113 15575
253000000 308.90396487793219649 12890.055817858828959 3347.0758530545590475 -3051.5223007832237272 -1636.5510307133158676 8035.1491845510981875 15584
254000000 310.81946768031133388 12969.986608166713268 3472.9486939945891208 -3025.716719526376437 -1597.0471218815682732 8095.7125354025338311 15573
255000000 309.78645756169834158 12926.880790167269879 3797.4454863361511343 -2962.3856309069442432 -1453.1374976104550569 8212.9686148535511165 15555
256000000 312.80097343582997382 13052.671593457002018 3407.8131017580849402 -3044.7475913391986069 -1658.1516306617918417 8110.712323759076753 15588
257000000 309.89917058353648827 12931.584119706816637 3734.9881939802235138 -2919.0150709574991197 -1477.6717832390374952 8131.675048176760356 15575
258000000 309.87405975152807969 12930.536285871634391 3690.0128693748611113 -3000.8672098735387408 -1480.8205569133210702 8171.700636161721377 15570
259000000 312.31267985527972542 13032.29590319584895 3523.9438392590800504 -3030.6521086412922159 -1636.0614495277739024 8190.6573974281454866 15592
260000000 308.29858226373920616 12864.794194262665769 3719.8563412474404686 -3013.7538652830671708 -1467.2842166438026652 8200.8944231743098499 15568
261000000 310.02641598893262653 12936.89386177752931 3709.8993574899759551 -2992.0263173307484976 -1562.3566449467818984 8264.2823197675061238 15583
262000000 310.31668649815378558 12949.006374051748935 3592.1067746633007118 -2914.8614977577581158 -1553.6971814559874474 8060.665453877046275 15563
263000000 308.67855783379593504 12880.649951599381893 3647.5466706855481789 -2987.5706236997102678 -1535.7919800360582485 8170.9092744213157857 15586
264000000 309.56600938932263034 12917.681849493295886 3440.7476911631342773 -3007.6832532799553519 -1616.6916839459745461 8065.1226283890655395 15579
265000000 310.02210034616854273 12936.713777083112291 3630.6384613634090783 -3021.4449105790117756 -1516.2319191429801322 8168.3152910854014408 15581
266000000 314.96279753116886013 13142.880967326069367 3466.4779625792871229 -3095.1471667970886301 -1662.1006487508570899 8223.725778127234662 15593
267000000 310.91137139537693201 12973.821599464194151 3646.6722233689888526 -2992.6241049418281364 -1568.4718726641126523 8207.7682009749296412 15569
268000000 311.46173896418599725 12996.787535447216214 3700.7070516391449928 -2989.1751202080677103 -1499.3554761463472005 8189.2376479935592215 15584
269000000 310.24476438790662769 12946.005182351311305 3522.1331326347358299 -3028.1281637317988498 -1568.8779359282793848 8119.139232294814974 15559
270000000 312.09969450033753446 13023.408373653533999 3465.4602803740290256 -3036.2704618618367931 -1604.3796810401361199 8106.1104232760017112 15574
271000000 310.2495776624799646 12946.206032404956204 3628.0177048950135941 -2897.2273131458755415 -1561.0834069570955762 8086.3284249979833476 15587
272000000 309.78354919295423997 12926.759428709623535 3604.0360157124709986 -2955.54313987410751 -1704.0280800644477495 8263.6072356510267127 15601
273000000 310.43348204575653426 12953.880060695661086 3524.5270282153242078 -3003.8503668320163342 -1525.442159086474021 8053.8195541338154726 15561
274000000 313.56469174714538894 13084.540306006118044 3465.4744651081077791 -3075.9202293736288993 -1614.1083279320582733 8155.5030224137954065 15585
275000000 308.95592501246119355 12892.224029052385958 3607.918190734354539 -2993.9233985853697959 -1579.7031672863056428 8181.5447566060302051 15570
276000000 310.30543954365288073 12948.537057086668938 3436.9126978449226044 -2995.009405585281911 -1550.7736916979233683 7982.6957951281274291 15579
277000000 310.07248274734865845 12938.816152051676909 3567.7440725158003261 -3024.9356363468796189 -1640.8909481507473629 8233.570657013426171 15584
278000000 309.3066452326464173 12906.859008620956956 3499.8331032456326284 -3076.1255766517579104 -1484.824084894146381 8060.782764791538284 15557
279000000 306.64714290648493034 12795.882338426730712 3623.5729123836686085 -3052.3668599410489151 -1437.3249331367105697 8113.2647054614280933 15557
280000000 309.72348509145621165 12924.253052265847145 3548.6867208898447643 -3030.0251716033499179 -1607.2699960750737773 8185.9818885682680047 15576
281000000 307.51910809212222375 12832.268015504510913 3567.0134114630627664 -2914.9501708662519377 -1595.8809843087447007 8077.8445666380594048 15598
282000000 307.77608840217396846 12842.99138236698127 3479.5342350838855054 -3031.4257613419972586 -1659.7023722831336272 8170.6623687090159365 15591
283000000 311.54809836923647026 13000.39117178104425 3536.7499649257506462 -2931.7360687587779466 -1585.4968471509548635 8053.982880835483229 15588
284000000 309.11560924346491674 12898.887390112458888 3461.2300330092725744 -2999.2763772778816929 -1677.5442873256924941 8138.0506976128472161 15590
285000000 309.56009624209730191 12917.435103557794719 3552.6892209165735039 -2974.5660415488769104 -1555.3239071213019997 8082.5791695867519593 15569
286000000 308.51797914963964331 12873.949266476252888 3679.3976064556068195 -2960.7700387744771433 -1597.1266119588030961 8237.2942571888870589 15593
287000000 311.62311919532891125 13003.521667811470252 3602.1720308617823321 -2961.0900699844160044 -1541.9293979592780488 8105.1914988054777496 15570
288000000 309.81345821753973269 12928.00748325148561 3739.6830651509881136 -3010.5969095894515704 -1526.1650032047725745 8276.4449779452115763 15575
289000000 309.24026537233760337 12904.089085920546495 3583.3288622641834991 -2986.461119329268513 -1569.4344906680080385 8139.2244722614595958 15584
290000000 310.49131812619157245 12956.29346547467685 3534.8216918204020658 -2914.5847329179759981 -1598.6341462490047434 8048.0405709873830347 15586
291000000 312.01556877653388256 13019.897945174652705 3593.9816568094365721 -3042.0004250571873854 -1560.8713278641141642 8196.853409730738349 15587
292000000 308.90982185569669127 12890.300219934853885 3580.5849194083111797 -2949.5965949262954382 -1602.0539713440557534 8132.2354856786623714 15573
293000000 310.62714983406470992 12961.961499865274163 3699.0417327847449087 -2985.0154550027918958 -1517.7200306281570192 8201.7772184156929143 15558
294000000 309.58067618224839634 12918.293870706933376 3713.1977964630318638 -2847.490393591035172 -1637.2419479449295068 8197.9301379989956331 15574
295000000 308.25733050538519819 12863.07282604397551 3658.8948127991639012 -2894.7108493128716873 -1476.5114425476394899 8030.1171046596755332 15566
296000000 311.32225003948315134 12990.966891396552455 3640.2197575571990456 -2946.4693453914605925 -1543.0865709518247968 8129.7756739004844349 15575
297000000 307.48285352628056444 12830.755171933416932 3653.288247016949299 -2903.205344128705292 -1619.9189935215015339 8176.4125846671558975 15577
298000000 307.24546660859363101 12820.849405199011017 3576.2427889563659846 -2943.804465414970764 -1537.8879260449459707 8057.9351804162824919 15591
299000000 308.34912152401034291 12866.903114703831307 3488.2740727023829095 -2881.5443477159478789 -1656.9345146564028255 8026.7529350747336139 15586
300000000 311.16329799723064298 12984.334083372197711 3356.2969748263603833 -3065.8893822130821718 -1641.3774509066624887 8063.5638079461041343 15592
301000000 314.98780572440989545 13143.924518213829288 3582.5463257821875231 -2917.2247660002753946 -1658.2203664159005712 8157.9914581983648532 15590
302000000 311.43998009589927278 12995.879573560549034 3586.6093546671218064 -2969.3293129478552146 -1579.9406502671586168 8135.8793178821360925 15581
303000000 309.80465185596904121 12927.640008226542705 3670.5559311463593986 -2969.5766237364609879 -1521.424541856233418 8161.5570967390522128 15585
304000000 310.24661674681999557 12946.082478250693384 3274.4918296105802256 -3056.726756303768525 -1703.5136452967160494 8034.7322312110645726 15592
305000000 310.1124310235755388 12940.483128099054738 3611.4924335637565491 -3023.6206858916721103 -1549.7619193934801842 8184.8750388489079342 15566
306000000 310.55195522670669561 12958.823752227655859 3680.2138963022125608 -2950.0498678341200502 -1497.2825151516240112 8127.546279287957077 15581
307000000 307.81752732328970978 12844.720560580750316 3631.5669118418036305 -2971.5806253641767398 -1536.8359962308395552 8139.9835334368181066 15563
308000000 311.7089005182668302 13007.101181726860887 3646.7956113595773786 -3000.7106881985191649 -1539.2191156862315893 8186.7254152443274506 15585
309000000 309.39466753542097877 12910.532034949475928 3436.1390424150044964 -3059.4150047453354091 -1691.0158791100766393 8186.5699262704165449 15592
310000000 308.47562506948736427 12872.181900176850831 3501.5389789175014812 -3045.7770888304730761 -1574.973626991179799 8122.2896947391545837 15575
311000000 304.2712495229045544 12696.740204256539073 3420.9004625449188097 -3108.3923354109474531 -1507.2022623820955687 8036.4950603379611493 15557
312000000 307.0096465691034382 12811.009021721902172 3616.9802202196051439 -3035.2499451208586834 -1467.474260701604635 8119.7044260420680075 15570
313000000 309.02014292672095053 12894.903737289998389 3640.7992992051345027 -2988.1847215498701189 -1577.0501794714841708 8206.0342002264897019 15564
314000000 311.17386467467025568 12984.775013491238496 3539.437127070794304 -3035.3543584017743342 -1520.0992992196706837 8094.8907846922393219 15569
315000000 307.39977368322001894 12827.288386342585 3541.2643700997355154 -3027.4329779867302932 -1572.7187569502773385 8141.4161050367429198 15572
316000000 309.68529195486223671 12922.65931531672868 3777.6279737463692072 -3050.2781030306432513 -1365.0019250946638749 8192.9080018716758786 15532
317000000 312.00635161321775968 13019.513328066632312 3866.0012325422221693 -2920.208827404713702 -1442.3864810675963781 8228.5965410145327041 15541
318000000 309.90011963462916356 12931.623722052365338 3373.1568210638629353 -3031.7316260852030609 -1558.8256109403562277 7963.7140580894229061 15568
319000000 308.03673138141067511 12853.86758640735934 3650.9344627462405697 -2972.3853133484813043 -1583.1239403112522268 8206.4437164059745555 15568
320000000 309.75369419795453041 12925.513628733762744 3543.1230714663374783 -2977.9960113803767854 -1608.0919594200502161 8129.2110422667637977 15583
321000000 307.49690656099630814 12831.341582023580486 3611.5141597053016085 -2934.3658755008909793 -1575.9230558034696514 8121.8030910096622392 15584
322000000 310.95022329781517101 12975.442825631545929 3629.1118687697326095 -2941.8945474008060046 -1569.0005657537453772 8140.006981924284446 15592
323000000 308.15364969110356697 12858.746395711948935 3706.8227870338769208 -2905.6043216016128099 -1639.7516204701055358 8252.1787291055952664 15592
324000000 308.93025080216870037 12891.152686365410773 3563.2974990135985536 -2957.7581059651938631 -1683.2951341923096606 8204.3507391711027594 15602
325000000 314.05744751513731217 13105.102196030733467 3636.601885057013078 -2974.8356009500803339 -1615.7425770935772107 8227.1800631006717595 15601
326000000 310.9869546862058769 12976.975566225572038 3547.8240191937875352 -3023.3415266545289342 -1643.2339669120040071 8214.3995127603193396 15571
327000000 310.49532501023082887 12956.460666173905338 3551.1595594196824095 -3088.2519447013473837 -1620.9285278715474305 8260.340031992578588 15588
328000000 304.54999730356217924 12708.371891966344265 3538.2337737573479899 -3017.3064002460596384 -1563.762525606418194 8119.3026996098251402 15591
329000000 310.60445990590267229 12961.014686377051476 3626.5069074013263162 -3011.9698143945806805 -1564.3213042613385824 8202.7980260572458064 15576
330000000 308.40711085753241605 12869.322914482818305 3603.5441963167727408 -2925.0289669335661529 -1644.5502479863803273 8173.1234112367192211 15592
331000000 309.85804245658118816 12929.867910423627109 3730.0101612757616749 -2911.7782163372094146 -1601.8418441268775041 8243.6302217398479115 15571
332000000 312.00690107533313267 13019.536256219527786 3759.8135926651684713 -2992.9749356505171818 -1489.2633838728886531 8242.051912188575443 15569
333000000 312.55985438975437773 13042.610091126038242 3782.1066666062424702 -3005.9256739384609318 -1411.6412385154835647 8199.6735790601869667 15548
334000000 311.44822669299566087 12996.223690532055116 3714.867350803050158 -2966.1190853063230861 -1456.5317411679511679 8137.5181772773230477 15568
335000000 309.41585741068274729 12911.416253690422309 3536.4135297571415322 -2968.6477329336776165 -1576.2109787582685385 8081.272241449088142 15573
336000000 311.86224602294288388 13013.500038133488488 3569.8304696643817806 -3093.9081025317263993 -1604.757840537939046 8268.4964127340463165 15573
337000000 308.29170626281489831 12864.507270021491422 3655.2613940243418256 -2903.520608766456462 -1614.328460802935524 8173.1104635937344938 15594
338000000 308.26520995528250069 12863.401622565024809 3548.9413996310167931 -2914.39303352358138 -1656.0332118218102551 8119.3676449764079734 15576
339000000 309.77597699955430244 12926.44345349827563 3405.0957409075881515 -2968.3684194355123509 -1697.2123817230412897 8070.6765420661422468 15579
340000000 309.85902660757994909 12929.908977430688537 3813.3611965181139567 -2888.661979094913022 -1487.8137983428719053 8189.8369739558984293 15556
341000000 310.92158775291790107 12974.247911308428229 3559.806229594441902 -2970.2149185812722862 -1619.8143714207360517 8149.8355195964504674 15584
342000000 308.23268269733142688 12862.044313439009784 3635.1412205521751275 -3021.9554446822130558 -1598.8771909565227816 8255.9738561909107375 15556
343000000 308.23639570771075569 12862.199251272393667 3686.1505051091057794 -2980.4105189859737948 -1541.6546953699730693 8208.215719465053553 15579
344000000 308.92918488760489026 12891.108207498878983 3679.6448833188469507 -3000.2873166298959404 -1424.8110831387391499 8104.743283087481359 15567
345000000 310.02123082156225564 12936.677493247409075 3879.2027577704111536 -2896.5639846208759991 -1405.4843586614479136 8181.2511010527341568 15569
346000000 310.6620050486733362 12963.415950804504973 3509.6815327285048625 -2922.4169700512384225 -1729.7247752094076532 8161.8232779891504833 15586
347000000 312.13731743081967807 13024.978316836806698 3349.6018016151756456 -3014.6131154410509225 -1766.9594845085034649 8131.174401564730033 15604
348000000 307.2417724540952122 12820.695254190610285 3679.8297906139014231 -2999.6904912291238361 -1536.789701618813524 8216.3099834618406021 15573
349000000 308.53751390252807596 12874.764419675142562 3455.8843449800892813 -3010.4801742268768976 -1636.9064298210355446 8103.2709490280021782 15585
350000000 311.20454204251842611 12986.055129737284005 3572.6867771322381486 -3022.7035114337163577 -1486.3948827122956118 8081.7851712782503455 15572
351000000 314.61343087665966323 13128.302469833161013 3539.2766780192869192 -3051.9903252737240109 -1607.3130970481370241 8198.5801003411470447 15581
352000000 306.56730545392946397 12792.55085247379975 3549.4795507543403801 -3008.0198477981666656 -1607.7560456899964265 8165.2554442425043817 15584
353000000 310.57930398630838909 12959.964971110859551 3406.1362337502623632 -3063.1581153268566595 -1652.3729125851384651 8121.66726166225817 15586
354000000 312.47945055892813571 13039.254971136790118 3430.8917063269104801 -2999.4879859544548708 -1662.5366496367405489 8092.9163419181058998 15566
355000000 308.37597332508187264 12868.023596322636877 3439.4210517350161354 -3059.6267405203666385 -1655.0597074043168959 8154.1074996596998972 15563
356000000 309.54575905710555617 12916.836836342650713 3560.5242879096413162 -3067.2765962885991939 -1600.7870461867653376 8228.5879303850051656 15561
357000000 308.40520558506244697 12869.243410587503604 3553.4312117366862367 -3087.7173729159958384 -1474.5965828963580861 8115.7451675490392518 15572
358000000 311.13664625787026807 12983.221950000475772 3391.8445138477081855 -3122.482568960583194 -1543.0919357385341755 8057.4190185468260097 15574
359000000 311.66098987449657898 13005.101949141055229 3595.3385095561943672 -2996.6160821366884193 -1500.0443718321926099 8091.9989635250758511 15573
360000000 308.64367620115444879 12879.194398278968947 3478.8509374248178574 -3037.9944173381682049 -1588.2179290659860271 8105.0632838289720894 15585
361000000 310.00355761922565989 12935.94001949989979 3446.5946321925830489 -3038.3374497002319004 -1556.6611123778238834 8041.5931942706383779 15582
362000000 306.90204920656390186 12806.519160254641974 3482.7056734752495686 -3091.9304408927137047 -1680.0054904231783439 8254.6416047911407077 15587
363000000 307.32735694102376556 12824.266554462163185 3671.4361319520967299 -2984.0478614132525763 -1505.6052997876258814 8161.0892931529760972 15583
364000000 312.70230808113166177 13048.554450027482744 3407.765666382254949 -2937.8811373966054816 -1691.019307047577513 8036.6661108264379436 15585
365000000 311.16376089920373715 12984.353399512325268 3361.7970344421114532 -3033.4428935474561513 -1656.2803216507827528 8051.5202496403508121 15576
366000000 311.39927634574394233 12994.181072825196679 3700.5352859542654187 -3006.8299850313919706 -1497.4085712981081997 8204.7738422837646795 15563
367000000 309.04404148459974522 12895.900984914014771 3424.7409709659659711 -3067.9125217348014303 -1519.189548107532346 8011.8430408083004295 15558
368000000 307.81865602783352642 12844.767659570163232 3530.0829332743824125 -3049.0580987981825274 -1626.042491298296909 8205.183523370862531 15583
369000000 309.51283341120046089 12915.462903140713024 3647.2944679417951193 -3010.9331669993280229 -1553.1212261671348642 8211.3488611082575517 15575
370000000 309.56290314234479411 12917.552230901497751 3455.4912148833359424 -3064.6232078568000361 -1553.7511361110578036 8073.8655588511937822 15585
371000000 311.57733906747751007 13001.611338160679225 3537.4524455148152811 -3060.5078413468199869 -1541.2527405525599988 8139.2130274141945847 15569
372000000 311.01679991221402588 12978.220958557436461 3520.4252559402189036 -3047.5866920468661192 -1517.7195777310625999 8085.7315257181471679 15577
373000000 305.27869923334861824 12738.779428344974804 3454.9902132319748489 -3162.1296992269590191 -1524.3783761339198008 8141.4982885928538963 15577
374000000 309.91403773608448091 12932.204501598878778 3410.7520018839973091 -3047.9809049680534372 -1570.8206095368900606 8029.5535163889417163 15564
375000000 313.31242355259803389 13074.013567995256381 3411.5059720102913161 -3035.0572982725079783 -1612.6102357664080955 8059.1735060492082994 15577
376000000 312.44925409036113706 13037.994922029021836 3695.1489603155641817 -3018.7728830887108415 -1418.7057601625685948 8132.6276035668443001 15557
377000000 309.61028492210209606 12919.529394859435342 3443.6490055901363121 -3066.2065980440320345 -1690.8421288724016449 8200.697732506570901 15581
378000000 311.22911440376805103 12987.080494070854911 3365.1136519275241881 -3062.4794458289406975 -1573.0549000528512806 8000.6479978093157115 15565
379000000 308.78472782962973042 12885.080251395049345 3377.8541652434223579 -3008.5090376509538146 -1622.4761410449914365 8008.839343939367609 15577
380000000 311.17042241871342867 12984.631373795838954 3396.4848347159022524 -3141.5607554915827677 -1608.0432425005460573 8146.0888327080310773 15574
381000000 311.33731457920305274 12991.595509931561537 3552.7511018929012607 -3037.8469710271474469 -1517.0647209258786461 8107.6627938459278084 15559
382000000 311.00062592907517001 12977.546044768163483 3472.3337148080145198 -3063.2482453651532524 -1574.8145575377523073 8110.3965177109212163 15574
383000000 310.98318732547085119 12976.818360440984179 3638.8235668010793233 -3044.7960049118792085 -1559.6174247339317844 8243.236996446890771 15578
384000000 310.57780802652661123 12959.90254716270465 3431.4324406546193131 -3087.8306609233432027 -1693.4975048789274297 8212.7606064568899455 15573
385000000 310.38546561906082388 12951.876413961872458 3658.4015240171079313 -2994.8640322797168665 -1468.6902090700114059 8121.9557653668362036 15559
386000000 313.07308456406769892 13064.026344546166001 3573.3218347381098283 -3042.6294799203978982 -1499.0849553353364172 8115.0362699938432343 15569
387000000 311.26625336548767109 12988.630242031429589 3542.3903748467478181 -3038.7567347470085224 -1542.7553492930389893 8123.9024588867951024 15564
388000000 310.66273262749700734 12963.446311475507173 3602.4808142670426605 -2941.5052836547893094 -1685.9349137018757574 8229.921011623708182 15584
389000000 313.91448062968271415 13099.136422382138335 3511.0876632812878597 -3090.6428540436827461 -1623.1210345464296552 8224.8515518714011705 15581
390000000 308.97468277106281676 12893.006759554042219 3472.3975749558285315 -3091.2970487595248414 -1568.8445426312823656 8132.5391663466361933 15572
391000000 310.08059536832081449 12939.154678419254196 3498.8069540926753689 -2970.1113648083291991 -1584.5580323512513132 8053.4763512522558813 15573
392000000 311.04357789436056692 12979.338359833573122 3543.3842139540793141 -3001.4302224171246962 -1556.3928065749232701 8101.2072429461268257 15560
393000000 303.40328417716347076 12660.521433937448819 3528.2863577175207865 -3102.9701836837862174 -1533.5840027036826996 8164.8405441049899309 15577
394000000 309.45074666869248858 12912.872125204945405 3409.6380325828808964 -3079.3200440220002747 -1596.7929460631071379 8085.7510226679878542 15571
395000000 312.06167166059339024 13021.821742912650734 3493.3059505301498575 -3004.2917644453195862 -1528.7100129651321367 8026.307727940600671 15575
396000000 310.36891738234106697 12951.185883184485647 3528.9895968244909454 -3054.2456823766951857 -1585.4514938079212243 8168.686773009107128 15582
397000000 309.38935414871991725 12910.310316036979202 3652.2152238855514952 -3043.369101571014653 -1519.7558991675680318 8215.3402246241348621 15564
398000000 313.2318378599077846 13070.650859208697511 3726.8946853758161524 -3037.3704391448945898 -1471.726788063512231 8235.9919125842206995 15587
399000000 310.51950088970249908 12957.469485973155315 3631.9878984704037066 -2980.1013234889524028 -1516.0265185620010016 8128.1157405213580205 15570
400000000 307.15477960045262762 12817.065185085959456 3492.1527149843759616 -3045.0807331675350724 -1639.0563724453238592 8176.2898205972342112 15582
