# Fix print output for fix saveBond
1000000 105311 105469
2000000 207460 207580
3000000 308357 308478
4000000 407977 408090
5000000 508287 508388
6000000 608770 608859
7000000 708615 708699
8000000 809113 809210
9000000 909404 909477
10000000 1009809 1009856
11000000 1109813 1109881
12000000 1210816 1210874
13000000 1311154 1311225
14000000 1410974 1411043
15000000 1511065 1511121
16000000 1611947 1612021
17000000 1712767 1712840
18000000 1813224 1813273
19000000 1913569 1913628
20000000 2014917 2014971
21000000 2115219 2115265
22000000 2216376 2216421
23000000 2317548 2317591
24000000 2417801 2417849
25000000 2518773 2518821
26000000 2619582 2619659
27000000 2719539 2719590
28000000 2819190 2819251
29000000 2918431 2918488
30000000 3018643 3018700
31000000 3118490 3118549
32000000 3218257 3218304
33000000 3318432 3318473
34000000 3418791 3418845
35000000 3518789 3518836
36000000 3619555 3619599
37000000 3719952 3719988
38000000 3820392 3820435
39000000 3920456 3920510
40000000 4021114 4021159
41000000 4121340 4121368
42000000 4221534 4221579
43000000 4322643 4322686
44000000 4422803 4422836
45000000 4523219 4523263
46000000 4622875 4622926
47000000 4723016 4723070
48000000 4823853 4823900
49000000 4924816 4924865
50000000 5025462 5025505
51000000 5125787 5125846
52000000 5225763 5225807
53000000 5326332 5326368
54000000 5425653 5425702
55000000 5525986 5526034
56000000 5626312 5626374
57000000 5726450 5726498
58000000 5826922 5826951
59000000 5927095 5927148
60000000 6027198 6027255
61000000 6127231 6127268
62000000 6227487 6227536
63000000 6327152 6327206
64000000 6426695 6426750
65000000 6527281 6527333
66000000 6627968 6628008
67000000 6727966 6728011
68000000 6828184 6828221
69000000 6929469 6929513
70000000 7028738 7028787
71000000 7128853 7128900
72000000 7229218 7229256
73000000 7330435 7330471
74000000 7430852 7430889
75000000 7531591 7531638
76000000 7632019 7632075
77000000 7732961 7733014
78000000 7832943 7832993
79000000 7933528 7933567
80000000 8034030 8034086
81000000 8134171 8134210
82000000 8234840 8234894
83000000 8335621 8335688
84000000 8436179 8436249
85000000 8536595 8536668
86000000 8636716 8636778
87000000 8736433 8736470
88000000 8836470 8836525
89000000 8936333 8936381
90000000 9036328 9036411
91000000 9136813 9136859
92000000 9237526 9237577
93000000 9337700 9337764
94000000 9437743 9437797
95000000 9538310 9538362
96000000 9638074 9638121
97000000 9738416 9738469
98000000 9838830 9838877
99000000 9938986 9939044
100000000 10039155 10039218
101000000 10139889 10139933
102000000 10240568 10240614
103000000 10339989 10340039
104000000 10440626 10440683
105000000 10541149 10541183
106000000 10641700 10641755
107000000 10742850 10742888
108000000 10844341 10844390
109000000 10945719 10945781
110000000 11046904 11046966
111000000 11147993 11148050
112000000 11248422 11248469
113000000 11349409 11349448
114000000 11449748 11449779
115000000 11550402 11550442
116000000 11650643 11650690
117000000 11750710 11750743
118000000 11851707 11851756
119000000 11952109 11952162
120000000 12052154 12052213
121000000 12152233 12152292
122000000 12252097 12252163
123000000 12352821 12352874
124000000 12453201 12453253
125000000 12554057 12554108
126000000 12654774 12654799
127000000 12754676 12754728
128000000 12854972 12855011
129000000 12955052 12955095
130000000 13055075 13055116
131000000 13156416 13156458
132000000 13257103 13257139
133000000 13358391 13358434
134000000 13458831 13458896
135000000 13559822 13559877
136000000 13660355 13660409
137000000 13760411 13760453
138000000 13860828 13860886
139000000 13960283 13960333
140000000 14061029 14061088
141000000 14161451 14161512
142000000 14261794 14261853
143000000 14363012 14363079
144000000 14464432 14464490
145000000 14564899 14564951
146000000 14665610 14665668
147000000 14765636 14765694
148000000 14866132 14866192
149000000 14967837 14967888
150000000 15069342 15069400
151000000 15170291 15170349
152000000 15271221 15271269
153000000 15371970 15372030
154000000 15472764 15472807
155000000 15573694 15573740
156000000 15675207 15675262
157000000 15775703 15775765
158000000 15877009 15877067
159000000 15978158 15978219
160000000 16079268 16079331
161000000 16180554 16180601
162000000 16281699 16281763
163000000 16382305 16382364
164000000 16483007 16483063
165000000 16584521 16584579
166000000 16686132 16686177
167000000 16787247 16787324
168000000 16888771 16888836
169000000 16989595 16989645
170000000 17090246 17090311
171000000 17190368 17190426
172000000 17291536 17291583
173000000 17392368 17392452
174000000 17493107 17493148
175000000 17593716 17593778
176000000 17694449 17694537
177000000 17795787 17795869
178000000 17896179 17896232
179000000 17996534 17996595
180000000 18097244 18097300
181000000 18197180 18197230
182000000 18296555 18296600
183000000 18396164 18396206
184000000 18496372 18496423
185000000 18596308 18596361
186000000 18696892 18696946
187000000 18796068 18796124
188000000 18895907 18895961
189000000 18995225 18995276
190000000 19095802 19095865
191000000 19196200 19196231
192000000 19296547 19296603
193000000 19396924 19396984
194000000 19497034 19497069
195000000 19597386 19597424
196000000 19698264 19698318
197000000 19798902 19798955
198000000 19899476 19899544
199000000 20000089 20000140
200000000 20099706 20099754
201000000 20200274 20200364
202000000 20300474 20300531
203000000 20400350 20400414
204000000 20500212 20500274
205000000 20600715 20600795
206000000 20701556 20701619
207000000 20802530 20802589
208000000 20902908 20902958
209000000 21003283 21003348
210000000 21103967 21104023
211000000 21204748 21204798
212000000 21305040 21305088
213000000 21405030 21405085
214000000 21504917 21504973
215000000 21604937 21605014
216000000 21705243 21705297
217000000 21805374 21805436
218000000 21905549 21905603
219000000 22006641 22006692
220000000 22107646 22107695
221000000 22208630 22208691
222000000 22308547 22308589
223000000 22409549 22409620
224000000 22510176 22510234
225000000 22611470 22611512
226000000 22711751 22711811
227000000 22813247 22813313
228000000 22914505 22914554
229000000 23015064 23015117
230000000 23115994 23116043
231000000 23216703 23216753
232000000 23316468 23316520
233000000 23417590 23417645
234000000 23518325 23518376
235000000 23618482 23618519
236000000 23719173 23719219
237000000 23818978 23819015
238000000 23920007 23920049
239000000 24020285 24020340
240000000 24121172 24121221
241000000 24222712 24222763
242000000 24323031 24323086
243000000 24424201 24424267
244000000 24525779 24525839
245000000 24626961 24627011
246000000 24727338 24727409
247000000 24827967 24828034
248000000 24928081 24928133
249000000 25028321 25028358
250000000 25128907 25128946
251000000 25229473 25229518
252000000 25330212 25330244
253000000 25430755 25430806
254000000 25531125 25531179
255000000 25632310 25632359
256000000 25733330 25733370
257000000 25833919 25833960
258000000 25934997 25935036
259000000 26037101 26037168
260000000 26137522 26137557
261000000 26238090 26238131
262000000 26339010 26339050
263000000 26440252 26440279
264000000 26541098 26541126
265000000 26642257 26642300
266000000 26743538 26743580
267000000 26845019 26845059
268000000 26946370 26946420
269000000 27048253 27048323
270000000 27149036 27149081
271000000 27250252 27250305
272000000 27351468 27351523
273000000 27452066 27452133
274000000 27552949 27553010
275000000 27652993 27653054
276000000 27754006 27754052
277000000 27854838 27854893
278000000 27956492 27956562
279000000 28057324 28057367
280000000 28158201 28158254
281000000 28259342 28259382
282000000 28360720 28360778
283000000 28461315 28461366
284000000 28562682 28562747
285000000 28663069 28663115
286000000 28764071 28764106
287000000 28864499 28864541
288000000 28965357 28965410
289000000 29067029 29067076
290000000 29167354 29167431
291000000 29267898 29267930
292000000 29369361 29369416
293000000 29470203 29470259
294000000 29570890 29570941
295000000 29671911 29671953
296000000 29772159 29772199
297000000 29872628 29872674
298000000 29973238 29973270
299000000 30074391 30074429
300000000 30175211 30175254
301000000 30276325 30276382
302000000 30377658 30377700
303000000 30478111 30478170
304000000 30578298 30578342
305000000 30679133 30679172
306000000 30779218 30779267
307000000 30880705 30880769
308000000 30981280 30981352
309000000 31082430 31082482
310000000 31184117 31184177
311000000 31284998 31285055
312000000 31385281 31385346
313000000 31485646 31485704
314000000 31586490 31586532
315000000 31687188 31687237
316000000 31787964 31788026
317000000 31887291 31887375
318000000 31987965 31988042
319000000 32088470 32088518
320000000 32189089 32189154
321000000 32289567 32289609
322000000 32389642 32389696
323000000 32490420 32490454
324000000 32591121 32591172
325000000 32691917 32691944
326000000 32792553 32792612
327000000 32893276 32893339
328000000 32994155 32994204
329000000 33094955 33094994
330000000 33196133 33196165
331000000 33296859 33296914
332000000 33396953 33397007
333000000 33497487 33497518
334000000 33598004 33598064
335000000 33698573 33698622
336000000 33798446 33798500
337000000 33898444 33898495
338000000 33999316 33999372
339000000 34100507 34100563
340000000 34200759 34200818
341000000 34301680 34301721
342000000 34402892 34402959
343000000 34503388 34503441
344000000 34604436 34604487
345000000 34705908 34705967
346000000 34807268 34807304
347000000 34907340 34907380
348000000 35008491 35008550
349000000 35109123 35109159
350000000 35210499 35210526
351000000 35311317 35311372
352000000 35412232 35412276
353000000 35513194 35513222
354000000 35614264 35614286
355000000 35715086 35715128
356000000 35815629 35815677
357000000 35916390 35916438
358000000 36016847 36016876
359000000 36118188 36118232
360000000 36219853 36219890
361000000 36319934 36319970
362000000 36421616 36421659
363000000 36522722 36522787
364000000 36622529 36622579
365000000 36723208 36723254
366000000 36823706 36823753
367000000 36924005 36924068
368000000 37025446 37025500
369000000 37127322 37127365
370000000 37228160 37228223
371000000 37329252 37329296
372000000 37430109 37430141
373000000 37530265 37530304
374000000 37630541 37630589
375000000 37731030 37731087
376000000 37832135 37832185
377000000 37933438 37933495
378000000 38034706 38034746
379000000 38136489 38136525
380000000 38236664 38236706
381000000 38337383 38337419
382000000 38438169 38438203
383000000 38538996 38539053
384000000 38640661 38640725
385000000 38742200 38742242
386000000 38842751 38842812
387000000 38943903 38943951
388000000 39045161 39045199
389000000 39146148 39146177
390000000 39247415 39247452
391000000 39348508 39348550
392000000 39449368 39449403
393000000 39549607 39549629
394000000 39650662 39650690
395000000 39750890 39750929
396000000 39852610 39852660
397000000 39953997 39954048
398000000 40055250 40055305
399000000 40155716 40155752
400000000 40256368 40256418
401000000 40357835 40357890
402000000 40458526 40458547
403000000 40559055 40559103
404000000 40660449 40660481
405000000 40761436 40761478
406000000 40862458 40862497
407000000 40963186 40963244
408000000 41064482 41064541
409000000 41165097 41165151
410000000 41266524 41266575
411000000 41367052 41367102
412000000 41467717 41467784
413000000 41568376 41568434
414000000 41669292 41669339
415000000 41770542 41770593
416000000 41871487 41871543
417000000 41972238 41972296
418000000 42073554 42073609
419000000 42174696 42174747
420000000 42275544 42275582
421000000 42375533 42375587
422000000 42475988 42476040
423000000 42577038 42577070
424000000 42677952 42678010
425000000 42778801 42778845
426000000 42879289 42879326
427000000 42980595 42980629
428000000 43081999 43082051
429000000 43182506 43182542
430000000 43283731 43283781
431000000 43384208 43384243
432000000 43485184 43485237
433000000 43585778 43585813
434000000 43686747 43686784
435000000 43787999 43788035
436000000 43889169 43889216
437000000 43990161 43990206
438000000 44091512 44091579
439000000 44192731 44192792
440000000 44293504 44293555
441000000 44394455 44394511
442000000 44495464 44495517
443000000 44596003 44596071
444000000 44697150 44697193
445000000 44798750 44798804
446000000 44899698 44899751
447000000 45000588 45000628
448000000 45101250 45101299
449000000 45202063 45202134
450000000 45303039 45303091
451000000 45404083 45404121
452000000 45505362 45505417
453000000 45606434 45606493
454000000 45707638 45707690
455000000 45808211 45808264
456000000 45909056 45909086
457000000 46008669 46008710
458000000 46109180 46109227
459000000 46210442 46210510
460000000 46312435 46312495
461000000 46413925 46413980
462000000 46515542 46515599
463000000 46617379 46617433
464000000 46718315 46718380
465000000 46818949 46819013
466000000 46920417 46920454
467000000 47021388 47021437
468000000 47122445 47122493
469000000 47223090 47223124
470000000 47324171 47324245
471000000 47425233 47425298
472000000 47526116 47526191
473000000 47626811 47626856
474000000 47728037 47728103
475000000 47829698 47829773
476000000 47930997 47931068
477000000 48031261 48031341
478000000 48132245 48132319
479000000 48233896 48233960
480000000 48336500 48336549
481000000 48438198 48438261
482000000 48539298 48539354
483000000 48640809 48640866
484000000 48742562 48742615
485000000 48843742 48843792
486000000 48945262 48945334
487000000 49045836 49045907
488000000 49146930 49146994
489000000 49247188 49247242
490000000 49348079 49348135
491000000 49448591 49448648
492000000 49548944 49548996
493000000 49650529 49650573
494000000 49751469 49751542
495000000 49853311 49853375
496000000 49955290 49955355
497000000 50056097 50056177
498000000 50156751 50156810
499000000 50258750 50258805
500000000 50360472 50360554
