# Steps Temp KinEng PotEng Epair Ebond Eangle Bonds
1000000 312.67836352118723653 13047.555282812714722 4008.4307088784371444 -3150.4830951404132975 -1736.9524436879300993 8895.8662477067809959 15548
2000000 310.28892329510637182 12947.847861123289476 4016.6179745633562561 -2950.7505637365684379 -1781.8702300160132381 8749.2387683159377048 15586
3000000 311.43986887523794849 12995.874932504766548 4233.7902862663431733 -2686.946475705112789 -1790.8021754061758202 8711.5389373776324646 15585
4000000 309.54483407984531596 12916.798238558645608 4238.1702325023679805 -2591.4790443874171615 -1792.3792102745071588 8622.0284871642925282 15593
5000000 307.46845753074103413 12830.154450650568833 4122.5092346827095753 -2567.3443650746276035 -1939.1098206437827685 8628.9634204011199472 15605
6000000 309.78453510110045954 12926.800569039567563 4200.6182880428914359 -2477.0647987797683527 -1917.9595797350552857 8595.6426665577146196 15617
7000000 308.49533040179090904 12873.004171374965154 4173.0348869798890519 -2383.8205236718204105 -1998.9090307917597329 8555.7644414434689679 15622
8000000 312.43536455331098978 13037.415334428287679 4234.2514508793710775 -2440.153548189646699 -1893.0798228350806767 8567.484821904097771 15609
9000000 308.84093230114007156 12887.425571809655594 3908.06009490940869 -2386.3225012528423576 -2059.3770160316926194 8353.7596121939423028 15633
10000000 311.0492153924236618 12979.573603381630164 4019.8301195467047364 -2439.0224281471810173 -2031.4102600881742546 8490.2628077820590988 15659
11000000 308.67502056220638451 12880.502347057463339 4140.6657495460995051 -2356.5677665147272819 -2012.4456134872477833 8509.6791295480743429 15638
12000000 306.38036614711631955 12784.750181801522558 3936.6735033620816466 -2389.5451084029045887 -2014.9078982613546032 8341.1265100263408385 15648
13000000 306.60787942760276792 12794.243937849405484 4111.6108873128314372 -2334.5627444441643092 -1951.9039584775332514 8398.0775902345303621 15635
14000000 308.2356313501439331 12862.167355884761491 4119.5288979167326033 -2384.762644463570723 -1974.651164319674308 8478.9427066999778617 15637
15000000 311.64802374052430878 13004.560893636280525 3977.6064516702399487 -2423.3959059333064943 -1996.4845301051091155 8397.4868877086555585 15650
16000000 306.84314191758699053 12804.061055700072757 3923.3820450708508361 -2383.6027764477557866 -2074.7609013616770426 8381.7457228802850295 15632
17000000 311.23094559017158645 12987.156906476126096 3966.8123327453831735 -2380.8059904361343797 -2046.2860005001350601 8393.9043236816523859 15633
18000000 311.57501661337107635 13001.51442595989829 3969.7406527209441265 -2397.9609696564430124 -2054.7395366053297039 8422.4411589827177522 15657
19000000 310.99056520630284695 12977.126227307568115 4137.3484451648737377 -2367.1354448553784096 -1938.2517925484173702 8442.73568256866929 15647
20000000 313.06505259515029138 13063.69118365655595 3968.00163553002767 -2396.9835014850323205 -1998.2655532241346918 8363.2506902391942276 15652
21000000 307.04303260443083445 12812.40216621934087 3974.0369647248226102 -2415.7583320187377467 -2066.9786232279429896 8456.7739199715033465 15660
22000000 310.64130375594214684 12962.552119811231023 3869.3004361331641121 -2400.4295338423917201 -2088.4300473351636356 8358.1600173107181035 15661
23000000 308.41005358687743865 12869.445709751986215 3947.094168274623371 -2375.2522803028268754 -2034.2556283775084012 8356.602076954959557 15663
24000000 308.27880939625947576 12863.969104932415576 3993.407687753745904 -2406.9596108444957281 -2016.101991308352126 8416.4692899065939855 15658
25000000 311.93268990556055087 13016.439545819403065 3945.9391802468871902 -2447.0131695073600895 -1996.9547312304030129 8389.9070809846489283 15658
26000000 309.55670812826082283 12917.293723124277676 4028.4672302176240919 -2313.1781119006209337 -2065.9303184852260529 8407.575660603471988 15629
27000000 311.6863909397052339 13006.16189393167042 3961.6105574507027995 -2361.9342217861726567 -2059.2787696836389841 8382.8235489205144404 15655
28000000 306.75657981550733666 12800.448961151661933 3853.7992976557497968 -2326.6904877430620218 -2105.2232175596782326 8285.7130029584914155 15645
29000000 309.40163290234494298 12910.822688287244091 3945.1011977960533841 -2319.504961078859651 -2118.4055914944360666 8383.0117503693491017 15649
30000000 307.48734391256499521 12830.942548388338764 4060.8181199460314019 -2329.0362336464158943 -1989.65782857035083 8379.5121821627981262 15649
31000000 311.88407509079348756 13014.41092933282016 4005.5326555459287192 -2353.103518763629836 -2073.4561422426017998 8432.0923165521599003 15647
32000000 307.12406930311715314 12815.783694746418405 4001.444478959283515 -2265.0142481374900854 -2037.3832166681561375 8303.8419437649299653 15659
33000000 309.52900556577731095 12916.137740627091262 3928.0413488320054967 -2291.2701336581167197 -2016.3371898033842626 8235.6486722935060243 15665
34000000 308.08561704742288612 12855.907505072176718 3961.509379765923768 -2307.5348129946287372 -2065.4394923722902604 8334.4836851328418561 15652
35000000 307.02269073698670354 12811.553333453799496 4119.896822027683811 -2280.3167517688025328 -2011.7625195710120352 8411.9760933674988337 15659
36000000 310.54790917730150568 12958.654917221943833 3988.2870724871681887 -2289.8393075796243465 -2078.791417977353376 8356.9177980441454565 15662
37000000 309.47424100831239002 12913.852505463981288 3883.3077200770690069 -2299.3479116204139245 -2140.7738445131312801 8323.4294762106146663 15670
38000000 310.95903098741649728 12975.810356073028743 3774.9595591274573962 -2342.885756310933175 -2145.547635067495321 8263.3929505058840732 15663
39000000 308.57238502641160949 12876.219534482321251 3792.0240315711716903 -2295.1849477019668484 -2052.9690243294166976 8140.178003602555691 15652
40000000 308.79681076866978628 12885.584452623839752 3939.3582348353129419 -2340.0660584431939242 -2144.4142250264631002 8423.83851830497224 15661
41000000 313.68422461545753777 13089.528216553724633 3799.878139531623674 -2334.8208614480363394 -2091.9385137898480025 8226.6375147695071064 15678
42000000 311.53313569946800499 12999.766804112030513 3862.4893923100253232 -2343.0574438630856093 -2099.2727541408539764 8304.8195903139658185 15661
43000000 313.3858198834523705 13077.076276503748886 3999.4146230224610008 -2312.8977583574305754 -2089.6582710059692545 8401.9706523858603759 15663
44000000 311.24249110484657876 12987.638681867600098 3760.4761642163566648 -2409.7221942127439434 -2084.0756723176441483 8254.2740307467447565 15673
45000000 309.96091869957052722 12934.16076731521207 3927.257523930460593 -2340.8877232201498373 -2033.9014973512717006 8302.0467445018821309 15662
46000000 309.09126497540336231 12897.871543733528597 3830.6005109971665661 -2374.750792520801042 -2113.3017139067005701 8318.6530174246690876 15655
47000000 308.62309163566010284 12878.335438121841435 3876.2260386222937996 -2294.2773684331959885 -2068.6773841688145694 8239.1807912243039027 15652
48000000 306.29105956922302312 12781.023564778652144 4000.5650189030784531 -2355.9248271713968279 -1975.5435672755272662 8332.0334133500036842 15659
49000000 310.66643835656634565 12963.600945471767773 3890.5022504890134769 -2364.6456218411794907 -1991.7683521441788344 8246.9162244743711199 15657
50000000 311.44496477978134408 12996.087576243518924 3792.5218489016224339 -2383.058059475754817 -2065.0891262533086774 8240.6690346306859283 15663
51000000 308.83116844278663393 12887.018142014369005 3922.5448758119168815 -2365.8081386720023147 -2052.2971465214022828 8340.6501610053219338 15647
52000000 312.96469593731183068 13059.503464920921033 3723.0878044244122975 -2345.6350247264335849 -2114.3743985463097488 8183.0972276971569954 15662
53000000 308.35614534735839243 12867.196207332301128 3960.8196343425979649 -2370.1170952027596286 -2027.3411035939125213 8358.2778331392692053 15670
54000000 312.98041435296011059 13060.159368625991192 3843.2065376641821786 -2339.691436723755487 -2111.4309564058376054 8294.3289307937757258 15657
55000000 309.62192200298068201 12920.014991158406701 3967.8277202027074964 -2340.0245707880685586 -2013.2547903901490827 8321.1070813809255924 15658
56000000 310.79699369622630911 12969.048805670652655 3822.3218931854930815 -2291.8630325029944288 -2033.0902975964952475 8147.27522328498344 15644
57000000 309.2113152105251288 12902.881043149562174 3833.3334918957561968 -2388.7760946641674309 -2044.148362428497876 8266.2579489884228678 15658
58000000 309.60762823191294046 12919.418535535107367 3741.1251774527172529 -2322.2382556813590782 -2113.8777287033353787 8177.2411618374117097 15677
59000000 310.15524953574657729 12942.269874384881405 3973.2103439407605947 -2350.3724412592259796 -2086.6722955928280498 8410.2550807928146241 15653
60000000 312.43632324904814368 13037.455339229032688 3973.5747269613589197 -2370.0998704628564155 -2009.5576107307742859 8353.2322081549900759 15649
61000000 304.66789396712897542 12713.291526373484885 3750.9749633850865393 -2396.0365346591706839 -2019.2941910558079144 8166.3056891000642281 15669
62000000 309.75378648590827879 12925.517479758711488 3774.4139708666120896 -2267.4429743356654399 -2068.3401690474274801 8110.1971142497050096 15657
63000000 309.24515843685207983 12904.293265477570458 3865.2859447601649663 -2342.6410072148273684 -2031.863122909097001 8239.7900748840893357 15652
64000000 309.2670240183357464 12905.205680330924224 3948.5657754483295321 -2353.9481879217319147 -2043.878794558589334 8346.3927579286500986 15651
65000000 310.05145794573076046 12937.938821563149759 3886.1440317949463861 -2391.2485671087633818 -2061.6648017816041829 8339.0574006853148603 15654
66000000 310.71822380184488566 12965.761867169410834 4001.2906244013383912 -2392.3351111528299953 -1953.916777759373872 8347.5425133135431679 15666
67000000 310.69947218254418431 12964.97939285071152 3794.6233156361886358 -2376.1437880718144697 -2119.6159059788424202 8290.3830096868459805 15661
68000000 310.68192232159259447 12964.247065936906438 3772.8767061788666979 -2424.023753357172609 -2089.5572052033880937 8286.4576647394278552 15669
69000000 308.89133468440394381 12889.528780597802324 3836.6698607956459455 -2379.2509274883495891 -2110.5797483258029388 8326.5005366097975639 15662
70000000 310.17243946511109698 12942.987181943886753 3726.0127470315828759 -2401.7530830806272206 -2188.710233677791166 8316.4760637899998983 15657
71000000 312.87853696427185923 13055.908192286160556 3933.9635547877360295 -2384.3446826538938694 -2013.1968991262519921 8331.5051365678809816 15659
72000000 305.17395123964206505 12734.40846636583592 3732.7777984402646325 -2430.7394273328422969 -2033.5950491375829188 8197.1122749106907577 15668
73000000 308.35350880804827511 12867.08618887110606 3823.7194984002117053 -2367.4061217273701914 -2099.3550931003173901 8290.4807132278983772 15670
74000000 310.33861721503194531 12949.921506898284861 3696.4530876563085258 -2423.9077304728771196 -2107.363989121850409 8227.7248072510355996 15669
75000000 311.73052576527817337 13008.003567816858776 3773.1728048879167545 -2359.9844826602779904 -2110.8697091494900633 8244.0269966976848082 15659
76000000 312.50016615844117496 13040.119399128607256 3975.9242632015862 -2337.132591213834985 -2104.6561985101866412 8417.7130529256082809 15650
77000000 307.83987735344902603 12845.6531906827895 3825.5600326423450497 -2310.9682156809726621 -2105.0305666735757768 8241.5588149968934886 15653
78000000 309.70192173509849454 12923.353248771318249 3771.6598730278574294 -2347.3738895054821114 -2074.565904798558222 8193.5996673318986723 15656
79000000 307.59740065456975344 12835.535035727029026 3864.8408126740932858 -2398.6636839355605844 -2108.1908795258077589 8371.695376135461629 15667
80000000 308.37689188578650601 12868.061926354301249 3835.5232858952485913 -2402.7270142354168456 -2002.1187294925775859 8240.3690296232434775 15650
81000000 312.20212633285410675 13027.68268602497119 3600.403953065548194 -2387.2812081579991172 -2167.780499180876177 8155.4656604044230335 15667
82000000 305.44949046677731985 12745.906266399535525 3858.0720566297886762 -2355.9189309388630136 -2090.4080174125292615 8304.3990049811818608 15652
83000000 314.39231583803632475 13119.07570192440653 3651.1832273253303356 -2399.4005354685054954 -2101.4171922446785175 8152.0009550385148032 15639
84000000 311.91112596772160259 13015.539718060615996 3902.1423380090150204 -2414.4130175880195566 -1988.1608600929362183 8304.7162156899721595 15636
85000000 309.75961675487911862 12925.76076732058209 4048.4561186879063825 -2409.620810655391324 -1875.2732153904153165 8333.350144733713023 15633
86000000 309.34848521386720677 12908.604922415126566 3831.9745950818969504 -2384.9199802377238484 -2041.3962846248525693 8258.290859944472686 15644
87000000 309.75576972008485654 12925.60023686817658 3651.502901164317791 -2417.8621143633649808 -2110.2273360869776297 8179.5923516146604015 15669
88000000 311.7474598209960277 13008.710198188249706 3853.1658234827300475 -2408.6551810660312185 -1948.9683854192917352 8210.7893899680530012 15651
89000000 309.7622585814817171 12925.871006411822236 3776.4441700561114885 -2438.7967469383002026 -1994.0480549128612893 8209.2889719072736625 15658
90000000 310.619730896096371 12961.65191975173002 3930.4211285557939846 -2355.5266287586309772 -1902.7596495239035903 8188.7074068383280974 15623
91000000 309.59210598526613012 12918.770817640728637 3660.6474686703677435 -2451.8097309514660083 -2076.2641724520699427 8188.7213720739036944 15660
92000000 312.26682452726521433 13030.382435565588821 3833.6230905259403698 -2422.6558093319408727 -1979.6982469763761401 8235.9771468342587468 15655
93000000 308.72833193692088116 12882.72694328777834 3932.0696362477792718 -2424.7638864551554434 -1980.6698497492047863 8337.5033724521399563 15642
94000000 310.75895796208232014 12967.461636867614288 3593.8519640590866402 -2498.6949259187153984 -2126.1652512767450389 8218.7121412545457133 15652
95000000 311.27392139652278047 12988.950216390110654 3655.3111372386638322 -2452.4231265874377641 -2078.1233822779113325 8185.8576461040129288 15654
96000000 311.79158958099191068 13010.551660695215105 3820.3567197031088654 -2497.9859088317489295 -1971.2376917209617204 8289.58032025581997 15659
97000000 306.9896736661870591 12810.175585240958753 3723.5335046205700564 -2449.980022600252596 -2086.3521655122826814 8259.8656927331030602 15653
98000000 309.44354142854751899 12912.571462351083028 3730.4576502233171595 -2527.7934428203520838 -2016.7587562869080102 8275.0098493305777083 15659
99000000 309.5313448097813307 12916.235353442762062 3666.0696205809626917 -2586.0169887436841236 -2004.1809408707360944 8256.2675501953835919 15648
100000000 312.55665882761206831 13042.476745558913535 3738.4814945462931064 -2525.5606091881827524 -1980.7861049574087247 8244.8282086918843561 15643
101000000 308.42137567389789865 12869.918161873882127 3678.2506043892317393 -2564.0164706199307147 -2053.6112525776084112 8295.8783275867699558 15662
102000000 310.76171791279165291 12967.576805084090665 3786.5499947994312606 -2485.2398979972113011 -2033.3790464903490829 8305.1689392869920994 15660
103000000 311.48199659135974571 12997.632853004437493 3796.0106294227130093 -2469.162999541865247 -1982.1098263922740443 8247.2834553568518459 15656
104000000 304.74296542141706823 12716.424135035478685 3844.1994580975620011 -2479.4038889056491826 -2028.0546550606018172 8351.6580020638139104 15649
105000000 306.84736746685393882 12804.237380940616276 3756.1219653994203327 -2425.9944177500583464 -2070.1256322502104013 8252.2420153996899899 15672
106000000 311.55733553008747094 13000.776623353396644 3689.6340563762250895 -2535.1490788561259251 -2056.0821764451661693 8280.8653116775185481 15651
107000000 307.70836263022613366 12840.165296981316715 3643.252448271283356 -2531.2556874404240261 -2051.1734731839374035 8225.6816088956456952 15668
108000000 309.40286696430194979 12910.874183668713158 3683.8403504779375908 -2558.7694758328216267 -2058.9061904157470053 8301.516016726505768 15657
109000000 311.72084105547105537 13007.599440760597645 3897.8023920965306388 -2490.6974737984637613 -2039.6841821796963359 8428.1840480746905087 15644
110000000 307.96509798386267676 12850.878442214336246 3668.6356010132712981 -2524.1272599673766308 -2066.0563640837385719 8258.8192250643860461 15644
111000000 311.12994727126317684 12982.942412276435789 3795.8522903146554199 -2443.7529378583267317 -2033.015536212283223 8272.6207643852649198 15649
112000000 309.57180151083321107 12917.923545224215559 3768.0227152707529967 -2459.8178454685221368 -2065.7467676419719282 8293.5873283812470618 15659
113000000 312.90928456978309669 13057.191239434687304 3606.1998784079751204 -2491.6274084193851195 -2093.8235392478982249 8191.65082607525801 15667
114000000 308.45056847584584148 12871.136329619761455 3478.6210273020183195 -2561.4286233071811694 -2113.3667923698926643 8153.4164429790916984 15675
115000000 309.68217577319671818 12922.529282166708072 3511.5484252204305449 -2564.9948968796206827 -2154.4637167531709565 8231.0070388532221841 15666
116000000 310.27934615048212663 12947.448222585690019 3597.9374128456238395 -2545.3631587907852918 -2084.3528443542018067 8227.6534159906113928 15659
117000000 310.14991455504190299 12942.047254390030503 3557.3429511991098479 -2575.8239835492922793 -2115.3499592184607536 8248.5168939668619714 15673
118000000 309.46993029904081141 12913.672626636116547 3687.0127093161336234 -2554.4394663397897602 -2006.4093205345066053 8247.8614961904313532 15657
119000000 308.77132753455623515 12884.521079059590193 3801.753633140682723 -2462.9376377725025122 -1918.9187713758174141 8183.6100422890031041 15653
120000000 310.04102494446249239 12937.503469531495284 3773.0959642368975437 -2514.8821357199690283 -1952.1353788295298273 8240.1134787863957172 15647
121000000 312.44170545193003363 13037.679929727888521 3548.3590024968352736 -2534.7626849179605415 -2060.9665288430860528 8144.0882162578818679 15647
122000000 310.27766235363861824 12947.377960505022202 3758.6185139363501548 -2511.6955871025843408 -1999.8980073318948598 8270.2121083708279912 15640
123000000 310.00705239722105944 12936.085850853827651 3696.0245909784180185 -2501.752899676659581 -2042.4524613429953206 8240.2299519980733749 15653
124000000 307.82209071347034524 12844.910983368525194 3790.0266802969699711 -2449.4024407016459008 -2101.9889691360926918 8341.418090134708109 15654
125000000 313.26865318579547193 13072.187102376805342 3716.3666281721261839 -2504.4378122211151094 -2063.5327787300821001 8284.3372191233229387 15655
126000000 310.21466288151600565 12944.749095859413501 3680.8013239865458672 -2496.8361989109916976 -2158.7140547906592474 8336.3515776881959027 15681
127000000 308.36944204452942131 12867.751056697203239 3432.5929352451075829 -2487.5380320394965565 -2154.8583058456133585 8074.9892731302179527 15654
128000000 309.24015552322453004 12904.084502097222867 3768.4346386030110807 -2458.4601009528578288 -2071.8039706161716822 8298.6987101720405917 15667
129000000 310.67106966948676927 12963.794202564073203 3626.1332976335606872 -2562.2005141401987203 -2177.9891759576385084 8366.3229877313970064 15663
130000000 309.6275681794297725 12920.250596841275183 3553.0384600031170521 -2571.4844973370400112 -2115.660725040871057 8240.1836823810281203 15665
131000000 312.3736262807649382 13034.839097572503306 3507.3696128286765088 -2568.7294361894219037 -2141.1995425337026973 8217.2985915518002002 15664
132000000 311.26101389760469829 12988.41160762997788 3610.7878686593985549 -2503.3346770235289114 -2033.9856910607052214 8148.1082367436338245 15670
133000000 309.89812649353007146 12931.540551543272159 3389.2466960942688274 -2579.6496678299581617 -2059.9150085543114983 8028.8113724785371232 15663
134000000 310.80529934121017277 12969.395386613658047 3601.1414141922191448 -2582.6396917981110164 -1950.6802210388163985 8134.4613270291465597 15641
135000000 309.36372585005551628 12909.240889166943816 3488.0254763379853102 -2650.0625874207776178 -2071.8522475464365016 8209.9403113051994296 15651
136000000 312.3011997883649542 13031.816858832069556 3646.9691808654729357 -2578.2231611603228885 -2067.701263651158115 8292.8936056769543939 15652
137000000 312.96923674829452011 13059.692945515798783 3656.5051328965273569 -2561.1160926012198615 -2123.2744392464860539 8340.8956647442337271 15664
138000000 310.45610665845975973 12954.824148676911136 3711.5709878239240425 -2497.2680500250935438 -1956.0580237325370945 8164.897061581554226 15648
139000000 309.81718635153379182 12928.16305216850742 3660.1125569974369682 -2532.0812680684211955 -2026.7407554389246798 8218.9345805047832982 15656
140000000 309.80242397250623299 12927.547042303613125 3522.3722333192908991 -2633.0469673041179703 -2053.3965927666681637 8208.8157933900783974 15647
141000000 309.10516286956840304 12898.4514800629604 3444.6382239772374305 -2776.2630307904755682 -2001.2532529520763092 8222.1545077197879436 15645
142000000 308.94086441381944041 12891.59557497210335 3594.592010756138734 -2610.4293102717820148 -2080.5558354567847346 8285.5771564847054833 15647
143000000 309.97952654178612875 12934.937242051959402 3691.0493209944070259 -2572.2973198585759746 -2048.1037966755252455 8311.4504375285105198 15639
144000000 309.38034819096878891 12909.934512190786336 3639.8389104850411968 -2584.4107711286605991 -2083.9972537298890529 8308.2469353435899393 15648
145000000 310.07893811182668742 12939.085523823836411 3445.4472724001643655 -2615.8655207802767109 -2026.7070966531227896 8088.019889833563866 15654
146000000 308.91167070410966744 12890.377369346811975 3717.4491313498519958 -2545.7303507815345256 -2000.6035403430478254 8263.7830224744338921 15648
147000000 314.1161207497242458 13107.550533879484647 3574.5004461225844352 -2651.7771886636819545 -1991.5615281885786771 8217.839162974845749 15648
148000000 309.48262461978390547 12914.20233982064201 3542.7584873447140126 -2682.4152375525263778 -2027.0823798698042992 8252.2561047670442349 15646
149000000 306.85607326203478351 12804.600659495050422 3670.0618508149973422 -2655.6159319323392083 -2032.0375224229303512 8357.7153051702680386 15655
150000000 306.49914599037919061 12789.706669848868842 3589.5491440234850415 -2615.1650523255329972 -2094.0908121593852229 8298.8050085084032617 15648
151000000 310.40828913430863167 12952.828801820085573 3543.6236152076262442 -2735.36807241869883 -2033.087729965728613 8312.0794175920527778 15648
152000000 310.15162229150104167 12942.118515431593551 3548.175734057257614 -2661.0963302663512877 -2025.9706126354326443 8235.2426769590420008 15658
153000000 307.48114782328588035 12830.683995744988351 3645.7700639657932697 -2629.965878046934904 -2016.9646032296404883 8292.7005452423691167 15646
154000000 309.25828891581920743 12904.841178829437922 3530.720862588572345 -2668.097014051271799 -2038.6446555202473974 8237.4625321600906318 15663
155000000 311.39904694780904038 12994.171500425611157 3585.2220145779101586 -2654.5543683414698535 -2147.0787593979630401 8386.8551423173430521 15660
156000000 308.50498557065941441 12873.407065736308141 3489.12936961524656 -2676.6183601496104529 -2028.1521541090555729 8193.8998838739116763 15651
157000000 311.99699631952267964 13019.122947004447269 3719.8984880403631905 -2654.600738924073994 -1951.8806074748372339 8326.3798344392744184 15644
158000000 313.1302588099487707 13066.412132054729227 3674.0078023299638517 -2584.2339270856637086 -2006.9086729700115939 8265.1504023856396088 15648
159000000 310.21328094233450656 12944.691429803900974 3791.6587994347355561 -2610.012302208373967 -1873.3674716212885869 8275.0385732643990195 15645
160000000 310.97650991351912353 12976.539722991929011 3544.876366670862808 -2725.799559864013645 -2032.0965626126421739 8302.7724891475190816 15643
161000000 311.43969874038128864 12995.867833056237941 3379.6377884643225116 -2654.2284460112132365 -2158.920038833061426 8192.7862733085967193 15659
162000000 313.97906465749804283 13101.83140793795792 3616.804705108041162 -2660.0632162005617829 -2080.7973643653931504 8357.66528567399655 15642
163000000 309.10802372890867673 12898.570859031106011 3846.1622516254838047 -2571.6263600384327219 -2013.8078416071343781 8431.5964532710513595 15647
164000000 308.39200632675431279 12868.692627186541358 3674.7943974357403931 -2561.7273406307922414 -2062.3380143694757862 8298.8597524360084208 15650
165000000 309.57222028236230926 12917.941019873293044 3544.3959077539584541 -2675.2690330560963048 -2138.0819767781149494 8357.7469175881706178 15648
166000000 306.76729919358029974 12800.896263217686283 3658.8468488042926765 -2611.2639946122112633 -2087.5839957937268991 8357.6948392102294747 15661
167000000 307.98147023131849664 12851.561629248380996 3700.2428645470340598 -2615.8569316959765274 -1917.7402855001687385 8233.8400817431793257 15629
168000000 311.56400559593851085 13001.054954261717285 3646.6245047767579308 -2666.7967851842495293 -1884.2448881563318537 8197.666178117338859 15641
169000000 307.8088327289323729 12844.35774941831005 3702.7925943155883033 -2580.9932095736394331 -2044.8551939505587143 8328.6409978397859959 15656
170000000 312.45024589719025698 13038.036308501328676 3702.3550650628058065 -2503.0990733698654367 -2051.6619451125984597 8257.1160835452701576 15641
171000000 309.03885051145368834 12895.684374118398409 3559.9994058706611213 -2533.1180969087636186 -2051.1637580807700942 8144.2812608601952888 15648
172000000 308.66202580320879179 12879.96009707732992 3451.4780722265259101 -2583.6298840746098904 -2135.2465381955562407 8170.3544944966915864 15659
173000000 309.00307117507600196 12894.191361093406158 3715.0456736556693613 -2606.7017860669948277 -1904.6158410532370908 8226.3633007759017346 15622
174000000 310.97877791584511442 12976.634363009219669 3607.1643924982031422 -2634.4078641905603035 -2125.2923590196432997 8366.8646157084076549 15665
175000000 310.62042909969841276 12961.681054642913296 3633.4383046648717936 -2570.0154132707239114 -2100.74162190487732 8304.1953398404730251 15644
176000000 308.19251129733208927 12860.368026802554596 3589.1330842136917454 -2678.4537606643848449 -1959.2651428279382344 8226.8519877060152794 15618
177000000 305.34603172313779851 12741.589102711182932 3640.2730035696013147 -2683.1712047597261517 -1969.2126766394412698 8292.6568849687682814 15624
178000000 312.9288495246067896 13058.007652910800971 3602.7603061587678894 -2532.8027084640298199 -2052.0933934041372595 8187.6564080269345141 15653
179000000 310.47188028369930635 12955.482356187676487 3626.73406891591776 -2621.3040226102589259 -2014.1907636699015711 8262.2288551960773475 15645
180000000 313.08667544318655018 13064.593469641258707 3665.8084731226954318 -2544.0713900898322208 -2015.2420217878288895 8225.1218850003569969 15650
181000000 311.37324911965083629 12993.094999367845958 3525.1889384991650331 -2534.0501579963624863 -2107.5358464028508934 8166.7749428983788675 15656
182000000 308.0766848437091312 12855.534778860999722 3646.3982669748666012 -2508.5612012606361532 -2054.2979382239591359 8209.2574064594609808 15661
183000000 314.00757851750717009 13103.021244550271149 3597.0638687482769456 -2624.572522503754044 -2008.6245565996807727 8230.2609478517115349 15664
184000000 310.30537659007444518 12948.534430137091476 3444.8644465574716378 -2628.504816859883249 -2124.370523102365496 8197.739786519719928 15655
185000000 313.79293170802168333 13094.064385234831207 3603.8989937207870753 -2593.9610546168969449 -1990.5271808124507515 8188.3872291501338623 15653
186000000 307.88792335385522847 12847.658071479012506 3463.0119176082398553 -2632.2871680858597756 -2053.1709228977133534 8148.4700085918129844 15652
187000000 309.30308647813967582 12906.710507632140434 3633.405437448612247 -2588.3376152359865046 -1999.6086913683209332 8221.3517440529194573 15650
188000000 309.44420258853699579 12912.599051473069267 3613.6146637922174705 -2549.9041972697991696 -2065.1998237272846382 8228.7186847893026425 15652
189000000 309.4824083059700115 12914.193313399968247 3712.4302099294372965 -2562.4051939219916676 -2033.4402823819082187 8308.2756862333371828 15655
190000000 312.56564003503524418 13042.851516614513457 3801.7089560614977017 -2558.4412340300268625 -1924.6936794957964594 8284.8438695873210236 15643
191000000 308.07420782992346631 12855.431417138297547 3464.0469998031849173 -2577.8690262497148069 -2134.7982785298536328 8176.714304582753357 15675
192000000 311.54110259795851334 13000.09924971944929 3490.0231853498471537 -2672.3603225174615545 -2014.7187559513963606 8177.1022638187041593 15650
193000000 311.25652900930731448 12988.22446059703725 3483.7882331846003581 -2640.6304376641855924 -2104.848937511587792 8229.267608360372833 15646
194000000 309.42382056095760845 12911.748542890949466 3500.90425729161052 -2592.9246984812580195 -2171.7146601835256661 8265.5436159563942056 15671
195000000 309.62388979341221784 12920.097103825721206 3691.1178879036197031 -2508.3652557387003981 -2098.2964798964958391 8297.7796235388159403 15668
196000000 313.90053008591053185 13098.554289070951199 3778.6723461666779258 -2601.7606374088018129 -2042.3719308380202619 8422.804914413500228 15652
197000000 309.18513557139777959 12901.788609746266957 3868.0337285635214357 -2625.4605830637310646 -1927.5702483982154263 8421.0645600254683814 15653
198000000 308.8348117734213929 12887.170172226295108 3818.5132960215646563 -2600.4279494366423933 -1917.9207533257877003 8336.8619987839956593 15638
199000000 308.32877405452001085 12866.054048174088166 3503.6446155718713271 -2679.2474893292783236 -2107.6139617753301536 8290.5060666764784401 15655
200000000 309.52353726430709457 12915.909557375356599 3702.3429016257273361 -2616.0596971272425435 -1998.030243075618273 8316.4328418285876978 15658
201000000 310.91682803050633765 12974.049295898661512 3691.3893706133944761 -2606.0507073899393617 -1917.7877703745793951 8215.2278483779136877 15616
202000000 306.61809794808743845 12794.670339949732806 3636.8790143287119463 -2583.5226389815888979 -2061.9586384855720098 8282.3602917958742182 15649
203000000 308.51706144066849902 12873.910971986031655 3676.0687360719994103 -2500.2607798283306693 -2010.1481088298594386 8186.4776247301897456 15642
204000000 306.49549643565234192 12789.554379915787649 3604.1020941138290254 -2618.4829696407241499 -2041.4852047642309572 8264.0702685187843599 15644
205000000 307.03204972003806006 12811.943868466769345 3808.3961482616573448 -2631.1912906238080723 -1980.4044296985393885 8419.9918685840057151 15626
206000000 306.43168378706121757 12786.891582749847657 3751.7925366121571642 -2618.1591212496578009 -1973.1695367466643347 8343.1211946084804367 15643
207000000 311.19079229698525069 12985.481375407280211 3797.7611884356329028 -2526.5451952953308137 -1961.9573387260409163 8286.2637224570044054 15647
208000000 307.65609043408795742 12837.984063968626288 3658.2531427655558218 -2619.772528711695486 -1982.4967775359916686 8260.5224490132422943 15656
209000000 308.53560418187754522 12874.684730164548455 3612.1987133712991636 -2599.6489444624257885 -1947.5564030326902412 8159.4040608664145111 15641
210000000 311.40728115703018375 12994.515100471400729 3497.6831607281656034 -2695.6597980888177517 -2054.0807727679707568 8247.4237315849550214 15650
211000000 310.54944689571539129 12958.719083689327817 3550.9945236322637356 -2665.3962584369728575 -2049.5083080330118719 8265.8990901022480102 15656
212000000 313.23346521821872557 13070.718766201965991 3575.7749144625358895 -2628.7452926576152095 -2129.8376901062579236 8334.3578972264094773 15658
213000000 310.13431952684845783 12941.396499441079868 3501.5931222490135042 -2674.7907147819405509 -2037.345781265750702 8213.7296182967038476 15651
214000000 310.58990993369422995 12960.407539900348638 3456.1880517592858268 -2692.3354952125664568 -2069.9424643394322629 8218.4660113112859108 15650
215000000 309.68106047784584689 12922.482742720922033 3705.5163682841352966 -2642.9496905718915514 -1922.711877787058711 8271.1779366430855589 15629
216000000 306.58892040689926262 12793.452809010328565 3560.5431308735915081 -2652.0104257873645111 -2096.5710881835407235 8309.124644844498107 15652
217000000 308.10597904572176731 12856.757177865270933 3473.7472140543422938 -2690.1908724237082424 -2069.1633738421842281 8233.1014603202329454 15644
218000000 315.6203056478497615 13170.317702649494095 3459.6625234603593526 -2658.268551690221102 -2105.2305019188988808 8223.1615770694788807 15652
219000000 309.54067568241919162 12916.624715454281613 3578.1158514572416607 -2618.7974100865703804 -2005.768471304273362 8202.6817328480847209 15655
220000000 310.60649487234951494 12961.099602189309735 3491.2423920809465017 -2583.3897577052998713 -2077.4436710943323305 8152.0758208805791583 15657
221000000 310.71622251361498002 12965.678356693910246 3566.7104001102547954 -2668.9192394487545243 -2027.6401440227641615 8263.2697835817725718 15645
222000000 305.3259923780441909 12740.752893707158364 3485.6211416685150652 -2663.7408261575642427 -2099.5232197070122311 8248.8851875330929033 15664
223000000 309.24395573815337457 12904.243078833431355 3582.7963734469963129 -2616.1915853494838302 -1961.5497739227387228 8160.5377327192181838 15635
224000000 316.25787824262329195 13196.922561340172251 3590.6145364746994346 -2664.6414140337010394 -2016.3130942600885191 8271.5690447684901301 15648
225000000 308.39184845508839317 12868.686039460848406 3543.5330741986958856 -2662.1222345530891289 -2084.9372322956023709 8290.5925410473882948 15664
226000000 310.78056898630296701 12968.363429463883222 3498.4196257222151871 -2602.9308700670471808 -2053.8895439760408408 8155.2400397653036634 15646
227000000 307.53952082179608851 12833.119805234679006 3635.8368633546670026 -2669.9467518286032828 -1995.1042767209817157 8300.8878919042508642 15640
228000000 310.10661614546876308 12940.24048277269867 3480.8376027596536915 -2655.642598103625005 -2151.4270723897079733 8287.9072732529857603 15657
229000000 309.74473975023369121 12925.139974316653024 3508.7074251435001315 -2603.2740758964264387 -2109.7832878958570291 8221.7647889357831446 15653
230000000 307.84480239580187799 12845.858704622562072 3557.2662641230808731 -2652.8589671804065802 -2033.6207019288833635 8243.7459332323705894 15657
231000000 311.32728964270813776 12991.177185773627571 3344.8193269692719696 -2700.4010593415532639 -2062.7838989601086723 8108.0042852709339058 15656
232000000 312.07804340681786925 13022.504909031133138 3335.2677990236579717 -2620.7472042232257081 -2068.0989790547582743 8024.1139823016419541 15654
233000000 309.82799213025936069 12928.613959592059473 3450.7416304302391836 -2697.8930267031655603 -2075.4875049696202041 8224.1221621030254028 15651
234000000 309.19452259149943529 12902.180314699364317 3467.6663435248246969 -2675.5532767731237982 -2039.6874643577407369 8182.9070846556896868 15655
235000000 310.27439075647976097 12947.241442121363434 3506.8466354957863587 -2653.6906991724354157 -2107.9575760437578538 8268.4949107119791734 15669
236000000 310.39415338095358265 12952.238940016772176 3527.0657058330775726 -2624.9800773951628798 -2122.5101764984624424 8274.5559597267038043 15660
237000000 309.35229117440655955 12908.763738906240178 3513.1905945391836212 -2615.9339327931193111 -2092.7806909833984719 8221.9052183157036779 15669
238000000 309.95491196426303304 12933.910116102537359 3441.6882969488519848 -2610.6110785910591403 -2156.675407827833169 8208.9747833677429298 15664
239000000 311.67188380407043269 13005.556534954928793 3663.0573166502576896 -2632.1711923952298093 -2012.9967894901462842 8308.2252985356335557 15651
240000000 310.95649138373261167 12975.704382576530406 3571.9407767226521173 -2638.9649497153036464 -2138.1642547670126078 8349.0699812049679167 15657
241000000 306.54490249424077319 12791.616013709310209 3424.0704394716258321 -2670.7005301781746311 -2054.1173141055046472 8148.8882837553046556 15655
242000000 309.78324480649325778 12926.746727161835224 3402.3654827720965841 -2701.7034827820416467 -2072.5638832164486303 8176.6328487705877706 15651
243000000 310.24519501929705712 12946.023151892950409 3479.3711724461054473 -2693.3854955446440727 -2066.5236881693203941 8239.2803561600685498 15640
244000000 307.15354264013603824 12817.013568760699854 3489.4603009843349355 -2707.3521894396417338 -1997.9251109383542371 8194.737601362330679 15646
245000000 306.98141813285610624 12809.831095375042423 3443.9460197148832776 -2636.0467458232719764 -2090.7084604024080363 8170.7012259405637451 15656
246000000 308.48882571863606472 12872.732741615309351 3636.271702063644625 -2628.206766384331786 -1974.598083677359682 8239.076552125336093 15635
247000000 304.82500996470315613 12719.847719264727857 3512.174274699007583 -2700.3680317481512247 -2039.7644145840372403 8252.3067210311965027 15639
248000000 310.73139866396434172 12966.311632557431949 3593.5557793296538875 -2596.2521605200827253 -2076.3261503106114105 8266.1340901603471139 15654
249000000 309.5995699877735774 12919.082278223579124 3787.9912855361594666 -2629.6725871659145923 -1990.2295246881462845 8407.8933973902203434 15669
250000000 306.2474021880191799 12779.201813863925054 3283.7294277316823354 -2686.2808115553079915 -2133.1768836242954421 8103.1871229112857691 15667
251000000 308.77524770543482191 12884.684661360841346 3444.0763110344901179 -2695.0702514676568171 -2107.6616432080154482 8246.8082057101619284 15661
252000000 310.27755533674269373 12947.37349486547464 3498.7419461503136517 -2629.8391677718996107 -2065.4685816469136626 8194.049695569126925 15674
253000000 309.79127494048441349 12927.08181148298172 3519.7046090391659163 -2663.2080136112363107 -2044.0546186325445888 8226.9672412829477253 15655
254000000 307.91602787726515089 12848.830827146397496 3439.2601563101197826 -2724.1046849427002599 -2112.8316959169737856 8276.1965371697951923 15652
255000000 311.83748742853731528 13012.466902595762804 3442.6849342447985691 -2724.1492559233911379 -2045.8301296548477239 8212.6643198230376584 15657
256000000 307.77176660982314615 12842.811041060396747 3373.8547645052217376 -2638.1519099385045592 -2155.0493588828981046 8167.0560333266248563 15666
257000000 311.7311149004407298 13008.028151460945082 3457.4077780297520803 -2708.36297605602158 -2172.321414916028516 8338.0921690018021764 15665
258000000 307.24456204131394088 12820.81165909001902 3598.8119466071866555 -2660.9784882929752712 -2067.4633897100802642 8327.2538246102412813 15667
259000000 309.11630902819030098 12898.916590981325498 3504.2491391827647931 -2685.3512585152220709 -2095.2210806281832447 8284.8214783261701086 15639
260000000 308.01663746049854353 12853.029100043937433 3365.3128054492981391 -2650.0383511645968611 -2152.7832999070014921 8168.1344565208983113 15671
261000000 309.76759820369960607 12926.093820089405199 3521.0354051666231499 -2706.5378787322802054 -2154.4626295508942349 8382.0359134497975901 15665
262000000 309.51312899478307372 12915.475237358825325 3360.6844402590668324 -2747.7189371982599368 -2097.7617775035505474 8206.1651549608759524 15666
263000000 310.50037447219210662 12956.671371939875826 3209.1894938200020988 -2791.1695252968493151 -2157.0675468353610995 8157.4265659522125134 15679
264000000 306.12400677043359565 12774.052725470142832 3326.4094941467610624 -2680.1754264238124961 -2217.9944366793779409 8224.5793572499514994 15678
265000000 312.22414519125373999 13028.601496872637654 3394.1766873366068467 -2664.1697474186958061 -2114.5469303659047 8172.8933651212082623 15663
266000000 309.35343581689181747 12908.811502959810241 3246.9249461786248503 -2735.4435442114313446 -2094.4445697213636777 8076.8130601114207821 15664
267000000 312.53742135355912524 13041.673997318259353 3425.6226578897467334 -2722.6119306311479704 -2101.2074956384908546 8249.4420841593855585 15666
268000000 311.78068454476488114 13010.096611418921384 3724.7674896841813279 -2718.0221761389998392 -2025.0350979446443489 8467.8247637678250612 15656
269000000 311.24326744651318677 12987.671077332061031 3601.1313519793284286 -2602.728477665772516 -1990.7650041138931556 8194.6248337589931907 15636
270000000 309.3604057181320286 12909.102345507159043 3477.6391147547046785 -2664.1174617086753642 -2101.054699584791706 8242.8112760481708392 15661
271000000 309.69547214531456802 12923.084117967671773 3433.6272311157858894 -2686.5752207026580436 -2062.4325322127137952 8182.6349840311568187 15653
272000000 313.26510549381674764 13072.039063009138772 3485.9351598811899748 -2722.8693006559205969 -1984.3909240087973558 8193.1953845459083823 15651
273000000 308.1888391909086522 12860.214795824162138 3593.9989801980646007 -2722.1953890714180488 -1994.8287093430799359 8311.0230786125630402 15639
274000000 311.21995018388150811 12986.698086205318759 3382.882572485401397 -2689.1479499144234069 -2074.2743078594508006 8146.3048302592760592 15645
275000000 311.48282762767064469 12997.667530786700809 3364.7415372106706855 -2707.7486088679579552 -2101.8410665511091793 8174.33121262973782 15645
276000000 311.91218435179513335 13015.583882692137195 3566.3343660302389253 -2706.259868039916455 -1987.2920798908717188 8259.8863139610257349 15660
277000000 309.40939829200874556 12911.146725261822212 3354.3140976198883436 -2687.8883845491700413 -2064.4328597233547953 8106.6353418924136349 15651
278000000 308.56065142799042178 12875.729910664598719 3601.5366572018988336 -2650.7418438061331472 -1954.8009594079389899 8207.0794604159709706 15636
279000000 310.61789755077438713 12961.575417258332891 3383.7007628972583007 -2639.6016921176947108 -2108.1620147402773 8131.4644697552303114 15663
280000000 313.68873311468939846 13089.716348832234871 3374.8673866080143853 -2661.631245851582662 -2128.1843412529437956 8164.6829737125408428 15653
281000000 307.04068276611718602 12812.304111320507218 3450.8227539912886641 -2723.7247964680223049 -2144.1517788052010474 8318.6993292645111069 15666
282000000 308.2902392642872087 12864.446054578971598 3410.4180884005204462 -2637.9712864277007611 -2115.7616390999965006 8164.1510139282172531 15648
283000000 309.50602465166269894 12915.178784772317158 3500.704959533809415 -2706.9378411651232454 -2031.2768228574695968 8238.9196235564013477 15655
284000000 312.01909602928895993 13020.045131647038943 3594.6644195675835363 -2680.8672964428446903 -2022.2623190373606121 8297.7940350477874745 15641
285000000 308.1985674253654679 12860.620739092670192 3291.2877789833937641 -2665.0178212184655422 -2134.478522512271411 8090.7841227141307172 15660
286000000 312.49856185152299304 13040.052454032151218 3389.3313279217750278 -2639.289433973387986 -2046.2237514571604606 8074.8445133523237018 15671
287000000 312.98540854698296698 13060.367768151538257 3534.396869639398119 -2649.9201068803758972 -2122.6340565466930457 8306.9510330664670619 15664
288000000 312.1533510819817252 13025.647374802845661 3404.6925441701619093 -2698.368081315587915 -2061.7500925681374611 8164.8107180538881948 15653
289000000 311.31976784855322649 12990.86331364011312 3446.1730251041126394 -2695.071507294100229 -2099.4425383099969622 8240.6870707082107401 15659
290000000 310.42243051621011318 12953.418898493413508 3601.8038594707559241 -2715.4467131991141287 -1930.531482974232631 8247.7820556441020017 15629
291000000 310.95291908373206979 12975.555316356472758 3435.4304859202934495 -2696.9353334760508005 -2143.5300525441452919 8275.8958719404909061 15674
292000000 309.15699546705224066 12900.614369344795705 3470.1515846199695261 -2699.6599683737686064 -2005.5250942892632793 8175.3366472830020939 15651
293000000 313.23088377383845682 13070.611046761830949 3633.3932896883579815 -2669.5400519917375277 -2053.698049499566423 8356.631391179662387 15650
294000000 310.03106540473964969 12937.08787427360221 3565.0806634141272298 -2638.7018798319932102 -1936.1151421050253703 8139.8976853511449008 15655
295000000 310.4803857570426544 12955.837275640382359 3672.7766189720441616 -2634.1013381704296989 -2056.9920339465770667 8363.8699910890518368 15664
296000000 305.93487141798067341 12766.160417415074335 3546.8271130277298653 -2609.8008521119645593 -2045.2955812041266199 8201.9235463438217266 15666
297000000 309.19574468516748311 12902.231310663762997 3460.6676732923979216 -2584.2910337097164302 -2090.7946688711881507 8135.7533758733025024 15660
298000000 311.58925851467495249 13002.108717143022659 3468.2834981004652946 -2637.8508321364442963 -2183.4963762314282576 8289.630706468336939 15674
299000000 309.9032814318028386 12931.75565866272882 3545.905320569646392 -2676.4918576378067883 -2065.8547476181902312 8288.2519258256434114 15668
300000000 310.43900755967405303 12954.110631328987438 3399.807689113469678 -2575.0451918201847548 -2080.1167974498716831 8054.9696783835270253 15663
301000000 310.67186490389974551 12963.827386391854816 3646.0564591114562063 -2586.5609415462795369 -2019.6918799140594274 8252.3092805717951705 15649
302000000 310.00569653407592341 12936.029272908544954 3566.962351756568296 -2603.5225962231033918 -2098.467047336750511 8268.9519953164235631 15664
303000000 311.9356734371207267 13016.564043698090245 3476.3071703563282426 -2551.4255693790551049 -2052.4326428993854279 8080.1653826347683207 15647
304000000 307.39936203525735436 12827.271208948252024 3442.6611797705936624 -2643.4309136234851394 -2031.1005597511843916 8117.1926531452636482 15662
305000000 308.87475830411403876 12888.837075435392762 3471.811597849449754 -2647.9310552323072443 -2120.4404484203378161 8240.1831015020943596 15667
306000000 312.5146386224272419 13040.723311314312014 3558.0627255024337501 -2646.2929172176509383 -2046.6055208854838838 8250.9611636055687995 15657
307000000 310.36864774340784834 12951.174631594039965 3628.2651408679148517 -2625.4919788572615289 -2026.8703952774139907 8280.6275150025903713 15642
308000000 306.26522273496834714 12779.945436060455904 3741.051705673851302 -2579.5716276971234038 -1929.5907330653735698 8250.2140664363487303 15634
309000000 311.21591918647015973 12986.529879294621423 3496.0927186921044267 -2629.8126257456715393 -2129.6649102680698888 8255.5702547058463097 15654
310000000 305.2867995417406064 12739.117440928774158 3493.0492734936160559 -2646.9546372326776691 -2121.6371701461662269 8261.6410808724613162 15646
311000000 310.54813934035860257 12958.664521548822449 3509.0623300651268437 -2612.370472835063083 -2128.1003909685423423 8249.533193868732269 15649
312000000 308.17619767167889222 12859.687285960188092 3568.9599191641377729 -2671.714864209584448 -2015.7213788689966805 8256.3961622427195834 15641
313000000 308.33637019425361814 12866.371022626666672 3491.8673418677062728 -2663.0520622288349841 -1928.5002182811365401 8083.4196223776789338 15648
314000000 309.60221045530119 12919.192460602847859 3549.6212889772946255 -2644.3977045378446746 -2086.613212093257971 8280.6322056083972711 15664
315000000 310.78084402768928385 12968.374906489836576 3459.9975180975870899 -2636.3975960463562842 -2020.7574550047534103 8117.1525691486958749 15657
316000000 310.78601202753134203 12968.590558647156286 3471.869833622617989 -2634.0510298231261004 -2021.752628530236052 8127.6734919759801414 15644
317000000 309.56369124236744028 12917.585117022870691 3628.7400869433386106 -2570.8470887357652828 -1913.471887623614748 8113.0590633027186414 15622
318000000 313.01162879771021608 13061.461896210288614 3597.8761285428258816 -2635.9125779897103712 -1988.556800261556873 8222.3455067940922163 15629
319000000 310.34539787360097307 12950.204452659345407 3577.3034476046732379 -2620.2607761898107128 -2070.7959768584719313 8268.3602006529545179 15658
320000000 308.2861467455205684 12864.275280483019742 3590.5371548463745057 -2645.059219254960226 -1972.4573319584969795 8208.0537060598326207 15641
321000000 307.66133399657996961 12838.202869231397926 3339.239816502661597 -2664.451579858027344 -2051.6453621814325743 8055.3367585421219701 15664
322000000 312.29565174732994137 13031.585348179076391 3656.0661783591449421 -2565.2604704013019727 -2103.5430862260136564 8324.8697349864596617 15652
323000000 308.73110046111270321 12882.842469261619044 3403.5563264560241805 -2584.3790574200893388 -2120.4443591849958466 8108.379743061109366 15672
324000000 310.53730904699409621 12958.212591169594816 3535.0742518665729222 -2581.3872383215029913 -2089.4323822873420795 8205.8938724754189025 15655
325000000 308.6096997438123708 12877.776616439212376 3505.2275757857323697 -2678.8493228722636559 -2148.6182588150882111 8332.6951574730846914 15679
326000000 312.32847556357688745 13032.955032196390675 3484.2148095498496332 -2755.6323222010414611 -2005.7525954693069252 8245.5997272201966553 15647
327000000 308.30875725087571482 12865.218779787772291 3593.6692204430964921 -2700.4533187999177244 -2026.8322195307428046 8320.9547587737579306 15643
328000000 309.1246611337821264 12899.265110649299459 3430.029895580966695 -2622.1347989791224791 -2128.3121918886236017 8180.476886448712321 15657
329000000 312.95283651779840284 13059.008590795378041 3419.2296188215850634 -2698.8630766988449068 -2088.7179030560441788 8206.810598576474149 15667
330000000 310.93672761591056997 12974.87967296007082 3518.9635612516035508 -2596.9770463686695621 -2118.4534208737418339 8234.394028494014492 15674
331000000 308.01903579519182585 12853.129178617155048 3469.6045836418161343 -2681.9158463073390521 -2058.036175190857648 8209.5566051400128345 15651
332000000 311.28597613101459274 12989.453240689361337 3491.9440767939759098 -2650.131625630587223 -2042.1795092353709151 8184.2552116599335932 15652
333000000 308.69862664094051752 12881.487390006472197 3385.1781700254450698 -2624.3098551653665709 -2146.4029440765466461 8155.8909692673587415 15675
334000000 309.58164473535583738 12918.334286839572087 3506.0776205719112113 -2561.8814262871246683 -2056.9558506867297183 8124.9148975457665074 15646
335000000 310.26881804103817331 12947.008901845851142 3484.7453745996872385 -2661.3620632300703619 -2113.1350969738869026 8259.2425348036449577 15657
336000000 314.22190088469869806 13111.964565420905274 3468.8928563231665976 -2687.4900455581655478 -2012.6499496396838822 8169.0328515210158002 15652
337000000 310.79567903351295399 12968.993946951815815 3504.4036730376305968 -2737.0730024828967544 -1996.5734313734287753 8238.0501068939574907 15655
338000000 312.82976756164509879 13053.873125101732512 3740.4588047202196321 -2592.3681421043611408 -1955.8867152684781558 8288.7136620930596109 15650
339000000 310.78101242843217733 12968.381933576642041 3498.8574839516331849 -2665.0330924592853989 -1959.2227707418310274 8123.1133471527491565 15650
340000000 309.43036969652928292 12912.021827577053045 3320.8395053545878 -2680.8254911455987894 -2129.4552722569987964 8131.1202687571858405 15647
341000000 305.00274906419224408 12727.264480374724371 3371.4364235339871811 -2713.7784664161226829 -2088.9184917555635366 8174.1333817056738553 15665
342000000 310.5651045368490486 12959.372451373579679 3447.0748998025237597 -2689.0894443602264801 -1984.5195684787458958 8120.6839126414961356 15639
343000000 313.20324088273622465 13069.457554253518538 3427.6070436657432765 -2695.6641181641211915 -2123.5332554247092958 8246.8044172545742185 15653
344000000 311.1642677113657669 12984.374547952618741 3411.1200523384886765 -2663.5035848019433615 -2135.3105407617567835 8209.9341779021888215 15655
345000000 310.52951603142065551 12957.887401411118844 3563.5203422649906315 -2693.5979965152641853 -2025.5037870836861202 8282.6221258639416192 15647
346000000 309.54826212475904867 12916.941285250524743 3403.1800633632547033 -2721.413600224759648 -2079.848390804412702 8204.4420543924279627 15670
347000000 307.31425253289933153 12823.719729003802058 3454.340301691471268 -2661.3373503879502096 -2070.6532249804595267 8186.3308770598805495 15666
348000000 305.68016367127324884 12755.531880893709967 3573.4695114516607646 -2670.3870500257198728 -2060.112754308728654 8303.9693157861111104 15647
349000000 305.94256033628727209 12766.481263365338236 3373.5430656940825429 -2681.9210285752305936 -2142.4714015829376876 8197.9354958522508241 15670
350000000 311.87913144406718402 13014.204639063056675 3438.3334840094366882 -2676.264091299138272 -1999.7782827751120749 8114.3758580836883993 15679
351000000 309.04796844165105085 12896.064850391125219 3364.2209164407117896 -2677.8061589798026034 -2067.6247964592121207 8109.6518718797269685 15651
352000000 308.34811385162998931 12866.861066188092082 3341.812590804202955 -2688.4452660667543569 -2053.7427953466053623 8084.0006522175626742 15662
353000000 310.75318646079176688 12967.220801584655419 3307.6098926762656447 -2651.4862557060146173 -2147.7028730625997923 8106.7990214448800543 15678
354000000 310.31642406924373745 12948.995423323744035 3446.2967771341491243 -2638.6543111468595271 -2089.4416347810138177 8174.3927230620220143 15684
355000000 306.57810386433891381 12793.001452429603887 3462.2000644229219688 -2720.684506357828468 -2094.3913466831213555 8277.275917463872247 15664
356000000 307.96895612537542775 12851.03943613188676 3480.4864001078508409 -2679.2539358746985272 -2111.4065794957041362 8271.1469154782535043 15658
357000000 311.82005503689129 13011.739477483415612 3476.3968576911365744 -2723.3174043073036046 -1967.5943246432502747 8167.3085866416904537 15658
358000000 312.87850026359461708 13055.9066608270914 3300.6814710741009549 -2732.7810015359536919 -2091.6132057693721435 8125.0756783794267903 15677
359000000 308.24482252822730288 12862.55088867163613 3351.1035444415647362 -2712.809158417549952 -2059.0736706806565053 8122.9863735397711935 15662
360000000 311.22471579087476812 12986.896947169027044 3363.0508194257831747 -2717.4641956312862021 -2055.3404974457780554 8135.8555125028478869 15669
361000000 309.90959086531620414 12932.018940975074656 3342.1448365049809581 -2778.9807730774027732 -2107.8432043774951126 8228.9688139598783891 15670
362000000 306.11422550700837064 12773.644569389756725 3531.7823534645485779 -2744.0603991581588161 -2026.2048197642347986 8302.0475723869421927 15663
363000000 311.3841985970275914 12993.551903100431446 3593.6836895515148171 -2673.1662496052945244 -1945.4744264439545987 8212.3243656007634854 15641
364000000 308.05686021704440236 12854.707529704848639 3337.6795646839236724 -2705.8820056173258308 -2045.3179734615314374 8088.8795437627813953 15656
365000000 310.0991255479405595 12939.927912423252565 3413.6091466757602575 -2724.1637926722191878 -2100.0697290543680538 8237.8426684023470443 15660
366000000 311.94699460432923388 13017.036457437739955 3529.9045463934489817 -2797.3645340591501736 -2008.9776890852247107 8336.2467695378236385 15659
367000000 308.54340165384394368 12875.010105880994161 3385.1382085791719874 -2770.291646707968539 -2001.3741976614064697 8156.804052948546996 15643
368000000 310.9352750497940292 12974.819059758396179 3450.6570863509327864 -2728.7373254696112781 -2055.9853217985396441 8235.3797336190837086 15652
369000000 309.44646744774314584 12912.693560333123969 3483.3533211479648344 -2753.2994953275683656 -2047.1736469560314617 8283.8264634315637522 15663
370000000 312.60203532894740874 13044.370232537181437 3392.3672746057718541 -2681.1631820023762884 -1969.1545418141356549 8042.6849984222844796 15643
371000000 310.51245326717929629 12957.175400244137563 3597.869865568876321 -2704.4761189827804628 -2040.5509720601744448 8342.8969566118303192 15662
372000000 307.34184213417842102 12824.870997815194642 3287.7174497520941259 -2663.8794253603341531 -2143.2300822263064219 8094.8269573387351556 15674
373000000 310.47915520495928376 12955.785926720183852 3583.6838129592288169 -2671.0814452143922608 -2147.5159139291381507 8402.2811721027574094 15667
374000000 308.68979698475425266 12881.118942935427185 3408.1572776151069775 -2687.2245354822839545 -2037.8066631321530622 8133.1884762295449036 15658
375000000 311.07442054030826739 12980.625372863638404 3426.1912784615606142 -2693.317111707238837 -2098.6087963818144999 8218.1171865506148606 15649
376000000 312.84956997101409115 13054.699447166569371 3514.6005950705875875 -2645.0595566272063479 -1981.608629458572068 8141.2687811563664582 15656
377000000 307.48451881270017338 12830.824661604454377 3308.8480970582086229 -2696.9910441152187559 -2044.4297604662908725 8050.2689016397189334 15649
378000000 310.36755270235204307 12951.128937326770028 3521.9314131359074054 -2667.0652764512274189 -2037.2559135481201338 8226.2526031352554128 15666
379000000 308.50990328905754723 12873.612274059461924 3296.2013331035782358 -2735.0271081137998408 -2133.0247835444124576 8164.2532247617909889 15670
380000000 309.63319124317342812 12920.485238068855324 3417.7110525661646534 -2670.5121859695918829 -2087.6374079229735798 8175.8606464587301161 15664
381000000 308.70054615442143131 12881.567488155817045 3268.5978713009762942 -2719.0976481809570942 -2119.4768072008123454 8107.1723266827466432 15670
382000000 307.75339609227864912 12842.044469492935605 3353.10742031602922 -2736.6475773307074633 -2111.6961271875206876 8201.4511248342550971 15672
383000000 305.56223309249452313 12750.610831260401028 3461.8890920703788652 -2701.3698461945241434 -2053.1172006100059662 8216.3761388749080652 15649
384000000 311.84907572511599483 13012.950463205910637 3535.1558285904065997 -2661.5177829517542705 -1987.8057985262139482 8184.4794100683748184 15642
385000000 311.26569074312698149 12988.606764723081142 3484.4750749892000385 -2737.5696481529348603 -2018.1085982908030019 8240.1533214329374459 15664
386000000 308.47748110144976863 12872.259349346544695 3388.4227742131783998 -2723.3321213287981664 -2039.9403434673711217 8151.69523900934837 15645
387000000 311.85591603693450224 13013.235898199232906 3407.9065998553310237 -2687.5322501537675635 -2133.5496079513604855 8228.9884579604586179 15658
388000000 309.04246655536792332 12895.835265700228774 3286.3224563888152261 -2675.9141389055653235 -2139.8554657488798512 8102.0920610432604008 15668
389000000 311.49930403545891977 12998.355064260584186 3290.7259796954176636 -2744.77096176402938 -2155.8113369739780865 8191.3082784334255848 15677
390000000 309.17822295949707723 12901.500157789096193 3222.559609977512082 -2725.5673872975849008 -2169.8936761751842823 8118.0206734502808104 15669
391000000 310.67282927068760046 12963.867627836245447 3298.0865493338274064 -2706.277213668742661 -2113.5472903867412242 8117.9110533893108368 15664
392000000 310.16699808060906207 12942.760121893084943 3436.8864303024647597 -2730.7197113202637411 -2032.6499858908573515 8200.2561275135849428 15671
393000000 307.20747658324148688 12819.264143748887363 3318.1785454076939459 -2724.0544510368208648 -2117.8335550065671669 8160.0665514510819776 15684
394000000 309.86705244512279478 12930.243882468095762 3295.744610203954835 -2724.2812928752905464 -2100.5299979529686425 8120.5559010322140239 15678
395000000 308.61347733435650298 12877.934249096955682 3104.8051413413650153 -2780.2893836203811588 -2215.6127618372088364 8100.7072867989554652 15667
396000000 310.21688554558983242 12944.841843985799642 3387.2552908061929884 -2782.0114575802199397 -1975.1704321396623527 8144.4371805260752808 15656
397000000 311.75422934984595713 13008.992679524384585 3436.8729335006946712 -2774.708725174189567 -2002.138960196879907 8213.7206188717627811 15655
398000000 311.4052835807067936 12994.431744887669993 3311.7161446326354053 -2694.7634320324696091 -2048.6540199123801358 8055.1335965774851502 15651
399000000 311.70174913601459821 13006.80276627452804 3192.2172064960177522 -2801.7091863413152169 -2145.6429303617333062 8139.5693231990662753 15670
400000000 310.52836944591120982 12957.839556278335294 3411.303599596204549 -2755.7943261541381617 -2049.9217116887684824 8217.0196374391107383 15656
401000000 307.49443860430164932 12831.238598238433042 3361.100683274752555 -2743.1887755349416693 -2018.785656513933418 8123.0751153236269602 15651
402000000 308.89811309289626706 12889.811632466851734 3214.1114423871090366 -2707.4792263920039659 -2184.4140398307199575 8106.0047086098329601 15685
403000000 308.99395998642069117 12893.811166134171799 3442.9344438664866175 -2650.6527928252971833 -2070.497444990798158 8164.084681682581504 15658
404000000 304.9444350944148141 12724.831134057239979 3364.3946071645218581 -2744.4665122139604136 -2104.9538908504014216 8213.8150102288836933 15674
405000000 313.38923374420983237 13077.218731314051183 3489.0203331597294891 -2681.8231181623168595 -2010.5426438726888136 8181.3860951947353897 15664
406000000 311.6304804911179076 13003.828842611410437 3482.0487685651050924 -2714.4968191102693709 -2034.0170260821416832 8230.5626137575163739 15667
407000000 306.98693417099963199 12810.061270599861018 3455.5332740660778654 -2769.5774057066446403 -1984.2157317493501978 8209.326411522073613 15648
408000000 307.01916154927829439 12811.40606623898384 3460.2268175481472099 -2762.8712582851148909 -2009.6812924014807322 8232.7793682347419235 15647
409000000 308.98492359132234242 12893.434092187400893 3572.4115209693327415 -2774.9918417432236311 -1949.8130002362149753 8297.2163629487713479 15652
410000000 311.41830917987556404 12994.975281777567943 3191.9230511285441025 -2825.1412374753053882 -2080.436951693251558 8097.501240297100594 15655
411000000 310.8960578351014874 12973.182589709824242 3413.7492868215708768 -2805.2223682276271575 -1971.6846327306343483 8190.656287779831473 15656
412000000 309.91818361073774213 12932.37750214846892 3394.3650175524207953 -2740.599168735805506 -1958.7189551386579751 8093.6831414268835942 15639
413000000 307.87921625641678247 12847.294738583503204 3360.110139260327287 -2752.8928311321201363 -2049.7803195364263047 8162.7832899288732733 15648
414000000 307.24139260742771285 12820.679403812166129 3193.8199709622058435 -2830.5853017897547943 -2117.8589161180334486 8142.2641888699945412 15659
415000000 309.78664017387183094 12926.888410273766567 3398.1602332236079747 -2693.5689196859475487 -2101.4911004335608595 8193.2202533431154734 15655
416000000 309.49067224008365429 12914.53815381676759 3356.6877517799603083 -2760.4922729653872011 -2004.4090185854004176 8121.5890433307486092 15650
417000000 309.26432504019840053 12905.093056399873603 3554.0101475627138825 -2751.8197872562459452 -2066.7071780405685786 8372.537112859527042 15648
418000000 310.19876842136989126 12944.085846106179815 3500.9137331245988207 -2782.6922923763022482 -2011.7922740136427819 8295.3982995145452151 15651
419000000 307.33645540317593259 12824.646218365292953 3285.7789251665781194 -2781.9595834027581986 -2064.2728771765614511 8132.0113857458973143 15655
420000000 312.94170037517471883 13058.543897828190893 3412.5505454216645376 -2735.8024760356611296 -2026.3423893600456722 8174.6954108173704299 15668
421000000 311.11805654696587453 12982.44623185360615 3352.429733347342335 -2691.0954164841191414 -2112.6089400372802629 8156.1340898687412846 15652
422000000 307.56629457266808458 12834.237029946669281 3450.8993175920668364 -2771.042664282019814 -2043.8453092975814798 8265.7872911716658564 15654
423000000 307.49296020187716749 12831.176906930002588 3239.6073571131346398 -2735.1046784381114776 -2186.858082992155687 8161.5701185434008949 15674
424000000 310.52915921878462768 12957.872512205029125 3494.4396619260651278 -2782.844502775795263 -1963.0930136958872936 8240.3771783977481391 15648
425000000 309.73574609125142842 12924.764683677913126 3360.3107420032774826 -2692.4901041594030175 -2062.6694572366177454 8115.4703033992982455 15662
426000000 311.54791512259407682 13000.383525199202268 3291.0447451036488928 -2755.6254868159721809 -2129.9625942865613979 8176.6328262061815622 15669
427000000 311.60845521999942775 13002.90976417150523 3426.5685370177957338 -2710.5944373022148284 -2090.3797442774061892 8227.5427185974185704 15672
428000000 308.99311137287946849 12893.775754882915862 3535.1820991783852151 -2626.3686092745692804 -2100.6192265444497025 8262.1699349974041979 15654
429000000 308.30833247853524881 12865.20105473467811 3177.9349902151097922 -2716.9589090652289087 -2121.9570896877171435 8016.8509889680553897 15670
430000000 309.16025613718113618 12900.750431761416621 3502.1926397432371232 -2712.4994932070494542 -2082.1496189516101367 8296.8417519018967141 15656
431000000 310.46033550013345348 12955.000611304189079 3313.8354778703583179 -2707.0405664222607811 -2134.8695626165326757 8155.74560690915132 15671
432000000 309.81900389225791059 12928.238895161957771 3400.1653198469748531 -2694.939577880512843 -2035.0303321186365793 8130.1352298461242754 15653
433000000 308.4567157141788698 12871.392843793251814 3099.6079973520636486 -2675.0764660175245808 -2237.9164916047434417 8012.6009549743312164 15671
434000000 310.26874496524601454 12947.005852512897036 3400.651079207656494 -2721.3158786034327932 -2088.1919196359767739 8210.1588774470656062 15669
435000000 305.68985386603111465 12755.936236827968969 3348.8442906962600318 -2725.2195065240257463 -2071.6229681806858025 8145.6867654009711259 15670
436000000 315.66886146935496527 13172.343857444015157 3426.9244802968851218 -2714.7906624783572624 -2050.2312666900738805 8191.9464094653158099 15659
437000000 311.72578322191645839 13007.805669260667855 3362.1853670231053002 -2788.426649270818416 -2041.5731328946785652 8192.1851491886027361 15661
438000000 308.25094203439454077 12862.806245627331009 3396.0341163122093349 -2827.415108404336479 -1997.2867002897132807 8220.735925006258185 15639
439000000 310.9955315757885046 12977.333465760812032 3546.1310174139098308 -2821.7649725339824727 -1928.7535093056535516 8296.6494992535463098 15645
440000000 310.52415921325882664 12957.66387017499801 3520.8466384440494039 -2817.9165071840316159 -1985.855249531350637 8324.6183951594321115 15655
441000000 309.23252161997896792 12903.765951835226588 3446.9371042127086184 -2726.6550284457607631 -2030.2724770983672897 8203.8646097568362165 15650
442000000 309.72020857422182871 12924.116328575506486 3318.3620455558075264 -2760.5129015586371679 -2052.6609231905358683 8131.5358703049805627 15653
443000000 310.44319919310100886 12954.285541317154639 3406.0960766811672329 -2734.8646234334091787 -1991.44213015504738 8132.4028302696224273 15638
444000000 307.34823080179302224 12825.137586436634592 3325.637640592212847 -2699.1178685401764596 -2087.9771982429647323 8112.7327073753531295 15663
445000000 309.69131498033073058 12922.910646291104058 3510.3684632122781295 -2754.1207667634571408 -1988.681486940880859 8253.1707169166165841 15652
446000000 307.4206766442050025 12828.160632621333207 3162.0383038799031965 -2773.0389968282252084 -2109.7231274396363006 8044.8004281477642508 15653
447000000 307.64656862738189602 12837.586734591592176 3221.8380685566517059 -2757.3970838803143124 -2137.0745918597340278 8116.3097442967000461 15666
448000000 312.25986199524805897 13030.09190052383201 3421.999532727206315 -2757.4609502423627418 -2058.0739707246325452 8237.5344536942011473 15657
449000000 311.67820663426192596 13005.820376288682382 3309.5621903444725831 -2765.0770266360145797 -2014.4496869168883677 8089.0889038973755305 15635
450000000 308.08052900667325957 12855.695189476642554 3297.4435481025002446 -2783.2429515392268513 -2078.5972461629735335 8159.2837458046997199 15654
451000000 309.909882046127791 12932.031091472774278 3318.4517564696147929 -2748.7196491280083137 -2057.1633754862968999 8124.3347810839213707 15668
452000000 307.13447264492526756 12816.217809137444419 3218.9745031268357707 -2843.0462571033349377 -1990.7083332466868342 8052.7290934768570878 15651
453000000 309.28434594039185868 12905.928495728467169 3320.3569728321344883 -2797.9103579563720814 -2131.3321697165383739 8249.5995005050444888 15647
454000000 308.46193924186957247 12871.610813036624677 3366.4708568254368402 -2771.9725840133314705 -2069.2496163510140832 8207.6930571897828486 15654
455000000 310.09726375368836671 12939.85022280265548 3362.2476910023406163 -2825.3162799814963364 -1966.1972461516911608 8153.7612171355276587 15653
456000000 306.17906324577228361 12776.35014188734749 3180.1720499605016812 -2772.1404210722189418 -2164.6817115340372766 8116.9941825667592639 15676
457000000 309.91327793669074708 12932.172796416332858 3313.9313996621285696 -2745.1667825190852454 -2123.4631075140464418 8182.5612896952607116 15665
458000000 308.13034994323089677 12857.774135447372828 3358.3197098122200259 -2750.3232124889950683 -2046.1841803406784948 8154.8271026418933616 15659
459000000 309.32059913563745113 12907.441282106836297 3541.3970156900404618 -2716.7198111861143843 -2023.0625427298116392 8281.1793696059685317 15638
460000000 307.63482347553878071 12837.096628668521589 3390.5959222982569372 -2777.0393133431730348 -1945.6227353507078988 8113.257970992137416 15646
461000000 308.15619726848166238 12858.852701937628808 3308.435249401787587 -2806.4031527035640465 -2075.7633890434253772 8190.6017911487779202 15651
462000000 305.71212939862988378 12756.865758268992067 3403.5762731953300317 -2791.7895371450013045 -1983.3659913728383799 8178.7318017131692613 15649
463000000 309.0593688306193485 12896.540569924878582 3381.703939655182694 -2812.1206064233711004 -2042.7182698790102222 8236.5428159575640166 15652
464000000 309.08694532370287789 12897.691291752771576 3317.2211918845318905 -2835.7449122377884123 -2070.3466731011380944 8223.3127772234583972 15641
465000000 310.68414687119621931 12964.339892743359087 3343.0659461749028196 -2869.528386559181854 -2051.4654723587732406 8264.0598050928565499 15642
466000000 309.71531427264955028 12923.912097398088008 3320.2096755383263371 -2791.3149768843600214 -2131.0181957462582432 8242.5428481689450564 15669
467000000 309.8998248066150154 12931.611419362885499 3321.2101690412582684 -2837.1715657755812572 -2042.7594904371158009 8201.1412252539557812 15657
468000000 309.81185983766272329 12927.94078548073594 3332.6623699837937238 -2797.9882904162782324 -2008.4780004854749222 8139.1286608855471059 15658
469000000 311.76720379530917171 13009.534081854046235 3257.2224005959274109 -2811.9833773535201544 -2085.5491080968231472 8154.7548860462702578 15672
470000000 311.79440299218731525 13010.669059730094887 3391.2304165418613593 -2782.9883840005104503 -1966.1782940347961812 8140.3970945771670813 15632
471000000 311.05079471702873661 12979.639506007133605 3364.0273679319757321 -2776.2042735200279822 -2048.4678078266033481 8188.6994492786079718 15641
472000000 309.40325669906997064 12910.890446661374881 3401.6209706400277355 -2819.7260859516391065 -1930.2717340208173482 8151.6187906124832807 15631
473000000 311.2573711135402732 12988.259600225535905 3264.1055988899702243 -2844.1512039592325891 -2038.087547084681546 8146.3443499338836773 15661
474000000 308.84217953209895313 12887.477616711974406 3192.0555762236763258 -2832.4744290293874656 -2094.0062241191808425 8118.5362293722437244 15640
475000000 313.02254830310403122 13061.917549261183012 3454.537887926512667 -2855.6836452848838235 -1971.7722400752597878 8281.9937732866565057 15631
476000000 313.23180335177494271 13070.649419240911811 3358.5667550183979984 -2834.8838427115952072 -1988.7383417989685768 8182.1889395289617823 15635
477000000 306.91145247541561503 12806.911543241429172 3534.0676368593422012 -2811.3562107998041029 -1830.3032661729921529 8175.7271138321393664 15626
478000000 308.65462335483971401 12879.651205047717667 3293.7213803230042686 -2827.9018214579523374 -2120.6580792969225513 8242.281281077879612 15632
479000000 307.97094894545892885 12851.122593245527241 3338.710223681673142 -2825.6960639949265897 -2144.2524777007811281 8308.658765377382224 15642
480000000 310.29289518289789385 12948.013601486496555 3379.5272559730674402 -2754.0524447675516058 -2067.910418080331965 8201.4901188209496468 15657
481000000 309.70580356224508023 12923.515231051520459 3460.5043994865077366 -2767.6312645763864566 -1965.356471403842761 8193.4921354667385458 15643
482000000 313.05751118792841226 13063.376493101925007 3402.7655364944798748 -2798.2480755366382255 -1924.236408385949062 8125.2500204170673896 15650
483000000 312.94535627115266152 13058.69645237127952 3237.0568159759918672 -2875.6400225466495613 -2043.5850718921449243 8156.2819104147856706 15649
484000000 308.90858775089179744 12890.248722765412822 3338.004952038886131 -2802.3795277822009666 -2042.3654411697834803 8182.7499209908701232 15653
485000000 310.33859468065327292 12949.920566575621706 3406.8036555097037308 -2783.5875344246869645 -2095.1840751474292119 8285.5752650818212715 15656
486000000 312.13843080746721625 13025.024776218248007 3305.9574667484776 -2807.981536637192221 -2000.115207967013248 8114.0542113526835237 15634
487000000 307.25077917868088662 12821.071090035551606 3488.7625462186474579 -2776.1106146558104228 -1979.6720849196460676 8244.5452457941028115 15635
488000000 313.3671296215522375 13076.296362528742975 3509.7270071154989637 -2839.230994713371274 -1956.0223832059505185 8304.9803850348216656 15642
489000000 312.6559254038003246 13046.618976975139958 3192.4775071910835322 -2941.1080746493244078 -2013.743882254525488 8147.3294640949325185 15652
490000000 307.95579519716625327 12850.49025218308816 3280.7302591381298953 -2852.813691206238218 -2120.4319745695288475 8253.9759249138987798 15650
491000000 309.95459526251613624 12933.896900658064624 3427.3398161656623415 -2846.9352013518528111 -1978.4292426436477399 8252.7042601611647115 15649
492000000 310.14563843195514892 12941.868818786932025 3291.1854522214835015 -2888.9669611956915105 -2075.5900299051631919 8255.7424433223368396 15654
493000000 310.36408046260322635 12950.984046456906071 3348.4502279805874423 -2817.0070107476403791 -2008.6634593696478532 8174.1206980978749925 15662
494000000 310.14988378483781162 12942.045970399880389 3510.6949719807339534 -2764.8525949294389648 -1941.0824785828467611 8216.6300454930205888 15633
495000000 310.65806167564414864 12963.251400315562933 3208.5604162519139209 -2865.5896304522048013 -2102.3271685215163416 8176.4772152256336994 15642
496000000 313.24456120393011815 13071.181783487065331 3394.61790958566462 -2789.3975134701859133 -1911.8171279023281386 8095.8325509581791266 15641
497000000 309.87605054198115795 12930.61935829212598 3436.7441481497826317 -2822.9559281115880367 -1908.3623342183529985 8168.0624104797234395 15626
498000000 309.81339787487132753 12928.004965250900568 3448.5272929256452699 -2852.8997014152091651 -1986.7575394756063361 8288.1845338164603163 15647
499000000 309.35793494586152974 12908.999244232649289 3168.8264529200114339 -2814.9515258033666214 -2112.6937133665442161 8096.4716920899227262 15651
500000000 309.17359829897395684 12901.30717829041896 3385.9397665462151963 -2725.0007836731278985 -1919.5618745224846862 8030.5024247418268715 15624
