# Fix print output for fix saveBond
1000000 295087 294939
2000000 652998 652796
3000000 1051028 1050825
4000000 1467372 1467175
5000000 1883850 1883675
6000000 2281135 2280934
7000000 2697224 2697003
8000000 3140851 3140628
9000000 3595427 3595249
10000000 4033411 4033188
11000000 4492642 4492437
12000000 4958751 4958543
13000000 5405469 5405262
14000000 5813252 5813037
15000000 6235705 6235493
16000000 6671794 6671591
17000000 7101928 7101729
18000000 7506543 7506360
19000000 7906946 7906732
20000000 8324831 8324612
21000000 8732499 8732299
22000000 9140865 9140687
23000000 9559994 9559774
24000000 9988853 9988675
25000000 10397198 10396996
26000000 10816623 10816442
27000000 11242160 11241952
28000000 11700175 11699973
29000000 12150881 12150658
30000000 12585699 12585489
31000000 12991267 12991050
32000000 13429922 13429710
33000000 13873039 13872848
34000000 14274165 14273981
35000000 14656038 14655841
36000000 15064414 15064232
37000000 15450212 15450010
38000000 15877355 15877166
39000000 16288272 16288131
40000000 16661823 16661636
41000000 17029554 17029350
42000000 17446787 17446577
43000000 17862120 17861916
44000000 18294946 18294735
45000000 18721226 18721005
46000000 19151129 19150942
47000000 19541410 19541258
48000000 19937516 19937332
49000000 20359570 20359373
50000000 20790195 20789971
51000000 21212504 21212320
52000000 21631269 21631072
53000000 22058606 22058410
54000000 22464032 22463847
55000000 22896517 22896307
56000000 23350901 23350681
57000000 23784741 23784535
58000000 24211532 24211313
59000000 24633471 24633298
60000000 25058425 25058234
61000000 25468974 25468777
62000000 25876645 25876419
63000000 26297961 26297784
64000000 26714574 26714410
65000000 27092328 27092150
66000000 27465416 27465244
67000000 27839908 27839750
68000000 28227740 28227567
69000000 28646366 28646176
70000000 29085499 29085292
71000000 29504358 29504157
72000000 29916743 29916545
73000000 30352193 30352005
74000000 30786726 30786547
75000000 31243584 31243378
76000000 31673807 31673616
77000000 32067686 32067487
78000000 32461681 32461490
79000000 32837514 32837346
80000000 33218548 33218341
81000000 33614957 33614780
82000000 34006204 34006006
83000000 34425355 34425135
84000000 34865569 34865378
85000000 35302332 35302126
86000000 35729336 35729118
87000000 36127777 36127596
88000000 36522143 36521959
89000000 36923146 36922968
90000000 37308759 37308580
91000000 37714567 37714374
92000000 38124534 38124358
93000000 38518990 38518794
94000000 38968305 38968086
95000000 39446284 39446026
96000000 39912518 39912293
97000000 40347700 40347496
98000000 40755459 40755259
99000000 41167153 41166937
100000000 41575488 41575278
101000000 41972550 41972360
102000000 42388761 42388567
103000000 42770829 42770642
104000000 43186938 43186742
105000000 43601079 43600888
106000000 44002777 44002559
107000000 44417837 44417636
108000000 44841856 44841642
109000000 45278709 45278478
110000000 45693745 45693540
111000000 46133605 46133422
112000000 46560666 46560455
113000000 46960824 46960640
114000000 47362126 47361896
115000000 47772445 47772249
116000000 48172672 48172475
117000000 48596728 48596557
118000000 49019450 49019270
119000000 49435709 49435514
120000000 49842027 49841812
121000000 50236436 50236276
122000000 50627324 50627138
123000000 51017548 51017355
124000000 51426903 51426706
125000000 51837949 51837756
126000000 52256730 52256532
127000000 52661945 52661767
128000000 53059258 53059056
129000000 53470896 53470694
130000000 53884198 53884009
131000000 54298001 54297841
132000000 54713533 54713339
133000000 55143069 55142893
134000000 55584287 55584070
135000000 56010696 56010501
136000000 56449490 56449294
137000000 56877202 56876988
138000000 57316723 57316528
139000000 57728677 57728466
140000000 58170107 58169874
141000000 58599284 58599081
142000000 59017236 59017028
143000000 59466725 59466531
144000000 59896826 59896635
145000000 60321645 60321457
146000000 60744946 60744740
147000000 61172229 61172044
148000000 61602671 61602480
149000000 62000238 62000061
150000000 62394436 62394262
151000000 62811858 62811626
152000000 63193515 63193333
153000000 63628738 63628524
154000000 64077671 64077455
155000000 64524738 64524508
156000000 64959586 64959385
157000000 65415230 65415022
158000000 65839333 65839130
159000000 66263506 66263308
160000000 66693278 66693043
161000000 67134322 67134146
162000000 67544076 67543886
163000000 67961282 67961077
164000000 68384899 68384698
165000000 68813207 68813022
166000000 69224353 69224166
167000000 69675028 69674807
168000000 70130945 70130740
169000000 70559589 70559386
170000000 71001828 71001655
171000000 71412116 71411934
172000000 71825971 71825761
173000000 72253259 72253063
174000000 72684748 72684532
175000000 73098100 73097911
176000000 73535495 73535295
177000000 73951410 73951214
178000000 74374145 74373959
179000000 74805122 74804895
180000000 75246012 75245811
181000000 75660994 75660805
182000000 76073221 76073003
183000000 76495001 76494805
184000000 76891989 76891768
185000000 77325998 77325792
186000000 77743560 77743373
187000000 78180931 78180697
188000000 78615098 78614869
189000000 79042813 79042597
190000000 79472150 79471961
191000000 79895649 79895460
192000000 80311216 80310995
193000000 80710929 80710742
194000000 81122640 81122427
195000000 81551767 81551601
196000000 81942260 81942087
197000000 82318104 82317892
198000000 82700326 82700155
199000000 83101047 83100875
200000000 83506155 83505950
201000000 83876120 83875961
202000000 84251037 84250845
203000000 84660785 84660598
204000000 85079763 85079560
205000000 85504247 85504043
206000000 85933008 85932827
207000000 86358902 86358697
208000000 86779745 86779560
209000000 87189155 87188932
210000000 87586128 87585935
211000000 87942212 87942063
212000000 88315364 88315193
213000000 88684851 88684678
214000000 89063524 89063347
215000000 89461448 89461266
216000000 89884955 89884740
217000000 90278996 90278820
218000000 90668837 90668654
219000000 91064407 91064262
220000000 91418960 91418796
221000000 91772856 91772695
222000000 92168461 92168297
223000000 92552680 92552524
224000000 92951610 92951394
225000000 93375491 93375304
226000000 93788699 93788514
227000000 94180704 94180529
228000000 94596820 94596602
229000000 95006358 95006165
230000000 95418692 95418504
231000000 95813174 95812973
232000000 96228514 96228290
233000000 96648112 96647905
234000000 97068154 97067964
235000000 97474015 97473813
236000000 97890883 97890707
237000000 98293890 98293693
238000000 98703385 98703161
239000000 99119914 99119728
240000000 99518145 99517937
241000000 99908198 99908032
242000000 100280959 100280772
243000000 100663007 100662827
244000000 101095527 101095335
245000000 101521573 101521377
246000000 101954495 101954286
247000000 102392197 102391994
248000000 102824081 102823930
249000000 103243795 103243629
250000000 103663667 103663480
251000000 104103489 104103284
252000000 104552373 104552168
253000000 104963096 104962932
254000000 105394175 105393967
255000000 105827525 105827333
256000000 106247503 106247319
257000000 106645482 106645292
258000000 107051211 107051051
259000000 107450351 107450138
260000000 107843383 107843199
261000000 108238887 108238712
262000000 108633937 108633718
263000000 109036605 109036386
264000000 109453195 109452973
265000000 109860602 109860400
266000000 110258783 110258592
267000000 110680064 110679872
268000000 111128712 111128508
269000000 111565510 111565305
270000000 111990108 111989884
271000000 112400757 112400545
272000000 112818393 112818162
273000000 113254210 113253985
274000000 113699528 113699337
275000000 114095884 114095665
276000000 114522033 114521858
277000000 114929314 114929093
278000000 115335034 115334862
279000000 115746700 115746467
280000000 116159147 116158945
281000000 116562173 116561989
282000000 116949645 116949438
283000000 117357611 117357431
284000000 117785050 117784831
285000000 118206001 118205809
286000000 118620822 118620639
287000000 119044465 119044276
288000000 119450433 119450232
289000000 119883030 119882849
290000000 120306249 120306043
291000000 120766754 120766559
292000000 121202399 121202212
293000000 121616729 121616537
294000000 122014123 122013933
295000000 122435309 122435111
296000000 122868426 122868205
297000000 123301298 123301122
298000000 123698686 123698488
299000000 124120269 124120054
300000000 124530973 124530792
301000000 124935295 124935098
302000000 125358289 125358070
303000000 125778555 125778373
304000000 126185034 126184826
305000000 126589745 126589558
306000000 126985980 126985811
307000000 127397815 127397654
308000000 127809141 127808959
309000000 128237851 128237668
310000000 128669222 128669032
311000000 129101281 129101074
312000000 129536804 129536612
313000000 129955705 129955526
314000000 130373406 130373205
315000000 130836145 130835905
316000000 131320367 131320137
317000000 131787560 131787342
318000000 132229820 132229632
319000000 132662229 132662013
320000000 133114356 133114141
321000000 133537943 133537746
322000000 133956513 133956309
323000000 134372998 134372832
324000000 134790417 134790203
325000000 135192866 135192651
326000000 135604789 135604610
327000000 136031385 136031192
328000000 136444908 136444722
329000000 136877738 136877510
330000000 137309669 137309468
331000000 137705592 137705453
332000000 138088873 138088690
333000000 138491332 138491133
334000000 138905177 138905001
335000000 139325188 139325001
336000000 139743142 139742961
337000000 140159176 140158999
338000000 140572619 140572408
339000000 140998539 140998313
340000000 141435469 141435294
341000000 141817647 141817469
342000000 142215230 142215001
343000000 142642130 142641939
344000000 143075492 143075291
345000000 143505801 143505601
346000000 143952904 143952697
347000000 144424046 144423814
348000000 144856786 144856581
349000000 145280825 145280629
350000000 145701300 145701125
351000000 146114894 146114695
352000000 146531320 146531112
353000000 146956965 146956760
354000000 147385221 147385010
355000000 147833037 147832817
356000000 148276234 148276029
357000000 148707005 148706813
358000000 149134811 149134595
359000000 149554665 149554496
360000000 149948738 149948518
361000000 150346435 150346218
362000000 150752955 150752759
363000000 151156106 151155918
364000000 151557801 151557613
365000000 151943212 151943042
366000000 152356933 152356726
367000000 152770847 152770656
368000000 153173308 153173105
369000000 153564204 153564028
370000000 153955989 153955795
371000000 154354228 154354042
372000000 154757998 154757787
373000000 155171979 155171772
374000000 155570482 155570284
375000000 155979769 155979584
376000000 156387181 156386982
377000000 156806209 156806036
378000000 157229577 157229393
379000000 157644273 157644091
380000000 158041154 158040988
381000000 158452325 158452109
382000000 158867830 158867613
383000000 159299547 159299319
384000000 159737557 159737364
385000000 160163993 160163815
386000000 160569013 160568807
387000000 160981389 160981183
388000000 161390505 161390313
389000000 161801607 161801431
390000000 162194530 162194355
391000000 162629431 162629234
392000000 163046843 163046638
393000000 163489769 163489577
394000000 163895119 163894924
395000000 164297051 164296900
396000000 164696452 164696268
397000000 165090092 165089895
398000000 165478497 165478327
399000000 165900573 165900346
400000000 166336821 166336609
401000000 166751339 166751168
402000000 167162461 167162248
403000000 167596332 167596120
404000000 168016511 168016312
405000000 168419194 168419017
406000000 168792788 168792597
407000000 169168647 169168469
408000000 169545153 169544953
409000000 169953841 169953638
410000000 170333093 170332904
411000000 170732030 170731810
412000000 171142908 171142709
413000000 171559749 171559555
414000000 171944373 171944172
415000000 172355609 172355427
416000000 172765029 172764823
417000000 173181998 173181792
418000000 173578122 173577921
419000000 173988812 173988612
420000000 174393403 174393221
421000000 174783209 174783001
422000000 175192608 175192409
423000000 175592177 175591949
424000000 176000045 175999869
425000000 176393766 176393607
426000000 176782182 176781996
427000000 177185878 177185655
428000000 177605437 177605237
429000000 178009757 178009556
430000000 178408833 178408679
431000000 178806936 178806737
432000000 179189667 179189462
433000000 179565470 179565296
434000000 179932863 179932702
435000000 180312336 180312177
436000000 180690910 180690717
437000000 181087761 181087572
438000000 181473953 181473765
439000000 181864718 181864532
440000000 182266907 182266714
441000000 182691018 182690821
442000000 183081452 183081276
443000000 183486382 183486193
444000000 183890885 183890694
445000000 184300103 184299932
446000000 184656367 184656203
447000000 185037304 185037129
448000000 185414498 185414306
449000000 185785820 185785670
450000000 186150996 186150831
451000000 186536824 186536648
452000000 186937686 186937514
453000000 187336715 187336549
454000000 187739399 187739206
455000000 188171643 188171413
456000000 188593409 188593208
457000000 189017445 189017242
458000000 189438407 189438205
459000000 189868000 189867817
460000000 190307351 190307172
461000000 190742380 190742170
462000000 191178002 191177834
463000000 191608871 191608641
464000000 192050746 192050537
465000000 192489423 192489213
466000000 192933921 192933709
467000000 193409357 193409164
468000000 193862952 193862714
469000000 194299824 194299636
470000000 194717323 194717103
471000000 195148017 195147822
472000000 195573342 195573168
473000000 195987651 195987444
474000000 196384463 196384279
475000000 196813971 196813757
476000000 197236837 197236645
477000000 197630008 197629821
478000000 198057998 198057787
479000000 198479676 198479526
480000000 198914965 198914778
481000000 199355616 199355411
482000000 199785175 199784972
483000000 200225587 200225355
484000000 200671524 200671327
485000000 201076964 201076780
486000000 201484017 201483808
487000000 201927451 201927267
488000000 202336484 202336261
489000000 202773521 202773345
490000000 203192100 203191892
491000000 203595408 203595229
492000000 203989361 203989175
493000000 204396258 204396063
494000000 204814900 204814678
495000000 205240454 205240281
496000000 205652284 205652085
497000000 206054724 206054516
498000000 206490957 206490760
499000000 206940786 206940570
500000000 207366834 207366669
