# Fix print output for fix saveBond
1000000 308482 308275
2000000 672523 672384
3000000 1043656 1043497
4000000 1412420 1412235
5000000 1800504 1800320
6000000 2172455 2172260
7000000 2546837 2546655
8000000 2917440 2917256
9000000 3311571 3311374
10000000 3693388 3693176
11000000 4109445 4109227
12000000 4529347 4529189
13000000 4927268 4927084
14000000 5379470 5379270
15000000 5809970 5809764
16000000 6226205 6225983
17000000 6653649 6653447
18000000 7107012 7106805
19000000 7546860 7546654
20000000 7990848 7990639
21000000 8450679 8450489
22000000 8913070 8912855
23000000 9377810 9377588
24000000 9816285 9816065
25000000 10247195 10246994
26000000 10645850 10645670
27000000 11048846 11048633
28000000 11446451 11446279
29000000 11891812 11891583
30000000 12345578 12345336
31000000 12772028 12771799
32000000 13183947 13183719
33000000 13599824 13599630
34000000 14006826 14006635
35000000 14414277 14414074
36000000 14815089 14814901
37000000 15189781 15189613
38000000 15575321 15575136
39000000 15963191 15963005
40000000 16342223 16342052
41000000 16722741 16722559
42000000 17111547 17111342
43000000 17520482 17520269
44000000 17931649 17931478
45000000 18322812 18322629
46000000 18707445 18707266
47000000 19130938 19130736
48000000 19554487 19554304
49000000 19998110 19997916
50000000 20418913 20418709
51000000 20831040 20830793
52000000 21250017 21249816
53000000 21684611 21684422
54000000 22117228 22117037
55000000 22528798 22528603
56000000 22951023 22950845
57000000 23350714 23350514
58000000 23730966 23730780
59000000 24139869 24139680
60000000 24532719 24532517
61000000 24957480 24957295
62000000 25386988 25386807
63000000 25813436 25813223
64000000 26210184 26210006
65000000 26624052 26623832
66000000 27050352 27050150
67000000 27477018 27476815
68000000 27886597 27886383
69000000 28287833 28287657
70000000 28691102 28690908
71000000 29090073 29089891
72000000 29490635 29490460
73000000 29899013 29898829
74000000 30312785 30312572
75000000 30729330 30729120
76000000 31137861 31137656
77000000 31558741 31558568
78000000 31973078 31972876
79000000 32405179 32404950
80000000 32847746 32847529
81000000 33293747 33293564
82000000 33704867 33704678
83000000 34126845 34126621
84000000 34552280 34552078
85000000 34962644 34962477
86000000 35373959 35373793
87000000 35789081 35788898
88000000 36201181 36200977
89000000 36621603 36621413
90000000 37019919 37019721
91000000 37420881 37420706
92000000 37822932 37822757
93000000 38214874 38214683
94000000 38608155 38607943
95000000 39022426 39022238
96000000 39424402 39424233
97000000 39821444 39821232
98000000 40246013 40245825
99000000 40641967 40641770
100000000 41033470 41033279
101000000 41408746 41408560
102000000 41782657 41782488
103000000 42179176 42178972
104000000 42548689 42548512
105000000 42907339 42907170
106000000 43270673 43270497
107000000 43657166 43657005
108000000 44080092 44079875
109000000 44546457 44546244
110000000 44976640 44976421
111000000 45404099 45403936
112000000 45789763 45789594
113000000 46186330 46186150
114000000 46586757 46586579
115000000 46984935 46984752
116000000 47384132 47383936
117000000 47820794 47820575
118000000 48268111 48267907
119000000 48707720 48707504
120000000 49154167 49153982
121000000 49564010 49563793
122000000 49997590 49997387
123000000 50450724 50450523
124000000 50889468 50889275
125000000 51304897 51304691
126000000 51704164 51703971
127000000 52136558 52136356
128000000 52531150 52530978
129000000 52952313 52952095
130000000 53376689 53376482
131000000 53787150 53786952
132000000 54224891 54224674
133000000 54641094 54640909
134000000 55082928 55082696
135000000 55504213 55504035
136000000 55883858 55883641
137000000 56254171 56254007
138000000 56620711 56620533
139000000 57025152 57024957
140000000 57406735 57406560
141000000 57804361 57804176
142000000 58207404 58207203
143000000 58599160 58598948
144000000 59020220 59020013
145000000 59423603 59423405
146000000 59837601 59837381
147000000 60242203 60242018
148000000 60633010 60632802
149000000 61032153 61031974
150000000 61451615 61451402
151000000 61875955 61875757
152000000 62338397 62338169
153000000 62792368 62792158
154000000 63222018 63221819
155000000 63667951 63667739
156000000 64102568 64102362
157000000 64544766 64544572
158000000 64980271 64980088
159000000 65420629 65420421
160000000 65862168 65861960
161000000 66303708 66303484
162000000 66742215 66741985
163000000 67196475 67196275
164000000 67617553 67617340
165000000 68061047 68060836
166000000 68510669 68510470
167000000 68942547 68942360
168000000 69371846 69371632
169000000 69798751 69798524
170000000 70245445 70245238
171000000 70659813 70659617
172000000 71100957 71100736
173000000 71524197 71523970
174000000 71972182 71971949
175000000 72415826 72415611
176000000 72855794 72855577
177000000 73291299 73291109
178000000 73702825 73702627
179000000 74104899 74104749
180000000 74496385 74496172
181000000 74925485 74925289
182000000 75373336 75373108
183000000 75826435 75826236
184000000 76276086 76275870
185000000 76716775 76716593
186000000 77152098 77151903
187000000 77581721 77581489
188000000 78003410 78003210
189000000 78447156 78446940
190000000 78895188 78894981
191000000 79317250 79317030
192000000 79712838 79712677
193000000 80129389 80129171
194000000 80568998 80568806
195000000 81010454 81010251
196000000 81472049 81471822
197000000 81919644 81919461
198000000 82350641 82350435
199000000 82776954 82776749
200000000 83209669 83209448
201000000 83619758 83619560
202000000 84041469 84041277
203000000 84456113 84455904
204000000 84868018 84867836
205000000 85281825 85281589
206000000 85670147 85669960
207000000 86073847 86073657
208000000 86499072 86498860
209000000 86929032 86928811
210000000 87374446 87374262
211000000 87793742 87793555
212000000 88172411 88172234
213000000 88564304 88564138
214000000 88974208 88974001
215000000 89393798 89393608
216000000 89812210 89812045
217000000 90211962 90211790
218000000 90621500 90621303
219000000 91029700 91029507
220000000 91400042 91399834
221000000 91787721 91787528
222000000 92187412 92187219
223000000 92581854 92581699
224000000 92955331 92955117
225000000 93322218 93322053
226000000 93704508 93704324
227000000 94086193 94086018
228000000 94480880 94480670
229000000 94878827 94878659
230000000 95247655 95247465
231000000 95614812 95614627
232000000 95986474 95986294
233000000 96409523 96409322
234000000 96819477 96819284
235000000 97224328 97224108
236000000 97656091 97655873
237000000 98103597 98103352
238000000 98553778 98553587
239000000 98993147 98992939
240000000 99437191 99436999
241000000 99876113 99875910
242000000 100280880 100280690
243000000 100677225 100677036
244000000 101091264 101091077
245000000 101490361 101490150
246000000 101890249 101890053
247000000 102292024 102291817
248000000 102690100 102689954
249000000 103049574 103049399
250000000 103439992 103439800
251000000 103848792 103848626
252000000 104268378 104268190
253000000 104689131 104688952
254000000 105116508 105116315
255000000 105548357 105548133
256000000 105989862 105989674
257000000 106383283 106383121
258000000 106772405 106772189
259000000 107162657 107162467
260000000 107545395 107545195
261000000 107932088 107931885
262000000 108338158 108337958
263000000 108741472 108741274
264000000 109126853 109126645
265000000 109523316 109523145
266000000 109925453 109925255
267000000 110320184 110320000
268000000 110702307 110702134
269000000 111080352 111080177
270000000 111469696 111469506
271000000 111861258 111861084
272000000 112258423 112258240
273000000 112620147 112619965
274000000 112991713 112991525
275000000 113390680 113390498
276000000 113764707 113764543
277000000 114129440 114129251
278000000 114531915 114531759
279000000 114910566 114910418
280000000 115287932 115287752
281000000 115673423 115673251
282000000 116054234 116054033
283000000 116479824 116479637
284000000 116881545 116881343
285000000 117303762 117303534
286000000 117740280 117740096
287000000 118176701 118176500
288000000 118603223 118603006
289000000 119042344 119042160
290000000 119489073 119488853
291000000 119931479 119931288
292000000 120367468 120367299
293000000 120797435 120797249
294000000 121224342 121224150
295000000 121654639 121654426
296000000 122080342 122080154
297000000 122504943 122504761
298000000 122909261 122909078
299000000 123337324 123337121
300000000 123747580 123747380
301000000 124163754 124163554
302000000 124597967 124597743
303000000 125075956 125075725
304000000 125550051 125549828
305000000 126005856 126005677
306000000 126445356 126445165
307000000 126863465 126863263
308000000 127300873 127300675
309000000 127701370 127701202
310000000 128083385 128083215
311000000 128464907 128464706
312000000 128865147 128864953
313000000 129223701 129223564
314000000 129595847 129595650
315000000 129987137 129986952
316000000 130359108 130358925
317000000 130748744 130748565
318000000 131128830 131128632
319000000 131542953 131542752
320000000 131956337 131956139
321000000 132375131 132374968
322000000 132762812 132762616
323000000 133149565 133149398
324000000 133571122 133570903
325000000 133986645 133986446
326000000 134428458 134428262
327000000 134851842 134851638
328000000 135298879 135298672
329000000 135753440 135753231
330000000 136189450 136189225
331000000 136613509 136613299
332000000 137058977 137058765
333000000 137487469 137487243
334000000 137952706 137952465
335000000 138396143 138395942
336000000 138837859 138837662
337000000 139296102 139295872
338000000 139754855 139754616
339000000 140205077 140204869
340000000 140638297 140638109
341000000 141050781 141050592
342000000 141464253 141464052
343000000 141899418 141899221
344000000 142358271 142358049
345000000 142868121 142867906
346000000 143324786 143324565
347000000 143771108 143770921
348000000 144226281 144226068
349000000 144706326 144706063
350000000 145143371 145143175
351000000 145544015 145543847
352000000 145941699 145941507
353000000 146337154 146336939
354000000 146750975 146750748
355000000 147156141 147155944
356000000 147588168 147587971
357000000 148016380 148016170
358000000 148453953 148453741
359000000 148902467 148902255
360000000 149356072 149355855
361000000 149791651 149791445
362000000 150227907 150227715
363000000 150679025 150678826
364000000 151109306 151109089
365000000 151526478 151526283
366000000 151987730 151987507
367000000 152440419 152440204
368000000 152869764 152869596
369000000 153287559 153287340
370000000 153723342 153723161
371000000 154161626 154161408
372000000 154630848 154630634
373000000 155105539 155105333
374000000 155534077 155533889
375000000 155962574 155962348
376000000 156378453 156378257
377000000 156806121 156805935
378000000 157242921 157242705
379000000 157655746 157655576
380000000 158071745 158071521
381000000 158496892 158496679
382000000 158902009 158901801
383000000 159303232 159303036
384000000 159712870 159712688
385000000 160117321 160117110
386000000 160546718 160546519
387000000 160970541 160970364
388000000 161343264 161343107
389000000 161718403 161718217
390000000 162130270 162130078
391000000 162533783 162533577
392000000 162948818 162948591
393000000 163361018 163360830
394000000 163738427 163738263
395000000 164092903 164092708
396000000 164482988 164482814
397000000 164906803 164906630
398000000 165302246 165302079
399000000 165687590 165687398
400000000 166060811 166060620
401000000 166430276 166430088
402000000 166795757 166795578
403000000 167181521 167181325
404000000 167578788 167578612
405000000 167964345 167964171
406000000 168347229 168347043
407000000 168734410 168734218
408000000 169086805 169086618
409000000 169468110 169467933
410000000 169865809 169865611
411000000 170277431 170277254
412000000 170687439 170687242
413000000 171095893 171095699
414000000 171503764 171503583
415000000 171923504 171923311
416000000 172350504 172350305
417000000 172778276 172778078
418000000 173196828 173196636
419000000 173617781 173617554
420000000 174046315 174046129
421000000 174435476 174435302
422000000 174827485 174827284
423000000 175217315 175217106
424000000 175604814 175604630
425000000 175973030 175972845
426000000 176362778 176362600
427000000 176751424 176751202
428000000 177138824 177138645
429000000 177536215 177536025
430000000 177942061 177941899
431000000 178331400 178331217
432000000 178729708 178729520
433000000 179148469 179148265
434000000 179558202 179558008
435000000 179980086 179979890
436000000 180418568 180418328
437000000 180863364 180863130
438000000 181290211 181290021
439000000 181691063 181690871
440000000 182090917 182090741
441000000 182493328 182493147
442000000 182906342 182906133
443000000 183317602 183317382
444000000 183717661 183717487
445000000 184123356 184123172
446000000 184520415 184520229
447000000 184940932 184940706
448000000 185375310 185375114
449000000 185764102 185763912
450000000 186162360 186162160
451000000 186588539 186588328
452000000 187005312 187005136
453000000 187389135 187388966
454000000 187785810 187785635
455000000 188200677 188200485
456000000 188632541 188632341
457000000 189061542 189061367
458000000 189458845 189458655
459000000 189848828 189848646
460000000 190262122 190261933
461000000 190654627 190654439
462000000 191055693 191055502
463000000 191466193 191466001
464000000 191867038 191866821
465000000 192264778 192264614
466000000 192662662 192662441
467000000 193029532 193029348
468000000 193415352 193415172
469000000 193800491 193800308
470000000 194223087 194222881
471000000 194635785 194635573
472000000 195051905 195051693
473000000 195477438 195477243
474000000 195887278 195887093
475000000 196315737 196315544
476000000 196699130 196698972
477000000 197089666 197089442
478000000 197498942 197498754
479000000 197908586 197908370
480000000 198300270 198300099
481000000 198695920 198695735
482000000 199107170 199106977
483000000 199514755 199514563
484000000 199928830 199928669
485000000 200307171 200306989
486000000 200701740 200701574
487000000 201080052 201079851
488000000 201454627 201454449
489000000 201858929 201858728
490000000 202290761 202290579
491000000 202693410 202693193
492000000 203137745 203137549
493000000 203573750 203573528
494000000 204025791 204025574
495000000 204461551 204461321
496000000 204890440 204890233
497000000 205331956 205331704
498000000 205785113 205784898
499000000 206193345 206193178
500000000 206582982 206582806
