# Steps Temp KinEng PotEng Epair Ebond Eangle Bonds
1000000 310.5361882371018396 12958.165821611042702 11547.698442814289592 -893.72927583495493309 3945.4698271701781778 8495.957891479065438 13958
2000000 312.82855924582503349 13053.822704064332356 11405.003327095826535 -872.61705921356792715 3945.9024003639369766 8331.7179859454554389 13993
3000000 308.1255359477862612 12857.573255312951005 11388.869676916743629 -965.32117240920968015 3909.4961125159234143 8444.6947368100300082 13987
4000000 309.4975494567605665 12914.825128789303562 11465.175106967126339 -912.57315339327078618 3903.5753591463567318 8474.1729012140422128 14008
5000000 312.77119044047208263 13051.428797908107299 11277.837837075239804 -900.14050469166102175 3874.9785413848912867 8302.9998003820128361 13987
6000000 309.20579526848274554 12902.650705021445901 11249.49346905387938 -942.52435449816937307 3898.8130981154340589 8293.2047254366134439 14018
7000000 313.77107296714279983 13093.15225582869607 11370.898181716926047 -1019.136305660598282 3925.7626601497554475 8464.2718272277707001 13998
8000000 312.04415202725704148 13021.090677347652672 11349.904825885281753 -988.42073352386114493 3855.2729542296565342 8483.0526051794859086 14010
9000000 312.79465865440215566 13052.408087984957092 11164.743212351895636 -1033.6971177205680306 3828.3203837836194907 8370.1199462888434937 14031
10000000 312.35979120058181024 13034.26178236751548 11287.219176354908996 -1022.8460515127804911 3897.5242793776055805 8412.5409484900847019 14022
11000000 310.21258949493068258 12944.662576837790766 11298.021685548081223 -978.76774862396996468 3859.0724800595098714 8417.7169541125404066 14045
12000000 310.70697381007352078 12965.292423464017702 11524.250739586943382 -1006.3460567531278684 3945.5199364875625179 8585.076859852506459 14004
13000000 307.9668799171653859 12850.952799368491469 11562.896027670449257 -934.89242441577016507 4017.1169193417695169 8480.6715327444508148 13969
14000000 308.72626448410306921 12882.640671872541134 11589.013350547362279 -911.17570221364258032 3941.261861426185078 8558.9271913348202361 13965
15000000 309.58328761910399862 12918.402841683873703 11337.831738898099502 -961.79532586088521384 3893.4538505880923367 8406.1732141708926065 13990
16000000 311.53502922223879068 12999.845817711669952 11293.792307392232033 -938.5823402796256687 3891.243819187453937 8341.130828484405356 13995
17000000 309.03882500318900384 12895.683309700349128 11409.592573787434958 -952.2230970729241335 3897.0618130280936384 8464.7538578322637477 13972
18000000 308.31589592069764194 12865.516664771237629 11370.079914508649381 -955.80223974151101629 3891.9501022164004098 8433.9320520337605558 13984
19000000 308.95685368271756488 12892.262780939061486 11418.164575860006153 -997.05176705171743379 3867.8076929102326176 8547.4086500014909689 13997
20000000 310.2978200156104549 12948.219106678323442 11410.004112241047551 -939.81033058170226013 3902.6875923601378418 8447.1268504626114009 13981
21000000 307.85603200897469378 12846.32729796246349 11477.841744307675981 -949.55107312450024892 4014.2530420087537095 8413.1397754234239983 13977
22000000 310.54965425756904551 12958.727736559383629 11467.612460187636316 -945.40556263422104166 3979.2155756367646973 8433.802447185093115 14000
23000000 311.18295995470549542 12985.154544609849836 11476.105730302942902 -907.75800744148136801 3996.1227086138783307 8387.7410291305459396 13984
24000000 306.59739265945341913 12793.806342213985772 11457.073693919621292 -933.37724021144481412 4046.8840378156919542 8343.5668963153730147 13988
25000000 311.15714537249874638 12984.077344433117105 11328.316015288704875 -973.55219243151805131 3894.7407552909126025 8407.1274524293094146 13994
26000000 309.16647213383782855 12901.009815106983297 11298.41953122601808 -943.93050802954553546 3948.2541657172814666 8294.0958735382828309 14004
27000000 302.93672826079694005 12641.052820750521278 11322.928406094202728 -903.58401987490447027 3921.4466519830739344 8305.0657739860344009 13982
28000000 313.60768084025977487 13086.334170354937669 11575.980786404190439 -893.38834687496569131 3969.7494462604154251 8499.6196870187432069 13964
29000000 306.25464090134505568 12779.503873498728353 11482.103861355612025 -898.74670389586049168 3904.0202251104979041 8476.8303401409739308 13987
30000000 312.40796024234259676 13036.271797477662403 11412.457626865063503 -913.24933499088479039 3944.6492811051703029 8381.0576807507786725 14001
31000000 309.00421224686687083 12894.238976147755238 11386.60247526092644 -921.18455228819379954 3911.5017900942330016 8396.285237454887465 14020
32000000 310.33214718676941857 12949.65152323044822 11239.047787308492843 -941.26545707918603512 3860.5178897293253613 8319.7953546583539719 13980
33000000 306.43611542072108023 12787.076507554105774 11182.624300482821127 -1016.7012549775570278 3866.6997940017636211 8332.6257614586138516 14032
34000000 310.30130618768220074 12948.364578921171415 11351.235393472561555 -964.82629663844124934 3879.0788913785968361 8436.9827987324060814 14005
35000000 308.93563154931126746 12891.377216118651631 11517.370650619315711 -918.24362983335788613 3983.3299717535851414 8452.2843086990869779 13980
36000000 309.3615425918852111 12909.149785384281131 11382.659177225128587 -980.51376590914435383 3990.0409642019458261 8373.131978932326092 13993
37000000 310.86833086917522451 12972.025588896996851 11233.226226868568119 -967.13823015956199924 3907.4885438780438562 8292.8759131500846706 14003
38000000 312.75018727901408511 13050.55237042796216 11348.439766837967909 -927.45985321185821704 3885.4634013820409564 8390.4362186677844875 14001
39000000 306.94523041500821137 12808.321041261089704 11327.706260895607556 -930.47687156475217307 3878.1838228611559316 8379.9993095992049348 13981
40000000 310.31545255540203243 12948.954883644521033 11246.056267395186296 -973.5268228315549095 3846.9855631672198797 8372.5975270595208713 13973
41000000 311.75625520592444673 13009.077215175913807 11303.905835769255646 -967.08506734175841757 3896.4008927652853345 8374.5900103457279329 14004
42000000 311.21447097436544027 12986.469447778719768 11383.447329675493165 -949.492049388203327 3955.5205770372585903 8377.4188020264355146 13993
43000000 312.22184168826890982 13028.505375471078878 11539.020164122663118 -896.15528748096016898 3917.6948404840322837 8517.4806111195903213 13981
44000000 309.13441447666053818 12899.672101651060075 11416.645465022518692 -966.06682376018341074 4024.9772623753146945 8357.7350264073866128 13980
45000000 307.73381569220015308 12841.227411511670653 11455.326512089137395 -977.55846887866721318 3954.9119253457993182 8477.9730556220056314 14012
46000000 311.04835192692291912 12979.537572382461803 11322.186899350232125 -982.25243120695688503 3866.781449743887606 8437.6578808133017446 14013
47000000 313.16645413557802158 13067.922503628920822 11343.527104184540804 -1004.9673484719103271 3888.6625611018093878 8459.831891554642425 14029
48000000 313.4183332565109481 13078.433006235973153 11376.032676024202374 -977.93130410810181274 3936.3606591823245253 8417.603320949980116 13994
49000000 312.61182774002492124 13044.778853790814537 11310.613001812474977 -978.132927882473723 3870.9878512451837196 8417.7580784497658897 14005
50000000 311.05813506907765031 12979.945806859148433 11315.597739667631686 -944.20817336269738007 3915.8607718585453767 8343.9451411717836891 13975
51000000 311.86085461793732065 13013.441977084663449 11391.471338568564533 -977.46375402146077249 4012.7158548472461916 8356.2192377427782048 14008
52000000 312.34143252880983255 13033.495705104711305 11344.550475275564168 -993.02398899048125713 3929.7666735228203834 8407.8077907432252687 14014
53000000 308.98654531624799802 12893.501764108741554 11307.449273761876611 -949.30510805275071107 3883.5849566934871291 8373.1694251211411029 14003
54000000 309.21175211228984381 12902.899274343637444 11404.22272884360973 -946.52887264840842363 3946.6864282144147182 8404.0651732776059362 13993
55000000 307.42924089384649733 12828.518004712559559 11261.167840028163482 -993.80627645736342402 3968.3423813957579114 8286.6317350897697906 13983
56000000 309.49072902093047333 12914.540523188379666 11295.289462611064664 -901.48121279593374311 3873.1966476658617466 8323.5740277411368879 13975
57000000 311.65815845035518805 13004.983798455483338 11487.227105382804439 -866.70150353071824156 3945.7278280620494115 8408.2007808514754288 13967
58000000 309.03344519234275367 12895.458819017216229 11586.602124354336411 -878.26716221798460538 3962.1100504743981219 8502.759236097925168 13960
59000000 314.63930515485918704 13129.382161025763708 11517.927028945319762 -892.94505171429273105 4005.6560732135649232 8405.2160074460480246 13966
60000000 311.79592775165571084 13010.732685441938884 11511.652575631305808 -833.50713099751521895 4026.1150997597169408 8319.044606869105337 13933
61000000 308.12760434569742074 12857.659566165382785 11491.682002174040463 -959.62190869847518115 3981.5015732330753053 8469.802337639441248 13964
62000000 307.37160886066573084 12826.113114490803127 11340.371684896772422 -907.43509409248372322 3839.9624232435498925 8407.8443557457067072 13985
63000000 310.73128490450750405 12966.306885561876697 11239.02359955711654 -901.70030984345669367 3896.4238000217392255 8244.3001093788352591 13971
64000000 306.19809590364872065 12777.144343484878846 11458.002588104411188 -950.89226789407337037 3959.540468359416991 8449.354387639066772 13984
65000000 311.62555181711769592 13003.623177128949465 11287.18155867141104 -965.52252153290555725 3898.758247257039784 8353.945832947276358 13993
66000000 307.60733925671615907 12835.949757294196388 11489.39690315784901 -904.1945962207436196 3944.9094776612232636 8448.6820217173681158 13988
67000000 309.61812860296134886 12919.85669879719353 11358.624408105022667 -942.05036095039179145 3879.0490741442317812 8421.6256949111830181 13989
68000000 308.69149697148338873 12881.189880593468843 11425.775261285998567 -997.64629966624761437 3928.3864615732700258 8495.035099378977975 13966
69000000 310.75779047274863842 12967.412919452530332 11346.471760365982846 -1002.1089886910581299 3872.8083367827839538 8475.7724122742583859 14008
70000000 308.92581779253555396 12890.967704144042727 11217.096728553766297 -1023.8374939721502415 3878.9566314045682702 8361.9775911213491781 14015
71000000 307.57052485241263184 12834.413552582283955 11249.911456820145759 -1021.0212144496556448 3891.4243315815738242 8379.5083396882273519 14003
72000000 310.30645351314950631 12948.579368370741577 11243.433212992396875 -966.10775202072886714 3861.4593248891601434 8348.081640123964462 14006
73000000 310.44920380135204141 12954.536103771251874 11264.335390530122822 -1036.1051290061282089 3864.4332341989188535 8436.0072853373312682 14007
74000000 314.29899950857588919 13115.181764545071928 11271.538282703360892 -1013.7237940948745063 3914.7126610789796359 8370.5494157192570128 14020
75000000 308.49433044413365224 12872.962444781967861 11173.93429016265145 -1059.7637426340406819 3887.0507216509859063 8346.6473111457071354 14030
76000000 314.09873158881674726 13106.824912714952006 11299.130542211383727 -1058.8314710793031281 3964.7980892219902671 8393.1639240686963603 14012
77000000 309.72106366189643722 12924.152009981729861 11241.180494603542684 -1046.3024443049903311 3888.3161325333376226 8399.1668063751949376 14015
78000000 306.5010382270021978 12789.785629779669762 11293.862206150477505 -998.94359634106831436 3930.8849225774265506 8361.9208799141197233 14014
79000000 310.41339442655134917 12953.041837292134005 11405.251322166903265 -997.61922673570711595 3950.8347141389831449 8452.0358347636283725 14013
80000000 308.59328822405757364 12877.09179063654301 11475.382408445051624 -1011.7133883724685575 3926.294024368886312 8560.8017724486344378 13983
81000000 308.01507679252972594 12852.963975929265871 11425.988374587730505 -999.53967440863198135 3955.1643696390651712 8470.363679357295041 14004
82000000 310.75760946906473237 12967.405366465667612 11180.006062659653253 -983.07295356623035332 3872.3852439072388734 8290.6937723186438234 13991
83000000 310.14140459949823025 12941.692147902456782 11343.835753211544215 -949.28429956442971616 3901.3067192878393143 8391.8133334881331393 13969
84000000 311.10801895281679208 12982.027379512524931 11309.574434340751395 -977.79755761057651853 3963.7442709869937971 8323.6277209643340029 13970
85000000 309.81714045972847771 12928.1611371787385 11520.624355363328505 -967.49627735488229519 3942.9821078731952184 8545.1385248450169456 13971
86000000 310.78027572188915428 12968.351192020880262 11274.096642902517488 -975.6481381526439236 3876.2236605081825473 8373.5211205469786364 13971
87000000 309.58728126127721225 12918.569489821749812 11473.424341743102559 -978.21349488181317611 3963.4041244579716476 8488.2337121669461339 13984
88000000 308.45759807765659843 12871.429663374003212 11345.153558458900079 -928.42205118133074393 3890.6010510691371564 8382.9745585710916203 13992
89000000 310.63829232093439714 12962.426457567442412 11454.656897209046292 -975.90898270453214991 3999.5050322949459769 8431.0608476186334883 13992
90000000 304.55101009832389991 12708.414154230657005 11331.13810978114816 -913.87203749471552783 3911.5653373984937389 8333.4448098773700622 13996
91000000 309.07224935007650402 12897.078052876357106 11353.085638991396991 -911.63027390104684855 3874.2929840068518388 8390.4229288855931372 13980
92000000 312.32078735368622802 13032.634215807163855 11480.536188892854625 -962.00335511550042611 3955.8229158255899165 8486.7166281827630883 13992
93000000 312.70177042863923589 13048.532014670781791 11455.661142609355011 -977.65559455302491187 3996.1443944456113968 8437.1723427167689806 13984
94000000 309.09869881220168963 12898.181745550811684 11264.668295643145029 -960.8990665656431247 3920.1392456024441344 8305.4281166063428827 13998
95000000 310.52726279440787494 12957.793377526131735 11382.97409437683018 -967.35117519803895902 3928.3664339811894024 8421.958835593679396 13993
96000000 310.13948554896563792 12941.612069071185033 11163.297431503842745 -967.98089343978824672 3856.7226649701478891 8274.5556599734827614 14006
97000000 309.29526011438849764 12906.383926308901209 11266.602063506685226 -1007.2150537231808585 3890.6411418942070668 8383.1759753356582223 13984
98000000 307.36241013297933478 12825.729266671376536 11479.163396732154069 -892.75490348811513286 4003.9881458064364779 8367.9301544138324971 13971
99000000 313.23918724795782964 13070.957537118219989 11413.721413649998794 -913.5232253510606597 3874.1862031258938259 8453.0584358751657419 13967
100000000 311.0443195202572042 12979.369306665892509 11444.038387861111914 -991.56694983397255783 3926.6797920828057613 8508.9255456122791657 13995
101000000 308.43870540992247697 12870.64130333551293 11378.479400807354978 -942.07336917292445833 3926.6504348630942332 8393.9023351171817922 13997
102000000 310.68422388221250685 12964.343106286762122 11464.421530641000572 -919.76376248554197446 3978.9603195344170672 8405.2249735921250249 13991
103000000 309.97247846665368343 12934.643137436301913 11487.989946897341724 -974.96627848378511771 3993.248971604106373 8469.7072537770236522 13988
104000000 313.28257486174231872 13072.768031080986475 11293.705537304231257 -980.98532706492369471 3941.0124114535847184 8333.678452915572052 14005
105000000 306.85397982442736975 12804.513303777161127 11225.655464502429822 -955.70928022173120553 3820.3607817385263843 8361.0039629856364627 14021
106000000 309.21670667516286812 12903.106020126300791 11261.37380435511659 -1018.3187945127450575 3837.8865506632682809 8441.8060482045948447 14008
107000000 309.79226363541113187 12927.123068100705495 11301.994083464618598 -1014.6380645247991197 3866.0050824597997234 8450.6270655296193581 13969
108000000 307.55815107911610085 12833.897215316970687 11285.749630898631949 -1021.501676539508594 3918.7368974497358067 8388.5144099884055322 14017
109000000 311.79360153432020297 13010.635616207779094 11286.689790752476256 -973.79498281870132814 3849.8149972610335681 8410.6697763101437886 13996
110000000 313.4186586972805344 13078.446586345529795 11396.134544245975121 -1003.3568190265862086 3923.9026414766090056 8475.588721795951642 14018
111000000 313.82513059753813423 13095.407992084630678 11216.181445862470355 -1035.9749865565752316 3882.180985015819715 8369.9754474032233702 13986
112000000 310.32583804353703272 12949.388253031051136 11405.574839752898697 -965.19937545471611884 3885.8235008753226793 8484.9507143322916818 13987
113000000 311.21818125259648014 12986.624271604036039 11432.396665113028575 -972.54267025055480644 3952.5348032010742827 8452.4045321625071665 14000
114000000 308.51086908607106807 12873.652575184823945 11557.347520283450649 -1007.7219362933381035 3962.1548867899509787 8602.9145697868389107 13979
115000000 313.3583062847450833 13075.928179155023827 11178.123655329354733 -940.27116227836859252 3848.3774951141863312 8270.0173224935388134 14028
116000000 308.28718047901156751 12864.318416486163187 11364.093560442506714 -973.14801865655169877 3918.5633300008680635 8418.6782490981931915 14011
117000000 310.02199073114059047 12936.70920302777813 11386.913437782317487 -1010.3447693137318311 3945.0321463246546045 8452.2260607713942591 14000
118000000 311.17060836655156209 12984.639133094149656 11436.25159927599816 -977.31482314399602274 3880.3818076999114055 8533.1846147200831183 13991
119000000 307.79146820153346198 12843.633156169689755 11399.023891498436569 -945.2154070822984977 3889.5917354468820122 8454.647563133854419 14023
120000000 310.29860430561330986 12948.251833813819758 11253.259393615113368 -1006.8195198120956775 3853.4485926660345285 8406.6303207611745165 14010
121000000 308.40165706140970769 12869.095336515443705 11264.024216624946348 -1017.8898597002893212 3843.6198895448092117 8438.2941867804256617 13998
122000000 309.98602697917431215 12935.208494642734877 11333.255015547463699 -977.4767872992346156 3944.0076209658504922 8366.7241818808470271 13992
123000000 310.0507906475817208 12937.910976305833174 11317.782902545128309 -991.29343729941058427 3980.2544748475193046 8328.8218649970185652 14027
124000000 308.97561775674540741 12893.04577497309765 11210.624015278022853 -1020.5758448844409259 3908.7509150598270935 8322.4489451026365714 14016
125000000 307.97326376498784839 12851.219186867911048 11324.115302538126343 -957.40730828092432603 3862.6998298222456469 8418.822780996804795 13989
126000000 309.83654666068844108 12928.970926116493501 11398.89045690423518 -973.48304901593564864 3953.1316732277359733 8419.2418326924344001 13986
127000000 312.36390184090987532 13034.4333126465026 11313.752928185051132 -945.27621161340516664 3826.7815493202501784 8432.2475904782040743 14002
128000000 311.67123107130197468 13005.529297487055373 11479.059076433408336 -949.24661861438721644 3955.5611315463966093 8472.7445635013973515 13997
129000000 309.88235237113531184 12930.882323287034524 11340.898164022073615 -952.84997136055426381 3870.7673203417043624 8422.9808150409226073 14023
130000000 307.37599449169272248 12826.296119680642732 11339.482153508748524 -976.45327351410321626 3905.8875117922652862 8410.047915230585204 14018
131000000 309.37209113794153836 12909.589958910435598 11337.025115030392044 -927.95565442730844552 3959.9787401954285997 8305.0020292622721172 13979
132000000 310.51484416910437858 12957.275168660129566 11286.080116839330003 -983.34032753842120655 3914.0577950085148586 8355.3626493692354416 14006
133000000 306.56557384534733046 12792.478595287695498 11341.288778382804594 -895.51535748891751609 3915.2506957528680687 8321.5534401188542688 13979
134000000 312.60363317453067111 13044.436908012728964 11224.177070614343393 -1011.4549337320743234 3790.3350931364620919 8445.2969112099563063 14013
135000000 310.17033402475533421 12942.89932537099412 11413.670414039359457 -1019.2030541620883923 3948.041386542858163 8484.8320816585892317 14008
136000000 308.59171603729328126 12877.02618586142853 11534.868050746465087 -995.30277116142701743 3966.9192510309549107 8563.2515708769369667 14013
137000000 306.47114228968206362 12788.538121347928609 11218.396259502540488 -1026.4653082884694868 3919.8857338713210083 8324.9758339196887391 14032
138000000 312.33685385778215959 13033.304644672251015 11298.602277246605809 -1013.4339426665738984 3920.0065555704113649 8392.0296643427664094 13999
139000000 310.82795738737320335 12970.340869718351314 11247.470081198447588 -999.08444678188084254 3867.8900223446644304 8378.6645056356628629 14001
140000000 305.10621523255241527 12731.581953884491668 11364.974508895256804 -961.81078140503336726 3982.1398478910523409 8344.6454424092371482 14010
141000000 308.91381985476095906 12890.467049878647231 11262.24909347007997 -993.0303501966488966 3877.1709973988517959 8378.108446267875479 14001
142000000 306.86858675191297152 12805.122826904167596 11219.188050437436686 -995.35477743611795631 3881.1013152723371604 8333.441512601217255 13995
143000000 313.4758796258998359 13080.834321848193213 11423.937912562112615 -1031.6608974994005621 3901.9334931078856243 8553.6653169536257337 14017
144000000 311.00988301069133968 12977.932327601374709 11396.131675562675809 -1017.5107847391957421 3948.8807264941369795 8464.7617338077361637 14018
145000000 308.51111910482262601 12873.663008057266779 11301.559868879459827 -995.46651075554677846 3876.6767760953457582 8420.3496035396619845 14008
146000000 306.74350256656077818 12799.90326900125001 11346.027579207109738 -1008.0173698277185395 3931.1024201270142839 8422.9425289078135393 14029
147000000 309.55174780672450652 12917.086737042040113 11297.776631622613422 -970.79664105649248995 3820.1875582064976697 8448.3857144726080151 14025
148000000 308.92153880802089816 12890.78914913825065 11362.790250283687783 -1046.6225863971596937 3924.4889353727776324 8484.9239013080696168 13999
149000000 310.74476840013034007 12966.869529719800994 11465.90764568574923 -984.14979883680325656 3870.119523657177524 8579.9379208653735986 13995
150000000 310.77015790548210816 12967.928992136547095 11256.177457696936472 -1007.0889688779157041 3927.7132009543024651 8335.5532256205515296 13991
151000000 309.61832292733856775 12919.864807634741737 11309.042325975384301 -1014.7595587633463765 3863.4803308000491597 8460.3215539386819728 14030
152000000 307.43343211696048911 12828.692897579039709 11259.771720569477111 -925.48434293167565556 3898.1209483801776514 8287.1351151209746604 13986
153000000 311.44454216898253662 12996.069941388012012 11369.639085534363403 -933.79819955431787548 3893.2629360342903055 8410.1743490543922235 13993
154000000 309.90735517141069977 12931.925649135182539 11430.532934872777332 -918.92928262613611423 3909.4783011564113622 8439.9839163425021979 13983
155000000 313.74010591109998813 13091.860051369409121 11313.792225718214468 -955.82877424940420497 3900.747472782445584 8368.8735271851728612 13977
156000000 314.06578224348828599 13105.449990574947151 11305.620399431663827 -915.14472410580867745 3867.4860680417314143 8353.2790554957409768 13976
157000000 309.17272480885856112 12901.270728980522108 11336.278041339570336 -964.48954458075775165 3916.9131438885760872 8383.8544420317521144 13980
158000000 308.05396295924919059 12854.586631888876582 11449.254778759961482 -984.13592376480028179 3990.9403187315365358 8442.4503837932243187 14010
159000000 306.66125223780301212 12796.471097681778701 11286.712406892023864 -970.66948927158773586 3925.3598771186689191 8332.0220190449417714 13984
160000000 310.06965798618909957 12938.69827940140749 11289.95838168768023 -989.7015674358999604 3925.2902909902159081 8354.3696581333624636 14030
161000000 310.22777004051681615 12945.296036107334658 11321.861546633243051 -960.90081053352173512 3945.6635318820067369 8337.0988252847582771 13991
162000000 310.96491029830718844 12976.055690073781079 11201.588115886977903 -968.43151939938195483 3853.6737223253644515 8316.3459129609982483 13992
163000000 309.4022263906060175 12910.847453578993736 11397.342637966006805 -1015.5674079696773333 3899.4119542356766033 8513.4980917000084446 14006
164000000 308.63684311844508557 12878.909264944513779 11289.97711042453011 -968.05477111121581402 3942.6178273437444659 8315.4140541920023679 13980
165000000 311.38604643285401607 12993.629010258813651 11386.283011584040651 -988.17196681915720546 3918.2949435783120862 8456.1600348248866794 13992
166000000 309.65748423883201212 12921.498944934501196 11274.331834350727149 -1018.8629622858727544 3965.0451269913251053 8328.1496696452741162 14004
167000000 307.71987773898803198 12840.645803583905945 11541.057268196254881 -907.2407204100384206 3970.9559016434545811 8477.3420869628371292 13961
168000000 309.03962431781019404 12895.716663788527512 11287.246160800852522 -996.45334621345239157 3893.4268735027808361 8390.2726335115239635 13975
169000000 310.02348235283983513 12936.771445954862429 11292.072757154783176 -958.09127119203867551 3912.8280656493543574 8337.3359626974670391 13985
170000000 305.83035117308872941 12761.798959020437906 11308.696193497205968 -949.69676905584310589 3957.3243698444239271 8301.0685927086233278 13996
171000000 307.49581639085897677 12831.296091011749013 11474.201263518389169 -987.34467717666655062 3957.686307253891755 8503.8596334411649877 13988
172000000 312.2900663161943271 13031.352277298508852 11259.777094832832518 -913.31115835148784754 3792.5063355801112266 8380.5819176042095933 13974
173000000 309.31373630730780633 12907.154907536434621 11569.979978350142119 -865.30279500054541586 3931.8514430614563935 8503.4313302892314823 13957
174000000 314.04615176919327268 13104.630843078753969 11396.389309681720988 -953.28984957229374686 3992.4066581697306901 8357.2725010842841584 13991
175000000 311.23960494458583526 12987.518247133539262 11416.237315966733149 -936.68684165859986024 3911.7161602026053515 8441.2079974227272032 13992
176000000 310.77641113235551984 12968.189929037995171 11242.579483513200103 -940.9799812883065897 3881.4384330105554 8302.1210317909535661 13985
177000000 313.69520643357287781 13089.986469812287396 11476.69614789949992 -913.99666478960625682 3993.8220692053105267 8396.8707434837979235 13971
178000000 312.49383563074263748 13039.855236590508866 11375.239447779515103 -966.03906795854061329 3850.3080795120404218 8490.970436226014499 14011
179000000 303.65249913498342949 12670.920765387319989 11236.152316978483213 -961.16303446901906682 3870.6581405726356024 8326.6572108748659957 14031
180000000 310.10397189622517544 12940.130142588624949 11390.298836795238458 -939.02147795319228862 3900.3444113938812734 8428.9759033545524289 13967
181000000 309.36396321476360072 12909.250794006908109 11365.275151578558507 -933.06123629490775784 3960.3369666777716702 8337.9994211956945946 13986
182000000 311.39677470510292778 12994.076683464212692 11314.029303374540177 -940.21363546948509793 3970.0137712643299892 8284.2291675796950585 13967
183000000 308.2311315382966086 12861.979586116558494 11304.361356546201932 -957.48899089621966141 3770.2628127263214992 8491.5875347160999809 13963
184000000 311.97392579548579761 13018.16025187458763 11377.456002975301089 -936.73760489807227714 3866.5728809632223602 8447.6207269101523707 14026
185000000 308.75295007014767634 12883.754217610885462 11369.793934278728557 -970.45020668232223215 3885.2477161959232035 8454.9964247651296319 13958
186000000 310.6315333092006199 12962.144415093314819 11341.616569142599474 -981.39091392897375954 3890.202470997473938 8432.8050120740990678 13950
187000000 311.19928436760807244 12985.835735586440933 11583.042039421226946 -899.50328058288437205 3926.9676952804529719 8555.5776247236590279 13981
188000000 311.27340878065166407 12988.928825770555704 11478.26672455554035 -911.42420130212099139 3987.8466589865329297 8401.8442668711286387 13987
189000000 307.37356833312088611 12826.194880062606899 11364.803378067595986 -885.89120875215053275 3905.6154475285165972 8345.0791392912324227 14000
190000000 310.5550596562001715 12958.953294978811755 11411.793889736578421 -902.55100316612492861 3945.3964884995793909 8368.948404403123277 13980
191000000 314.95928115591226515 13142.734234753854253 11349.215844135291263 -974.9523961193432342 3954.0559959020997667 8370.1122443525346171 13981
192000000 310.84391090835617888 12971.006583983440578 11467.739704951927706 -934.26171097563997137 3996.8827172464889372 8405.1186986810807866 13974
193000000 306.73322336787492759 12799.474334899105088 11457.787928703706712 -932.44514822830751655 3924.1793439683342513 8466.0537329636808863 13989
194000000 309.92151399066784734 12932.516473440760819 11456.747909830542994 -924.42487955266506106 3994.2447436682041371 8386.9280457150052825 13981
195000000 307.38001232349341763 12826.463777211998604 11429.674700827197739 -959.96574992997886966 3934.6187489640169588 8455.0217017931590817 13992
196000000 311.75746253542382647 13009.127595055768325 11357.714105681430738 -958.49159704369367319 3874.3458279892370228 8441.8598747358882974 13993
197000000 307.34132285864939149 12824.8493292990388 11385.221802598731301 -1023.7021085456099172 3874.3532817659665852 8534.570629378375088 14009
198000000 311.8110406818558431 13011.363323232320909 11263.491901956051152 -993.98060129892883197 3825.8513702841155464 8431.6211329708639823 13999
199000000 309.30455317560512185 12906.771710511828132 11336.939961913172738 -951.52004758516432048 3927.2249452435476087 8361.2350642547862662 14000
200000000 310.50480830455637715 12956.856388492464248 11353.000443248545707 -960.4197662482429223 3924.3406683189823525 8389.0795411778071866 14004
201000000 312.16092282720120465 13025.963331312359514 11371.502435378686641 -955.17746861400723901 3886.3465835386523395 8440.3333204540394945 13999
202000000 312.34113419589897376 13033.483256161640384 11491.373665261613496 -878.93717620985319172 3927.8452424733804946 8442.4655989980856248 13974
203000000 307.5257240840737154 12832.544089997692936 11410.326844400013215 -920.57842932422772719 3937.3187696346840312 8393.5865040895569109 14000
204000000 311.90394579930222108 13015.240101408740884 11138.761326717056363 -927.53906297725734476 3774.4704119633684058 8291.8299777309457568 13999
205000000 310.60620845847296323 12961.087650607991236 11491.065865658205439 -903.22144608684220657 3906.9999014665959294 8487.2874102784517163 13997
206000000 306.56110423912031138 12792.292085950488399 11495.447404753773299 -967.78023539001958397 3989.9675509111466454 8473.2600892326463509 13965
207000000 312.45793333653563195 13038.35709273696375 11311.511113531552837 -980.68226687354331261 3852.6298072461941047 8439.5635731589045463 13997
208000000 311.77517956234868279 13009.866897531470386 11383.551224509836175 -958.40044692015931105 3929.0937138297895217 8412.857957600204827 14022
209000000 309.8281445024509253 12928.620317833705485 11523.617273777668743 -882.96613553972406407 3934.8510012877513873 8471.7324080296402826 13993
210000000 308.55805328213369876 12875.62149429924284 11384.171398310198128 -954.64914306704611136 3852.1032160441213819 8486.7173253331238811 13997
211000000 310.86979533466950443 12972.086698640188843 11344.223825035063783 -957.6146938846015928 3949.4129354686892839 8352.4255834509749548 14009
212000000 308.23166518296545746 12862.001854233352788 11443.283193690931512 -916.363959701919498 3957.3040842326063284 8402.3430691602443403 13970
213000000 311.89909558793647193 13015.037710043328843 11545.431113006976375 -942.75557598017280725 3962.0822380546969725 8526.1044509324528917 13990
214000000 308.66855234498865457 12880.232438961556909 11565.567912454524048 -880.45652108792830859 3992.8122565337775995 8453.212177008674189 13964
215000000 308.68703145397535081 12881.003541871798006 11442.854476685864938 -951.89398511997330843 3955.772887918205015 8438.9755738876338 13970
216000000 310.31039743615718862 12948.743941809385433 11274.522555312742043 -929.31379986208594346 3881.4380078740432509 8322.3983473007829161 13977
217000000 310.17762528803575606 12943.203577829212009 11381.176054100662441 -925.07386687646976497 3971.7844013681346951 8334.4655196089970559 13986
218000000 310.00148819816359946 12935.853665953058226 11445.522433817168348 -888.77060399916740607 3909.0640074684251886 8425.2290303479094291 14000
219000000 310.82038345095395471 12970.02482177366619 11544.093016896385961 -912.15995951092531868 4043.8128125556568193 8412.4401638516537787 13989
220000000 305.99531913113338533 12768.682801344035397 11338.446559920459549 -906.92118413964669799 3865.3604284908760746 8380.0073155692298315 14005
221000000 311.07738504791387868 12980.749076903901368 11541.300000411509245 -912.74457034397948973 3985.2625753578900003 8468.7819953975995304 13963
222000000 307.97242032262016664 12851.183991401245294 11533.772195864163223 -887.5122168564931826 3959.7867728168712347 8461.4976399037859665 13948
223000000 311.68227109727638435 13005.989979664109342 11500.089139135741789 -921.02168002852340578 3918.8235291445171242 8502.2872900197471608 13953
224000000 309.95359471739095625 12933.855149550994611 11346.706410380531452 -1000.1378173386324306 3957.8401555826999356 8389.0040721364657657 14023
225000000 312.57236318255291962 13043.13206253372482 11282.568679224199514 -983.57514763831488835 3899.907923504786595 8366.2359033577286027 13973
226000000 308.4509957275130887 12871.154158131095755 11088.776578261669783 -943.67639457623170074 3711.4844052522553284 8320.9685675856453599 14004
227000000 310.12469463354432264 12940.994868429383132 11451.62038458591087 -939.76676668983498075 3958.3069761853521413 8433.0801750903920038 14001
228000000 310.74620928587330582 12966.929655518642903 11339.754995232337023 -910.35044775496749025 3858.6007070150826621 8391.5047359722211695 14009
229000000 308.64498562255073466 12879.249038286239738 11313.115070383733837 -906.89382799721965966 3878.155485107315144 8341.853413273636761 14002
230000000 307.76905567154199161 12842.697918052161185 11437.513973206918308 -1020.4822445146019163 3975.1100768257565505 8482.886140895765493 13972
231000000 309.74384800745571056 12925.102763353082992 11397.76152328887656 -1000.7101229010311272 3930.9075665183772799 8467.5640796715306351 14006
232000000 310.58424782095079308 12960.171269222053525 11402.341977620020771 -984.38365910513857671 3919.127029252605098 8467.5986074725551589 13990
233000000 311.89008851067063688 13014.66185948162456 11265.23194944574243 -1014.324196118319378 3935.9300881840945294 8343.6260573799663689 14029
234000000 308.99984602185901394 12894.056780739267197 11319.083138335978219 -1003.8295240895113238 3921.9314429291489432 8400.9812194963415095 13989
235000000 306.76509281989569899 12800.804194862525037 11329.803550010867184 -968.43204670694456127 3952.8060998146720522 8345.4294969031398068 14021
236000000 312.15809794155933332 13025.84545346764753 11353.494517894843739 -911.16615928946339409 3893.2010997952988873 8371.4595773890068813 14006
237000000 312.56403393167647664 13042.78449655553959 11284.460525243910524 -1034.2597667451075267 3893.2387479605336011 8425.4815440284855868 13993
238000000 310.82783365930185937 12970.335706748861412 11340.19081612662012 -1065.0982781722007076 3923.3625085450785264 8481.9265857537429838 14007
239000000 307.75285585500716934 12842.021926277644525 11376.720849743443978 -955.77336200111210474 3853.0892325047830127 8479.4049792397727288 14024
240000000 307.99656802798460831 12852.191635541208598 11216.634434949530259 -1051.3898233524591888 3898.0017197937754645 8370.0225385082121647 14009
241000000 307.71464390627147623 12840.427404328705961 11326.169661092153547 -977.30485354452446245 3877.3814159020948864 8426.0930987345818721 13995
242000000 311.84866219073398952 13012.933207094391037 11415.590696455790749 -918.77437153585856322 3954.1476173935866427 8380.217450598063806 13990
243000000 312.67748558592597874 13047.518648014172868 11386.824280851276853 -944.32354814216228078 3944.8332771868858799 8386.3145518065539363 14000
244000000 313.66540195022037096 13088.742777604620642 11350.462401960117859 -948.71714701367352518 3944.6153528205977636 8354.5641961531928246 13980
245000000 305.78777555049902048 12760.022348118476657 11150.872404653251579 -975.62300241699813341 3851.8415215680543042 8274.6538855021935888 14018
246000000 308.69251456903856479 12881.232343270474303 11337.332905297924299 -880.03904958004875425 3945.8774615548904876 8271.4944933230799506 14010
247000000 309.21154803645828224 12902.890758593894134 11464.347229549548501 -946.36432273444120256 4006.5228922554788369 8404.1886600285106397 13985
248000000 308.71745568530815262 12882.273095146229025 11408.35326792653359 -935.52004209626306874 3897.1161531673196805 8446.7571568554794794 13994
249000000 310.59975841515415595 12960.818500879078783 11394.463844338210038 -963.24622452698349662 3950.5718668933291156 8407.138201971862145 13973
250000000 306.92498309376247789 12807.476153753339531 11474.642610092701943 -959.91699545404605942 3923.1842159137677299 8511.3753896329799318 13988
251000000 312.43520307101107392 13037.408596036761082 11398.250344500560459 -921.07256081290404381 3933.736398872607424 8385.5865064408571925 13990
252000000 306.08428692881614097 12772.395281624358176 11432.245737316374289 -922.47823383437696521 3922.303699071149822 8432.4202720796020003 13964
253000000 308.40196310475454311 12869.108107202278916 11361.135732454033132 -932.21953427435119011 3853.0574124711765762 8440.2978542572072911 14004
254000000 313.18598417942064316 13068.73746032705094 11481.101870609436446 -890.84837355931608727 3870.8942267595539306 8501.0560174091970111 13982
255000000 309.64051285914393929 12920.79075709504832 11337.261790712798756 -931.52523032968701955 3926.0994936341958237 8342.687527408290407 13983
256000000 310.20170450993867917 12944.20836426664755 11373.639687270806462 -872.30934540522378029 3897.1428408645460877 8348.8061918114817672 13967
257000000 309.06317552221105416 12896.699416921608645 11256.255775795754744 -914.15724403418812472 3887.2867540340275809 8283.1262657959141507 13950
258000000 309.46195244488416165 12913.339723866718487 11571.033177408364281 -911.23138625651563416 3995.5352672907847591 8486.7292963740928826 13935
259000000 308.87063115951985992 12888.6648564604493 11385.758630403443021 -899.38748654551318396 3927.769695754062468 8357.3764211948928278 13991
260000000 311.37235363598881577 12993.057632303321952 11384.479830723412306 -930.992460940059118 3812.7361746107303588 8502.7361170527419745 13990
261000000 311.24461547572195741 12987.727328380027757 11557.344606926726556 -889.39372749518429373 4045.3106521220934155 8401.427682299818116 13970
262000000 308.589413941185569 12876.930123166544945 11340.662846653918677 -914.88788773694705014 3855.1539984538635508 8400.396735937003541 13950
263000000 310.26049881780369333 12946.66175430471958 11375.431310621861485 -925.14914038332290147 3876.0775221188414434 8424.5029288863406691 13994
264000000 311.35184367772353653 12992.201785383500464 11456.36564436342087 -865.09216600550303156 3932.2499481912504962 8389.2078621776745422 13961
265000000 314.25372920833962098 13113.292709164486951 11347.137191376219562 -1003.182849849161812 3907.0749906067248958 8443.2450506186560233 14011
266000000 310.31661251028037896 12949.003286659139121 11311.319187349054118 -971.9982550845447804 3872.877042052919478 8410.4404003806776018 13997
267000000 309.77595758584840269 12926.442643396168933 11444.693663119089251 -957.7587249014605959 3889.6714539408321798 8512.7809340797175537 14014
268000000 310.60854061001657556 12961.18496746692108 11463.982362941471365 -956.58107834615725551 3962.1127810680418406 8458.4506602195870073 13977
269000000 311.86937216417419449 13013.797400319415829 11425.149752425939369 -1021.8161615858309688 3964.2499488360676878 8482.7159651757028769 13989
270000000 315.02452845575669471 13145.456897563610255 11332.883601198816905 -921.84925782799518856 3927.7502054366345874 8326.982653590177506 14001
271000000 313.76096844109002859 13092.730610529048136 11531.79633880386973 -980.54816786067181056 4025.0184354918173995 8487.3260711727234593 14010
272000000 310.28189856162055094 12947.55473051626177 11344.213640130905333 -957.32764382198638486 3932.4239618972892458 8369.1173220556011074 14032
273000000 310.80818029369987698 12969.51560403597432 11471.909250885153597 -964.50330353709330211 4001.9160373324566535 8434.496517089790359 14010
274000000 307.06059302013710521 12813.134933565750543 11240.993517527474978 -917.71485736787258247 3846.4788161740725627 8312.229558721272042 14001
275000000 305.23761121277726716 12737.064892635407887 11449.496578689464513 -889.49077121518530475 3982.5239171910061486 8356.4634327136445791 13979
276000000 309.47981409928758012 12914.085061409894479 11332.498621643797378 -971.14177200284098035 3886.8695679531656424 8416.7708256934711244 14002
277000000 309.35549310733176753 12908.897350315686708 11478.245975257630562 -950.52768886376134105 3967.9187743676320679 8460.8548897537602898 13991
278000000 307.09307049483311403 12814.490165318182335 11360.188542901008987 -990.15773527631722573 3963.5892604453347303 8386.757017731992164 13985
279000000 308.90882073159917809 12890.258444668217635 11309.911406843919394 -959.41249386961408163 3898.0746667223038457 8371.2492339912314492 13995
280000000 308.66152090291120658 12879.939028416003566 11452.871158762980485 -970.33372410889535331 3963.5464995831030137 8459.6583832887718017 13982
281000000 309.79124262324779693 12927.080462937701668 11459.925005473181955 -940.90326091424594779 3896.9369239895895589 8503.891342397839253 13991
282000000 309.8813378352951986 12930.839988370376886 11410.595576114208598 -927.18670836083197173 3896.7574360626322232 8441.024848412409483 14016
283000000 310.53260359670008484 12958.016240446282609 11267.6218533240135 -941.12111935201357937 3901.2125015759406779 8307.5304711000862881 13991
284000000 307.78470480706431545 12843.350930811202488 11463.232049608035595 -976.11980541955153967 3876.6119966422938887 8562.7398583852918819 14008
285000000 308.34618744425773684 12866.780680367968671 11479.399289729739394 -982.46259079130595637 3951.2552892474600412 8510.6065912735866732 13982
286000000 310.28061255434630539 12947.501067541899829 11437.989002369542504 -1022.1520395655470566 4006.0047647667861384 8454.1362771683034225 13990
287000000 312.27872350659350786 13030.878960457323046 11281.94568739665192 -942.16230802703103109 3960.9773961843056895 8263.1305992393772613 13967
288000000 305.42537492136926858 12744.899964241805719 11324.918826585177158 -947.69041447811002854 3818.3925959627763405 8454.2166451005105046 14006
289000000 309.65578117683440951 12921.427878950551531 11291.734699941991494 -953.8488951636912816 3933.631672587119283 8311.9519225185631512 14004
290000000 315.10822985296056231 13148.949619589424401 11327.975719552998271 -962.40903799543491459 3869.1344287024094228 8421.2503288460247859 14014
291000000 309.31490224605607864 12907.203560248131907 11515.605531301385781 -845.916411160863845 3898.3122579653663706 8463.2096844968837104 13960
292000000 311.54143878208856222 13000.113278131817424 11374.266366584604839 -987.11567720330754128 3918.567859084149859 8442.8141847037641128 14009
293000000 313.32289287124575594 13074.450435491591634 11360.356603463787906 -921.59303379107745968 3973.6382507886100939 8308.3113864662554988 13991
294000000 312.11305593526986968 13023.965924419035218 11499.571125826862044 -918.18974024843805637 3959.3862117562412095 8458.3746543190591183 13970
295000000 310.52586100493550703 12957.734883150538735 11335.160784664934909 -970.12827842636693276 3950.1372002645139219 8355.151862826787692 14002
296000000 307.55521751326978119 12833.774802425574308 11406.946382145073585 -954.75812728843220611 3881.8522301804914605 8479.8522792530129664 13995
297000000 311.66006262283730166 13005.063256450108383 11346.05710917905526 -981.88819740792928314 3904.5031310386766563 8423.4421755483090237 14001
298000000 306.40486632132376599 12785.772533888217367 11384.047490213144556 -985.29108362175861657 3911.3007123306174435 8458.0378615042864112 14017
299000000 312.96310452298973814 13059.437057811353952 11430.729168075744383 -987.4217740475746723 3922.6854561594186634 8495.4654859639013011 13991
300000000 308.04330181436080238 12854.141759798134444 11364.959712761790797 -963.84643597396848236 3892.8160511714304448 8435.9900975643286074 13983
301000000 310.62838327773823721 12962.012969446786883 11408.674951316301303 -1000.526819679863479 3913.7842712481915441 8495.4174997479731246 14011
302000000 310.56786868050539852 12959.487794554859647 11316.180558905794896 -981.58981444025766905 3936.5432434709791778 8361.2271298750729329 14007
303000000 311.90034927840497403 13015.090024490389624 11342.458954100498886 -928.17820784374748655 3897.6616461866724421 8372.9755157575746125 13993
304000000 309.83667302434241719 12928.976199064523826 11265.616079786919727 -928.3670655626020789 3793.4792084583477845 8400.503936891174817 14002
305000000 309.9452779685352084 12933.508105261627861 11274.4216784864293 -956.59639865975304929 3890.3247347960009392 8340.6933423501814104 13999
306000000 309.57148238618219693 12917.91022867592801 11366.271099713558215 -897.40639161218246045 3934.8604394868980307 8328.8170518388433265 13966
307000000 308.77295196023374046 12884.588863678874986 11445.201214169715968 -955.38672490892463429 3929.2928105677701751 8471.2951285108683805 13958
308000000 310.11339229619255775 12940.523240428770805 11405.466146697945078 -946.98127258931197048 3875.6700330618550652 8476.7773862254016422 13982
309000000 309.83828759455985846 12929.043572431624852 11510.185295998930087 -925.66040803632211009 3983.6357503705726231 8452.2099536646801425 13986
310000000 308.76232656844211988 12884.145483506223172 11541.398401039388773 -854.69584768468507718 3981.5220357340022019 8414.5722129900714208 13984
311000000 309.38661676333396144 12910.196089434437454 11365.722096157494889 -964.00106346170798588 3852.9041207913596736 8476.8190388278417231 14002
312000000 307.52510239688365346 12832.518148010885852 11296.356349206353116 -981.27485716716637398 3932.7269903712090127 8344.9042160023109318 14004
313000000 307.69536231133298543 12839.622814995860608 11278.603895227688554 -976.6036058528045487 3812.5986201647406233 8442.6088809157536161 14015
314000000 313.83079240780466534 13095.644250141060184 11605.877452049342537 -919.09661557474305482 3998.8183682546832642 8526.1556993694030098 13966
315000000 308.61315829064778882 12877.920935926256789 11321.729932420925252 -939.75172745171994393 3876.6901524957174843 8384.7915073769290757 14033
316000000 311.55424864579907762 13000.647812734870968 11428.725643412044519 -921.22309595947785965 3890.0879996201661015 8459.8607397513551405 13973
317000000 312.727665797436714 13049.612585939446944 11259.3710065062387 -933.81795319723471493 3846.0900003773022036 8347.0989593261692789 13973
318000000 310.20124058586685578 12944.189005476016973 11382.75370756398479 -933.38670801707485225 3930.5566574934364326 8385.5837580876250286 13995
319000000 308.20331185097677462 12860.818716192050488 11238.385109778027982 -913.63569163864326583 3877.7198011214145481 8274.3010002952560171 13998
320000000 307.94255561451274161 12849.937786113330731 11293.721704917858006 -981.2835002454592086 3882.989749358512654 8392.0154558048052422 14009
321000000 311.64429044122039159 13004.405109179348074 11284.677058800894883 -1013.0751861248206751 3880.2931822587052011 8417.4590626670087659 13997
322000000 311.04968989166451365 12979.593403456719898 11234.644414671598497 -949.96013478597296853 3882.1627628436181112 8302.4417866139538091 14017
323000000 315.29351068585583562 13156.681084865187586 11454.997864255150489 -978.80678540980693469 3974.8533047633704882 8458.9513449015867081 14026
324000000 310.76826226087484883 12967.849889996152342 11454.398992051232199 -903.79585806805255288 3976.1482937676764777 8382.0465563516063412 13977
325000000 311.38975412769900686 12993.78372628366742 11358.832061621478715 -1004.6212797831501575 3875.9240816444016673 8487.5292597602274327 13996
326000000 309.81384635501069624 12928.023679591560722 11226.393468891408702 -928.32213800586237085 3820.930069655936677 8333.7855372413341684 14004
327000000 311.24675242163800704 12987.816499628277597 11545.951666043045407 -916.61905386093030756 3950.15534004174242 8512.41537986223193 13968
328000000 312.79571974047337335 13052.452365366410959 11531.760505083680982 -906.42683722384504108 3986.1767883420966427 8452.0105539654286986 13966
329000000 306.08717806724155253 12772.515924089066175 11439.422010261976538 -947.95979220056733539 3948.4811150465452556 8438.9006874159986182 13953
330000000 308.23654929585740092 12862.205660253852329 11509.900243684263842 -1022.5704051170230287 3950.7976461805969848 8581.6730026206914772 13962
331000000 310.69569332480722323 12964.821707315091771 11224.358510068401301 -1004.3819849241941711 3859.9039627555594052 8368.8365322370373178 14004
332000000 309.56728209651413408 12917.734957477015996 11506.352967799433827 -945.25949539736507177 3963.6654907674187598 8487.946972429379457 13967
333000000 306.34673867845037876 12783.346962686842744 11227.104112911782067 -957.6050386183738965 3871.5735609903836121 8313.1355905397722381 13985
334000000 312.30760154908904269 13032.083993807493243 11188.503669810565043 -984.58471793812191208 3788.7802389089306416 8384.3081488397565408 13978
335000000 309.88227370366217883 12930.879040622403409 11425.252266628875077 -992.94397132768131087 3965.2182819636700515 8452.9779559928865638 14000
336000000 310.86560224042784739 12971.911727694619913 11350.070865797968509 -959.33991607499422116 3878.5294137090249933 8430.8813681639385322 13980
337000000 310.49717288560884754 12956.537774982711198 11438.087109591022454 -949.56200539000656136 3964.9927079613812566 8422.656407019643666 13971
338000000 308.31698772133239572 12865.562223821052612 11264.150703750168759 -1003.1610592318702402 3909.3146253431250443 8357.9971376389148645 13979
339000000 310.62557184001036603 12961.895652761470046 11355.258024808752452 -1010.6778991803421377 3885.19404655425069 8480.7418774348443549 13984
340000000 310.801084926501062 12969.219525999949838 11189.909448077523848 -958.86239613579232355 3870.4350661473063155 8278.3367780660082644 14026
341000000 313.52729257515994732 13082.979699897921819 11352.929855075586602 -963.25968715848443935 3990.6772110774190878 8325.5123311566512712 13996
342000000 310.71689218851355463 12965.706301129086569 11167.713372164173052 -999.54060484419846944 3855.3577883244715849 8311.8961886839006183 14017
343000000 310.54506598647770943 12958.536275532012951 11341.663236097336267 -986.82292104979057967 3951.0251111192092139 8377.4610460279182007 13984
344000000 308.52437847367485801 12874.21629977264638 11266.137190669867778 -981.4154565597044666 3837.6300111675273001 8409.9226360620450578 14013
345000000 307.94282110570355826 12849.948864625288479 11131.876869369571068 -992.16532971074934721 3843.38430392271448 8280.6578951576047984 14029
346000000 310.20475185945309704 12944.335525163894999 11252.027993742180115 -1068.0765853126426919 3835.6888811483695463 8484.4156979064537154 14023
347000000 308.45918027303792996 12871.495685792291624 11176.682753013843467 -1030.2304942519413089 3792.5159738020465738 8414.3972734637391113 14066
348000000 308.47568998283526298 12872.184608904393826 11354.260827006713953 -1042.6833517450459112 3870.659061347192619 8526.2851174045681546 13984
349000000 306.85530269933269665 12804.568505177299812 11279.090148975628836 -1006.8538008256533658 3908.4071480349198282 8377.5368017663640785 14007
350000000 311.56241932331960243 13000.988761706992591 11346.751368914076011 -952.14766037417598454 3955.9489236822873863 8342.950105605963472 14019
351000000 312.17883168437373342 13026.710638549673604 11372.77971337168492 -1038.8295965188635819 3944.6234478276737718 8466.9858620628747303 13998
352000000 309.76277617977774526 12925.892604939796001 11283.612313048348369 -1026.7097079750160447 3868.5963253558356882 8441.7256956675282709 14029
353000000 306.18680477184591382 12776.673183073446125 11285.390862033746089 -996.55156516802435362 3888.6826297095176415 8393.2597974922537105 14017
354000000 309.79151844262668192 12927.091972428008376 11280.375526127787452 -1013.436719853021259 3854.536892071515922 8439.275353909293699 14016
355000000 313.42958320644322612 13078.902448195491161 11352.187643627188663 -978.08756060744372007 3915.3575341807854784 8414.9176700538482692 14023
356000000 312.11974221219884384 13024.244931789051407 11320.09223778557498 -938.62761203782179109 3905.4826652879792164 8353.2371845354191464 14004
357000000 309.00126395487433228 12894.115948758430022 11372.000609277349213 -994.3981566596638686 3899.1530442748362475 8467.2457216621769476 14006
358000000 309.09199579655160051 12897.90203970141738 11393.338224113544129 -937.12834624768242975 4007.5558702982411887 8322.910700062986507 13999
359000000 310.67734445436957458 12964.056039045895886 11423.411273496101785 -956.42669131557022411 3892.4513576258159446 8487.3866071858537907 13990
360000000 312.25121295912452979 13029.730990431768078 11341.87772480514468 -987.8259920631330715 3968.8460425529301574 8360.8576743153480493 13989
361000000 309.2445369892300846 12904.267333487547148 11381.696793747090851 -951.38293144353815478 3829.649055779340415 8503.4306694112892728 13987
362000000 309.5976488295323179 12919.00211144108107 11092.061819104786991 -983.43601343775753776 3810.8803092105986252 8264.6175233319463587 13990
363000000 307.14264479654082152 12816.558819621133807 11425.045907637788332 -965.3007928994879876 3929.2648612955399585 8461.0818392417349969 13978
364000000 311.35690515710064119 12992.412992616524207 11542.717340874363799 -965.46504500763330725 4052.3267122711572483 8455.8556736108403129 13994
365000000 310.07307645397798979 12938.840926455573936 11106.592002583685826 -1025.8258571246155952 3850.9159092367326593 8281.5019504715692165 14010
366000000 309.49228308474965843 12914.605371722718701 11507.008263850682852 -937.46668719055253405 3961.5798155342940845 8482.895135506940278 13971
367000000 307.70153289819774045 12839.880303465284669 11101.293554168547416 -963.58095727872239422 3838.8684068885841043 8226.0061045586880937 14044
368000000 308.0281067900330072 12853.507696354448854 11311.274836119300744 -974.13028593473154615 3887.74927062097413 8397.6558514330590697 13984
369000000 312.05108633838773358 13021.380034778103436 11216.857177719048195 -953.39155141640412694 3892.7191073385392883 8277.5296217969134887 14021
370000000 309.3987572709825713 12910.702692906845186 11253.618371155856948 -1037.0472057025124286 3868.8259262989140552 8421.8396505594555492 14023
371000000 308.3806807864563666 12868.220030965039768 11318.203485859618013 -983.55018755513253836 3871.0187208047791501 8430.7349526099696959 14010
372000000 313.35848522140037176 13075.935645888172076 11244.101308965833596 -1035.7491608226193875 3929.3462967285486229 8350.504173059904133 14031
373000000 312.01620229078054081 13019.924380685131837 11335.248002743486722 -977.47202283508659093 3940.2102997409019736 8372.5097258376736136 14017
374000000 308.55144779707052294 12875.34585824127862 11309.944598849084286 -1000.2073868144648259 3914.6539420816061465 8395.4980435819434206 14013
375000000 309.31853312073826601 12907.355070693585731 11199.638608037472295 -1031.90226016608176 3849.7575883340300607 8381.7832798695235397 14028
376000000 311.48629295043605225 12997.812133022191119 11296.438929480702427 -964.74409290477615286 3859.4063392299212865 8401.776683155556384 14011
377000000 311.31415185683692926 12990.628967516637204 11503.295390797946311 -926.75002244808024443 3973.432263184700787 8456.6131500613246317 13973
378000000 311.41103206423110805 12994.671619676993942 11379.463503475779362 -924.66020800486126063 3890.5292673251324231 8413.5944441555075173 13981
379000000 313.02336959919261972 13061.951820599942948 11492.267472134186391 -941.20342803361859296 3988.4653497652057013 8445.0055504025986011 13974
380000000 308.24698786957804941 12862.64124481480394 11359.079908061263268 -991.51754253463923305 3935.4617815856177003 8415.1356690102838911 13991
381000000 310.96412579355438766 12976.022953977120778 11406.007477609582565 -951.4671049022592797 3987.879132445178584 8369.5954500666630338 13989
382000000 309.09256078670858869 12897.925615814023331 11247.890510742936385 -993.74631436639992899 3858.0857461004156903 8383.5510790089192596 14012
383000000 306.28659416852741515 12780.837230931372687 11141.614701101418177 -970.54492557246805973 3822.7788897811014976 8289.3807368927846255 14011
384000000 312.97963606186675634 13060.126891815149065 11135.449587701717974 -1047.1298374421162407 3842.9066839505912867 8339.6727411932424729 14015
385000000 310.65899932972132547 12963.290527082346671 11453.636327827043715 -950.80911542094725064 3876.2618601710182702 8528.1835830769723543 13995
386000000 315.0352455774920486 13145.904105476367477 11503.892339036710837 -959.58888413007230156 3971.8140913393363007 8491.6671318274493387 13981
387000000 307.60675591237537674 12835.925415291603713 11363.836182057311817 -958.80498126194027009 3911.5424946406392337 8411.0986686786127393 14000
388000000 311.31541173256408683 12990.681540064397268 11280.891326482811564 -963.33951555252201615 3839.808450125051877 8404.4223919102805667 13987
389000000 307.34198395196159481 12824.876915638689752 11515.697748949838569 -914.75973776730893405 4013.8804035581656535 8416.5770831589816225 13965
390000000 308.67869126373545896 12880.655519411917339 11432.749928215196633 -967.85411748547073785 3951.4999317970195989 8449.1041139036478853 14000
391000000 312.88232302038539956 13056.066178198228954 11461.183040321995577 -907.09917458013444502 3975.6520187609066852 8392.6301961412245873 13974
392000000 308.08739401448031003 12855.981654993061966 11398.162382971244369 -920.01381553724058904 3953.7837657271566059 8364.3924327813292621 13983
393000000 309.75693682120828498 12925.648938083882967 11272.434595253809675 -935.06561389070634505 3798.9669562382860022 8408.5332529062307003 13993
394000000 310.93083138093373918 12974.633632744962597 11307.146834218201548 -956.53727390775782169 3871.3748178140485834 8392.3092903119104449 13996
395000000 311.93923752672139926 13016.712767311626521 11300.399488190480042 -943.80047337414873709 3874.0222011476930675 8370.1777604169346887 14001
396000000 308.32067519160324309 12865.716095907599083 11528.284539709104138 -950.97928423899793415 3970.7348885013016115 8508.5289354468022793 13976
397000000 312.11781798339740135 13024.16463687711439 11468.942516270923079 -971.62595484428391046 3897.1960533958349515 8543.3724177193726064 13993
398000000 313.06941449771119323 13063.87319869642306 11481.766031147959438 -979.28499029601277925 3963.2581128535298376 8497.7929085904415842 13970
399000000 305.91594705797945153 12765.370734910256942 11633.519880649779225 -952.87654600465407384 4059.449092246010423 8526.9473344084235578 13980
400000000 308.02553343816424558 12853.400314601545688 11471.166930438943382 -907.5675250028471055 3968.455672465177031 8410.2787829766130017 13962
401000000 312.06119953997176708 13021.802042093440832 11417.508221869515182 -937.02494370377780797 3974.6953415917246275 8379.8378239815683628 13997
402000000 313.93023615326700337 13099.793874540517209 11221.478341643869499 -981.68324038604657744 3874.9450037972696919 8328.2165782326446788 14012
403000000 308.14882115138954077 12858.544908669018696 11338.188430057216465 -993.36896042671799023 3964.4619213977198342 8367.0954690862126881 13968
404000000 310.10922082321496873 12940.349171703090178 11349.956862747583727 -926.98885713750883042 3893.795938778625441 8383.1497811064673442 13990
405000000 313.78958788489774179 13093.924852980107971 11304.778471748490119 -979.12829517574823512 3921.564615393753229 8362.3421515304853529 13978
406000000 315.8597144882751877 13180.307840903600663 11454.775643210618 -1007.0990532459107953 3923.717683165733888 8538.1570132907982043 13989
407000000 313.10151069611163166 13065.212520414375831 11500.20786808037883 -973.16441084075484014 3945.5874091211308041 8527.7848698000034346 14000
408000000 312.97971450680972794 13060.130165193961147 11356.454872375396008 -1038.7994140108016836 3919.3874226888237899 8475.866863697374356 14015
409000000 311.41874706495514147 12994.993554003758618 11272.68001318746974 -949.77847240891946967 3902.9851674046694825 8319.4733181917181355 13990
410000000 309.8982017320681166 12931.543691124064935 11138.091670028927183 -1059.920637346698868 3833.4208870419756749 8364.5914203336487844 14037
411000000 310.71487313208712067 12965.622049215886364 11372.216928418340103 -1017.0970815689759092 3892.2327640326780056 8497.0812459546377795 14020
412000000 306.4552358329577828 12787.874370997164078 11258.154129956723409 -982.87235920044304294 3826.1747054353668318 8414.8517837217987108 14015
413000000 307.13481260336146761 12816.231995045418444 11253.977258886174241 -1022.3359362735686773 3870.4482497936523941 8405.8649453660909785 14044
414000000 312.38244879286969535 13035.207246532743738 11478.651963223968778 -965.29451293319527849 3901.9697147773176766 8541.976761379846721 13988
415000000 312.36813822472919355 13034.610089995147064 11332.230953770871565 -1063.4411617894284063 3992.2856590418086853 8403.3864565184921958 14005
416000000 309.42470278986832 12911.785356856440558 11295.849880451427452 -1039.5404296747738044 3865.7084584359968176 8469.6818516902058036 14017
417000000 310.62779770497189702 12961.988534455651461 11417.563563943065674 -1024.776622829375583 3910.5275081000359023 8531.8126786724060366 14003
418000000 306.57182336028392911 12792.739377296107705 11289.535630931826745 -1012.6123174578451653 3915.200889745292443 8386.9470586443803768 14017
419000000 312.07043383558880123 13022.187374104278206 11426.72555622719301 -969.16321519689006436 3951.8788029638817534 8444.0099684602009802 13993
420000000 305.21229651990051934 12736.008552020542993 11474.772342759973981 -1022.3910374827378291 3954.3056413746735416 8542.857738868035085 13987
421000000 311.59039148625112148 13002.155994188698969 11233.662262682388246 -1050.8190615578480447 3865.5676332918283151 8418.9136909484095668 14009
422000000 312.23633923295284376 13029.110334233169851 11426.058727828105475 -1079.995293389628614 3959.2253993423782958 8546.8286218753564754 14030
423000000 311.83075312855413586 13012.185891302458913 11358.954974050368037 -1069.3038634134804852 3899.8490248108337255 8528.4098126530170703 14028
424000000 308.79626555520070497 12885.561701759985226 11414.250019002127374 -976.57436438997024197 3926.8398691502093243 8463.9845142418871546 14005
425000000 310.23407087019728579 12945.558959395846614 11379.965923895884771 -1027.2513889685556023 4018.6194511329094894 8388.5978617315322481 13995
426000000 312.00561378438726479 13019.482539679656838 11321.949372770195623 -1022.3563193828767908 3899.3239029190335714 8444.9817892340379331 14008
427000000 310.98572160876500448 12976.924111926346086 11284.622942816320574 -967.21450343761989643 3847.5247711086194613 8404.3126751453219185 13999
428000000 305.94515456076487681 12766.589516097974411 11013.670278641817276 -1043.0189836960576031 3812.8351157300112391 8243.8541466078640951 14009
429000000 311.50951661845903118 12998.781218599418935 11316.283505314106151 -975.35685365052813722 3843.965808527034369 8447.6745504375994642 14026
430000000 316.2169989210995027 13195.216734299570817 11268.879825406056625 -1050.1313246283907574 3929.8775578038589629 8389.1335922305897839 14016
431000000 312.57849614383900416 13043.387980949462872 11362.990842349419836 -980.19984209866254332 3923.9003578858710171 8419.2903265622117033 14009
432000000 311.66260808437800733 13005.169474385365902 11334.437962231888378 -1027.3782044410813796 3872.1717260984137283 8489.6444405745569384 13990
433000000 309.91964800465660801 12932.438608904934881 11319.9481639824171 -968.38011825912576569 3895.3321246439545575 8392.9961575975867163 13970
434000000 310.73249957445960945 12966.357571746784743 11328.962973033929302 -995.56062845067413036 3936.4826565340586058 8388.0409449505459634 14005
435000000 304.37957261148721955 12701.26034908130714 11407.251244109851541 -964.76272403361372199 3980.2276718247867393 8391.7862963186780689 13997
436000000 304.61644718162494883 12711.144736392790946 11184.346225992707332 -998.8702524322136469 3865.2979158252737761 8317.9185625996451563 14009
437000000 312.43567152329114833 13037.428143782095503 11393.619488328225998 -947.88378572572673875 3932.4917100376155759 8409.0115640163367061 14016
438000000 309.15972902107012033 12900.728436070632597 11303.893820671180947 -971.05700087690092914 3948.4457388759301466 8326.5050826721526391 13992
439000000 310.49827561005730558 12956.583789865355357 11378.130934048069321 -971.19976440778248161 3913.4925280387365092 8435.8381704171151796 14000
440000000 306.77530624570482587 12801.230384370397587 11389.215059043344809 -963.71463282653564875 3943.9162026033591246 8409.0134892665228108 13996
441000000 311.32835848985700977 12991.221787012123968 11343.99152070522905 -971.62111391167172769 3925.1108491127706657 8390.5017855041278381 13983
442000000 311.63515395382603401 13004.023858545227995 11310.551030751106737 -995.22143772294100472 3948.2154774952400658 8357.5569909788082441 13984
443000000 311.24167770084858375 12987.604739852835337 11364.880575408416917 -933.7615895788879925 3939.372332216344148 8359.269832770962239 13977
444000000 313.61207292006912439 13086.517444641885959 11225.584038269316807 -948.55852919904998544 3932.5393534995496339 8241.6032139688177267 13989
445000000 310.48618995087412031 12956.079475129452476 11246.293086768404464 -979.71662322736028727 3873.0413970362219516 8352.9683129595432547 14003
446000000 310.26129887374492 12946.695139326966455 11390.24008500976197 -990.1430453187558669 3875.3645421219976015 8505.0185882065197802 14017
447000000 310.46097365724500605 12955.027240553805314 11335.96973040192097 -921.67911071467096917 3963.7730209635460596 8293.8758201530472434 13984
448000000 308.37322941070556226 12867.909097276035027 11442.6412453942703 -898.99667832587192606 3943.7915587285829133 8397.8463649915593123 13985
449000000 311.20243758376238929 12985.967314124938639 11391.393476892157196 -935.97251147367387603 3852.4317562076648755 8474.9342321581680153 13978
450000000 315.83130220155328516 13179.122242777972133 11493.429122395868035 -940.48720597068881943 3957.0220699499641341 8476.8942584165924927 13999
451000000 309.91710303970728546 12932.332411691622838 11463.272601585969824 -876.61667141869088482 3967.2730337277380386 8372.6162392769219878 13970
452000000 307.02662080438932435 12811.71732872076791 11410.566586835979251 -911.73576144494427353 3955.4640239867580931 8366.8383242941672506 13998
453000000 308.3704328258819487 12867.792400378053571 11443.774163978599972 -926.05871963915342349 3972.8423227213588689 8396.9905608963945269 13983
454000000 308.87587287175830397 12888.883584515173425 11326.591950929898303 -957.38053794323946022 3846.0756361290414134 8437.8968527440956677 13978
455000000 312.19870270852737804 13027.539823796938435 11453.253188138691257 -948.54873443315455006 4021.1395966154359485 8380.6623259564094042 13977
456000000 306.75378506451085059 12800.332340776278215 11502.729072676915166 -884.96190071291607637 3901.2042380984162264 8486.4867352914170624 13987
457000000 307.56598748956355394 12834.224215872367495 11456.65416598028969 -932.12658870762459173 3964.6751399387489982 8424.1056147491653974 13991
458000000 307.61784588753056369 12836.388181766051275 11472.781007283425424 -877.20437403415712652 3992.6043700241566512 8357.3810112934261269 13944
459000000 309.58557888986058515 12918.498452654610446 11534.825741030288555 -876.67030440861390161 4001.7548881146249187 8409.7411573242770828 13962
460000000 312.16520652442210348 13026.142082971653508 11489.263404352823272 -887.36600129150883731 3902.8600344143801522 8473.7693712299533217 13988
461000000 306.42966493979560028 12786.807339564584254 11543.627345658918784 -918.95656006774788693 3945.8097693217996493 8516.7741364048670221 13990
462000000 306.09699942471922895 12772.92575322850098 11458.728843852211867 -883.56133591636466917 3834.5362573532079296 8507.7539224153679243 13965
463000000 308.17521801218742894 12859.646406376357845 11395.727989498242096 -927.32881580951197975 3925.9113792981652296 8397.1454260095906648 13978
464000000 305.19161167631358467 12735.145407423080542 11485.238864004102652 -890.20650667249151411 3930.8736176047209483 8444.5717530718738999 13970
465000000 311.52001241117312702 12999.219190815123511 11266.170515892317781 -920.82860755726665047 3901.1853816248822113 8285.813741824702447 13972
466000000 311.55253309601067713 13000.576225655891903 11458.457716195085595 -976.24787473469496035 3963.3620257452776059 8471.3435651845029497 14006
467000000 309.60542452844578065 12919.326578603739108 11301.376516499602076 -934.09138341937591576 3918.248343598711017 8317.2195563202658377 14011
468000000 302.89331850421723402 12639.241402805228063 11348.618634911872505 -961.60188199221443028 3876.8807886103559213 8433.3397282937294221 14003
469000000 308.13995047758390911 12858.174749999991036 11446.457013831406584 -940.35899707224950816 3995.4070324687527318 8391.4089784349034744 13975
470000000 304.64840370587410234 12712.478229737491347 11383.698831098554365 -971.01277565955160753 3986.9693238200643464 8367.7422829380393523 13989
471000000 307.24416140160445821 12820.794941052035938 11383.729707968355797 -990.92520711533120448 3887.6555398064283509 8486.9993752772570588 14022
472000000 306.64854159826393243 12795.940703540660252 11413.383890003267879 -909.51064572420693821 3984.1745700919454976 8338.7199656355296611 13978
473000000 312.33118188551367211 13033.067962572145916 11240.080667998423451 -929.77950118170247151 3859.2107259842659914 8310.6494431958617497 14007
474000000 309.57996080188695487 12918.264019057753103 11327.227018079182017 -938.01515686631080371 3933.6779854713568056 8331.5641894741347642 13996
475000000 313.47546368164086061 13080.816965176460144 11192.06469250488226 -1057.7039491877831097 3918.7856352849939867 8330.983006407670473 14048
476000000 307.76511328511065813 12842.533408732329917 11317.932408520078752 -1020.6274814462598215 3865.6753145977017994 8472.8845753686382523 14017
477000000 313.1772991014335048 13068.375046267132348 11193.899199075825891 -1008.1536684626188389 3835.4141573109932324 8366.6387102274493373 14012
478000000 308.15794230828117861 12858.925519586406153 11279.42832574609929 -1013.1614735295424907 3835.9123610506312616 8456.6774382250096096 14036
479000000 311.40629886405668003 12994.47411099668534 11217.599779030570062 -1047.9852336473745709 3852.6244002150392589 8412.9606124629026453 14028
480000000 312.02815979078337705 13020.42334754863441 11302.562178295549529 -1013.6850344495741183 3938.5346175725435387 8377.7125951725793129 14013
481000000 311.49830830153410943 12998.313513917015371 11435.438808664595854 -953.19879286261561901 3831.7664071664507901 8556.8711943607595458 14022
482000000 311.29578190402190785 12989.862419514411158 11333.118017576616694 -1015.4462114088169074 3893.7018961549774758 8454.8623328304565803 13985
483000000 309.83552846405444825 12928.928438440911123 11208.074735889455042 -1046.2888104589092109 3850.633155450248978 8403.7303908981139102 14010
484000000 308.58298789236317816 12876.661974688613554 11375.804396004801674 -1053.9909993222372577 3960.2421031260128075 8469.5532922010279435 14019
485000000 309.52559616872963488 12915.995472080079708 11277.680664525461907 -958.33121866914643761 3887.7155497888143145 8348.2963334057931206 13996
486000000 309.37239803596719412 12909.60276526169946 11348.825160914428125 -1045.44752012374488 3923.647782308641581 8470.6248987295311963 14016
487000000 309.9098034936138788 12932.027813605203846 11292.513548369497585 -959.81840278124093402 3842.9707785145983507 8409.3611726361414185 14013
488000000 310.6387127729445865 12962.444002340238512 11164.044903681464348 -1027.2994502107681001 3804.9403232032000233 8386.4040306890346983 14013
489000000 311.57678866714439891 13001.588370857496557 11220.459076889903372 -919.90808279774500988 3858.0768862322479436 8282.290273455400893 13979
490000000 307.82161591042137161 12844.891170616021554 11410.808304137190134 -1028.5875964716301496 3923.0767195659955178 8516.3191810428252211 14047
491000000 313.1440934176920905 13066.989427545579019 11543.651289787781934 -988.85856669832696753 3957.983495153423064 8574.526361332686065 13992
492000000 308.60382623641339706 12877.531524608652035 11296.372484684046867 -974.25653585192833361 3848.0291204547265806 8422.5999000812498707 14013
493000000 310.58939283475120874 12960.385962209555146 11342.973229629300477 -959.16622329073288711 3904.7597915838750851 8397.3796613361591881 13986
494000000 307.70977834863731459 12840.224372588681945 11190.691398036182363 -1007.8311908048397072 3946.1689587268106152 8252.3536301142121374 14008
495000000 308.12946684633863015 12857.737285262435762 11311.164404886325428 -1029.6758445550783563 3924.970994489597615 8415.8692549518054875 13998
496000000 313.42783105569060353 13078.829333818304804 11344.477120770119654 -941.20765682654098327 3927.7809262744626722 8357.903851322196715 14019
497000000 308.34055473584527363 12866.545636684179044 11171.320531407849558 -998.8604291086255671 3837.6161665876861662 8332.5647939287900954 14000
498000000 311.80187352293017966 13010.980792725502397 11159.023940728962771 -1033.9572526607155396 3854.045567661520181 8338.9356257281560829 14045
499000000 309.58553834184971265 12918.496760652618832 11384.839114327738571 -973.69232719749470562 3883.0850233111796115 8475.4464182140509365 14010
500000000 311.54335497046355385 13000.193237529945691 11464.315991003622912 -956.04574432578783671 3904.6962040213284126 8515.6655313080827909 13989
