# Steps Temp KinEng PotEng Epair Ebond Eangle Bonds
1000000 309.32421876300634267 12907.592323220353137 11417.609415760503907 -982.669615710756716 3921.1282053745044323 8479.1508260967584647 13981
2000000 305.1071741018502621 12731.621965927639394 11479.670593405098771 -894.97779578593872429 3907.033699742619774 8467.6146894484190852 13938
3000000 309.12786915525191489 12899.398976123726243 11424.479886685017846 -938.99149876385968128 3927.2297730517939272 8436.2416123970833723 13978
4000000 308.8797949872698041 12889.047247962767869 11329.214507936962036 -926.66062022286087085 3920.4381476565977209 8335.4369805032256409 13959
5000000 311.38165411370465563 12993.44572598459672 11217.176990934296555 -983.44616852713488697 3814.5412379877093372 8386.0819214737239236 14023
6000000 306.9778180145115698 12809.680868341114547 11334.387387263810524 -988.15668044462040598 3906.4182339638091435 8416.1258337446197402 14005
7000000 309.37963123870156323 12909.904594948555314 11366.366823311211192 -999.86520860335554062 3876.1888095562499075 8490.0432223583156883 14005
8000000 311.08893482210777393 12981.231030038112294 11342.254333987864811 -1016.0148095793950915 3912.7643209063858194 8445.504822660874197 14019
9000000 310.21801353822371539 12944.888913268379838 11313.475620280805742 -1009.5381859879544209 3936.891587291479027 8386.1222189772797719 14019
10000000 305.43717371511286274 12745.39230855340611 11263.406623964378014 -1018.9397317367502183 3832.292641750450457 8450.0537139506759559 14007
11000000 313.00022351300424361 13060.985972385431523 11246.548950652981148 -999.04481965474315075 3840.000237990423102 8405.5935323173016513 14030
12000000 313.85985387535606606 13096.856937517975894 11176.654115493573045 -1039.6280350390979947 3885.4077673752299233 8330.8743831574392971 14013
13000000 312.77105738793733281 13051.423245844052872 11396.064774878277603 -980.84364018796861728 3920.7864474363582303 8456.1219676298878767 14010
14000000 312.57043335625922964 13043.051534047617679 11321.608459713585034 -960.32883865236010479 3856.6414103660363253 8425.2958879999096098 14023
15000000 311.09407798603473339 12981.445645833427989 11329.000210941489058 -968.16483665402404313 3882.6305018400385052 8414.5345457554740278 14027
16000000 306.51012955973033058 12790.164996183628318 11505.409596241679537 -941.35858050545505193 3984.1408709010693201 8462.6273058460647007 13980
17000000 309.26179593177380411 12904.987520853332171 11385.190948193641816 -931.58415580038001735 3956.336329841441966 8360.4387741525806632 13961
18000000 312.1240870994365082 13024.426236807386886 11325.710379788208229 -927.33174032573742807 3869.4421846392492625 8383.5999354746963945 13990
19000000 311.93292902454425075 13016.449523862413116 11404.438149110759696 -986.08961295561516636 3887.5332484889645457 8502.9945135774105438 14014
20000000 310.80348391984250611 12969.319632057475246 11456.25744175822183 -970.30179616969246581 3943.3354292111798713 8483.2238087167370395 13989
21000000 309.2290677636723899 12903.621828076256861 11215.049134611410409 -964.70830833778450142 3840.1971186028636112 8339.5603243463338003 14003
22000000 310.47165023554208574 12955.472756655379271 11413.899395493097472 -965.6344825166611372 3973.9803198066533696 8405.5535582031043305 13951
23000000 308.75095815228468155 12883.671098145427095 11301.393464176719135 -971.98625756480987548 3834.434764850540887 8438.9449568909876689 14005
24000000 307.73001988462618783 12841.069018687150674 11360.167778006616572 -995.16869863838894616 3922.0055442530042455 8433.3309323920020688 13992
25000000 311.01273642106343686 12978.05139573629458 11510.016922691473155 -898.50395056197839949 3985.7109184817081768 8422.8099547717465612 13959
26000000 305.50227126597189908 12748.108722583605413 11526.998840494954493 -945.24970113239237435 4007.0454400931403143 8465.2031015342072351 13969
27000000 309.96739107687835713 12934.430849004857009 11439.251718078263366 -927.325915067161759 3986.6415616500862598 8379.936071495340002 13932
28000000 309.99619434734188417 12935.632762240766169 11440.069782511025551 -935.49827970351327622 3944.020184803106531 8431.547877411434456 13965
29000000 311.3525879624113486 12992.232843162813879 11362.028667756654613 -928.99473248748017795 3943.3768618061262714 8347.646538438008065 13969
30000000 308.68503054200010638 12880.920047096788039 11437.54029752594397 -944.61128476741225768 3922.8946310366477519 8459.2569512567079073 13981
31000000 311.10317793354863625 12981.825371718268798 11457.321315352081001 -983.11910352989241346 3988.0617897331412678 8452.3786291488322604 13988
32000000 306.63390696086685239 12795.330024124496049 11401.19255651991989 -919.3358010857955378 3958.2980852723831049 8362.2302723333323229 13983
33000000 308.90143598873521569 12889.950291460296285 11459.974256618748768 -927.11849637790680845 3949.2202386520320943 8437.8725143446245056 13998
34000000 308.99808000449894507 12893.98308773129429 11254.448339119931916 -1011.7954388598348032 3959.4478225367920459 8306.7959554429762647 14017
35000000 310.02837791942425838 12936.975729919162404 11309.733592973765553 -946.76423946873660498 3896.7182223401882766 8359.7796101023141091 13995
36000000 309.99886425885449626 12935.744173269238672 11351.049882905203049 -992.09355119020710845 3958.4699765085679246 8384.6734575868413231 14024
37000000 308.35681390113393263 12867.224104984854421 11194.277098226559247 -987.57041857383410388 3870.7465166331180626 8311.1010001672748331 13987
38000000 308.05296098682299544 12854.544821222876635 11411.38213552684465 -936.79288051175888086 3916.0682927259822463 8432.1067233126195788 13979
39000000 307.05044202135638898 12812.711349035385865 11282.066107811308029 -967.52298064843603242 3814.5250885941095476 8435.0639998656351963 14008
40000000 314.48955642236114727 13123.133392023022679 11283.67119467601151 -957.67560709523536389 3796.8256948090033802 8444.5211069622437208 13976
41000000 309.74036024209090101 12924.957224624729861 11251.626848349245847 -946.02381023491102496 3855.2505589235852312 8342.4000996605718683 13970
42000000 309.4796388283400006 12914.077747640714733 11470.98929368055542 -962.88949565641587469 3987.6078885298584282 8446.2709008071124117 13986
43000000 309.59553549004397155 12918.9139252503428 11490.252463261935191 -957.84717993585832119 3932.8697116943058063 8515.2299315034888423 13969
44000000 307.40167221901691619 12827.367609127582909 11391.165372065879637 -934.02971043955392361 3843.6812460498495057 8481.513836455580531 13995
45000000 309.97544054029867766 12934.766739911379773 11361.767464910004492 -967.58859141662833281 3913.2925631763355341 8416.0634931502972904 14014
46000000 309.95902487121617241 12934.081740964071287 11421.239290280929708 -955.70930663857143372 3937.8072025595101877 8439.1413943599909544 13984
47000000 312.72656937893481199 13049.566834193608884 11221.401277527504135 -956.77170130423746741 3875.3669606008861592 8302.8060182308563526 13995
48000000 310.17962874054029498 12943.287178616343226 11306.679077405191492 -963.0723094638690327 3909.9212528104826561 8359.830134058578551 14019
49000000 308.81174679553544138 12886.207708528216244 11227.87045552685413 -951.65881549999403433 3840.9689941116739647 8338.5602769151737448 14011
50000000 309.95756537137924624 12934.02083842961656 11371.918539908150706 -920.30193626967707132 3915.0695359714732149 8377.1509402063529706 13956
51000000 306.731610942236955 12799.407051021787993 11369.358380572492024 -923.4353112954813696 3914.5387477201529691 8378.2549441478186054 14015
52000000 310.4497335959580937 12954.558211231240421 11412.265773080182043 -963.60164166709409983 3921.2310858238788569 8454.6363289233977412 13969
53000000 310.68950894209967828 12964.563643167773989 11484.204616750763307 -885.76735904948952793 3987.2119917943318796 8382.7599840059228882 13958
54000000 311.9343338447674796 13016.508144706267558 11467.91439911989437 -882.80641194550651107 3975.6117245461791754 8375.1090865192199999 13961
55000000 314.23086418050462498 13112.338589054095792 11425.241417158871627 -915.79974237992553299 3876.1124091412420967 8464.9287503975538129 13980
56000000 307.54656228128413886 12833.413633790345557 11490.225910880946685 -924.36611603010635463 3938.0632397618833238 8476.5287871491709666 13988
57000000 311.74161590514631825 13008.466341164506957 11468.617863504809065 -917.04421601329340774 4002.7130921604943978 8382.9489873576076207 13964
58000000 310.66477047269398781 12963.531347413287222 11345.549967896306043 -990.26747172628574845 3896.8760326637802791 8438.9414069588128768 13996
59000000 308.5332422769993741 12874.586171747765547 11361.29999927400786 -922.54828620538694395 3938.0383308492628203 8345.8099546301309601 13979
60000000 304.78976105379075534 12718.37684002444621 11283.571544626156538 -966.40074951668225367 3911.1331032526504714 8338.8391908901903662 13980
61000000 309.9320887969438445 12932.957742762813723 11421.999039493905002 -924.1518535763507316 3930.242438263956501 8415.9084548063001421 14003
62000000 309.50589634128294847 12915.173430590613862 11447.753835935054667 -1029.1312218464495345 3938.5812303814400366 8538.3038274000664387 14006
63000000 310.30976083548256383 12948.71737750732791 11408.221782564682144 -982.37052856267791867 3961.8175169554310742 8428.7747941719280789 14023
64000000 311.63218873369652329 13003.900124772510026 11437.77774561208571 -969.68771690447817946 3868.6328929630326456 8538.8325695535295381 14003
65000000 308.38560555028914223 12868.42553328262693 11352.752352171344683 -903.49811316620719026 3907.5007533413386227 8348.7497119962135912 13983
66000000 310.35288140275827118 12950.516728057267756 11436.170201802651718 -951.40028572590108524 3942.2091701632411969 8445.3613173653120612 13989
67000000 308.97299080165782925 12892.936156445788583 11317.230420526353555 -912.16515048585029035 3915.483996313494572 8313.9115746987081366 13981
68000000 308.49053206122994197 12872.803944493161907 11553.581778003208456 -862.75683812281727114 3973.7230768054810142 8442.6155393205444852 13970
69000000 308.81835922833693076 12886.483634503905705 11526.269931554637878 -912.85815552032681808 4044.872647693070121 8394.255439381893666 13958
70000000 311.2320805578841032 12987.204266817298048 11327.980708185061303 -1026.0838721832335523 3950.7151110791214705 8403.3494692891727027 14022
71000000 311.09161478898852238 12981.342860660604856 11411.857660794543335 -903.53426076305265724 3967.4275249594925299 8347.9643965981031215 13964
72000000 310.40223687191189583 12952.576250836647887 11420.950595402984618 -931.95382296723641957 3941.2716615207523319 8411.6327568494689331 13963
73000000 304.96270145483214264 12725.593359318614603 11394.407643654074491 -879.74380233421641151 3921.5269016603415366 8352.6245443279512983 13990
74000000 311.72964119621371992 13007.966656200589568 11425.418026123519667 -969.1951748544787506 3989.9919923319580448 8404.6212086460400315 13970
75000000 305.49246207964330324 12747.699401326259249 11300.925600283455424 -986.72683394461182615 3926.5349493817711846 8361.1174848462978844 14002
76000000 310.24565385673514584 12946.042298426698835 11534.320339623161999 -909.53142640650219164 4064.7193472439621473 8379.1324187857026118 13948
77000000 309.55085214814414485 12917.049362678460966 11395.091046828285471 -956.9415149892381578 3903.7653529523504403 8448.2672088651706872 14010
78000000 312.89781791628621477 13056.712754790836698 11293.03861752352168 -919.24795830684513476 3872.231930212037696 8340.0546456183310511 13987
79000000 310.28507044669999004 12947.687088078386296 11408.622189138910471 -957.00563232081253773 3930.9281675633797022 8434.6996538963448984 13978
80000000 310.74018199892816483 12966.67814671983615 11345.727126119634704 -969.72744940657548796 3877.2186883757203759 8438.2358871504911804 13985
81000000 310.52349628400111214 12957.636207224350073 11488.791817896330031 -950.04884271786659156 3914.1416713387288837 8524.6989892754681932 13964
82000000 305.85663103303721755 12762.895574474227033 11328.475672080488948 -947.05314492696561501 3901.6495537929658894 8373.8792632144886738 14000
83000000 307.82566138397038458 12845.05998159219962 11334.109370742840838 -962.24057475870415601 3904.2153535205202388 8392.1345919810246414 13983
84000000 312.46015637643324681 13038.449856545861621 11360.78317031658662 -1006.7567151634448237 3919.4511699971280905 8448.0887154829033534 14016
85000000 313.06090317523643307 13063.51803516905602 11354.533348106180711 -923.32407265335621105 3882.5890690825044658 8395.2683516770339338 13985
86000000 311.00024056936513261 12977.529964339497383 11321.92501856439776 -902.13084818094785078 3932.8327194976841383 8291.2231472476614726 13971
87000000 309.08550580549467668 12897.631223018912351 11228.295288986282685 -1036.3724717809195681 3902.3537542907838542 8362.3140064764174895 13987
88000000 310.95669602897652339 12975.712922086917388 11366.303621085891791 -967.44637042912961533 3945.0055841957137091 8388.7444073193073564 13997
89000000 311.07108879526981582 12980.486344607612409 11507.785144458272043 -976.04866596076522001 3919.5949445713481509 8564.2388658476884302 13999
90000000 305.40755393610754709 12744.156323755210906 11217.540035276582785 -1005.0517767259975699 3870.5107003096591143 8352.0811116929216951 13979
91000000 312.45061836724056548 13038.051851065636583 11382.446789143015849 -962.85370571889131952 3933.1621696979623266 8412.1383251639454102 13992
92000000 310.80974506692842851 12969.580899456401312 11370.339483341002051 -989.30299988759134067 3945.8766393951768805 8413.7658438334183302 14005
93000000 307.58817092261551807 12835.149894150354157 11443.629477138367292 -989.89745306556960713 3962.0435197549859367 8471.4834104489527817 13999
94000000 309.6984300157843677 12923.207545051143825 11447.487494597620753 -964.90586484803156964 3906.480831660948752 8505.912527784705162 14039
95000000 307.18935155938385151 12818.507816230341632 11369.869258861432172 -971.18130764876127614 3912.3534068851054144 8428.6971596250896255 14001
96000000 309.68970905665827331 12922.843633730144575 11287.734124078451714 -979.07709048449567035 3900.3382827505083696 8366.4729318124373094 14008
97000000 308.80396001864119171 12885.882779099591062 11350.961492952330445 -971.73789235368121808 3854.8675377614299578 8467.83184754458307 14005
98000000 308.7491012645998012 12883.59361326783619 11310.757196909931736 -960.14243251965103809 3826.2117250994901951 8444.6879043300923513 14008
99000000 306.87488944117592382 12805.385827790005351 11452.641152949963725 -915.09072513252635872 3879.9235199369995826 8487.8083581454902742 13980
100000000 309.7936974830012673 12927.182900208974388 11363.902634801328531 -936.34628317182773571 3918.5884873419927317 8381.6604306311637629 13984
101000000 310.76188529247554015 12967.583789563779646 11329.823157799859473 -995.6745346467133686 3934.3347222008337667 8391.162970245737597 13970
102000000 312.03885933940694031 13020.869822164258949 11258.258459932061669 -933.43544748531917321 3816.2389382299938916 8375.454969187387178 14013
103000000 314.81032533554866859 13136.518552674018792 11474.699134929209322 -916.03547652287420533 3949.003076984128711 8441.7315344679536793 13993
104000000 307.10315787113228225 12814.911094986739045 11277.557621548881798 -940.44091043357661874 3951.3369649298329023 8266.6615670526261965 13976
105000000 308.19118666186403743 12860.312751937020948 11362.223385950823285 -991.53418144313059202 3950.2279312715190827 8403.5296361224354769 13987
106000000 311.09796445242005802 12981.607821701456487 11405.685028165155018 -984.30774300837447299 4014.5157849736765456 8375.4769861998520355 14002
107000000 308.21500168483078141 12861.306513786164942 11395.455188469026325 -995.3219841524489766 3899.787034509914065 8490.990138111561464 14026
108000000 310.48670090726710669 12956.100796501707009 11282.852994398519513 -1008.2958591496301324 3858.7067154788819607 8432.4421380692692765 13987
109000000 308.16118597770685028 12859.060872591564475 11428.322244521883476 -947.19311604925337633 3963.1382069622600284 8412.3771536088770517 13996
110000000 308.62778535112073541 12878.531299169804697 11385.393458545348039 -987.27356061563978074 3988.8288950510523136 8383.8381241099359613 13989
111000000 309.11983699819120375 12899.063807383203311 11302.736529892730687 -990.70067114131461494 3921.583556764471723 8371.8536442695731239 13997
112000000 310.98438903604210282 12976.86850585218599 11384.678182634854238 -949.32425413253088209 3916.6731514482066814 8417.3292853191778704 14008
113000000 312.21788284359763566 13028.340179375887601 11348.517158598002425 -967.89414417532520929 3863.1082175999554238 8453.3030851733710733 14006
114000000 310.1614444836696407 12942.528379401313941 11302.963416433633029 -983.44911244447825993 3892.2154397934182271 8394.1970890846914699 13985
115000000 307.48382770945721632 12830.795822999611119 11361.069752455516209 -957.98703981777839545 3964.9803910856444418 8354.0764011876490258 13949
116000000 311.64376068025353561 13004.383003123068193 11392.357284519133827 -1006.0420962958112341 3933.1111172528671887 8465.2882635620771907 14003
117000000 305.31970117132647147 12740.490371969099215 11295.576545667714527 -930.34163662638502501 3893.1110439546419002 8332.8071383394562872 14017
118000000 309.69764951038968093 12923.174975841136984 11317.138724751348491 -969.55493139483974119 3944.3407494297798621 8342.352906716409052 13979
119000000 307.17559020784420909 12817.933577600724675 11370.226688371183627 -994.23167026793362311 3944.6411352806840114 8419.8172233584336936 13958
120000000 310.81523074278624108 12969.809807712836118 11327.463525108827525 -958.97928236061966345 3840.9308070126007806 8445.5120004568452714 13993
121000000 308.98637524764995987 12893.494667425075022 11454.572582657177918 -945.87326483831020596 3980.667815811915716 8419.7780316835724079 13971
122000000 311.47381652108907701 12997.291512088258969 11376.114843729370477 -920.87295273551501396 3923.9462182500665222 8373.0415782148193102 13964
123000000 308.34533190647601941 12866.744980179513732 11298.034411674016155 -1006.5892031089612146 3884.8516136586704306 8419.7720011243054614 14016
124000000 311.76043702717640826 13009.251715718110063 11576.778666179927313 -934.60740789302144549 3968.1115589790592821 8543.2745150938899314 13996
125000000 310.81873255964427472 12969.9559327869556 11341.191826569840487 -910.69750101097565675 3907.6506290020961387 8344.2386985787197773 13987
126000000 311.36802885083187675 12992.877166111846236 11482.077560631347296 -909.05154841410922018 4010.7967165731679415 8380.3323924722899392 13942
127000000 310.57749662942831037 12959.889553072516719 11542.78529893661289 -943.382319743762082 3998.7350238418762274 8487.4325948384994263 13954
128000000 309.99679126606787349 12935.657670680189767 11388.419486707065516 -945.55963716736869173 3920.6900084303683798 8413.2891154440658283 13997
129000000 308.30931827552433333 12865.242190426217348 11342.804718545587093 -917.690682247092127 3876.404636126701007 8384.0907646659761667 14006
130000000 311.95721801602155665 13017.463063640141627 11415.376693662417892 -940.84975501989856639 3997.5032344868186556 8358.7232141954955296 14000
131000000 308.89421634364936153 12889.649027511875829 11335.445836055492691 -937.02198260898569515 3864.5231511174724801 8407.9446675470062473 13996
132000000 307.7494598160334931 12841.880215141150984 11283.319358400443889 -982.5609769615030018 3867.911110858183747 8397.9692245037640532 14026
133000000 311.94317897065747047 13016.877237302676804 11389.953366174508119 -945.43376518437116829 3867.7765879382300227 8467.6105434206492646 13966
134000000 310.84742128984305509 12971.153066445476725 11467.759234538809324 -943.00682703524455519 3986.6833747107648378 8424.0826868632902915 13982
135000000 309.87016790278255485 12930.373885406543195 11483.061693631918388 -914.87868319706046805 3906.9645077961567949 8490.9758690328217199 13997
136000000 311.75659834361925959 13009.091533749135124 11239.860239364294102 -921.19714418250953258 3851.4381053446345504 8309.6192782021680614 14045
137000000 310.05768350859591465 12938.198604090905064 11511.35448192343938 -930.07699871307636386 4014.2562368113453886 8427.1752438251696731 13956
138000000 310.15697660387797896 12942.341942105422277 11394.379097083769011 -921.89798134364400539 3851.917276738219698 8464.3598016891937732 13984
139000000 311.37798708772368173 12993.292707004737167 11291.66514481032209 -875.20642841491553554 3889.712581864614549 8277.1589913606258051 13976
140000000 310.42667779381815762 12953.59613042199453 11372.890223831615003 -981.71598040718788525 3907.4072233808478813 8447.1989808579564851 14000
141000000 306.53016743582861636 12791.001143888888691 11315.343654600412265 -951.16469168963840275 3849.3801483903516782 8417.128197899699444 13977
142000000 306.43171999075332224 12786.893093470540407 11277.193116717377052 -976.2281516222526534 3789.4377324358711121 8463.9835359037588205 13991
143000000 311.64313858366847398 13004.357044052880156 11415.706459828905281 -974.39645756837944646 3949.4878236253425712 8440.6150937719394278 13983
144000000 307.02141380597453235 12811.500049216969273 11520.712993996226942 -944.83330406282789227 3962.5163041005375817 8503.0299939585165703 13993
145000000 311.136776752392052 12983.227395322843222 11284.852998647333152 -940.46716761702646181 3814.3164964512116057 8411.003669813149827 14002
146000000 315.37741811353714638 13160.182404204913837 11512.866474083291905 -940.28098060638694733 3960.5195364614760365 8492.6279182282032707 13988
147000000 305.95422660511235335 12766.968077629442632 11326.574397050480911 -948.13569507218619492 3919.00587097648895 8355.7042211461812258 13996
148000000 309.23770721824024577 12903.982338345716926 11440.805186598579894 -931.91961218723054117 3935.2320094732685902 8437.4927893125422997 14008
149000000 311.22270070275311582 12986.812860846675903 11489.994604037527097 -844.13349912760691041 3920.4925084356259504 8413.63559472950692 13952
150000000 310.89748470446710371 12973.242130628228551 11380.854665363194727 -961.05870377052679032 3944.3745675572254186 8397.538801576496553 13963
151000000 309.33805546142014009 12908.16970595145176 11522.11304229205416 -930.82508057496738729 3994.1840551133113877 8458.7540677537108422 13970
152000000 311.81871165123209266 13011.683420203156857 11427.592793375562906 -882.54592263752545023 3959.7945074378276331 8350.3442085752612911 13958
153000000 308.82284250892513455 12886.670714449777734 11411.222332353372622 -951.79061972089016308 3913.3491425752599753 8449.6638094990048558 13966
154000000 312.23017927011841266 13028.853289087106532 11323.370351951016346 -878.59817950488877614 3948.3340632661856944 8253.634468189720792 13963
155000000 308.80716796611886821 12886.016641486447043 11505.538552017620532 -928.70287713937727858 3988.2213543112302432 8446.0200748457682494 13990
156000000 314.36508764618480427 13117.939514135674472 11468.08644899079809 -982.90554745921178892 3893.4422468974107687 8557.5497495525996783 13990
157000000 308.9625735879769195 12892.50146320426029 11493.157017927129345 -942.18192250238325869 4009.6132545485197625 8425.725685880992387 13938
158000000 309.9836802893871095 12935.110571126744617 11271.86537273515205 -909.53109415589824494 3869.6179929412223828 8311.7784739498274575 13953
159000000 309.757645933068261 12925.678528158779955 11345.450217172077828 -900.23900197155444403 3954.5392930390244146 8291.149926104608312 13952
160000000 308.53819606366005246 12874.79288514036125 11430.039948587856998 -904.54073635753388771 3961.8437510137487152 8372.7369339316428523 13944
161000000 306.63947082489676177 12795.562195045115004 11539.160223544047767 -887.74755702086781639 4045.2818938583527597 8381.6258867065625964 13942
162000000 310.62402646797249872 12961.831166920910619 11606.244842446507391 -922.87856973309885689 3932.3615670743429291 8596.7618451052640012 13975
163000000 311.09640600608952354 12981.542790292105565 11317.434322345055989 -952.48289428927148492 3951.0718414872294488 8318.8453751470988209 13989
164000000 309.67079278780209961 12922.054288855539198 11477.000955571102168 -933.92645460393953272 3945.190381479349071 8465.7370286956938799 14008
165000000 309.68792025425040038 12922.76898993949726 11391.293733124944993 -936.94128839220252303 3892.8946818004610577 8435.3403397166875948 14002
166000000 308.78262722048987143 12884.99259642087236 11373.501647401219088 -970.77691531321102048 3874.1844467467617505 8470.0941159676694951 14024
167000000 309.34293206326680092 12908.373198548350047 11280.88112664266373 -904.45616376236762335 3836.5805546040292029 8348.7567358010019234 13977
168000000 308.18337658370455756 12859.986850184812283 11423.181562297579148 -935.72052371682866578 3953.4199458197299464 8405.4821401946774131 13997
169000000 308.69278767374328254 12881.243739481880766 11540.928047233390316 -949.58538221546552904 4067.9758420129915066 8422.5375874358633155 13977
170000000 307.99760889246266515 12852.235069108746757 11300.30719730018609 -996.11859585304864595 3885.3799785549554144 8411.0458145982793212 14005
171000000 309.83327182529382071 12928.834272606565719 11319.535990173581013 -965.38903870617491521 3915.6331582226725914 8369.2918706570835639 14030
172000000 309.0044863582392054 12894.250414365749748 11479.613811434333911 -963.73334396543691582 3937.2584304804167914 8506.0887249193547177 13986
173000000 305.81671911903231376 12761.230115762733476 11384.406761028454639 -929.92242375222770079 3966.6509494711949628 8347.6782353094858991 13998
174000000 314.92326482600236659 13141.231332377457875 11291.45935620419732 -1024.0512817328005895 3875.6374721791698903 8439.8731657578282466 14020
175000000 309.77604376977939182 12926.446239710257942 11365.154316584095795 -921.58259113353199155 3991.4421283019328257 8295.2947794156934833 13979
176000000 313.38253478487160919 13076.939194727896393 11359.268723642177065 -970.90588061228095285 3882.0654347687509471 8448.1091694857059338 14033
177000000 309.67489266504952639 12922.225370008824029 11557.114114539086586 -952.32665252935225908 3982.3577526393396511 8527.0830144290994212 13973
178000000 311.23492261709395734 12987.322861286835177 11401.501188551857922 -909.06757806532368704 3919.7878234144823182 8390.7809432027006551 13979
179000000 306.62836934592507987 12795.098948535274758 11516.028118038217144 -935.59803667394771765 4006.5673628911040396 8445.0587918210603675 13981
180000000 311.52772718362444948 12999.541115616440948 11504.525082311540245 -955.29866811138560934 3962.7278800539106669 8497.0958703690157563 13985
181000000 312.48653699674332529 13039.550676564280366 11418.819725444242067 -913.36533664593616777 3946.3545091714568116 8385.8305529187200591 13978
182000000 309.74038268221926273 12924.958161014481448 11496.361599871444923 -912.44354513369421511 3931.3799621326252236 8477.4251828725118685 13996
183000000 303.73362602868962767 12674.306057604644593 11357.896777866393677 -930.0162922542308479 3866.6664467285818318 8421.2466233920422383 14017
184000000 314.28619304446613114 13114.647371801782356 11456.210842255037278 -903.71058325766966846 3944.922990438130455 8414.998435074574445 13966
185000000 309.35433439466623895 12908.848999136569546 11498.705749851133078 -928.33695491318235327 3960.9518534488224759 8466.0908513154936372 13987
186000000 311.34109956858407031 12991.753451330632743 11339.866865722622606 -954.65104083930236811 3909.4276896146784566 8385.0902169472465175 13996
187000000 308.59934451032592051 12877.344509529546485 11240.206737622549554 -1010.1847689106182315 3807.6648690457604971 8442.7266374874070607 14007
188000000 309.02634549142220521 12895.162560142092843 11463.90965220715043 -1020.7400874839879634 3920.3449882621357574 8564.304751429002863 14002
189000000 308.06238930666745546 12854.938249546503357 11229.199508135339784 -990.15236701668175101 3901.5343721616727635 8317.8175029903504765 14000
190000000 308.47007161409942455 12871.950163591789533 11295.456252684918582 -941.77433111005905175 3943.5511586120419452 8293.6794251829342102 13998
191000000 310.61492134376163676 12961.451225020997299 11333.574429791176954 -979.05821643858052994 3895.0253610531317463 8417.6072851766257372 14015
192000000 309.2159538896771096 12903.074607622631447 11333.535028987058467 -1007.381872563287402 3921.0436846072534536 8419.8732169430950307 14014
193000000 313.63096911529294175 13087.305951876736799 11173.059174453799642 -1019.5022043733101782 3825.8618827026807594 8366.6994961244290607 14014
194000000 309.51826047333713632 12915.689365542697487 11311.710815440710576 -956.06811937478641994 3898.3455626891268366 8369.4333721263683401 13982
195000000 310.97202314633369724 12976.352497556074013 11413.689269019956555 -960.41451554477680475 3956.2671888708482584 8417.8365956938869203 13996
196000000 306.54865033972049559 12791.772405154299122 11377.999385861101473 -934.65587625666614713 3954.2366813809535415 8358.4185807368157839 13980
197000000 307.05121302926607996 12812.743521930919087 11451.948476234934787 -960.47153471326146246 3915.1336414579873235 8497.2863694902080169 13983
198000000 307.79723981932602328 12843.873996314085161 11318.641376260377001 -955.16941973020163914 3886.7962300754434182 8387.0145659151348809 13965
199000000 314.13032042887772377 13108.143063201521727 11158.716860323154833 -974.73756779209122669 3845.4783242531498217 8287.9761038620963518 14017
200000000 309.18431558748198995 12901.754393162325869 11391.730898240854003 -957.53729605873809305 3964.4632989036740582 8384.8048953959169012 13979
201000000 310.41250229433876484 12953.004610078098267 11421.0753785454217 -922.74920371513951523 3957.4483740747464253 8386.3762081858149031 13961
202000000 309.89379868399470297 12931.359959149443966 11280.64813646872426 -970.88278396899113432 3853.1945544223235629 8398.3363660153918318 13999
203000000 308.17897010036898564 12859.802974862337578 11321.973336628368997 -935.74682558395920751 3850.9858565143595115 8406.7343056979698304 13987
204000000 309.10233771413646764 12898.333590960352012 11370.631667341964203 -951.95770633121355786 3905.3614964203657109 8417.2278772528115951 13992
205000000 309.05889982266478455 12896.520998992160457 11376.673346423744078 -953.97830905013688607 3919.1678757928443702 8411.4837796810370492 13990
206000000 309.11027232697489353 12898.664689340459518 11484.373452667234233 -941.04054624318087008 4004.836172396042457 8420.5778265143708268 13981
207000000 308.92529203436163243 12890.945765117745395 11444.049772763686633 -899.95795533930061083 3954.5484703118554535 8389.4592577911316766 13963
208000000 310.26070797812371893 12946.670482221827115 11428.113045677857372 -920.21533973836108089 3925.3088178725711259 8423.0195675436480087 13975
209000000 310.88868380239051703 12972.874883419020989 11507.587010191768059 -925.79542144921208546 4037.4112129904260655 8395.9712186505566933 13984
210000000 311.48868510047441305 12997.911953519902454 11321.016224636314291 -915.87060352689809406 3879.9983988353669702 8356.8884293278460973 13962
211000000 307.38255322831349758 12826.569805002776775 11476.060400689355447 -948.57869212685091043 3960.7475541355529458 8463.8915386806529568 13965
212000000 312.6604351650943272 13046.807161917435224 11459.196422633955081 -905.41081066359265606 3940.45791732479438 8424.1493159727524471 13966
213000000 310.96594063530221774 12976.098684346718073 11208.821006572845363 -944.95854826901563683 3838.0576163463601915 8315.7219384955005808 14010
214000000 310.88974847653878442 12972.919310525045148 11430.971621238379157 -947.19737142575013422 4001.7636035178138627 8376.4053891463136097 13958
215000000 311.66232285555679482 13005.157572254463958 11423.653592978045708 -960.26396243974090794 3867.6536854749847407 8516.2638699428007385 13998
216000000 312.40770919763929214 13036.261321793934258 11376.915900062947912 -935.80190799098829757 3963.0945579107847152 8349.6232501431532 13996
217000000 308.90444011627010923 12890.075648775227819 11202.026608134648995 -921.16444021139659526 3843.8444833376520364 8279.3465650083962828 14015
218000000 307.57268196429293994 12834.503565323149815 11195.335938745030944 -986.0309305367751449 3808.5248110434713453 8372.8420582383350848 14008
219000000 308.08607288260725454 12855.92652632680074 11444.182061740635618 -957.03116970920359563 3975.3940092585744424 8425.8192221912649984 13968
220000000 309.47815193007971857 12914.015701814991189 11417.880760531905253 -937.97203697456973259 3954.1554282620918457 8401.6973692443843902 13991
221000000 311.93679261764197008 13016.610745265661535 11410.65012437119367 -983.0430557574283057 3928.181000383016908 8465.5121797456049535 13961
222000000 309.48639821264043803 12914.359805661439168 11371.176454853744872 -949.8012068719248191 3903.1243343855526291 8417.8533273401171755 14019
223000000 310.46605373796558069 12955.239223990383834 11324.028205231603351 -981.99919651103391516 3844.133869098847299 8461.8935326437895128 13992
224000000 308.32754326226603325 12866.002689231965633 11447.42222150167072 -909.68475227426858964 3942.365174379884138 8414.7417993960552849 14000
225000000 310.27265350987516968 12947.16894966982909 11451.284307138286749 -971.90999896122104929 3969.583604514930812 8453.6107015845755086 13972
226000000 312.06827429596046386 13022.097260057471431 11274.58625262482019 -1002.2234175984474405 3894.8406257118558642 8381.9690445114138129 14022
227000000 310.31917598612312759 12949.11025630167569 11365.524162526075088 -1007.3284102976192571 3935.2000524093236891 8437.6525204143708834 14001
228000000 311.80928488456322611 13011.290056691001155 11150.829556488573871 -1031.6854117688931183 3847.0466278765588868 8335.4683403809067386 14011
229000000 313.98357589384386301 13102.019654431745948 11213.525883756239637 -1037.6085942906070159 3799.1785436381692307 8451.9559344086774217 14024
230000000 309.67771670953601415 12922.343212753501575 11360.945303491094819 -1065.409847739759698 3927.1828535875242778 8499.1722976433302392 14024
231000000 307.49882092700312342 12831.421465377274217 11303.126058320689481 -977.69662174279972078 3863.1408564736311746 8417.6818235898572311 14002
232000000 307.90897377941661262 12848.53647121267386 11425.539039181099724 -900.41715825479650448 3923.5222291295885952 8402.4339683063080884 13967
233000000 310.48800659899626453 12956.155280876086181 11257.869155291024072 -963.33530579594560095 3869.5069006420717415 8351.6975604448980448 13985
234000000 308.88837041510976178 12889.405086501883488 11410.731993220510049 -940.06751472350833865 3950.5149971780851956 8400.2845107659341011 13977
235000000 309.03991300936763764 12895.728710413734007 11349.527656184589432 -960.97311984247835426 3860.7646740464651884 8449.7361019806012337 13989
236000000 310.5130697710108052 12957.201125937892357 11338.315425552020315 -988.94678926961000798 3940.5544095171180743 8386.7078053045115666 14009
237000000 306.36756338430359392 12784.215943507288102 11467.019844814336466 -977.26237765081873476 3937.6222104071389367 8506.660012058016946 13986
238000000 311.23841921823594703 12987.468768717679268 11239.657430216666398 -1025.9274868640732166 3844.2065375740066884 8421.378379506732017 14025
239000000 307.79720571166490117 12843.872573057326008 11241.460551767089783 -1032.7953809377868311 3822.9634260217499104 8451.2925066831267031 14003
240000000 309.83732838652099417 12929.003546253368768 11317.237111119004112 -979.5746881210355923 3827.0746573589349282 8469.7371418811035255 13988
241000000 312.76886229768342673 13051.331648327946823 11408.319580245326506 -943.73692614774859067 4018.4096106101051191 8333.6468957829692954 13972
242000000 309.15708977953210024 12900.618304849898777 11356.005647022064295 -957.73632188875035354 3872.5854209615390573 8441.1565479492746817 13997
243000000 308.58967764557979763 12876.941127118412624 11474.968689610073852 -945.81002393191124611 3996.0799422100208176 8424.6987713319667819 13986
244000000 313.99927689837272737 13102.674831599359095 11247.528754163726262 -962.13153867534174424 3833.7037780139407914 8375.9565148251276696 14004
245000000 312.65317382129154566 13046.504157949946602 11375.082921194161827 -998.64435409596808313 3894.9038424307250352 8478.82343285940442 14024
246000000 308.88478931450890741 12889.255653047210217 11535.536111367287958 -948.68811107619592349 3947.513009097383474 8536.7112133461014309 14005
247000000 308.64468964841984189 12879.236687771188372 11348.564033580412797 -951.59811601279534443 3944.1131195397701958 8356.0490300534384005 13976
248000000 306.17088920834055443 12776.009052711642653 11275.038182170523214 -915.58508633464703053 3875.0731365073220331 8315.5501319978466199 13988
249000000 313.68250826140160825 13089.456595913979982 11344.577667425288382 -939.49121893572100817 3873.5603932095837081 8410.5084931514265918 13996
250000000 310.18325025354590707 12943.438298414388555 11385.676905158019508 -1022.7609086596837642 3942.1089496111212611 8466.3288642065817839 14027
251000000 308.16414609065333252 12859.184393249910499 11263.468343317430481 -1009.8400457789266511 3917.1966321972363403 8356.1117568991212465 13990
252000000 307.13509387725406441 12816.243732143635498 11437.082299061847152 -879.45717339501038623 3915.5223357197842233 8401.0171367370712687 13974
253000000 304.22076223666670103 12694.633452606538413 11568.603154928396179 -916.31359031716556274 3973.4605203679625447 8511.456224877598288 13961
254000000 314.06712965519443514 13105.506215855541086 11393.458676180085604 -957.15262714751099793 3923.1542522672789346 8427.4570510603189177 13984
255000000 313.13042844178107771 13066.419210512876816 11506.736745428945142 -946.5684936239936178 3976.3776189004752268 8476.9276201524626231 13969
256000000 311.98033300461241879 13018.427614202912082 11470.188652010669102 -1021.580847544483504 3936.6680502285580587 8555.1014493265956844 14026
257000000 309.04322289192589324 12895.866826384317392 11414.86021962153427 -1006.5186499303298433 3895.984423426714784 8525.3944461251503526 14015
258000000 310.67327137561574091 12963.886076149794462 11262.042182398025034 -998.49775875210912091 3918.0047626292207497 8342.5351785209131776 13981
259000000 311.28521607112782021 12989.421524636869435 11207.993131517272559 -994.67662543938592989 3809.8824689863131425 8392.7872879703463695 14025
260000000 311.77115930284281831 13009.699138695958027 11271.149161960143829 -1046.7696677520896174 3915.6306156436648962 8402.2882140685669583 14020
261000000 310.56651612377908123 12959.431354581012783 11242.270731176569825 -1006.9504089578178991 3852.5189379855751213 8396.7022021488119208 14023
262000000 311.00202597361965218 12977.60446633077845 11399.137913548755023 -919.58716511333511789 3942.526517500510181 8376.1985611615800735 13996
263000000 305.3947213252650954 12743.620839951649032 11345.215821328823949 -944.97103142421633493 3883.8323048844827099 8406.3545478685573471 13972
264000000 304.69332678236975198 12714.352796040866451 11323.360490993007261 -973.01229681703341612 3961.7789472813565226 8334.5938405286833586 14003
265000000 309.7857913912132517 12926.852991965521142 11441.644863611390974 -968.46640504308265918 3929.9278639196377299 8480.1834047348365857 14011
266000000 312.24580143832946533 13029.505176544478672 11476.311263101793884 -916.32517055471589629 3955.77359000811839 8436.8628436483922997 13972
267000000 313.8194647657828682 13095.171566218070438 11237.638393813562288 -933.49538205507599287 3833.9681776532224831 8337.1655982154152298 14012
268000000 310.29944325610654232 12948.286841841931164 11209.187669862363691 -954.9433849746812939 3813.2880597100061095 8350.8429951270409219 14003
269000000 306.57412118531703982 12792.835261766053009 11385.953461986759066 -938.60139891517837896 3957.7255864532776286 8366.8292744486607262 13974
270000000 309.77299485693578163 12926.319013577845908 11403.985607884680576 -973.31195286638694597 3919.461214062347608 8457.8363466887203685 13972
271000000 312.64027893937031877 13045.966075676400578 11303.373693521602036 -943.4048030660663926 3938.108353824560254 8308.6701427631087427 13984
272000000 309.07703092307002635 12897.277580075071455 11422.393241495803522 -1033.3460345631442578 3993.9253240227844799 8461.8139520361637551 14007
273000000 308.32578162471378391 12865.929178986189072 11294.840971176321545 -889.20562829799177962 3847.689429900484356 8336.357169573828287 13996
274000000 308.7029834554443255 12881.669192730061695 11369.391079073331639 -970.19738447631698364 3931.1728054269979111 8408.4156581226525304 14005
275000000 308.9143039360911871 12890.487249798610719 11295.390552650160316 -988.36973333921230278 3902.2933643516230404 8381.4669216377478733 14002
276000000 314.0451144277570279 13104.587556521973966 11285.866997301844094 -999.84777870599498328 3857.9302196963426468 8427.7845563114951801 14024
277000000 310.02071278312854474 12936.65587635321026 11418.213175292048618 -1001.1597060117410365 4029.6453583963912024 8389.7275229073984519 13983
278000000 313.22384740048079266 13070.317430442042678 11319.620118807823019 -1001.823883272961325 3876.2213139416794547 8445.2226881391052302 14005
279000000 310.26023606577115288 12946.650790093342948 11367.175602441013325 -972.4104686275078393 3876.5127095431580528 8463.0733615253629978 14017
280000000 308.72870324839976774 12882.742437506800343 11288.694593942562278 -1022.0874107100430592 3957.5535100222223264 8353.2284946303825564 14010
281000000 307.0257461021149652 12811.680828829466918 11453.900028045885847 -987.42745598875944779 3974.2840612443087593 8467.0434227903369901 13990
282000000 311.76747313890695068 13009.545321120627705 11407.574557101173923 -924.10640712161136889 3978.4347471384571691 8353.2462170843282365 13991
283000000 310.83172748914688555 12970.498189881986036 11564.093498625290522 -923.4730888325889282 3992.0283631465254075 8495.5382243113563163 13976
284000000 308.06064551517431482 12854.865483987505286 11322.478144015294674 -962.4699160165671401 3926.5589033632204519 8358.3891566686415899 13993
285000000 307.64595234093411591 12837.561017968904707 11336.749212814982457 -960.719261029187237 3844.9131901693044711 8452.5552836748647678 13997
286000000 310.69056533773181172 12964.607724824898469 11299.147764039966205 -972.36798922442972071 3896.4295314695355046 8375.086221794859739 13978
287000000 313.09261886765182226 13064.84147899632444 11344.716977269945346 -970.69314983688582288 3924.4183787671254322 8390.9917483397075557 13987
288000000 310.75299387200362844 12967.21276517039405 11296.868202814690449 -965.16195830015101365 3843.2369805524363073 8418.7931805624048138 13985
289000000 308.85479151115174545 12888.00389391281351 11340.754501451621763 -927.80813637361427482 3895.0916717244817846 8373.4709661007545947 13988
290000000 309.15695692955432605 12900.612761238213352 11293.193701875443367 -940.96862449931347783 3911.8793459155390337 8322.2829804592183791 13996
291000000 306.60598228161046563 12794.164773058673745 11326.30564591217626 -959.15411781212606002 3918.9492457295586973 8366.5105179947422585 14015
292000000 311.63255675218380247 13003.915481580394044 11254.585026529663082 -1003.3571046546851449 3908.6418264584835924 8349.3003047258644074 14020
293000000 310.40172541409907581 12952.554908540965698 11302.484107993001089 -998.52166065214487389 3791.4311605569705534 8509.5746080881763191 14031
294000000 307.96698634539967543 12850.957240444155104 11190.914287533640163 -957.85224152600630987 3948.1454946386120355 8200.6210344210339827 13993
295000000 306.88108091001561206 12805.64418762999594 11280.629135755902098 -988.97476548662723417 3851.4919643675320913 8418.1119368749968999 13993
296000000 308.33842623814496164 12866.456817966114613 11377.681038381419057 -972.17423194931620856 3944.6040721192584897 8405.2511982114774582 13987
297000000 308.18122523282380598 12859.897077841011196 11416.186341986014668 -1001.3459275775774131 3882.5185275644316789 8535.0137419991606293 14004
298000000 312.53574104797758082 13041.603880922226381 11313.862811946204602 -1003.4046003141465917 3945.17046624588329 8372.0969460144660843 13993
299000000 308.15002232464087228 12858.595031658740481 11306.072625141718163 -997.15210338381848487 3893.8750787874314483 8409.3496497381056543 13997
300000000 308.43030846628062136 12870.290912649250458 11311.586644222712494 -1017.2239262348205102 3914.9661702008706925 8413.8444002566611744 14009
301000000 310.84018182252384577 12970.850975347768326 11419.72734703876813 -996.80810811662900051 3914.3432879926886017 8502.1921671627078467 13973
302000000 304.05386127776586136 12687.668949327546215 11415.023260437759745 -947.42405039372056308 3927.2882473283243598 8435.1590635031552665 14000
303000000 306.38413027276828871 12784.907252591399811 11239.564811503500096 -973.43402721413576728 3879.8784893996898973 8333.1203493179455108 13991
304000000 312.13517648542466532 13024.88897869685934 11182.846208792410835 -1028.5700795627844855 3882.2367050814109461 8329.1795832737843739 13992
305000000 311.72978970889892025 13007.972853391365788 11257.732392901431012 -1028.9724504412006354 3847.245344890976412 8439.4594984516570548 14031
306000000 306.21142857573153151 12777.700694023844335 11178.771334257409762 -998.10261463790016023 3833.6040131581339665 8343.2699357371748192 14033
307000000 312.05247778778908696 13021.438097679490966 11329.940665642434396 -969.43397754020759294 3870.3018766753934869 8429.0727665072481614 14009
308000000 311.79667582939902104 13010.763901499236454 11263.54616462820195 -1053.6193223110572035 3839.2885294797338247 8477.8769574595244194 14018
309000000 311.18771403081274229 12985.352924408596664 11304.092215379369009 -1033.8536473388307968 3966.0958100001344064 8371.8500527180658537 14011
310000000 308.71700404806153983 12882.254249064662872 11299.626347676407022 -1009.6444225131701842 3930.0112561903501955 8379.2595139992263285 14003
311000000 310.79894221751726491 12969.130114268335092 11215.846106076309297 -1022.9299302012649378 3849.9305652523071331 8388.8454710252663062 13995
312000000 309.78589632481811122 12926.857370672749312 11273.177030357168405 -992.15609082818173192 3855.164311109238497 8410.1688100761130045 14002
313000000 307.30639332310624923 12823.391777069105956 11178.359305691474219 -1019.6500696902060099 3896.8330287085727832 8301.176346673109947 14011
314000000 311.92587847052033112 13016.155315806678118 11323.755790342693217 -1025.6009932559791196 3949.0112137396413345 8400.3455698590314569 14007
315000000 312.76329778779791013 13051.099450456833438 11279.288449247747849 -1006.1016687783427415 3934.9092607383049653 8350.4808572877864208 13992
316000000 305.84122276219358127 12762.252612603180751 11318.470799872004136 -1019.1280541164449005 3861.9310856746342324 8475.6677683138150314 14016
317000000 309.50006045752849104 12914.92990873303097 11257.049376398026652 -1049.6777732062275845 3858.6252008834808294 8448.1019487207722705 14033
318000000 311.5023263903549946 12998.481182173401976 11140.408793507707742 -1028.010781331532371 3786.2463263737026864 8382.1732484655367443 14005
319000000 314.51992468470416497 13124.400609803304178 11261.336412267442938 -1025.5104334830612061 3892.5834148428048138 8394.2634309076984209 14043
320000000 311.089033859997528 12981.235162726818089 11292.52069624752221 -987.92173347086986723 3933.5779617964712997 8346.8644679219214595 13990
321000000 310.63143381597933512 12962.140263404369762 11264.290667084327652 -1069.0433054435216036 3893.6344805392145645 8439.6994919886346906 14036
322000000 306.71349402064521428 12798.651061597511216 11458.011563006975848 -950.07077592958876266 3978.4302546448534486 8429.6520842917107075 13976
323000000 311.57731702338622881 13001.610418296904754 11114.685867228887219 -1010.4879835430824642 3857.8220004197282833 8267.3518503522409446 14008
324000000 305.72806857650419943 12757.530874019679686 11273.847287149881595 -978.48607686604293576 3898.9051132603458427 8353.4282507555799384 14031
325000000 310.0771613707458414 12939.011383332584955 11305.426093943933665 -964.26739805021747998 3829.8266398341779677 8439.8668521599756787 14000
326000000 311.88183324204607061 13014.317380661470452 11232.659638632540009 -1042.7517386161121067 3870.0211064373388581 8405.3902708113128028 14023
327000000 313.25738010907707576 13071.716695374432675 11405.428394763330289 -960.4045477978343115 3941.321211112587207 8424.5117314485796669 13990
328000000 310.63859988598915152 12962.439291752736608 11309.39670288542402 -956.42921996409313579 3887.9338430032066753 8377.8920798463113897 14001
329000000 310.81585910975115894 12969.836028435689514 11377.881118135326687 -925.12543548932580961 3936.1594534547393778 8366.8471001699126646 14012
330000000 305.74716693211485108 12758.32781707590766 11301.451934100310609 -944.83181893225867043 3869.0814396201276395 8377.2023134124410717 14003
331000000 312.08480696028760804 13022.787141024453376 11255.212379587228497 -990.77428729374526029 3957.1033885050273966 8288.8832783759480662 14003
332000000 309.68730953767396841 12922.743505738404565 11510.096598076148439 -976.49673087155076701 3885.0121442941867826 8601.5811846535143559 13987
333000000 314.40120799160121123 13119.446756908559109 11380.463824846034186 -926.7841059947170379 3979.1246428389276844 8328.1232880018251308 13982
334000000 307.92404325012586241 12849.165295509781572 11333.471803598924453 -938.66119787851175715 3876.9459822607504975 8395.1870192166861671 13973
335000000 312.59434178986163033 13044.049193769382327 11378.188493738505713 -943.668959353145965 3937.5749296840062925 8384.2825234076444758 14004
336000000 312.42280964443415314 13036.891438672289951 11278.376210508460645 -933.78615832735408731 3837.499787295598253 8374.6625815402148874 14004
337000000 309.06328818526424129 12896.704118166037006 11451.476119060713245 -893.58544707509076943 3966.9649458565481837 8378.0966202792551485 13980
338000000 311.09797050703957666 12981.608074350797324 11309.790021616165177 -977.63343117622741829 3843.5889657391139735 8443.8344870532800996 14012
339000000 310.67365710561824699 12963.902172030160727 11264.392056875170965 -944.12297870396844246 3855.6513489719300196 8352.8636866072083649 13987
340000000 311.63338231385648669 13003.94993091498327 11398.709566371939218 -981.02064596928266837 3988.3333887016833614 8391.3968236395394342 13993
341000000 307.50523674427284959 12831.689186909294222 11287.137030441470415 -994.29061698622444965 3946.2492125349467642 8335.1784348927503743 14008
342000000 309.88389313993991436 12930.946617042220169 11296.336333962619392 -1087.6706741245398007 3918.9288101173378891 8465.0781979698203941 14009
343000000 309.03761926810943805 12895.632996353017006 11267.27786309692965 -973.75264943653883165 3874.3021363224015658 8366.7283762110673706 13996
344000000 310.22709164105737045 12945.267727610540533 11180.12146808725447 -997.4262338457798478 3875.1538623409660431 8302.3938395920686162 14004
345000000 312.3268835878407117 13032.888601659935375 11433.241705010441365 -933.95211541124058385 3976.7971027035432598 8390.3967177181384614 13991
346000000 310.2083874886654371 12944.487234008094674 11327.6638140669329 -922.95437841568809745 3969.8377961300639072 8280.780396352556636 13987
347000000 304.93500527816127033 12724.43764329091573 11436.37721241318286 -894.69409167578123743 3961.6111087073982162 8369.4601953815654269 13965
348000000 310.20575169152044737 12944.377246516231025 11496.911355736359837 -907.12939233084648549 3943.3244291038386109 8460.7163189633683942 13943
349000000 309.4913649703709666 12914.567060315504932 11251.814760157714773 -979.34910999706471557 3866.3921159301326043 8364.7717542246464291 14004
350000000 311.26858859011997538 12988.727687125310695 11417.421998235464343 -996.98054241356192051 4031.3411291214783887 8383.0614115275493532 14007
351000000 310.73480659146991911 12966.453839782863724 11374.468731075918186 -1009.9115174520732126 3955.7219592371516228 8428.6582892908409121 14013
352000000 310.04165664861790219 12937.529829509836418 11273.821010506708262 -969.2200752804142212 3921.8780245461434788 8321.1630612409790047 14023
353000000 310.19344095188051824 12943.863539542024228 11283.209098503135465 -985.78157675584498065 3894.8476235928433198 8374.143051666134852 13998
354000000 313.41767323620041452 13078.405464670920992 11359.183095792808672 -1007.4487384560303553 3950.1390488341330638 8416.4927854147063044 13994
355000000 312.18277269410708641 13026.875090422156063 11269.572397197103783 -934.51713426361823167 3918.6538662034881781 8285.4356652572350868 14014
356000000 306.91178453316717878 12806.925399466790623 11397.447906818397314 -934.9699583752228591 3950.3256650015086962 8382.0922001921135234 13989
357000000 313.04689042152642742 13062.933305939195634 11359.246050283649311 -1005.622458009537695 3931.1972484057805559 8433.6712598874073592 14005
358000000 308.37267996240450429 12867.886169699588208 11383.295140919846745 -985.84507793177385793 3919.1337232745004258 8450.0064955771213135 14018
359000000 310.20574445504826144 12944.376944550114786 11462.286323792479379 -1021.8045001403020251 3978.6438253677943067 8505.446998564986643 13994
360000000 310.26643538402765898 12946.909477476623579 11218.691479117993367 -973.86789335501430287 3873.7571076976037148 8318.8022647754023637 14012
361000000 302.98574422329846811 12643.09817647413729 11411.091383778762975 -1028.5498017243405684 3960.8493841293288824 8478.7918013737744332 14026
362000000 310.6808190479786731 12964.201028138486436 11342.7628287369389 -986.08616193593138632 3925.1790420883098705 8403.6699485845620075 13993
363000000 309.27281197859309714 12905.447202419571113 11308.326902486141989 -942.5057795870652626 3913.0327095214934161 8337.7999725517147454 13991
364000000 310.48582590965258987 12956.064284286345355 11332.103693320341335 -938.96424052173847485 3925.8185670917414427 8345.249366750338595 13977
365000000 309.99096106158145858 12935.414385809148371 11304.503995579098046 -942.92121166754100159 3929.150942658738586 8318.2742645879006886 13987
366000000 311.26824590203682419 12988.713387313646308 11336.06151851946197 -986.17154476658595286 3900.4182601424581662 8421.8148031435903249 13999
367000000 309.7960135662697212 12927.279546565136116 11438.898108346835215 -936.54206335406024664 3943.7303403749583595 8431.7098313259357383 13987
368000000 307.51152686632303812 12831.951663385956635 11332.793560402922594 -950.88873470050270953 3914.258593077020123 8369.4237020264044986 13988
369000000 312.00840740392408179 13019.599112841084207 11493.13361751404409 -957.17186319986979015 3925.4899423342976661 8524.8155383796147362 13985
370000000 308.63102713928793719 12878.666573673132007 11416.550174791160316 -987.46785710035430839 3942.4877106245380673 8461.5303212669750792 13974
371000000 310.78916246140920521 12968.722021085821325 11439.411996948339947 -910.61266231653712566 3930.0001922216952153 8420.024467043183904 13970
372000000 306.53868133416909814 12791.356414902906181 11350.175671101836997 -909.58368738741160087 3947.4165510014081519 8312.342807487839309 13982
373000000 310.3966658242350718 12952.343780154224078 11286.614836459270009 -960.0544915801518755 3919.4317440317818182 8327.2375840076383611 13997
374000000 310.16997880696970924 12942.884502715396593 11580.963807339467166 -940.25956250963986349 4049.570871679224183 8471.6524981698821648 14004
375000000 310.08907537046246716 12939.508535000488337 11385.995729678728821 -959.65562833346541538 3908.1136958697406953 8437.5376621424529731 14025
376000000 310.4165171246669388 12953.172142362929662 11364.186355568028375 -1003.1431647748484011 3902.3205072769669641 8465.0090130659082206 14021
377000000 306.15820351510683395 12775.479699538933346 11301.441627511070692 -1015.8099864138682733 3941.9708907421941149 8375.280723182746442 14026
378000000 310.08707160235206857 12939.424921043641007 11308.137239998857694 -1011.8415853301005427 3815.9543381814992244 8504.0244871474606043 14007
379000000 306.76008933443785054 12800.595407620634433 11339.504570783126837 -991.05669202519379724 3932.5372256468590422 8398.0240371614600008 13998
380000000 310.34672867661754481 12950.259984886562961 11396.424142584528454 -962.54846565158732119 3942.890387880830076 8416.0822203552852443 13989
381000000 309.80645201485771167 12927.715125904507659 11322.313878078584821 -1006.5250970765162037 3863.0654924758100606 8465.7734826792911917 14045
382000000 310.43712123848285955 12954.031918239452352 11252.242770472981647 -1012.8677253352998378 3861.4525783739932194 8403.6579174342878105 14011
383000000 308.08655200633842242 12855.946519374287163 11240.043150461206096 -1014.8231222521441168 3924.7901656589770027 8330.0761070543740061 13995
384000000 312.60862870669546965 13044.645363376743262 11396.703614188518259 -993.23455264612869087 4010.2517526980636831 8379.6864141365840624 13995
385000000 310.54989541578868284 12958.737799696364164 11303.285393027246755 -1063.2984364558381003 3945.2136879646968737 8421.3701415183859353 14011
386000000 309.55089007381133115 12917.050945254350154 11185.949663019335276 -1039.134552084015013 3875.9861538837549233 8349.0980612195944559 14016
387000000 307.8119116649472744 12844.486228368417869 11455.291048353765291 -1000.3611444286980259 3951.2053093021368113 8504.4468834803265054 13992
388000000 311.44034170127576999 12995.894662759837956 11331.573442875085675 -988.53407515101116587 3914.0387985409961402 8406.0687194851016102 14005
389000000 307.69173167901101351 12839.471314663700468 11205.316170814840007 -1006.6757664461277955 3887.7340762983421882 8324.2578609626270918 14001
390000000 309.07816985346272531 12897.325105772386451 11436.678927713492158 -1018.5445573112739339 3991.1326044327447562 8464.0908805920225859 14020
391000000 312.12604964455232448 13024.508130596279443 11426.625855404801769 -945.0900094838922314 3964.9756107438934123 8406.7402541448009288 13995
392000000 313.02058855575467078 13061.835772218495549 11322.280901989468475 -946.95462962335250268 3894.7245500861999972 8374.510981526622345 14007
393000000 309.23592692577568641 12903.908049661047698 11357.404220375348814 -976.56585217959923284 3935.3390495914527492 8398.6310229634964344 13978
394000000 307.08876682071087316 12814.310580055560422 11259.952301225015617 -1017.8492602542564782 3820.8196493308601021 8456.981912148410629 14011
395000000 305.62721440524882155 12753.322394865133901 11340.650906826294886 -965.28696911806252956 3936.3171791857666904 8369.6206967585894745 13995
396000000 310.23980675241034533 12945.798308353118045 11358.239676282089931 -966.71346834509267865 3881.4082989124854066 8443.544845714695839 13997
397000000 310.12483556674214924 12941.000749340582843 11388.713163975002317 -1000.4018400352271101 3933.4047130760409345 8455.7102909341883787 13986
398000000 313.49673529842073094 13081.704594856892072 11280.182034831832425 -963.56166265293245488 3919.2774861547441105 8324.4662113300200872 13984
399000000 309.93063655724432692 12932.897143181984575 11244.853321183489243 -917.40870732892722117 3836.9072211945986055 8325.3548073178171762 13996
400000000 306.12289402408140404 12774.006292389893133 11275.564443989442225 -1023.8305465099381308 3864.431497286283502 8434.9634932130938978 14020
401000000 311.77683261312233753 13009.935876629069753 11103.991960039998958 -977.08593583527056126 3779.3183966337796846 8301.7594992414888111 14036
402000000 310.05162511089844202 12937.945797091428176 11247.197300135678233 -1047.4474953877431744 3893.5577081964229365 8401.0870873269996082 14026
403000000 307.81541782667335383 12844.632534746755482 11225.687774623063888 -1038.7042061114423177 3900.2035478540165059 8364.1884328804881079 14009
404000000 309.54174323040416539 12916.669262480798352 11417.718292265002674 -995.78554367908327549 3999.7662663778651222 8413.737569566219463 13991
405000000 311.54595824895562828 13000.301868071757781 11231.775698574116177 -1010.5896396317851895 3877.6164736913133311 8364.7488645145895134 14010
406000000 308.44651687554539876 12870.967262984293484 11448.311876308507635 -1000.3290107640493716 3959.1522090893877248 8489.4886779831685999 13999
407000000 305.46484522772453829 12746.546995390364827 11331.249884537890466 -977.52276221864235595 3948.5827623909176509 8360.1898843656144891 14002
408000000 307.72300216131895922 12840.776180603379544 11161.778003002234982 -952.43727735775746623 3811.868452656426598 8302.346827703564486 14040
409000000 313.29911209726191146 13073.458102796332241 11334.839865881662263 -970.13281565984061672 3925.6671120376349791 8379.3055695038692647 13971
410000000 309.48660959648549351 12914.36862636260048 11239.985912465319416 -924.58723236118692057 3862.0623959305430617 8302.5107488959620241 13971
411000000 309.51530721926684464 12915.566131094006778 11354.877638062933329 -1015.3989540123870938 3918.4542697872498138 8451.8223222880696994 14010
412000000 310.91744638414081692 12974.075098781660927 11380.749186949069554 -940.2854238704396721 3925.0879978104194379 8395.9466130090877414 13999
413000000 309.57520180046577707 12918.065433733732789 11299.707064279669794 -943.14955904132239084 3837.3108567605768258 8405.545766560415359 13997
414000000 310.92035869918089475 12974.196624911766776 11346.276989177476935 -959.70564858601801461 3918.120184481348133 8387.8624532821486355 13987
415000000 306.79028158800474557 12801.855280843363289 11384.233651385067787 -962.98890012626407042 3920.505880867113774 8426.7166706442185387 13990
416000000 311.3453901301680844 12991.932489428540066 11556.640974847359757 -959.33732929932523348 3930.5786002367412948 8585.3997039099449466 13993
417000000 310.0358591105930941 12937.287907756661298 11443.214859995538063 -950.47013554695024595 3960.0580739342231027 8433.6269216082637286 13968
418000000 308.09042126902596692 12856.107977360221412 11449.670713888748651 -945.93637598957252521 3929.7661762645452654 8465.8409136137761379 14011
419000000 311.16028681624345609 12984.208431728271535 11342.266547551902477 -974.10696050325236683 3904.8981409026077927 8411.4753671525468235 13999
420000000 310.62971672953727875 12962.068612203353041 11219.082313027924101 -965.59794470382064446 3928.9109487900068416 8255.7693089417371084 13977
421000000 306.52688669431165636 12790.864243926162089 11323.852465832344024 -909.7503440310060796 3934.6015302876198803 8299.0012795757284039 13968
422000000 312.74651572990137538 13050.399162705232811 11393.283755072799977 -976.28630583342317095 4011.1691252347986847 8358.4009356714232126 13989
423000000 309.93044102918440785 12932.8889841167329 11214.586479715631867 -954.6654544140641292 3835.3759599453424016 8333.8759741843550728 13990
424000000 309.98013049599040869 12934.962444070351921 11212.610923903994262 -1013.2462656195085628 3857.7667135844844779 8368.0904759390177787 14020
425000000 307.81176293981485514 12844.480022312567598 11363.387503309109889 -935.66485891652121154 3859.9097121684590093 8439.1426500571724318 13970
426000000 306.34167807227214553 12783.135791890976179 11315.523932919029903 -967.20250536678474873 3922.5076428756810856 8360.21879541013368 13997
427000000 309.02106616541180983 12894.94226252635417 11268.046808838800644 -964.35343197657505243 3907.2471011092079607 8325.1531397061662574 13991
428000000 308.90348820923327366 12890.035927255812567 11266.775701376611323 -1007.1142105424482907 3889.8630920616001276 8384.0268198574594862 13993
429000000 307.30225701516826575 12823.219175722853834 11447.828868203947422 -956.94543101128613216 3968.5412957534085763 8436.2330034618244099 13967
430000000 309.65181263790896082 12921.262278330032132 11267.88048466955297 -981.23628446545808401 3854.3520704375987407 8394.7646986974123138 14006
431000000 310.96783702764929558 12976.177817689069343 11381.718781587445847 -1032.9488835918214136 3960.1373416611731955 8454.5303235180945194 13994
432000000 315.15963330642051687 13151.094601394986967 11409.504256134854586 -1007.0609718300246413 3948.8609926310596165 8467.7042353338201792 13997
433000000 308.19942292165188746 12860.656437549594557 11065.091347566234617 -1047.8058249005744074 3785.7790493396878446 8327.1181231271220895 14050
434000000 311.35332824423977627 12992.263733909370785 11274.752563127012763 -1036.5711512400084757 3850.8646682358644284 8460.4590461311563558 14022
435000000 312.83369480401518103 13054.037002484727054 11397.660734864823098 -1004.5327102584699333 3976.0891648472488669 8426.1042802760439372 13987
436000000 309.92538333144716489 12932.677934685338187 11243.125731216232452 -931.8370660018019862 3927.8591361805119959 8247.1036610375231248 13992
437000000 309.88220867463729746 12930.87632706785007 11207.213434952032912 -966.47347741912108177 3849.9090614420065322 8323.777850929149281 13995
438000000 313.00167542631521655 13061.04655834659934 11430.50786669689478 -947.79408084524277456 3904.9908826331666205 8473.3110649089721846 13977
439000000 311.26700384662547094 12988.661558378438713 11353.332771689889341 -922.85310467784984212 3902.3083741700602332 8373.8775021976798598 13986
440000000 311.8447653494476981 13012.770598298762707 11353.447043453819788 -1009.1766341783269354 3951.216816531288714 8411.406861100858805 13992
441000000 308.89788385517283587 12889.80206675262707 11364.255491827349033 -960.2079399931539001 3934.3265100035550859 8390.1369218169493251 13995
442000000 312.59382056073496869 13044.027443732800748 11387.812886818610423 -998.23613062649246785 3986.3366401957450762 8399.7123772493578144 14010
443000000 308.51641384995696171 12873.883949087758083 11147.066835383533544 -1006.6952078652468572 3827.1499019617463091 8326.6121412870343192 14035
444000000 310.67100384455767426 12963.791455797741946 11380.684846412701518 -996.38707935082425138 3964.7897886127166203 8412.2821371508107404 14010
445000000 311.22069448861020646 12986.729144820905276 11272.603502671472597 -971.3994295510306074 3895.8724944152254466 8348.1304378072782129 14026
446000000 308.591876244624018 12877.032871050583708 11272.373909275051119 -970.55748263967711864 3886.1968352496414809 8356.7345566650874389 14019
447000000 308.2257417997989819 12861.754681168817115 11359.705105447854294 -891.39005138979973708 3899.4319380975739477 8351.6632187400809926 13966
448000000 313.6627393115918494 13088.631670061671684 11305.72882311091962 -944.84835083744724216 3848.4595616281999355 8402.1176123201657902 13980
449000000 308.87795732701425777 12888.970565414269004 11416.076938215483096 -943.96513417978758298 3954.6462847944599162 8405.3957876008098538 13986
450000000 309.76405118256866444 12925.945808715116073 11489.289906180005346 -940.45214864410195332 3973.6376068265722097 8456.104447997535317 14001
451000000 308.77138477827554652 12884.523467746110327 11393.058828798761169 -980.2008268743378494 3903.0244070786880002 8470.2352485944102227 13999
452000000 309.92245601258332499 12932.555782470275517 11473.446433760323998 -938.95707320183453248 3923.3758034261750254 8489.0277035359849833 14011
453000000 309.27984056376703847 12905.740493751227405 11444.894323310923937 -928.18106558058912015 3982.2234640723468146 8390.8519248191660154 14001
454000000 308.11989392229423856 12857.33782284271183 11274.787018085804448 -964.75230144210991057 3962.9275407805234863 8276.6117787473904173 14006
455000000 309.63340448348861855 12920.494136237470229 11354.930439327621571 -1046.6132042229464787 3932.4415696254864088 8469.1020739250816405 14008
456000000 311.57671756635812699 13001.585403938297532 11400.575214100068479 -974.20816761619869339 3918.3749035150176496 8456.4084782012505457 13973
457000000 309.17324286934473321 12901.292346794934929 11364.342271898385661 -950.7262597569265381 3888.5052730906813849 8426.5632585646308144 13998
458000000 314.06349447903420469 13105.354525916463899 11336.026346499238571 -949.84035136211309691 3910.6576620940631983 8375.2090357672896062 13958
459000000 310.13798416256258861 12941.549418679025621 11376.625089540913905 -983.47144327720525325 3916.1879672040431615 8443.9085656140778156 14016
460000000 312.29867088365392647 13031.711331786160372 11377.113281822443241 -963.90215689733122417 3914.0132824923466615 8427.0021562274287135 13981
461000000 309.19547527020995403 12902.220068419455856 11436.794956048323002 -912.2560359388339748 4069.8289446442759072 8279.2220473428787955 13988
462000000 312.91988574195994488 13057.633608962538347 11387.400229646566004 -973.5763642397186004 3895.025571782471161 8465.9510221038144664 14006
463000000 310.33197618985155941 12949.644387809519685 11396.47001047656704 -889.70350825753257595 3881.6561391338382236 8404.5173796002600284 13973
464000000 311.74178619025502712 13008.473446882806456 11402.668177304083656 -897.13514068514905375 3894.6898008675484562 8405.1135171216847084 13982
465000000 311.73094883720057169 13008.021221914295893 11387.706581484206254 -913.01880988118364257 3920.4989560803442146 8380.2264352850452269 13995
466000000 311.32493361743695459 12991.07887270320316 11438.699200780203682 -925.09703175488493798 3909.7973544804226549 8453.9988780546664202 13947
467000000 306.54779875257406729 12791.736869819376807 11413.884765406546649 -888.18072117430529033 3908.1454571561862394 8393.9200294246656995 13961
468000000 310.77950874408327309 12968.319187294970106 11450.001578445546329 -916.93784999786248591 3948.3921917620800741 8418.5472366813301051 13962
469000000 312.62205441493000535 13045.205596161731592 11451.744212002769927 -940.72869043891273577 3934.5403939581801751 8457.932508483503625 13981
470000000 305.294843990253014 12739.453122571416316 11449.649690070837096 -923.94331605091247184 3874.9296524709579899 8498.6633536507906683 13970
471000000 308.03439961594210672 12853.770285658707508 11557.769269264717877 -938.11161463966243446 3989.4769021656729819 8506.4039817387056246 13960
472000000 306.12118739314098548 12773.935077479811298 11513.590053514379179 -933.38421117819268602 4003.4266814597372104 8443.5475832328338583 13981
473000000 306.43051546888392522 12786.842830748479173 11427.69362373113654 -942.4398600508736763 3973.2805351183314997 8396.8529486636798538 13966
474000000 308.28425074475057954 12864.196163480537507 11373.712755671755076 -917.83125656158097172 3954.9975706308305234 8336.5464416025060927 14001
475000000 308.36417910759234928 12867.53144297061408 11440.970909480973205 -951.30683865453261205 3975.4785009359402466 8416.7992471995676169 13979
476000000 309.3172111298133018 12907.299906180496691 11337.650732403635629 -891.1528158802972257 3961.616625855899656 8267.1869224280326307 13970
477000000 309.64953774616162718 12921.167350828489361 11428.075488519030841 -962.47788193255269107 3943.5057540238690308 8447.0476164277151838 13984
478000000 314.78650059271359396 13135.524385230712141 11492.63782598580292 -906.02385675552147859 4004.0035871755103472 8394.658095565815529 13977
479000000 307.49862749370606707 12831.413393723039917 11467.443428240865614 -896.13351460970829976 3907.1616440607122058 8456.4152987898614811 13966
480000000 315.16351684194489735 13151.256654962993707 11454.971353214099508 -875.3669936998517187 3911.6622070223420451 8418.6761398916096368 13976
481000000 310.81525444953581427 12969.810796956613558 11466.830319891334511 -981.03570600987973194 3961.2748049869496754 8486.5912209142661595 13999
482000000 312.62875613286308862 13045.485247859523952 11405.287433616977069 -895.69825276992742147 3862.330253489622919 8438.6554328972815711 13979
483000000 308.14313250321578153 12858.30753071073741 11448.748891970477416 -907.23533145281044199 3902.0079442002488577 8453.9762792230376363 14004
484000000 308.87555733647013767 12888.870417745110899 11461.171364618556254 -890.05533587684567465 3970.3970665709998684 8380.8296339244025148 13972
485000000 313.34398659388074293 13075.330641941123758 11315.796411115346928 -961.00459630340628792 3881.1630447127890875 8395.6379627059650375 13967
486000000 306.88886589911800229 12805.969042456999887 11416.087582857757297 -903.748856793879213 3962.1467802078450404 8357.6896594437930617 13975
487000000 313.5087192789366668 13082.204666708774312 11428.262883764280559 -918.1739427514886529 3949.5508218669601774 8396.8860046488098305 13980
488000000 308.7204782281830262 12882.399220903094829 11548.275534644184518 -1002.4176101729574384 3970.708631119857273 8579.9845136972871842 14005
489000000 306.0433527518965775 12770.68716555805986 11344.582472860849521 -995.90921148765460202 3847.2332285006518759 8493.2584558478538383 14014
490000000 311.35981431346402815 12992.534386940231343 11525.653281363627684 -948.52923912955475316 3975.858858946703549 8498.3236615464775241 13984
491000000 310.75544521286786903 12967.315055604189183 11355.4414935981913 -974.8616877548232651 3933.5864849946010509 8396.7166963584131736 14026
492000000 309.42924293958253656 12911.974809857669243 11521.897900042196852 -908.38650253050514038 3970.5961747871633634 8459.6882277855402208 13960
493000000 310.36930779428951155 12951.20217443477668 11412.54129742002624 -916.33904200543736351 3899.6085947680799109 8429.2717446573842608 13967
494000000 308.48141078483922684 12872.423328589275116 11515.191818574599893 -952.00067096967381985 3913.4990215834427545 8553.6934679608293663 13986
495000000 308.79829405161774503 12885.646347588512072 11441.873517102085316 -916.18242423662036344 3958.7805454747531257 8399.2753958639550547 13987
496000000 306.70530608929004757 12798.309392651168309 11517.94164916498994 -1023.7661363033143971 3950.7154594700286907 8590.9923259982788295 14007
497000000 311.59320185117121582 13002.273266107506061 11505.104434397477235 -912.18445786272377518 3991.7475194052722145 8425.5413728549283405 13942
498000000 313.99510950182025226 13102.500932976214244 11456.303867948816333 -930.31539598153221959 3929.1850931539347584 8457.4341707764142484 13978
499000000 310.71585065429201222 12965.662839614253244 11310.177016434527104 -942.7853641962213942 3909.8019588289298554 8343.1604218018183019 14003
500000000 308.83329829012569689 12887.107017050644572 11369.135570220856607 -958.79820351782279886 3862.0334124675650855 8465.9003612711167079 14000
