# Fix print output for fix saveBond
1000000 195908 195326
2000000 444883 444273
3000000 720289 719602
4000000 1016963 1016282
5000000 1317359 1316640
6000000 1621459 1620789
7000000 1932799 1932066
8000000 2241107 2240382
9000000 2559442 2558644
10000000 2884741 2883940
11000000 3207454 3206643
12000000 3543886 3543092
13000000 3869619 3868877
14000000 4191172 4190401
15000000 4525265 4524448
16000000 4854155 4853402
17000000 5190836 5190017
18000000 5527407 5526571
19000000 5848917 5848161
20000000 6167631 6166864
21000000 6499024 6498235
22000000 6827178 6826394
23000000 7156593 7155800
24000000 7482435 7481650
25000000 7804364 7803586
26000000 8132412 8131621
27000000 8458720 8457945
28000000 8781430 8780640
29000000 9109030 9108224
30000000 9447555 9446763
31000000 9771744 9770980
32000000 10086028 10085297
33000000 10409663 10408868
34000000 10727676 10726920
35000000 11048358 11047578
36000000 11372745 11371994
37000000 11693843 11693101
38000000 12018500 12017710
39000000 12337974 12337211
40000000 12648624 12647854
41000000 12965714 12964941
42000000 13291628 13290867
43000000 13617886 13617081
44000000 13955330 13954536
45000000 14286253 14285485
46000000 14604750 14603984
47000000 14920035 14919305
48000000 15235928 15235172
49000000 15567383 15566592
50000000 15892300 15891547
51000000 16213365 16212589
52000000 16535401 16534619
53000000 16854830 16854073
54000000 17169532 17168783
55000000 17480268 17479486
56000000 17800548 17799779
57000000 18108226 18107424
58000000 18426788 18426024
59000000 18732796 18732054
60000000 19053623 19052861
61000000 19376214 19375457
62000000 19690303 19689560
63000000 20002405 20001609
64000000 20321370 20320618
65000000 20638779 20638026
66000000 20955293 20954533
67000000 21279901 21279102
68000000 21616516 21615714
69000000 21947166 21946385
70000000 22271673 22270887
71000000 22614461 22613644
72000000 22968855 22967993
73000000 23320226 23319414
74000000 23664675 23663839
75000000 24013472 24012616
76000000 24359791 24358965
77000000 24705643 24704832
78000000 25055379 25054544
79000000 25396754 25395988
80000000 25731534 25730710
81000000 26077366 26076559
82000000 26412678 26411821
83000000 26759775 26758941
84000000 27105245 27104408
85000000 27448934 27448066
86000000 27796775 27795946
87000000 28139399 28138549
88000000 28489668 28488816
89000000 28839705 28838850
90000000 29196913 29196041
91000000 29547132 29546318
92000000 29896779 29895977
93000000 30239941 30239124
94000000 30582533 30581729
95000000 30926927 30926090
96000000 31266556 31265769
97000000 31595767 31594982
98000000 31925064 31924251
99000000 32262000 32261181
100000000 32601570 32600747
101000000 32948193 32947405
102000000 33283584 33282797
103000000 33615351 33614567
104000000 33952029 33951183
105000000 34289421 34288585
106000000 34622026 34621251
107000000 34956378 34955576
108000000 35290537 35289709
109000000 35623292 35622503
110000000 35963138 35962335
111000000 36286216 36285432
112000000 36617128 36616326
113000000 36947523 36946712
114000000 37277978 37277189
115000000 37606102 37605324
116000000 37941161 37940328
117000000 38269299 38268564
118000000 38592919 38592121
119000000 38924213 38923446
120000000 39257595 39256791
121000000 39593208 39592401
122000000 39923926 39923167
123000000 40256208 40255417
124000000 40588804 40587997
125000000 40927294 40926488
126000000 41258341 41257536
127000000 41584060 41583278
128000000 41913982 41913189
129000000 42251416 42250651
130000000 42576162 42575388
131000000 42914974 42914195
132000000 43256886 43256068
133000000 43586400 43585607
134000000 43917908 43917127
135000000 44244543 44243818
136000000 44571887 44571136
137000000 44896825 44896051
138000000 45231472 45230667
139000000 45569092 45568272
140000000 45897924 45897127
141000000 46228734 46227955
142000000 46560998 46560212
143000000 46890585 46889792
144000000 47228921 47228147
145000000 47557794 47556979
146000000 47890680 47889908
147000000 48218113 48217311
148000000 48548627 48547841
149000000 48873045 48872267
150000000 49198382 49197579
151000000 49530838 49530037
152000000 49866308 49865519
153000000 50196607 50195808
154000000 50528325 50527495
155000000 50857154 50856360
156000000 51187023 51186226
157000000 51520940 51520106
158000000 51850884 51850095
159000000 52177249 52176445
160000000 52500456 52499674
161000000 52833324 52832550
162000000 53160877 53160079
163000000 53498226 53497424
164000000 53832243 53831370
165000000 54160587 54159848
166000000 54485194 54484397
167000000 54817955 54817186
168000000 55157112 55156347
169000000 55486280 55485517
170000000 55807134 55806345
171000000 56146767 56145951
172000000 56479558 56478761
173000000 56808583 56807825
174000000 57143889 57143053
175000000 57489391 57488573
176000000 57831279 57830485
177000000 58172013 58171186
178000000 58501061 58500267
179000000 58834393 58833634
180000000 59166066 59165270
181000000 59502829 59501991
182000000 59834061 59833237
183000000 60164613 60163860
184000000 60487418 60486637
185000000 60808735 60807954
186000000 61142468 61141674
187000000 61473385 61472559
188000000 61795899 61795174
189000000 62123653 62122883
190000000 62447976 62447223
191000000 62759393 62758670
192000000 63076935 63076159
193000000 63403351 63402539
194000000 63736896 63736095
195000000 64064799 64064038
196000000 64380672 64379914
197000000 64701423 64700639
198000000 65024346 65023597
199000000 65350248 65349472
200000000 65671417 65670693
201000000 65991844 65991026
202000000 66320791 66319934
203000000 66653406 66652679
204000000 66969660 66968890
205000000 67293947 67293177
206000000 67611910 67611141
207000000 67930110 67929297
208000000 68260862 68260089
209000000 68586881 68586088
210000000 68908565 68907780
211000000 69240335 69239523
212000000 69576109 69575323
213000000 69914009 69913212
214000000 70256404 70255575
215000000 70591681 70590883
216000000 70920312 70919515
217000000 71254584 71253791
218000000 71590043 71589259
219000000 71926063 71925261
220000000 72258452 72257672
221000000 72579870 72579120
222000000 72900334 72899543
223000000 73230184 73229419
224000000 73554143 73553344
225000000 73885598 73884794
226000000 74225510 74224753
227000000 74558842 74558010
228000000 74892473 74891693
229000000 75232707 75231904
230000000 75576546 75575770
231000000 75907213 75906458
232000000 76236553 76235763
233000000 76574193 76573429
234000000 76905083 76904297
235000000 77233411 77232603
236000000 77561048 77560312
237000000 77889228 77888415
238000000 78218766 78217926
239000000 78545333 78544570
240000000 78872516 78871711
241000000 79199825 79199046
242000000 79529509 79528683
243000000 79862992 79862202
244000000 80197410 80196616
245000000 80540672 80539859
246000000 80869609 80868822
247000000 81191590 81190838
248000000 81512923 81512136
249000000 81845222 81844415
250000000 82171311 82170546
251000000 82486499 82485724
252000000 82808745 82807976
253000000 83134226 83133386
254000000 83476140 83475323
255000000 83812988 83812208
256000000 84132517 84131735
257000000 84459962 84459165
258000000 84801494 84800664
259000000 85134419 85133631
260000000 85458475 85457662
261000000 85793445 85792590
262000000 86128193 86127430
263000000 86456388 86455584
264000000 86793730 86792913
265000000 87139164 87138338
266000000 87479664 87478872
267000000 87808158 87807368
268000000 88138194 88137442
269000000 88469228 88468481
270000000 88799445 88798659
271000000 89130097 89129299
272000000 89462132 89461341
273000000 89795065 89794255
274000000 90123045 90122256
275000000 90454099 90453300
276000000 90776393 90775596
277000000 91097813 91097034
278000000 91435432 91434573
279000000 91767061 91766268
280000000 92098107 92097338
281000000 92427639 92426842
282000000 92757387 92756627
283000000 93078425 93077634
284000000 93406359 93405605
285000000 93726768 93725991
286000000 94042809 94042068
287000000 94360787 94360041
288000000 94681961 94681145
289000000 95016326 95015542
290000000 95351551 95350733
291000000 95688240 95687454
292000000 96028199 96027422
293000000 96353563 96352785
294000000 96672722 96671975
295000000 96999841 96999095
296000000 97316694 97315915
297000000 97632969 97632151
298000000 97966493 97965695
299000000 98295963 98295163
300000000 98632209 98631409
301000000 98952743 98952001
302000000 99262751 99261980
303000000 99585289 99584508
304000000 99912961 99912175
305000000 100243657 100242847
306000000 100583858 100583040
307000000 100909316 100908556
308000000 101230704 101229929
309000000 101548779 101547988
310000000 101860452 101859689
311000000 102187103 102186273
312000000 102517574 102516785
313000000 102844603 102843829
314000000 103171412 103170616
315000000 103500690 103499886
316000000 103826374 103825569
317000000 104150493 104149723
318000000 104473195 104472465
319000000 104795006 104794229
320000000 105119646 105118843
321000000 105445675 105444944
322000000 105775741 105774984
323000000 106101590 106100832
324000000 106423577 106422859
325000000 106734500 106733758
326000000 107070979 107070174
327000000 107397753 107396934
328000000 107722907 107722128
329000000 108047622 108046830
330000000 108375784 108374963
331000000 108710253 108709433
332000000 109045127 109044321
333000000 109375977 109375208
334000000 109698217 109697458
335000000 110020370 110019581
336000000 110348428 110347613
337000000 110671121 110670386
338000000 110988024 110987270
339000000 111317313 111316502
340000000 111647877 111647106
341000000 111969686 111968992
342000000 112289632 112288813
343000000 112616983 112616221
344000000 112943215 112942418
345000000 113282152 113281358
346000000 113615514 113614745
347000000 113941002 113940221
348000000 114269238 114268464
349000000 114607772 114606971
350000000 114946754 114945930
351000000 115284600 115283761
352000000 115620556 115619742
353000000 115963774 115962934
354000000 116297747 116296946
355000000 116629143 116628346
356000000 116960347 116959561
357000000 117293927 117293114
358000000 117619046 117618232
359000000 117953200 117952392
360000000 118281542 118280760
361000000 118602189 118601444
362000000 118936355 118935553
363000000 119263701 119262902
364000000 119595090 119594272
365000000 119931498 119930727
366000000 120271789 120271024
367000000 120602400 120601612
368000000 120931921 120931124
369000000 121267702 121266879
370000000 121599835 121599045
371000000 121922490 121921721
372000000 122251544 122250770
373000000 122577392 122576582
374000000 122910136 122909373
375000000 123241229 123240397
376000000 123576760 123575968
377000000 123910150 123909322
378000000 124241743 124240933
379000000 124578517 124577725
380000000 124906610 124905819
381000000 125234952 125234177
382000000 125566616 125565822
383000000 125896759 125895951
384000000 126224751 126223960
385000000 126547766 126546976
386000000 126865491 126864746
387000000 127182388 127181628
388000000 127487937 127487229
389000000 127806252 127805480
390000000 128121833 128121071
391000000 128444929 128444141
392000000 128771596 128770822
393000000 129091048 129090309
394000000 129419713 129418940
395000000 129743058 129742284
396000000 130070932 130070186
397000000 130395067 130394275
398000000 130712721 130711929
399000000 131039260 131038485
400000000 131362247 131361450
401000000 131691524 131690726
402000000 132017499 132016684
403000000 132347576 132346796
404000000 132665098 132664373
405000000 132983063 132982303
406000000 133306601 133305793
407000000 133637052 133636234
408000000 133956202 133955450
409000000 134276233 134275468
410000000 134599646 134598871
411000000 134926241 134925435
412000000 135250263 135249476
413000000 135577847 135577012
414000000 135910504 135909731
415000000 136233607 136232818
416000000 136551356 136550561
417000000 136873682 136872901
418000000 137198188 137197431
419000000 137527075 137526293
420000000 137859463 137858684
421000000 138186328 138185535
422000000 138506516 138505747
423000000 138833197 138832442
424000000 139160279 139159491
425000000 139497789 139496974
426000000 139829999 139829203
427000000 140175081 140174230
428000000 140513606 140512787
429000000 140848551 140847731
430000000 141176490 141175722
431000000 141509147 141508365
432000000 141846967 141846185
433000000 142174944 142174132
434000000 142500446 142499688
435000000 142829024 142828219
436000000 143145851 143145103
437000000 143467740 143466955
438000000 143791122 143790340
439000000 144120339 144119532
440000000 144456059 144455216
441000000 144787088 144786289
442000000 145106163 145105383
443000000 145440034 145439263
444000000 145775242 145774427
445000000 146099543 146098743
446000000 146415689 146414946
447000000 146737486 146736684
448000000 147070618 147069807
449000000 147409813 147409018
450000000 147742489 147741671
451000000 148076267 148075399
452000000 148401483 148400706
453000000 148730637 148729812
454000000 149067321 149066519
455000000 149401695 149400904
456000000 149739415 149738569
457000000 150076077 150075281
458000000 150409267 150408442
459000000 150744282 150743485
460000000 151076210 151075402
461000000 151413261 151412428
462000000 151737310 151736498
463000000 152073650 152072888
464000000 152399092 152398298
465000000 152734196 152733416
466000000 153079035 153078223
467000000 153410279 153409468
468000000 153730669 153729912
469000000 154045379 154044606
470000000 154362881 154362134
471000000 154685375 154684612
472000000 155019575 155018765
473000000 155357672 155356844
474000000 155694603 155693783
475000000 156029606 156028806
476000000 156357427 156356637
477000000 156707605 156706774
478000000 157049225 157048425
479000000 157386999 157386193
480000000 157726881 157726107
481000000 158067598 158066771
482000000 158414731 158413909
483000000 158751979 158751207
484000000 159075234 159074456
485000000 159413453 159412636
486000000 159746424 159745645
487000000 160072654 160071863
488000000 160404944 160404163
489000000 160734084 160733270
490000000 161067561 161066779
491000000 161400084 161399307
492000000 161720698 161719889
493000000 162047307 162046562
494000000 162387908 162387074
495000000 162728602 162727799
496000000 163064240 163063448
497000000 163396888 163396054
498000000 163728252 163727490
499000000 164051319 164050527
500000000 164375406 164374612
