# Steps Temp KinEng PotEng Epair Ebond Eangle Bonds
1000000 307.88298952461235558 12847.452190876729219 10711.554471435247251 -302.04681641659823299 2935.4664682811435341 8078.1348195707032573 14382
2000000 308.09694368469325809 12856.380147068537553 10826.404720297274253 -291.88182080805086116 2904.1165145726508854 8214.1700265326762747 14410
3000000 308.94363577430470968 12891.711219299817458 10633.448022676438995 -263.5414606894733538 2710.192055051979878 8186.7974283139328691 14487
4000000 308.12658696688743021 12857.617112616255326 10686.446360887697665 -262.3060863075268685 2773.3614844725975672 8175.3909627226266821 14481
5000000 309.52432356191178542 12915.942368284784607 10477.825507124956857 -271.6746520762752084 2678.7420507011192967 8070.7581085001129395 14519
6000000 310.07632287505697377 12938.976394282712135 10612.977995294815628 -279.18879749648539246 2763.0994168711076782 8129.0673759201936264 14470
7000000 306.14743117698469632 12775.030187536916856 10355.341970306899384 -260.56814488069966274 2580.6230466130482455 8035.2870685745510855 14533
8000000 306.076763034190094 12772.081321841627869 10525.759095681640247 -272.34972052050744651 2683.7787996873039447 8114.3300165148430096 14525
9000000 308.66023229338298961 12879.885256853851388 10298.074232032355212 -261.65164384949395071 2541.3837628948258498 8018.3421129870230288 14598
10000000 311.97999325672742543 13018.413437080895164 10281.245799799875385 -301.30615907163928568 2433.6366081647406645 8148.915350706774916 14601
11000000 312.20823253258498653 13027.937487724901075 10333.383385193401409 -283.28410525801905351 2478.5053407642799357 8138.1621496871421186 14611
12000000 312.03548759389184397 13020.729124753946962 10382.64430979619101 -274.6991905556974416 2497.108340651276194 8160.2351597006127122 14594
13000000 309.60307017640843696 12919.228335354617229 10498.228942921890848 -289.72461983471697522 2578.2455888577592305 8209.7079738988486497 14542
14000000 306.20140846206754759 12777.282571114736129 10331.353700676854714 -308.93104279140140989 2576.0811942460059072 8064.2035492222512403 14571
15000000 310.30222740837689344 12948.40301994985748 10300.305278093313973 -271.38774131040111115 2442.4218292640057371 8129.2711901397105976 14617
16000000 309.4215027379019034 12911.651823936319488 10403.072702454377577 -262.20199577872620011 2616.4431160059975809 8048.8315822271069919 14553
17000000 308.23373628300561222 12862.088277841197851 10284.558501780789811 -265.33435516950106603 2463.2266021412478949 8086.6662548090425844 14619
18000000 307.88694789820311826 12847.617367314504008 10148.135643927667843 -279.20898946989831302 2342.6957678792487059 8084.6488655183175069 14636
19000000 311.1369231565918767 12983.233504529984202 10528.509773522575415 -274.71923423217100435 2595.7964667264677701 8207.4325410282799567 14556
20000000 309.1822864960898869 12901.669722506467224 10547.065961833148322 -255.20157052627121175 2555.7920166260864789 8246.4755157333329407 14567
21000000 308.54150032377191337 12874.930766495479475 10241.089246333693154 -274.68662899390983512 2373.4075512192466704 8142.3683241083581379 14589
22000000 312.20226496694306206 13027.68847099812956 10422.503886051912559 -256.98536367300829397 2481.828147424879262 8197.6611023000423302 14584
23000000 310.05857801218479608 12938.235930258584631 10357.208995000824871 -275.1265234144480587 2492.2329478632482278 8140.1025705520250995 14593
24000000 310.31073299273077737 12948.75794403485088 10500.895690586326964 -259.14266643816000624 2583.9173180432962909 8176.1210389811903951 14585
25000000 310.59283573663122979 12960.52962885827219 10353.856046098622755 -287.88284361973074965 2538.3140402880108013 8103.4248494303437838 14578
26000000 312.47073472151811302 13038.891273536602966 10495.753424811837249 -250.61356417652450546 2581.3788548822676603 8164.9881341060936393 14591
27000000 311.92218471352106235 13016.001181385267046 10430.245386515325663 -286.39878809853439634 2590.1977555682187813 8126.4464190456419601 14575
28000000 311.77943986653315278 13010.044673037718894 10339.693189740812159 -272.10519300338552284 2536.8242209415257093 8074.9741618026737342 14590
29000000 307.95992081921815497 12850.662407624840853 10261.807258981942141 -279.42716071790732713 2434.8158720491155691 8106.4185476507318526 14606
30000000 312.12682040144608209 13024.540293017329532 10316.90630299217446 -268.49850684816436797 2548.9627015127680352 8036.4421083275719866 14592
31000000 308.83300710256457933 12887.094866271299907 10421.325743959881947 -285.20472576668936426 2582.8927014879077433 8123.6377682386619199 14564
32000000 309.14723733836621022 12900.207178639133417 10410.306554868353487 -292.41939478145673093 2616.7788926153798457 8085.947057034430145 14531
33000000 311.3356007688028626 12991.523995434399694 10268.478800717744889 -275.14837315450836286 2485.0984002267150572 8058.5287736455375125 14595
34000000 311.98124861874345015 13018.46582127889269 10291.72952322760284 -262.90832046316052129 2525.8923971744643495 8028.7454465162991255 14556
35000000 311.12622558446719268 12982.787112390416951 10459.376884784345748 -282.1348734276276673 2523.5381063764662031 8217.9736518355075532 14580
36000000 306.5530873734531383 12791.957555294738995 10473.771844998751476 -274.96067427363834668 2595.5758293632316054 8153.1566899091576488 14551
37000000 310.94169811468168518 12975.087083721624367 10495.760307875525541 -275.13421240076149843 2630.8823025914689424 8140.012217684818097 14542
38000000 310.46611879427422309 12955.241938683444459 10410.637437433095329 -273.27547351750013149 2568.8921102447798148 8115.0208007058135991 14590
39000000 312.88797765396287787 13056.302136783197057 10416.224340010589003 -275.37884453464420176 2564.440142716790433 8127.1630418284412372 14563
40000000 312.48710228816980816 13039.574265248367738 10299.642233603164641 -270.14060725044470246 2486.9773833411713895 8082.8054575124378971 14570
41000000 307.65083372367695347 12837.76471006475731 10249.761181364803633 -275.27786070671658081 2528.2816352271947835 7996.7574068443254873 14573
42000000 307.9401332615034903 12849.836705295179854 10265.711882752879319 -306.1959180588856384 2478.6125419116815465 8093.2952589000833541 14561
43000000 310.92451122201737235 12974.369902879137953 10229.738701873136961 -272.32338849890857091 2404.905649125839318 8097.1564412462057589 14605
44000000 307.84529758806962718 12845.879368183725092 10396.950518245073908 -296.0170026362001181 2546.6135410113843136 8146.3539798698893719 14594
45000000 309.57313393674917279 12917.979145172363133 10271.464465072062012 -271.59044014959192737 2475.8643634502154782 8067.1905417714388022 14568
46000000 306.81534217644474438 12802.901018096841653 10377.936678717476752 -295.78842708950173801 2531.5489534314856428 8142.1761523754921654 14566
47000000 309.10333387723966325 12898.375159212830113 10634.273279028853722 -305.03862579752706097 2744.6946933915473892 8194.6172114348319155 14530
48000000 312.15996651925757988 13025.923426150322484 10502.243261460967915 -251.1581420643364595 2666.6050178412974674 8086.7963856840069639 14556
49000000 314.95910375248661239 13142.726831999862043 10444.334533745237422 -300.03923971895642353 2516.0862359894986184 8228.2875374746945454 14591
50000000 308.07712348384995948 12855.553082594657099 10443.681155129272156 -273.61546249259595243 2594.8242960144962126 8122.472321607372578 14553
51000000 310.21770314075115493 12944.875960890936767 10322.253318657636555 -271.45219066559224075 2471.6715462864758592 8122.0339630367534483 14576
52000000 310.00926516635598773 12936.178186080642263 10335.058209910806909 -259.01556808498509099 2460.0294917734763658 8134.0442862223162592 14582
53000000 308.67588781314123025 12880.538536016587386 10597.662508728120883 -281.7292691069023931 2546.6912438979293256 8332.7005339370953152 14557
54000000 308.2585232808153819 12863.122598606394604 10277.741590899027869 -290.62891808291630014 2501.8294674995177047 8066.5410414824273175 14549
55000000 310.42261174332230667 12953.426460803571899 10391.115684709802736 -278.154339475980521 2449.8547647060222516 8219.4152594797596976 14582
56000000 308.68673210019932185 12880.991050329697828 10357.372590273178503 -251.90713131835258309 2542.5356742079366086 8066.7440473835940793 14569
57000000 308.25020976957603125 12862.77568941744903 10332.968459838455601 -250.63316079140088277 2484.1383485963851854 8099.4632720334720943 14602
58000000 309.52980198794091393 12916.170974017759363 10313.614626404267256 -259.66492639238026641 2478.6824692696518468 8094.5970835269945383 14564
59000000 309.97270398090103072 12934.652547775975108 10592.162072043325679 -281.79981617731482402 2606.6330808769316718 8267.3288073437088315 14542
60000000 309.44604168852742987 12912.675794099342966 10419.996008628208074 -277.93619355092346268 2594.1926977117859678 8103.7395044673467055 14562
61000000 308.3342341146826584 12866.281887529576125 10371.360033999384541 -263.1735574331376597 2513.6009464029807532 8120.9326450295411632 14557
62000000 309.20307780030196909 12902.537309531209758 10395.109078221143136 -293.20676551976117707 2600.0618588547758918 8088.2539848861288192 14543
63000000 308.11080959002043755 12856.958748556229693 10156.55598174343686 -295.94662846855032967 2351.6104759637446477 8100.8921342482426553 14596
64000000 305.59616467597277278 12752.026740587416498 10513.850345544335141 -262.99268138573734177 2579.0961678387084248 8197.7468590913631488 14552
65000000 308.46218781663674235 12871.621185653968496 10513.442611852133268 -286.29913817643915763 2630.3511508284764204 8169.3905992000964034 14553
66000000 313.17934759039980008 13068.460526351947919 10403.497692891949555 -265.49030850898020617 2458.6292293080250602 8210.3587720929062925 14560
67000000 308.64721276694126573 12879.341973368895196 10276.908222230456886 -259.9681708900421313 2489.0565691612864612 8047.8198239592138634 14599
68000000 309.77385710302280586 12926.354993692879361 10373.563423146137211 -264.10911884510403524 2492.8489725327613087 8144.8235694584782323 14602
69000000 314.86573431359204278 13138.830678450947744 10284.439578103287204 -291.61994657233503858 2513.8911338697525935 8062.1683908058694215 14581
70000000 307.07538402012642109 12813.752137736435543 10439.984427187617257 -274.25259768398530014 2556.6059191633175942 8157.6311057082839397 14586
71000000 307.28757199395960242 12822.606393872865738 10255.4249012600485 -256.10391871344893389 2470.344588702537294 8041.1842312709595717 14617
72000000 312.18776735250474985 13027.083509325300838 10141.125563969610084 -294.84024448482415437 2276.8931711115355938 8159.0726373428979059 14662
73000000 310.289265079947711 12947.862123244152826 10229.35333189055018 -305.14534782353894116 2454.9107543396748952 8079.5879253744160451 14612
74000000 307.32944856235013731 12824.353834389623444 10227.653451358157326 -248.2347635379510109 2430.9534061991871567 8044.934808696921209 14636
75000000 308.3083994785678783 12865.203850536152459 10224.268565299746115 -289.31432597248988259 2388.1675924717742419 8125.4152988004625513 14656
76000000 306.68913811232363287 12797.63472948962044 10167.505089603524539 -282.75898246177314377 2516.5533802666559495 7933.7106917986411645 14626
77000000 309.8613341251507336 12930.005266354335618 10312.727986343814337 -293.50576620857350463 2424.6736726311028178 8181.5600799212861602 14611
78000000 307.75545510473824606 12842.130388705867517 10225.475009066263738 -292.03336050518061029 2437.9784225118482937 8079.5299470595946332 14635
79000000 314.45059918984344449 13121.507770604206598 10376.078151447156415 -273.67087076970796033 2566.3931295752163351 8083.3558926416480972 14566
80000000 305.65005186149068095 12754.275364458164404 10265.402020897145121 -306.26403749016901656 2472.6417878257007033 8099.024270561612866 14624
81000000 308.12930476114775047 12857.730521713257986 10264.005421592177299 -285.8416815412200549 2476.5971395356323228 8073.2499635977646903 14607
82000000 306.87305427723714502 12805.309249408712276 10183.617651798500447 -259.48453807533951476 2394.6322457323713024 8048.4699441414686589 14657
83000000 306.00891481586171494 12769.250126969329358 10404.595329159950779 -270.68011031123182875 2541.6041935555272175 8133.6712459156551631 14634
84000000 309.47174566774231153 12913.748378994625455 10322.108884824796405 -283.51769666458062602 2439.1933499275210124 8166.4332315618557914 14637
85000000 308.63950213944610823 12879.020221529799528 10075.600619039596495 -301.9042302805933673 2385.279691046986045 7992.2251582732051247 14668
86000000 309.39398068033881373 12910.503373613415533 10255.778937549164766 -282.34214125141738805 2440.9759321706196715 8097.1451466299622552 14629
87000000 312.61803753050855903 13045.037978162956279 10228.702028760153553 -263.89250056526941535 2360.4053058388026329 8132.1892234866218132 14650
88000000 311.33958295413140149 12991.69016549693697 10117.385337397656258 -299.0572072659080618 2290.9457854150036837 8125.4967592485609202 14652
89000000 310.76627972393549726 12967.767161981251775 10301.413649131063721 -301.74447483212742327 2428.3620380962520358 8174.7960858669375739 14655
90000000 310.617915894089208 12961.576182694774616 10295.401958084057696 -274.97641595265400838 2390.6923068598671307 8179.6860671768445172 14672
91000000 313.60080070614009173 13086.047073642299438 10275.670117466470401 -310.36728263670249817 2507.1672307997605458 8078.8701693034117852 14614
92000000 310.57592965324579382 12959.82416572643524 10370.506261935233852 -270.49835087558449231 2533.9222088578353578 8107.0824039529852598 14602
93000000 310.69948702799774765 12964.980012327141594 10091.760709663709349 -313.05113376395439673 2405.4145608363755855 7999.3972825912878761 14617
94000000 305.49437224723203599 12747.779109486851667 10314.968203119400641 -278.94441986119682042 2402.0132818485344615 8191.8993411320643645 14604
95000000 311.71199429508135381 13007.230279959196196 10196.452222954336321 -248.27675996071764075 2365.4007426145394675 8079.3282403005132437 14637
96000000 309.8499851199945283 12929.531690982783402 10310.707680958435958 -316.60573580926723025 2451.4039692053161161 8175.909447562386049 14587
97000000 307.07620925239609733 12813.786573325578502 10236.116234821465696 -277.26921005926521957 2425.8561263455749213 8087.5293185351565626 14585
98000000 309.90124231296198332 12931.670569577878268 10495.631392097169737 -279.08589789608708998 2535.7725482623964126 8238.9447417308620061 14613
99000000 312.18940392883308732 13027.151800971318153 10333.13542047802548 -262.20466235407383238 2465.0805972643365749 8130.2594855677634769 14619
100000000 311.06218838116217285 12980.114944924558586 10273.471888598434816 -266.19279808273472554 2449.0545454987568519 8090.6101411824129173 14623
101000000 310.611602494480735 12961.312734883782468 10219.357852501198067 -266.52889200618062659 2495.4689831231439712 7990.4177613842357459 14588
102000000 311.9846232967985884 13018.606641059290268 10219.38359309043517 -274.11369639240297147 2492.3651925578787996 8001.1320969249591144 14587
103000000 310.97948564281500694 12976.66389529492335 10465.561556263630337 -300.86285179456717742 2594.1257283731338248 8172.2986796850645987 14584
104000000 308.38127522447132378 12868.244835888461239 10147.499294410932634 -296.79333949061117437 2378.2234721268150679 8066.0691617747270357 14646
105000000 309.85465871349617828 12929.726712374400449 10169.09406920084075 -308.10811112172302728 2384.4202997166489695 8092.781880605914921 14636
106000000 310.09212439544563722 12939.635765812299724 10371.529874446008762 -285.15442376289786353 2514.9462029649166652 8141.7380952439916655 14575
107000000 307.70693230494225645 12840.10561185311235 10304.557830717038087 -241.14361127196298185 2507.50217480106312 8038.1992671879361296 14602
108000000 308.18443239843270476 12860.030907601765648 10278.883416281911195 -297.51046719124991569 2468.9532310370805135 8107.4406524360801995 14628
109000000 309.83817454707582328 12929.038855145525304 10246.679816520812892 -263.50117268765882272 2469.8501393644060045 8040.3308498440655967 14589
110000000 311.93352085951056551 13016.474220164882354 10355.975909586102716 -310.59258077220346195 2536.9724169564528893 8129.5960734018535732 14603
111000000 309.70906967970313417 12923.651520776253165 10347.337285826548396 -273.61372054020802125 2560.6402520712199475 8060.3107542955367535 14584
112000000 308.94058714813616007 12891.584005129887373 10271.923660705706425 -294.88878449886902899 2377.7648918501681692 8189.047553354408592 14602
113000000 314.72816572337251273 13133.090166808713548 10220.516730954608647 -297.08843691347379945 2467.8866954691666251 8049.7184723989139457 14611
114000000 309.06851011173819188 12896.92202059326155 10429.940513773928615 -282.49257483025547799 2545.755065983278655 8166.6780226209048124 14589
115000000 310.30686904341951049 12948.596707767394037 10330.340305808293124 -284.69610534084142728 2547.0979212616439327 8067.9384898874914143 14578
116000000 311.21624752348247966 12986.543580259636656 10284.447437647511833 -307.19843765947825887 2436.5989474123043692 8155.046927894685723 14633
117000000 310.24707347354018339 12946.101536707645209 10398.140737760804768 -304.29948049832796642 2525.9093363658589624 8176.5308818932726354 14535
118000000 312.00668748738110025 13019.527343544597898 10267.191828496372182 -296.38807021170464395 2469.5752425825394312 8094.0046561255367124 14598
119000000 312.58829381234062339 13043.796821586780425 10416.016570159568801 -299.52055023938203249 2571.50223512622415 8144.0348852727265694 14567
120000000 308.53784284331823073 12874.778145834816314 10251.387470743780796 -285.87099399029159486 2490.669456372460445 8046.589008361613196 14604
121000000 306.38907719827767551 12785.113679679403504 10221.143822919526428 -268.54470999155722666 2475.9878012459930687 8013.7007316650906432 14607
122000000 311.57104565855877354 13001.348724528383173 10323.911984385509641 -286.23352454081532414 2565.034892249285349 8045.1106166770405252 14559
123000000 310.50177439790462586 12956.729788543827453 10379.425853943997936 -314.81052001312639277 2526.967747154346398 8167.2686268027791812 14591
124000000 306.91078129539909014 12806.883536000148524 10321.683981460433642 -276.38361681712274276 2476.4717710739992071 8121.595827203556837 14607
125000000 307.03172043903578015 12811.9301281106018 10169.756559847028257 -275.69456234233024361 2357.4932372958837732 8087.9578848934752386 14606
126000000 310.00702578342173865 12936.084740303631406 10334.330969965194527 -271.82891544033623177 2467.9284057722379657 8138.2314796332921105 14605
127000000 306.65997598494845988 12796.417841743354074 10368.472757379618997 -302.81183965287891624 2594.4427770570482608 8076.8418199754487432 14582
128000000 312.40846446989360174 13036.292838066377954 10312.750971982663032 -272.10911264107164698 2495.3382031319288217 8089.521881491806198 14593
129000000 310.06443126169318703 12938.480176760596805 10378.309552680080742 -268.86806387392039142 2446.5572313977131671 8200.6203851562859199 14565
130000000 310.38078732902295087 12951.681196591502157 10383.588787518980098 -275.51504600386931543 2572.1296007748214834 8086.9742327480280437 14574
131000000 311.91790845340284477 13015.822740064071695 10394.874516776373639 -298.59916593171345767 2597.7097574254594292 8095.7639252826274969 14579
132000000 311.97215548139780594 13018.086379571204816 10262.533535014466906 -264.06507101019167294 2368.7046407567540882 8157.8939652679046048 14618
133000000 308.89450433485006897 12889.661044912343641 10352.764407550545002 -284.38289278339107113 2459.1711094170968863 8177.9761909168391867 14593
134000000 310.42234641249899596 12953.415388983486991 10295.35657538867963 -317.89908958494117996 2500.6027003072504158 8112.6529646663684616 14581
135000000 306.45008665724355978 12787.659504339822888 10535.229082680154534 -273.87102732240145997 2738.4953970892147481 8070.6047129133403359 14525
136000000 313.80881407682738882 13094.727130436260268 10427.765530866281551 -269.35203851618541648 2640.0498899713720675 8057.0676794110950141 14551
137000000 310.50296581573536514 12956.779504455847928 10569.319473932886467 -266.03878843037182378 2573.8578518794411139 8261.500410483817177 14574
138000000 307.89272420265450592 12847.858403025486041 10336.44907036312361 -278.64754606091872802 2444.1447700344015175 8170.9518463896411049 14605
139000000 311.8944469625274678 13014.843730529268214 10389.106122463024803 -287.7458080296079288 2441.7900454070795604 8235.0618850855535129 14620
140000000 310.18518188502224575 12943.518902227808212 10372.083310131005419 -306.98974742017821882 2481.8850650452191076 8197.1879925059656671 14597
141000000 309.75750389156388565 12925.672600999765564 10306.50260254791101 -268.77405677686567742 2508.6935849538976981 8066.5830743708793307 14579
142000000 310.54877175805938805 12958.690911302242966 10293.88434785386562 -272.53262555082721974 2567.4594627234132531 7998.9575106812790182 14586
143000000 311.97994258273268997 13018.41132253820615 10365.508719505931367 -284.01568036497320691 2474.2944792015723579 8175.2299206693314773 14593
144000000 310.14118848149371388 12941.683129652585194 10474.04595316866471 -302.50711398438852484 2600.3859030600151527 8176.1671640930371723 14574
145000000 309.12237875344078475 12899.169870661009554 10253.432159360654623 -289.22815491713680558 2432.6831206471597397 8109.9771936306315183 14615
146000000 309.19263115675892095 12902.101388229802978 10415.5815718121994 -267.88105710550439653 2565.266181313526431 8118.1964476041775924 14572
147000000 312.56073684505037136 13042.646914538216151 10214.796965887249826 -259.80506441437586318 2391.8758692495885043 8082.7261610520372415 14602
148000000 308.25051132918071062 12862.788273005162409 10331.487274215069192 -261.1947790335219679 2500.7852749974672406 8091.8967782511244877 14586
149000000 308.30090864290457375 12864.891270249718218 10293.287189629365457 -253.59468021245407954 2480.0316167034716273 8066.8502531383483074 14578
150000000 303.7592455904850226 12675.375119899466881 10410.644248830736615 -287.20630847239760897 2555.0724288465889913 8142.7781284565453461 14603
151000000 308.04147211114519678 12854.065409283863119 10483.365182971292597 -300.73328917781037717 2538.9149579687405094 8245.1835141803621809 14601
152000000 310.85295705905502928 12971.384065015421584 10370.171758332275203 -301.07613466655504908 2502.6439774602804391 8168.6039155385515187 14589
153000000 314.89109677112503505 13139.889012206576808 10418.906657970321248 -302.36917028285006381 2525.7100764352780971 8195.5657518178959435 14599
154000000 307.3768085063095441 12826.330087175529115 10260.598173649123055 -283.80288992415103166 2322.7094216176078589 8221.6916419556655455 14630
155000000 309.0679877382794416 12896.900222805577869 10434.508673531385284 -288.59524676622856987 2501.4634428930112335 8221.6404774046022794 14594
156000000 308.66652357440699461 12880.147781692590797 10354.965537776337442 -284.03288542303192798 2532.4764421953641431 8106.521981004004374 14597
157000000 310.24654587581858323 12946.079520920040522 10292.931848204478229 -276.47991252686176722 2407.0436265304542758 8162.3681342008867432 14634
158000000 313.83556519110692307 13095.843410560373741 10447.351804353711486 -277.07923067144764673 2550.2959122875645335 8174.1351227375944291 14589
159000000 311.55114985058492039 13000.518505092950363 10230.154810672052918 -296.01630912908399296 2387.6052046309832804 8138.5659151701538576 14604
160000000 312.10545112354805042 13023.64858809861289 10484.878817502140009 -288.11841946717999008 2572.0560296797425508 8200.9412072895756864 14582
161000000 308.68719302699156515 12881.010284048767062 10368.264234439076972 -254.85803887439428195 2482.6035875729444342 8140.518685740528781 14574
162000000 308.698586665768687 12881.485721908115011 10356.634430746646103 -288.48538521683690306 2475.2386535342197931 8169.8811624292629858 14598
163000000 308.48935371368276037 12872.754773982636834 10305.58366620187735 -301.82531891190649276 2447.5008670788929521 8159.9081180348921407 14602
164000000 310.17756462900860015 12943.201046627496908 10267.102365250621006 -285.93050865570120322 2393.422208478218181 8159.6106654281038573 14673
165000000 310.9885166831552965 12977.040745796422925 10559.209138375397742 -302.3593136183031902 2653.4853747057713917 8208.0830772879307915 14539
166000000 311.15077503126491365 12983.811520541490609 10391.57720575003259 -281.01740092735951748 2505.294029639022483 8167.3005770383679192 14597
167000000 307.81353480835628034 12844.553959480741469 10488.062287839626151 -291.17891101941717125 2609.9507615034267474 8169.290437355616632 14569
168000000 312.73093316526251328 13049.748927839973476 10328.924025761594748 -286.3061851126884676 2504.5221733596995364 8110.7080375145851576 14565
169000000 315.91613946339913355 13182.66236257235505 10491.229610552711165 -284.84200296943544117 2662.52006745693825 8113.5515460652077309 14563
170000000 307.72173138454695618 12840.723153172897582 10479.217241403808657 -282.8143264997287929 2535.1352175688407442 8226.8963503346967627 14589
171000000 309.48070811566896055 12914.122367247204238 10402.806434879730659 -257.18617429332772417 2487.8187134971840351 8172.1738956758726999 14616
172000000 310.26892092974037496 12947.013195222645663 10361.200417104337248 -281.4162731971704261 2482.5841934606723953 8160.0324968408358473 14597
173000000 310.95419174284592145 12975.608422333993076 10350.448969791264972 -268.40419909345138194 2467.4711306956860426 8151.3820381890300268 14558
174000000 308.97052209628935771 12892.833141419710955 10240.159459992682969 -301.76663721745421753 2412.8646316582471627 8129.0614655518902509 14636
175000000 308.65417636975445248 12879.632553093215392 10375.141582910120633 -271.38990353778569897 2515.6182042529380851 8130.9132821949679055 14618
176000000 313.50803853319899872 13082.176260305639516 10198.246295575761906 -280.75668851161736939 2414.4143702895357819 8064.5886137978432089 14594
177000000 310.02158507668161747 12936.69227573252283 10500.078806973364408 -266.55850977913303268 2497.7594867479142522 8268.8778300045833021 14627
178000000 308.7724491609009192 12884.567882687362726 10439.001361290149362 -256.75955472132113755 2560.8203045695890978 8134.9406114418816287 14594
179000000 309.40566084260996149 12910.990767628238245 10480.638132168613083 -284.8543817125898272 2614.0088507041241428 8151.4836631770767781 14559
180000000 309.87158398215876787 12930.432976076386694 10304.051858898657883 -315.87177256301799844 2529.9126410085441421 8090.0109904531309439 14596
181000000 306.26485560954614584 12779.930116518713476 10189.775627997212723 -286.64071137122539312 2349.5074733677138283 8126.9088660007219005 14638
182000000 311.23376402087995984 12987.274514967049981 10434.577923142311192 -286.67059099299319769 2464.0838588192436873 8257.1646553160626354 14624
183000000 309.58276783420825495 12918.381151912679343 10494.949471699299465 -285.2854043629613443 2694.6380797245947178 8085.5967963376679108 14553
184000000 310.68224828049375219 12964.26066766724216 10434.240349966556096 -271.26054337618290901 2514.6653423966376977 8190.8355509461007387 14581
185000000 311.85582164738286792 13013.231959478051067 10445.996380753824269 -264.12412943925886566 2558.2538997516576273 8151.8666104414251095 14581
186000000 313.13381558261500004 13066.56055034459132 10379.097803418670082 -258.98765135430238615 2526.3483400193899797 8111.7371147535832279 14594
187000000 308.3901764995818553 12868.616271499751747 10162.492455265411991 -295.28657794750415633 2407.7894506637080667 8049.9895825492094446 14626
188000000 309.6661962257450682 12921.862481859765467 10437.287592758886603 -293.02499102956488741 2665.5331739950756855 8064.7794097933747253 14525
189000000 312.570090445518872 13043.037224944833724 10373.331197950836213 -254.58932850237533785 2488.6612856010269752 8139.2592408521859397 14570
190000000 308.41323039278506712 12869.578272652201122 10383.637275528386454 -288.09106143897793118 2531.8180291671378654 8139.9103078002272014 14553
191000000 308.79728885508524172 12885.604402385843059 10603.072840512242692 -274.43900716145031993 2637.3156449288221665 8240.1962027448698791 14523
192000000 310.48652013934332672 12956.093253352726606 10415.765496857176913 -285.9099368538949193 2706.144126162370867 7995.5313075487010792 14576
193000000 311.88146509412365504 13014.302018452470293 10200.961892929690293 -262.00465441926598942 2448.5460511438077447 8014.4204962051499024 14612
194000000 310.75478715085097292 12967.287595755518851 10229.510070228323457 -263.83014875406388455 2504.7841365271588074 7988.5560824552285339 14601
195000000 309.38579930570369925 12910.161978268246457 10293.57577390723236 -290.73101508532414528 2507.2907651181917572 8077.0160238743656009 14561
196000000 312.0792113915366599 13022.553647117825676 10442.876400145180014 -270.27171930518363752 2569.7762007073997665 8143.3719187429633166 14558
197000000 311.24162776940005415 12987.602656295381166 10225.087977813473117 -291.20417521482198708 2452.2716427129553267 8064.0205103153402888 14584
198000000 307.38989524650179419 12826.876175380057248 10296.366890897657868 -292.71136152789790685 2571.8469952308551001 8017.2312571946995376 14549
199000000 306.03288668302030828 12770.250433669358245 10437.941445193871914 -274.51107015467709971 2572.7371036621266285 8139.7154116864203388 14576
200000000 309.50056869573393215 12914.951116679778352 10598.742161786956785 -263.92833233152219918 2666.2634943635366653 8196.4069997549431719 14524
201000000 314.14918439594060828 13108.93022560807367 10239.23691928136941 -285.29663904367845362 2446.4276957749016219 8078.1058625501464121 14618
202000000 310.31343192326767166 12948.870565979612365 10223.209585232345489 -279.55840560853994248 2291.4197349015953478 8211.3482559392905387 14657
203000000 311.29686006003413468 12989.907409196506705 10551.100780614773612 -272.59450187555722778 2649.1989279391191303 8174.4963545512127894 14527
204000000 309.61848255821530529 12919.871468769415515 10363.305244221779503 -280.38154508621721561 2550.2864235348097282 8093.4003657731864223 14570
205000000 308.56404575986880445 12875.871550566806036 10415.279872430804971 -294.32785142844329584 2575.0052823687601631 8134.6024414904877631 14570
206000000 309.65726964048451464 12921.489990097425107 10442.765710732292064 -269.56106749933411493 2583.9847145520611775 8128.3420636795663086 14569
207000000 311.2957196953986454 12989.859823650591352 10279.510891748403083 -294.23403789449776013 2482.7462756422828534 8090.9986540006175346 14613
208000000 307.86725452354687604 12846.795595089401104 10368.521307560555215 -275.57750455120702782 2456.0866003110522797 8188.0122118007111567 14573
209000000 313.73301170175517427 13091.564021648733615 10267.802871811152727 -282.62722579621680552 2575.0255126394440595 7975.404584967925075 14593
210000000 309.77153256791035574 12926.25799465513046 10280.649601788063592 -285.48106263847643049 2458.319167676349025 8107.8114967501915089 14585
211000000 307.78484880548245428 12843.356939629018598 10380.062625138947624 -278.82851183268707018 2549.9514476348435892 8108.9396893367920711 14612
212000000 309.83884621809335158 12929.066882875473311 10404.930539434117236 -268.62638430696392788 2493.9622254542528026 8179.5946982868281339 14586
213000000 310.27595781218343518 12947.306832785732695 10331.807940820555814 -278.847522024101238 2411.9673797491795995 8198.6880830954760313 14597
214000000 308.7955237084829605 12885.530745713163924 10385.105380496988801 -311.56101365301145734 2491.9913422872277806 8204.6750518627741258 14629
215000000 310.54821732477410023 12958.667775710579008 10414.4943528531021 -264.8572979160990144 2553.3833741413791358 8125.9682766278219788 14598
216000000 314.10317820294079638 13107.010462629412359 10327.027457214580863 -303.1015285355550759 2536.7825855591049731 8093.3464001910315346 14597
217000000 307.83152137914237301 12845.304509579689693 10451.048993817443261 -250.97860268509492698 2537.7106325418972119 8164.3169639606412602 14593
218000000 308.57840957113108971 12876.47092885255006 10294.311943268079631 -298.35497704828054566 2488.1557271999754448 8104.5111931163864938 14584
219000000 311.11929435206724293 12982.497883430349248 10327.333790759670592 -288.36856995805800352 2444.4269247968222771 8171.2754359209066024 14602
220000000 306.53684740342851001 12791.279887980950662 10266.512475182044 -293.43573319605832239 2479.7811813501193683 8080.1670270279828401 14580
221000000 311.43183473080858903 12995.539680834610408 10427.176125102476362 -267.29625324189896673 2613.9864914551071706 8080.4858868892688406 14550
222000000 310.51268826007873258 12957.185206112417291 10427.59873864306428 -259.35965050960328426 2534.3526262429913913 8152.6057629096749224 14591
223000000 308.03259806613084493 12853.695109939824761 10515.765995505371393 -264.87695681524166957 2581.9751234678724359 8198.6678288527400582 14565
224000000 312.41109955565320888 13036.402795873294963 10298.884777144543477 -288.81648876888345967 2503.1138520436702493 8084.5874138697563467 14599
225000000 309.12254197059633043 12899.176681445216673 10174.803719561186881 -271.56512078694112233 2436.5734077128581703 8009.7954326352701173 14604
226000000 310.06436971516228596 12938.477608524804964 10442.336188914634477 -280.51686708431611805 2632.8911684052759483 8089.9618875936748736 14557
227000000 307.80978684380409049 12844.397563067053852 10413.704553602485248 -293.77490226404876239 2425.7546938235855123 8281.7247620429479866 14632
228000000 308.16604049572219992 12859.263443666401145 10440.496619542311237 -259.69697856520855339 2587.5815088667868622 8112.612089240734349 14580
229000000 307.38655556684750536 12826.736816025526423 10325.268557458352007 -284.58029082589217751 2420.7145211706956616 8189.1343271135465329 14603
230000000 308.85754076560874637 12888.118615792225683 10476.237756182659723 -247.82338113057369355 2544.2308495049346675 8179.8302878082986354 14576
231000000 305.77890068838479465 12759.65201467820043 10464.584632230287752 -296.53834493123815719 2534.8991244629951325 8226.2238526985292992 14555
232000000 309.13892381032025014 12899.860268748876479 10403.843465134716098 -283.86990302698575306 2550.0123287612859713 8137.7010394004164482 14590
233000000 308.57033667234276209 12876.134060026555744 10510.794002098966303 -264.61248409505748214 2636.0428918947918646 8139.363594299234137 14564
234000000 307.50164953997955308 12831.539498757543697 10404.959515498918336 -234.76934525659157771 2546.864228394066231 8092.8646323614430003 14586
235000000 310.88841928917435098 12972.86384571634153 10373.553397094721731 -293.41118531863833141 2537.5632176200597314 8129.4013647932997628 14608
236000000 313.14270281186912825 13066.931399845332635 10375.37488989789199 -268.66342817565384848 2651.0257710619034697 7993.012547011643619 14536
237000000 306.76830638467760082 12800.938291650272731 10438.337280028572422 -289.53190203536689751 2513.7083017380064121 8214.16088032593143 14613
238000000 309.67442705777801848 12922.205940981031745 10305.669741260389856 -292.70837849080294291 2364.4596805333235352 8233.9184392178704002 14640
239000000 310.62014891558004592 12961.669363019185766 10333.782329968940758 -286.71988059697139306 2551.5247113585696752 8068.9774992073434987 14563
240000000 310.34615700751731993 12950.23613007260974 10334.231187978115486 -259.43475258474154543 2481.0328652029329533 8112.6330753599249874 14605
241000000 309.52716609016005123 12916.060982326525846 10336.856664236827783 -276.65750992019252408 2512.6041102378540018 8100.9100639191674418 14579
242000000 311.11829073755177433 12982.45600424265831 10159.706492787092429 -261.71676422375145421 2307.778645381248225 8113.6446116295956017 14626
243000000 311.29839184397752661 12989.971328028170319 10332.618696957317297 -260.76887946613931035 2508.2421267140293821 8085.1454497094255203 14590
244000000 308.10779699608468718 12856.833037952277664 10375.552042791630811 -282.27393201845228532 2518.8357660320575633 8138.9902087780264992 14594
245000000 311.18403921626327246 12985.199580424547094 10348.19925509299901 -309.96783680060593724 2502.3257258479789016 8155.8413660456262733 14613
246000000 305.48547705458014434 12747.407927686583207 10295.584372816774703 -280.51710170162488112 2516.4850260068756143 8059.6164485115241405 14587
247000000 312.10403803139388401 13023.589622080646222 10425.232911909002723 -280.68393336287130069 2614.4520010181431644 8091.4648442537309165 14552
248000000 311.40915425631055768 12994.593261832282224 10400.111827453576552 -280.89815084307929283 2498.7274840508821399 8182.2824942457737052 14587
249000000 310.47993857536494033 12955.818615482397945 10315.607927586470396 -275.6273239948831133 2476.2183697490272607 8115.0168818323263622 14607
250000000 312.2594751064157208 13030.07575628739869 10417.223664028273561 -256.58907371583131862 2560.3519325082615978 8113.4608052358425994 14565
251000000 306.42934304549538638 12786.793907443377975 10303.464333390278625 -266.11633490475566077 2522.4433443674920454 8047.1373239275417291 14575
252000000 310.00949970650935938 12936.187973056570627 10262.908470488875537 -271.59196985099163157 2511.6673357130093791 8022.8331046268576756 14569
253000000 311.68723731628870155 13006.197211838347357 10205.873543761385008 -251.90813295501817493 2340.307937421826864 8117.4737392945771717 14640
254000000 305.38601095896024162 12743.257370651706879 10268.586659096841686 -297.34956141349255176 2448.4527730050358514 8117.4834475052984999 14617
255000000 307.90376516053953537 12848.319124089641264 10305.254285749022529 -262.03220453487830355 2443.8906648534912165 8123.3958254304088769 14580
256000000 308.10726973854116295 12856.81103635974614 10414.047719430440338 -279.8335757688026888 2595.9867448714749116 8097.8945503277664102 14582
257000000 312.6850051551625711 13047.832427305495003 10416.805684593189653 -288.31375986195530459 2567.4385474916425665 8137.680896963502164 14597
258000000 310.17336802860620537 12943.02592937558984 10239.942764843042823 -280.47795539515828978 2334.8174857340000017 8185.6032345042021916 14630
259000000 312.04408650516836587 13021.087943218355576 10361.161578842111339 -287.57581140129025243 2567.8623168088897728 8080.8750734345130695 14588
260000000 307.21686752703061529 12819.656012431027193 10314.685711515743606 -277.47174226707863909 2501.3350200849049543 8090.8224336979174041 14613
261000000 309.55882166360606789 12917.381917487804458 10055.533537851304573 -273.30922540516252184 2285.7963527983210952 8043.0464104581469655 14655
262000000 305.8973084503611517 12764.592976383713903 10327.04738939319941 -292.59783906476269522 2513.8012120592984502 8105.8440163986633706 14563
263000000 308.69501329578372406 12881.336611039363561 10294.782144328319191 -295.52326085172984449 2472.0612607173497963 8118.2441444626983866 14604
264000000 310.28335020523229559 12947.615305223323958 10290.822666953836233 -247.86796530638224567 2423.7101166115899105 8114.9805156486281703 14617
265000000 308.63609887994653036 12878.878209092603356 10220.672454332405323 -282.15054573710597197 2436.4421758329731347 8066.3808242365375918 14626
266000000 309.94676681810585706 12933.57023251233295 10143.221243263327779 -286.80333374446092876 2385.6935105527772976 8044.3310664550117508 14592
267000000 305.29437487866329093 12739.433547314172756 10376.867126095861749 -275.57340907488156745 2449.0485496184528529 8203.391985552290862 14590
268000000 309.78018391907539808 12926.619001350079998 10476.156069533617483 -275.98307692451760431 2654.1130073518902464 8098.0261391062431358 14552
269000000 309.89111401870235341 12931.247932469941588 10480.650228526523279 -284.09452526423177687 2667.8279130261980754 8096.9168407645584011 14547
270000000 309.40781260247018736 12911.080557038083498 10474.510220267327895 -286.27379755690321872 2614.7875762389780903 8145.9964415852537059 14586
271000000 310.61012722657136464 12961.251174373526737 10464.596208164533891 -281.63207638719239867 2540.4739245901773756 8205.7543599615491985 14598
272000000 312.73342278853959897 13049.852815736070625 10326.14314076224764 -271.35464206560857292 2557.3618951437128999 8040.1358876841422898 14591
273000000 305.47447853013056829 12746.948977300093247 10356.911665176965471 -248.02814571012555689 2438.2661003761486427 8166.6737105109432378 14610
274000000 307.99078937337105799 12851.950501761815758 10423.035886778823624 -288.22293237056413773 2562.4760176610284361 8148.7828014883598371 14589
275000000 308.42466849161229447 12870.055565756520082 10487.582532270649608 -288.28908611398225048 2462.2807858176261107 8313.5908325670043268 14599
276000000 304.85823316814730788 12721.234069054742577 10311.215145983987895 -282.62012115334573537 2452.2430577653803994 8141.5922093719518671 14597
277000000 310.99653066504254184 12977.375156116766448 10254.118143491499723 -296.72155270898304025 2458.3421760976389123 8092.4975201028446463 14579
278000000 311.28376559253172218 12989.360998543997994 10068.122264829515188 -256.34429936121864557 2309.8462604971346082 8014.6203036936003627 14659
279000000 305.94851008933375169 12766.729536801716677 10261.893951717542222 -265.3127098093016798 2398.3063246680681004 8128.9003368587782461 14593
280000000 313.33291960913743424 13074.868834818858886 10243.88737119102916 -261.41194710621164177 2442.0650478259399279 8063.234270471300988 14569
281000000 310.51667594054367783 12957.351605477984776 10205.216396666250148 -251.06877215375277501 2461.7620620765219428 7994.5231067434815486 14597
282000000 306.74572813604430621 12799.996138365617298 10458.411806265656196 -287.87365843881178762 2644.9250779316134867 8101.3603867728543264 14560
283000000 309.13074130353578539 12899.518826160972822 10277.474154005107266 -272.07593822700482633 2399.3886961904690907 8150.1613960416434566 14591
284000000 311.05354821694493239 12979.754405042593135 10337.512719352194836 -265.73560672796230619 2577.2155268379133304 8026.0327992422435273 14554
285000000 309.58980798186263428 12918.674925727678783 10325.456023648868722 -277.53218942339407249 2505.7565949413251474 8097.2316181309379317 14577
286000000 312.05422423501545381 13021.510974057880958 10480.483900399496633 -266.96144594095881075 2642.2002188100886997 8105.2451275303674265 14541
287000000 308.17740715336083213 12859.737755647092854 10403.166479626697765 -259.34647398258096018 2627.6662829137212611 8034.8466706955568952 14546
288000000 306.89432899688193856 12806.19700856660711 10458.458146238392146 -299.77188183204759753 2447.3039731195403874 8310.9260549508999247 14616
289000000 308.09215182325806381 12856.180190550026964 10535.447706685279627 -256.25950259181945512 2571.5742813106362519 8220.1329279664623755 14584
290000000 304.72773493787832422 12715.78859193707649 10264.5945566133596 -250.10058058889529775 2367.7104059326738934 8146.984731269581971 14618
291000000 309.09244708477808672 12897.920871218946559 10483.359047929590815 -278.42724710278372413 2587.9715276321121564 8173.8147674002620988 14586
292000000 317.57598941776490165 13251.925178831446829 10368.917542169745502 -245.94865304735654377 2491.7033380135108018 8123.1628572035897378 14577
293000000 308.19200666410068834 12860.346969285461455 10466.744867625038751 -288.3530709668060581 2593.798988410734637 8161.2989501811125592 14578
294000000 308.18050875403656619 12859.867180356324752 10395.375787174507423 -297.37371161582211698 2557.7932571944329538 8134.9562415958971542 14547
295000000 313.05053819736741616 13063.085521642286039 10469.673063181755424 -280.28265776942771481 2525.3402698486634108 8224.615451102519728 14546
296000000 308.4211880521107787 12869.910332724424734 10402.914441922563128 -276.59528983102495658 2590.3612384298512552 8089.1484933237361474 14579
297000000 310.42857656504770603 12953.67536303120869 10191.65187673694345 -272.84256726409307703 2492.0651764928611556 7972.429267508175144 14618
298000000 308.56779786162616119 12876.028119619280915 10287.772548390759766 -273.44862267898713526 2508.4945554818332312 8052.7266155879115104 14598
299000000 311.43197117936773566 12995.545374609193459 10416.237630540115788 -263.49252799166310979 2456.4194353445691377 8223.3107231872090779 14600
300000000 308.707962603056842 12881.876964393581147 10370.15422206560288 -252.92194595282074943 2438.0161174428285449 8185.060050575596506 14600
301000000 307.35130951778518238 12825.266056205555287 10471.808373229549034 -269.36729915596549745 2635.955103670175049 8105.2205687153391409 14542
302000000 308.38572816438448854 12868.430649767726209 10537.195688888714358 -262.55706001478148437 2556.7614911851960642 8242.9912577182985842 14571
303000000 310.98974780465437107 12977.092118477405165 10362.9276958019218 -297.61194390062468074 2531.9168530854803976 8128.6227866170647758 14581
304000000 311.28373945087389529 12989.359907695492439 10296.29607466622474 -280.76551028852338732 2524.0517009070536005 8053.0098840476948681 14586
305000000 311.39939982899312554 12994.186225578660014 10399.686971196881132 -248.25380318855030737 2521.5328559001845861 8126.4079184852462276 14610
306000000 308.36631353283559065 12867.620509035321447 10327.570912302617216 -295.96820614397802274 2486.2949397638622031 8137.2441786827321266 14618
307000000 308.89301695799423442 12889.598979115611655 10442.267072909451599 -289.5118300450329798 2568.5673784724785946 8163.211524482006098 14560
308000000 307.5961639709153701 12835.483430946427688 10200.156624267541702 -290.89387422028636365 2431.2112298606243712 8059.8392686272036372 14575
309000000 307.34540588010537476 12825.019707087791176 10510.765088915937667 -273.29177018446267766 2587.4763001282076402 8196.5805589721931028 14591
310000000 310.10358498086469581 12940.113997245214705 10388.534009885805062 -270.72277503527124054 2557.6114588353675572 8101.6453260857088026 14563
311000000 307.77460695620851538 12842.929564056577874 10344.674601281025389 -290.28800642102424945 2496.0817998049806192 8138.8808078970705537 14630
312000000 311.46267291758294959 12996.826507790683536 10332.039397924099831 -284.61084147791194709 2568.7642909441092343 8047.8859484579015771 14589
313000000 305.81697907873387976 12761.240963454716621 10497.031740150843689 -266.07528569308942679 2643.8144619261702246 8119.2925639177610719 14574
314000000 309.9648219637702482 12934.323644128482556 10305.753760512754525 -309.12039823724649068 2480.650649660491581 8134.2235090895092071 14596
315000000 311.40901668764314536 12994.587521317418577 10311.951946693763603 -270.6083698369003514 2411.0474846273250478 8171.5128319033374282 14604
316000000 310.10140539625837164 12940.023046754351526 10370.328624912814121 -292.14451626301132592 2504.3256591864837901 8158.1474819893428503 14605
317000000 313.53160962715821825 13083.159843397370423 10522.853891523031052 -297.55338853712930813 2565.6005037800582613 8254.8067762801001663 14570
318000000 313.27126059752453102 13072.295905391816632 10539.564242463584378 -280.97057219421060381 2657.7630159364452993 8162.7717987213491142 14530
319000000 311.76171536088855873 13009.305058487310816 10290.195350946145481 -286.55219557848573686 2485.9231289358795038 8090.8244175887521124 14577
320000000 310.71797198569385046 12965.751359294434224 10415.445215163896137 -267.65126467035565838 2474.5259832746432949 8208.5704965596069087 14603
321000000 310.69093223290064998 12964.623034758544236 10366.870916729807504 -275.28268397104511678 2591.8321879144555169 8050.3214127863966496 14531
322000000 310.79676167732992553 12969.039123902643041 10459.139790478808209 -285.86036713957651045 2601.3483591517942841 8143.6517984665906624 14557
323000000 308.4317305075691138 12870.350252099913632 10276.901191205735813 -268.07469316224671729 2453.5911727486864038 8091.3847116192973772 14558
324000000 308.74403352296610592 12883.382144721117584 10602.962165109598573 -263.27236793380433255 2676.8767975642813326 8189.357735479121402 14518
325000000 310.00991945727759003 12936.205488567691646 10557.274206675048845 -285.01644070784664109 2628.4272428765898439 8213.863404506306324 14542
326000000 311.77420987510481609 13009.826434073176642 10321.428379301238238 -286.64572770991037487 2479.0342262034541818 8129.0398808076952264 14605
327000000 310.17818382869847937 12943.226884814999721 10148.33677556760631 -281.15993701334525667 2439.771024982569088 7989.7256875983821374 14619
328000000 310.6081993250359119 12961.170726204423772 10230.928861962947849 -270.40357536704237873 2530.2114263764551652 7971.1210109535350057 14579
329000000 309.11479026146571414 12898.853215336852372 10366.223987636789388 -253.36613424347973478 2438.9121110358273654 8180.6780108444418147 14592
330000000 308.79253412977703874 12885.405995497005279 10431.545103204212865 -282.69207347047040457 2461.525638905717642 8252.7115377689660818 14621
331000000 308.66870531042246739 12880.238821958229892 10330.573282157418362 -289.28956539724310915 2518.8999000699914177 8100.9629474846697121 14620
332000000 313.12205942309014972 13066.069985089015972 10287.209140726277838 -276.87227305814747069 2481.8513801595727273 8082.2300336248517851 14606
333000000 310.14018131587812377 12941.64110228330901 10477.134153081973636 -291.70148035029762923 2539.2948164342597011 8229.540816998009177 14569
334000000 306.58184333396769716 12793.157494364071681 10530.21469330976106 -264.55169479324456461 2629.4267643591297201 8165.3396237438764729 14559
335000000 310.73871724514441439 12966.617024946797756 10466.184893315983572 -271.52230901188409007 2607.1726769434599191 8130.5345253844070612 14589
336000000 309.35765538579556733 12908.987578649606803 10340.785824339687679 -283.92529855974885322 2464.0597505948735488 8160.6513723045627557 14615
337000000 310.08257030311455082 12939.237089209085752 10598.261610240084337 -240.43954329746134135 2665.6163902459493329 8173.0847632915965733 14535
338000000 310.38312274816644276 12951.778649802015934 10509.495683874532915 -282.87702845514917271 2615.7454439115927016 8176.6272684180885335 14554
339000000 312.04636407237643425 13021.182982362486655 10342.683139683111222 -279.23057237416190901 2432.8098138850868963 8189.1038981721867458 14611
340000000 310.63677355259272872 12962.363081855492055 10260.420242943888297 -284.04421767495142603 2499.8131680997671538 8044.6512925190736496 14571
341000000 308.59079421375656693 12876.98771967713401 10591.204229888184273 -274.93020928174314577 2731.7644959358340202 8134.369943234092716 14494
342000000 315.76761549700523801 13176.464701050386793 10331.309124316230736 -267.73505218820821483 2495.8155768638239351 8103.2285996406153572 14619
343000000 310.89108104208781924 12972.974916299852339 10343.181130754219339 -311.17131842161074928 2555.4329904106361937 8098.9194587651945767 14562
344000000 309.63091758104536666 12920.390361877307441 10359.997095922399239 -285.53556627830039361 2475.3524996397572977 8170.1801625609423354 14597
345000000 306.46206650442792352 12788.159403714558721 10249.533474075020422 -276.70939202228464637 2400.032853854516361 8126.2100122427882525 14594
346000000 310.90673229387482479 12973.62801736714755 10286.696453726759501 -289.75708075084560278 2481.3183213962047375 8095.1352130813993426 14569
347000000 311.77685789173898456 13009.936931464282679 10269.999273349898431 -286.6424937609135668 2450.4901469733131307 8106.1516201374997763 14581
348000000 307.02615817180270597 12811.698023821696552 10370.556814918863893 -268.19003533482202783 2573.4199863584335617 8065.3268638952522451 14574
349000000 308.68005458261762897 12880.712408472878451 10169.098413757210437 -251.80145097238374774 2359.4544344344699311 8061.4454302951253339 14601
350000000 313.24370311019970359 13071.145976643063477 10254.33500724460464 -299.954024992676068 2438.848730133529898 8115.4403021037524013 14624
351000000 314.4175912996780653 13120.130405484178482 10215.904515808397264 -274.59069687475277988 2396.3120229800488232 8094.1831897031015615 14639
352000000 313.50395482826218085 13082.005853996352016 10418.567049321925879 -289.13527739015410134 2490.3558583211411133 8217.3464683909387531 14614
353000000 309.74521856733827008 12925.159954569113324 10128.633592269370638 -287.58689703616789757 2316.9964604764591058 8099.2240288290795434 14640
354000000 311.13783080908746115 12983.271379379973951 10341.154652601180715 -297.20776239530232488 2517.8509037509129485 8120.5115112455696362 14601
355000000 309.85660668365119363 12929.807997974083264 10449.135691040410165 -260.64495371169437021 2488.8270126926263401 8220.9536320594797871 14597
356000000 309.42560302697086172 12911.822922274241137 10408.939330442566643 -279.9687252310874328 2470.5870489555422864 8218.3210067181116756 14586
357000000 306.7661053455078104 12800.846445895664147 10430.921408441801759 -284.23026093905525613 2422.5234307397995508 8292.6282386410566687 14613
358000000 307.70250277794394833 12839.920774956384776 10282.320203657012826 -281.8113477305445258 2451.0785063835555775 8113.0530450040023425 14614
359000000 308.5894609094250427 12876.932083074145339 10280.649467708935845 -284.82404156166666098 2472.1277863409832207 8093.3457229296182049 14608
360000000 311.46015768820871017 12996.721551394150083 10377.944350519761429 -291.73840388200022744 2517.3693001158867446 8152.3134542858751956 14582
361000000 315.21156526177662727 13153.261636717876172 10460.363093336603924 -267.59299032616331715 2677.9539440713474505 8050.0021395914200184 14545
362000000 310.37525752331583817 12951.450446868833751 10287.807743430863411 -317.82954639014883469 2567.6148303473378292 8038.0224594736737345 14602
363000000 313.2369056165906045 13070.862328383393105 10379.662667204222089 -283.67715777538580824 2492.0466179330837804 8171.2932070465230936 14599
364000000 309.78498600628523718 12926.819384573394927 10326.366021382973486 -247.97530312172955291 2441.4278256079392122 8132.9134988967643949 14618
365000000 308.93399327597614956 12891.308853659325905 10553.307327857199198 -292.23345350453587344 2595.6974092638729417 8249.8433720978628116 14571
366000000 314.75622892114159868 13134.261198024885744 10399.316648854577579 -271.6223415411507176 2474.4867445558802501 8196.4522458398478193 14565
367000000 310.75628984372337982 12967.350300664502356 10297.118268103044102 -286.19053574362430936 2583.5006824515885455 7999.8081213950772508 14588
368000000 307.89167880423701718 12847.814780264092406 10308.531489939479798 -269.93136562059521566 2493.476110411632817 8084.9867451484415142 14597
369000000 308.73066515389700726 12882.824304605459474 10330.313155219360851 -261.04007844175544051 2470.1683167304554445 8121.1849169306615295 14623
370000000 313.88069493459727255 13097.726600738480556 10234.030507092666085 -280.86054564150572332 2463.7926420029943984 8051.0984107311760454 14590
371000000 311.64212369569906969 13004.314694442446125 10440.124403672534754 -321.02698195732682507 2589.796397682384395 8171.354987947477639 14569
372000000 308.89444761803946449 12889.658678212859741 10387.961995370427758 -260.49698231510365076 2611.5162498568015508 8036.9427278287303125 14574
373000000 310.64655953255282839 12962.771434749141918 10323.963304261169469 -286.61772241970464847 2512.7206041610311331 8097.8604225198432687 14610
374000000 307.74354063281822391 12841.633217333690482 10438.745474200974058 -259.88093379917432912 2570.819135675880716 8127.8072723242694337 14563
375000000 310.84599837889908258 12971.093690705514746 10227.193298642934678 -303.12122526110675835 2365.3611303135276103 8164.9533935905137696 14632
376000000 310.78916995768071274 12968.722333892937968 10368.618307848386394 -265.5006315544909512 2492.2029804879825861 8141.9159589148939631 14592
377000000 309.24806118776547237 12904.414392512355334 10231.609322559341308 -289.93405740655254021 2392.8584436770815955 8128.6849362888133328 14628
378000000 311.82828027604125509 13012.082703222846249 10240.346188405605062 -287.35792645473435414 2386.2363793920253556 8141.4677354683153681 14610
379000000 311.25971911521361335 12988.357578484383339 10220.175706351550616 -267.48764414709808079 2414.3396681006615836 8073.3236823979859764 14592
380000000 311.72440188792779736 13007.748028458860063 10388.48423929200726 -269.3530464114905385 2558.4883910931803257 8099.3488946103152557 14591
381000000 312.04887127767801758 13021.287603927628879 10538.94154213888396 -277.8528635523249477 2520.4059163862839341 8296.3884893049253151 14575
382000000 312.2043767812994588 13027.77659354761272 10411.723755367107515 -284.46724341077924691 2597.2217430507648714 8098.9692557271218902 14594
383000000 310.13599024479873378 12941.466215760983687 10372.076330139456331 -286.83219447603977414 2455.830162579840362 8203.0783620356560277 14608
384000000 309.35398444617351288 12908.83439635992363 10400.571039870315872 -245.86613623917051541 2453.9256620523892707 8192.5115140570960648 14591
385000000 306.62284020880338176 12794.868226711578245 10241.972218951788818 -285.89237241507561293 2476.6122363349436455 8051.2523550319219794 14590
386000000 313.35255105088344862 13075.688022685193573 10465.913235444701058 -270.17835342503735774 2595.156222619944856 8140.9353662497942423 14545
387000000 312.24402829465412879 13029.431186167057604 10610.168388552003307 -269.63539447260171755 2634.3326187833345102 8245.4711642412694346 14560
388000000 311.21000040984279167 12986.282898453406233 10665.462248022016865 -282.36757373380140734 2702.283432120690577 8245.5463896351284347 14508
389000000 310.55671694457771537 12959.022450904671132 10517.036368650457007 -266.53580563749989096 2556.8944591714848684 8226.6777151164715178 14572
390000000 315.76368697035400146 13176.300770076446497 10492.85581575017568 -310.1709131912139128 2624.2374183069905484 8178.7893106343990439 14562
391000000 307.76932523540511966 12842.709166510054274 10381.035348851464732 -286.83222516205006514 2469.2387902578470857 8198.6287837556665181 14588
392000000 309.50085910397081079 12914.963234939201357 10433.119289000260324 -271.9267491077269483 2574.2737399479592568 8130.7722981600281855 14574
393000000 309.9713532942903953 12934.596185838987367 10589.022913788088772 -271.71388299702425684 2651.7410307135523908 8208.9957660715608654 14539
394000000 309.49939366881625347 12914.90208473367602 10491.286821532044996 -268.47785232492594787 2600.3679917783852034 8159.3966820785853997 14573
395000000 308.24340515616938774 12862.491744060305791 10627.531191284318993 -295.48227977045632997 2617.8787329837205107 8305.1347380710540165 14574
396000000 311.36194281452458199 12992.623205798512572 10343.784448539729055 -289.66835601802853262 2563.1129682597120336 8070.3398362980451566 14546
397000000 310.88845652338835635 12972.86539943902244 10308.093541292422742 -279.52133089505764474 2476.7547478545297963 8110.8601243329512727 14592
398000000 310.38629441948438625 12951.910998444223878 10348.606175688899384 -271.49989942344649307 2579.2675882881831058 8040.8384868241646473 14592
399000000 311.84966693003900673 13012.975133217705661 10347.801986810491144 -263.63449067512647161 2486.0348510102617183 8125.4016264753572614 14575
400000000 311.62257309473244504 13003.498879929245959 10433.797683282309663 -286.05584215271596804 2497.5823203684813052 8222.2712050665450079 14597
401000000 305.32056353783696068 12740.526357109205492 10232.018397258925688 -310.44739811154045128 2484.1046611833226052 8058.3611341871437617 14598
402000000 309.55986704739331117 12917.425539638701594 10227.688937114980945 -265.34431455335135297 2435.0612580427487046 8057.9719936255842185 14615
403000000 310.65792430134962387 12963.245667911560304 10486.516992205502902 -275.53587437828065276 2493.9234813634839156 8268.1293852202979906 14580
404000000 309.57144060865175561 12917.908485368101537 10449.416413381786697 -254.83502559700161783 2553.4117115987392026 8150.8397273800474068 14525
405000000 312.88135618332290733 13056.025833673331363 10570.894289507046778 -275.53671255738595391 2624.6654522409753554 8221.7655498234562401 14560
406000000 307.55911675134751704 12833.937511235379134 10245.697518066186603 -266.76570563817858783 2434.4552659945670712 8078.0079577097967558 14608
407000000 304.5626676004961837 12708.900602676718336 10350.748915905622198 -274.06411501532829789 2482.9719665282077585 8141.8410643927436467 14618
408000000 310.63830748453051456 12962.427090319437411 10414.341872629503996 -264.08134574344944667 2525.5527064922744103 8152.8705118806792598 14552
409000000 309.83435310240048466 12928.879392526812808 10418.073913531829021 -296.65536676838019048 2508.7108035359797213 8206.0184767642294901 14565
410000000 308.4099492205380102 12869.441354715814668 10466.392342247028864 -274.99882317527539044 2579.2399517038029444 8162.1512137185009124 14575
411000000 310.70277652883294195 12965.117277801849923 10349.132426000734995 -295.67699014346391095 2514.176201251735165 8130.6332148924657304 14606
412000000 309.52367935407909272 12915.915486548497938 10468.552084762384766 -305.83779075244473233 2564.4905973797390288 8209.899278135089844 14587
413000000 308.34283080554911294 12866.640613339914125 10286.667248603811458 -299.36521228824096852 2415.7421701210532774 8170.2902907709976716 14635
414000000 310.59931788341418724 12960.800118212089728 10257.960853663254966 -274.71257539296493633 2479.9105965086055221 8052.7628325476152895 14573
415000000 311.98545168732550792 13018.641208437327805 10398.953810926326696 -297.78886589763010306 2452.0091199921334919 8244.7335568318230798 14589
416000000 308.76143659844103695 12884.108346517727114 10346.633725659008633 -284.67368421462663264 2471.5017381648331138 8159.8056717088011283 14595
417000000 311.81947729054445517 13011.71536907592963 10065.008072505344899 -278.50508788111869762 2398.1111898356484744 7945.4019705508153493 14581
418000000 311.33547797819625202 12991.518871583775763 10289.46011145637749 -275.60607363830661143 2491.8130884740330657 8073.2530966206504672 14557
419000000 311.73436764730439563 13008.163883252704181 10288.370388733543223 -275.1135270869043552 2520.6351520767461807 8042.8487637437019657 14582
420000000 313.59349272354000959 13085.74212351429378 10369.083617828349816 -284.31775646981850514 2514.2794997369537668 8139.1218745612140992 14579
421000000 311.26812885308117984 12988.708503052701417 10336.444312145962613 -256.34726229724998348 2425.2389971219608924 8167.5525773212511922 14593
422000000 310.69996424295834458 12964.999925724761852 10388.556111758458428 -281.9239135024489542 2599.6747643381045236 8070.8052609228034271 14569
423000000 308.6750392773331555 12880.503128009009743 10308.246923203414553 -268.46374573173272893 2543.6223933175961065 8033.0882756175506074 14555
424000000 310.46537415374649527 12955.210866055514998 10332.096257351407985 -261.954429139582885 2460.3680340797336612 8133.6826524112575498 14588
425000000 309.69649228554527554 12923.126686746356427 10370.144526365365891 -279.81659276973147144 2460.2828742473930106 8189.6782448877038405 14615
426000000 311.13445025132256205 12983.130314248932336 10382.62230949836885 -270.20353964763359045 2568.8693232919431466 8083.9565258540596915 14596
427000000 308.20427435868663224 12860.858880060164665 10154.91928792008548 -265.22380567871630319 2312.9206587527182819 8107.2224348460840702 14651
428000000 308.78293966865993525 12885.005634370560074 10323.391848322566148 -270.31696996233517893 2428.4092377096876589 8165.2995805752143497 14619
429000000 309.93931917101230056 12933.259454414081119 10286.644091864496659 -285.17374037441061319 2431.3873637842257267 8140.4304684546814315 14620
430000000 311.70745197314420238 13007.040736314665992 10381.068205580057111 -275.15268237993285538 2522.1778495583603217 8134.0430384016299286 14568
431000000 309.34120761511616138 12908.301240155307823 10377.555336977940897 -280.8342472542369137 2545.4960237863742805 8112.8935604458038142 14582
432000000 308.20450554301072543 12860.868527002841802 10222.137612653496035 -293.09371004321712917 2447.0033733226182449 8068.2279493740970793 14582
433000000 309.96111061254390506 12934.168775528831247 10173.659135908446842 -266.02689471905534901 2356.905969516642017 8082.7800611108605153 14612
434000000 310.58777059602704185 12960.318268848246589 10394.801853900920833 -251.73441942137571914 2519.2664291264850362 8127.2698441958118565 14558
435000000 308.2769814043496126 12863.892825828124842 10239.311164950962848 -266.94995111103219187 2497.955181097174318 8008.3059349648210627 14605
436000000 312.92850185103378635 13057.993145062822805 10412.018094615837981 -253.62290275204858858 2487.68002574826005 8177.9609716196255249 14548
437000000 308.48691122835140277 12872.652853075704115 10440.888776356621747 -281.13334863649032513 2596.2149212886752139 8125.807203704438507 14585
438000000 310.66513895582676241 12963.546723610064873 10231.727011753177067 -283.73637244128713064 2501.2900728639692716 8014.1733113304953804 14582
439000000 313.84886929587707982 13096.398569032236992 10352.141828938960316 -279.98689386706018922 2477.8830681949389145 8154.2456546110806812 14607
440000000 311.65159355628611593 13004.709856193128871 10338.400827676872723 -276.37619268705032027 2381.2158968959593039 8233.5611234679636254 14643
441000000 308.68591984600470823 12880.957156294343804 10323.580091014388017 -265.09188093000216213 2402.5436552763985674 8186.1283166679913847 14599
442000000 307.85522207770895875 12846.293500859119376 10242.678079833571246 -285.03287432368733789 2462.1531713910617327 8065.557782766197306 14580
443000000 311.67270861776415813 13005.590953077582526 10267.494446724003865 -282.3886484537269439 2485.2408805229265454 8064.6422146548038654 14571
444000000 308.78856239482803403 12885.240261511664357 10256.567573453990917 -276.23074677419339196 2389.0396249137438645 8143.7586953144409563 14615
445000000 311.18985639550970745 12985.442321773687581 10424.194906919748973 -269.57239796820340416 2592.7191210013425007 8101.0481838866107864 14600
446000000 310.08975594710017276 12939.53693434735942 10510.652264523672784 -269.08364432292341917 2556.5016884777132873 8223.2342203688840527 14543
447000000 316.17440891287157001 13193.439523108520007 10341.145808236169614 -255.2571657211127274 2492.2486997681667162 8104.1542741891162223 14602
448000000 307.16083977285683204 12817.318066141036979 10346.016672603913321 -264.80700463356447472 2488.2731443538386884 8122.5505328836388799 14611
449000000 310.10603320921671866 12940.21615779898093 10295.629373600440886 -297.57796993565966659 2467.3778281074055485 8125.8295154286934121 14595
450000000 311.91761409168856289 13015.810456832519776 10323.237633890410507 -256.78325185540859366 2449.2305266996409046 8130.7903590461764907 14618
451000000 307.15677847520140631 12817.148594850852533 10343.856808404725598 -246.65671905100745676 2451.7693100550959571 8138.7442174006364439 14668
452000000 307.74310702135795736 12841.615123438623414 10315.996698050204941 -274.20863420400269206 2514.586588263552585 8075.6187439906552754 14577
453000000 312.06606595938279725 13022.005109793999509 10234.98963994740916 -278.45574633996238845 2480.1305497046887467 8033.3148365826809822 14625
454000000 312.30922157899919966 13032.151594998616929 10228.335464534109633 -272.87205485662161664 2448.8083698756013291 8052.3991495151303752 14602
455000000 311.66385272540838969 13005.22141121421555 10346.147629233080806 -287.00174819979645235 2528.5512651675517191 8104.5981122653265629 14591
456000000 310.28211810998971032 12947.563891909623635 10192.504845582314374 -267.1818817526428802 2399.8863148114078285 8059.800412523551131 14646
457000000 306.83321715998380341 12803.64691184298681 10309.088840359225287 -293.879080310531549 2509.7261716619932486 8093.241749007762337 14596
458000000 310.56717681547326038 12959.458924161803225 10331.938471005916654 -240.52920971815530038 2412.7839312283422259 8159.6837494957289891 14625
459000000 310.6857379535846917 12964.406286001880289 10367.341303226419768 -295.92678903888054265 2492.4881864258031783 8170.7799058394975873 14597
460000000 308.71533573926308236 12882.184633274713633 10315.581888848601011 -284.03854952010090074 2504.3341748118309624 8095.2862635568708356 14608
461000000 312.75367298174268171 13050.697823085889468 10294.287584584521028 -263.28994539119088358 2367.1877457273039909 8190.3897842484084322 14633
462000000 311.84574043505904228 13012.811287022075703 10321.316791803405067 -279.61956327467237315 2496.1500521461603057 8104.7863029319178167 14612
463000000 311.57675710924331725 13001.587053998042393 10417.697695938522884 -250.29885906578516597 2514.3235934282374728 8153.6729615760705201 14562
464000000 308.16682071095095807 12859.296000768259546 10467.227705802713899 -314.96620346282259106 2557.5315031213222028 8224.6624061442162201 14594
465000000 307.16059536727641444 12817.307867497018378 10372.390484714629565 -306.2082905717105632 2482.2837728078429791 8196.3150024784954439 14580
466000000 307.54898824627565546 12833.514865330593238 10365.479517130926979 -297.21761022901966953 2480.6602326238116802 8182.0368947361357641 14612
467000000 307.09566473503423367 12814.598418706935263 10287.075637762769475 -259.91042933214293953 2433.2426417745664367 8113.7434253203455228 14611
468000000 312.5097924852759661 13040.52108995918752 10424.57372648979981 -293.28811179935513564 2588.3256717817853314 8129.5361665073696713 14557
469000000 308.06719546555996203 12855.13880267445893 10430.74364226013131 -286.4508479363782385 2567.0562702616371098 8150.1382199348727227 14573
470000000 310.94513021098828176 12975.230299471482795 10387.529654307658348 -260.98778216804799968 2620.5926275822816933 8027.9248088934255065 14547
471000000 311.84565328693520314 13012.807650473801914 10305.685035551017791 -259.63491111168696079 2551.1532916387909609 8014.1666550239124263 14563
472000000 306.55996161022306978 12792.244405920644567 10248.358219849400484 -272.11907946574257267 2428.7018582949685879 8091.7754410201732753 14610
473000000 308.87092320237360354 12888.677042929753952 10317.297082761731872 -278.96454631859910478 2400.8465757932835913 8195.4150532870480674 14628
474000000 311.79396284495123837 13010.650693107823827 10309.267243726488232 -290.95350909586238686 2431.2105740388751656 8169.0101787834755669 14620
475000000 312.48441289782192598 13039.462041400047383 10434.825211222578218 -300.73621103926166143 2505.5265497299856179 8230.0348725318544894 14600
476000000 308.45699946112375756 12871.404684087885471 10503.968234064712306 -256.32482591989787579 2534.8855328033309888 8225.4075271812798746 14590
477000000 310.44563918739646624 12954.387358277244857 10424.91512793979382 -251.29573527336995653 2499.0540904551348831 8177.1567727580286373 14631
478000000 308.64940803740745423 12879.433578404963555 10434.545701227287282 -261.74041358153738202 2474.7676522484107409 8221.5184625604142639 14600
479000000 308.34646044923766794 12866.792072418022144 10443.873928827262716 -283.72924334589657747 2532.3625774409993028 8195.24059473215857 14606
480000000 310.89273960666724861 12973.044125479522336 10350.338574252979015 -259.50864856150758442 2566.6784847242233809 8043.1687380902621953 14574
481000000 310.24376336657525144 12945.963411372937117 10344.044264824424317 -302.64054332133491698 2488.7909540512282547 8157.8938540945309796 14627
482000000 307.27768932110461719 12822.194006143299703 10306.030933975695007 -287.34254747839656829 2512.5976431590147513 8080.7758382950760279 14622
483000000 307.92372629838314424 12849.152069633393694 10218.497477577335303 -284.05119810448599083 2448.0679529888584511 8054.4807226929624449 14572
484000000 310.00653637957015007 12936.064318283581088 10433.232535841227218 -250.02775203989710917 2560.0782513095473405 8123.1820365715757362 14578
485000000 311.92992985428816155 13016.324373406594532 10474.41107823616403 -278.3810731278070989 2528.5781472047046918 8224.2140041592665511 14617
486000000 312.61107714781707045 13044.747532809034965 10500.632955915323691 -288.09856722696878251 2589.2058397291557412 8199.5256834131378127 14579
487000000 311.80577571694578864 13011.143624881746291 10318.958780858141836 -283.36888528494955608 2494.1119367642268116 8108.215729378865035 14591
488000000 306.69147247261781786 12797.732138516090345 10406.008612663568783 -275.13355589663308365 2459.1817335253704186 8221.9604350348308799 14581
489000000 312.9583718797754841 13059.239572372078328 10211.244837149992236 -259.02477849955744205 2473.9899705533616725 7996.2796450961886876 14614
490000000 309.16382853134888364 12900.899501910918843 10286.776553064755717 -260.81681272310328268 2553.7982636974593333 7993.7951020903992685 14582
491000000 309.48048184861801246 12914.112925494269803 10324.545470721503079 -293.28607760602727694 2502.6725857188525879 8115.1589626086770295 14577
492000000 310.76793036967040962 12967.836040720529127 10353.442435697475958 -257.45341678703232446 2430.701928498819143 8180.1939239856892527 14609
493000000 308.76540445126266832 12884.273918508257339 10433.715884778770487 -287.93969362414168245 2639.8666293038472759 8081.7889490990637569 14545
494000000 310.95968284958979666 12975.837557212395041 10226.945827402796567 -279.39193811331330153 2344.9964420816822894 8161.3413234344279772 14634
495000000 311.39209132924537471 12993.881253870929868 10303.217590594689682 -305.28487628642341178 2452.3851192464917403 8156.1173476346211828 14603
496000000 312.01248326723464288 13019.769191932169633 10524.750895390072401 -249.1315850712639417 2548.6775556312095432 8225.2049248301264015 14592
497000000 310.86111833505475488 12971.724621677498362 10276.683751465814566 -295.64741536329893279 2418.7257585346069391 8153.6054082945065602 14634
498000000 309.38095414297526986 12909.959797574188997 10476.671327609259606 -286.53200007606358213 2642.9524845170176377 8120.2508431683045274 14562
499000000 310.87603157080155825 12972.346926545866154 10388.513223431207734 -278.18190770207780815 2491.492305543040402 8175.2028255902450837 14592
500000000 308.8139063284784811 12886.297822296057348 10394.973159578375999 -279.68401408876746927 2609.2393941971872664 8065.4177794699553488 14594
