# Fix print output for fix saveBond
1000000 11333 10152
2000000 25277 23940
3000000 40135 38726
4000000 55715 54255
5000000 71170 69679
6000000 86927 85425
7000000 103133 101602
8000000 119332 117782
9000000 135477 133907
10000000 152069 150473
11000000 169054 167430
12000000 186264 184616
13000000 203362 201705
14000000 220777 219104
15000000 238291 236608
16000000 256028 254331
17000000 273989 272281
18000000 291672 289947
19000000 309366 307651
20000000 327023 325293
21000000 345242 343517
22000000 363163 361425
23000000 381210 379470
24000000 399473 397715
25000000 417768 416003
26000000 435731 433967
27000000 453833 452065
28000000 472012 470241
29000000 489964 488186
30000000 508292 506508
31000000 526845 525058
32000000 545533 543735
33000000 564566 562751
34000000 583410 581597
35000000 602132 600322
36000000 621116 619289
37000000 640117 638291
38000000 659038 657186
39000000 678059 676212
40000000 697250 695401
41000000 716568 714724
42000000 735582 733725
43000000 754391 752535
44000000 773214 771350
45000000 792391 790517
46000000 811440 809560
47000000 830533 828654
48000000 849624 847743
49000000 868764 866887
50000000 888062 886184
51000000 907221 905333
52000000 926529 924649
53000000 945996 944112
54000000 965448 963563
55000000 984530 982638
56000000 1003813 1001929
57000000 1023288 1021395
58000000 1042519 1040634
59000000 1061580 1059687
60000000 1080895 1079014
61000000 1100320 1098430
62000000 1119790 1117902
63000000 1139451 1137568
64000000 1159000 1157098
65000000 1178538 1176639
66000000 1197931 1196031
67000000 1216894 1214997
68000000 1236290 1234382
69000000 1255765 1253855
70000000 1275213 1273308
71000000 1295011 1293114
72000000 1314598 1312697
73000000 1333874 1331974
74000000 1353627 1351731
75000000 1373168 1371269
76000000 1392638 1390734
77000000 1412133 1410229
78000000 1431362 1429461
79000000 1450651 1448753
80000000 1470251 1468347
81000000 1489660 1487750
82000000 1509083 1507181
83000000 1528514 1526608
84000000 1548042 1546135
85000000 1567266 1565366
86000000 1586552 1584638
87000000 1606070 1604160
88000000 1625531 1623610
89000000 1645081 1643165
90000000 1664726 1662819
91000000 1684085 1682179
92000000 1703579 1701671
93000000 1722984 1721063
94000000 1742344 1740429
95000000 1761926 1760005
96000000 1781563 1779659
97000000 1801150 1799249
98000000 1820735 1818824
99000000 1840386 1838468
100000000 1859891 1857976
101000000 1879334 1877419
102000000 1898984 1897066
103000000 1918647 1916738
104000000 1938139 1936215
105000000 1957688 1955777
106000000 1977256 1975339
107000000 1996657 1994735
108000000 2016005 2014086
109000000 2035629 2033702
110000000 2055100 2053171
111000000 2074510 2072585
112000000 2094010 2092090
113000000 2113450 2111512
114000000 2132851 2130912
115000000 2152224 2150295
116000000 2171680 2169754
117000000 2191348 2189414
118000000 2210829 2208901
119000000 2230360 2228435
120000000 2249758 2247827
121000000 2269221 2267291
122000000 2288624 2286682
123000000 2308285 2306349
124000000 2327909 2325973
125000000 2347431 2345499
126000000 2367161 2365220
127000000 2386780 2384844
128000000 2406017 2404077
129000000 2425561 2423626
130000000 2445005 2443062
131000000 2464867 2462925
132000000 2484612 2482680
133000000 2504381 2502444
134000000 2524160 2522228
135000000 2543663 2541719
136000000 2563276 2561339
137000000 2582941 2581009
138000000 2602665 2600726
139000000 2622499 2620564
140000000 2642256 2640319
141000000 2662057 2660123
142000000 2681747 2679818
143000000 2701238 2699312
144000000 2721256 2719328
145000000 2740771 2738837
146000000 2760127 2758188
147000000 2779583 2777644
148000000 2799143 2797203
149000000 2818756 2816812
150000000 2838450 2836518
151000000 2858024 2856090
152000000 2877600 2875673
153000000 2897455 2895520
154000000 2916962 2915025
155000000 2936741 2934809
156000000 2956410 2954479
157000000 2976219 2974277
158000000 2995872 2993939
159000000 3015837 3013901
160000000 3035530 3033599
161000000 3055498 3053566
162000000 3075333 3073387
163000000 3094893 3092952
164000000 3114497 3112552
165000000 3134388 3132445
166000000 3154118 3152174
167000000 3173898 3171961
168000000 3193508 3191557
169000000 3213284 3211331
170000000 3233254 3231304
171000000 3252798 3250865
172000000 3272680 3270735
173000000 3292332 3290383
174000000 3312108 3310174
175000000 3331902 3329963
176000000 3351602 3349655
177000000 3371313 3369371
178000000 3391071 3389121
179000000 3410919 3408967
180000000 3430352 3428410
181000000 3449935 3447997
182000000 3469609 3467664
183000000 3489338 3487390
184000000 3509029 3507067
185000000 3528623 3526673
186000000 3548333 3546384
187000000 3568278 3566332
188000000 3588101 3586156
189000000 3607622 3605674
190000000 3627213 3625262
191000000 3646814 3644864
192000000 3666407 3664454
193000000 3685907 3683958
194000000 3705656 3703712
195000000 3725252 3723305
196000000 3744755 3742807
197000000 3764525 3762578
198000000 3784294 3782342
199000000 3803882 3801931
200000000 3823686 3821736
201000000 3843274 3841320
202000000 3862784 3860836
203000000 3882430 3880482
204000000 3901991 3900049
205000000 3921587 3919645
206000000 3941295 3939354
207000000 3960948 3958994
208000000 3980685 3978739
209000000 4000386 3998438
210000000 4020120 4018167
211000000 4039488 4037536
212000000 4059123 4057190
213000000 4079274 4077324
214000000 4098955 4096999
215000000 4118720 4116778
216000000 4138236 4136299
217000000 4157943 4155996
218000000 4177504 4175571
219000000 4197541 4195589
220000000 4217546 4215602
221000000 4237406 4235461
222000000 4256913 4254970
223000000 4276513 4274561
224000000 4296041 4294093
225000000 4315789 4313848
226000000 4335594 4333668
227000000 4355659 4353718
228000000 4375406 4373468
229000000 4395274 4393332
230000000 4414571 4412627
231000000 4434486 4432538
232000000 4454271 4452329
233000000 4473908 4471956
234000000 4493710 4491767
235000000 4513068 4511131
236000000 4532955 4531013
237000000 4552985 4551040
238000000 4572763 4570823
239000000 4592607 4590662
240000000 4612414 4610468
241000000 4632512 4630559
242000000 4652233 4650288
243000000 4671854 4669905
244000000 4691412 4689464
245000000 4711066 4709114
246000000 4730876 4728934
247000000 4750524 4748571
248000000 4770086 4768133
249000000 4789899 4787953
250000000 4809531 4807584
251000000 4829320 4827385
252000000 4848866 4846913
253000000 4868358 4866412
254000000 4888041 4886091
255000000 4907975 4906024
256000000 4927541 4925593
257000000 4947228 4945285
258000000 4966834 4964884
259000000 4986461 4984502
260000000 5006127 5004187
261000000 5026082 5024133
262000000 5045766 5043817
263000000 5065356 5063411
264000000 5085302 5083352
265000000 5105256 5103314
266000000 5125254 5123307
267000000 5145112 5143161
268000000 5165007 5163060
269000000 5184679 5182738
270000000 5204615 5202667
271000000 5224518 5222574
272000000 5244306 5242356
273000000 5264017 5262070
274000000 5283845 5281892
275000000 5303858 5301914
276000000 5323705 5321758
277000000 5343702 5341751
278000000 5363351 5361410
279000000 5383304 5381363
280000000 5403189 5401235
281000000 5422820 5420871
282000000 5442845 5440902
283000000 5462477 5460522
284000000 5482551 5480599
285000000 5502388 5500444
286000000 5522074 5520123
287000000 5542047 5540088
288000000 5561744 5559792
289000000 5581744 5579799
290000000 5601616 5599671
291000000 5621246 5619289
292000000 5640994 5639038
293000000 5660843 5658885
294000000 5680472 5678522
295000000 5700251 5698309
296000000 5720099 5718159
297000000 5739983 5738029
298000000 5759959 5757995
299000000 5779629 5777679
300000000 5799535 5797587
301000000 5819513 5817563
302000000 5839168 5837225
303000000 5859125 5857171
304000000 5878983 5877034
305000000 5898803 5896860
306000000 5918581 5916644
307000000 5938280 5936332
308000000 5958091 5956138
309000000 5977674 5975714
310000000 5997498 5995544
311000000 6017297 6015342
312000000 6036980 6035028
313000000 6056903 6054960
314000000 6076600 6074651
315000000 6095998 6094043
316000000 6115732 6113784
317000000 6135441 6133498
318000000 6154878 6152928
319000000 6174885 6172934
320000000 6194804 6192846
321000000 6214501 6212534
322000000 6234342 6232394
323000000 6254008 6252048
324000000 6273587 6271629
325000000 6293282 6291324
326000000 6313103 6311144
327000000 6332877 6330920
328000000 6352824 6350864
329000000 6372464 6370514
330000000 6392336 6390386
331000000 6412041 6410084
332000000 6431627 6429659
333000000 6451352 6449394
334000000 6471361 6469405
335000000 6491302 6489336
336000000 6510926 6508971
337000000 6530794 6528839
338000000 6550463 6548504
339000000 6570134 6568183
340000000 6589749 6587799
341000000 6609678 6607722
342000000 6629649 6627695
343000000 6649668 6647717
344000000 6669593 6667639
345000000 6689399 6687437
346000000 6708860 6706905
347000000 6728766 6726809
348000000 6748487 6746532
349000000 6767956 6765996
350000000 6787936 6785976
351000000 6807774 6805819
352000000 6827631 6825675
353000000 6847520 6845562
354000000 6867163 6865198
355000000 6887051 6885097
356000000 6906807 6904846
357000000 6926788 6924821
358000000 6946442 6944485
359000000 6966253 6964295
360000000 6985843 6983892
361000000 7005588 7003629
362000000 7025218 7023269
363000000 7044897 7042947
364000000 7064824 7062857
365000000 7084662 7082697
366000000 7104338 7102391
367000000 7124324 7122370
368000000 7144164 7142203
369000000 7163742 7161792
370000000 7183531 7181585
371000000 7203300 7201343
372000000 7223069 7221116
373000000 7243046 7241106
374000000 7262671 7260719
375000000 7282561 7280605
376000000 7302164 7300210
377000000 7321768 7319821
378000000 7341577 7339613
379000000 7361470 7359512
380000000 7381351 7379395
381000000 7401194 7399234
382000000 7420954 7418995
383000000 7440786 7438824
384000000 7460642 7458683
385000000 7480534 7478578
386000000 7500435 7498480
387000000 7520022 7518064
388000000 7539830 7537872
389000000 7559876 7557914
390000000 7579431 7577470
391000000 7599021 7597071
392000000 7618907 7616951
393000000 7638628 7636672
394000000 7658577 7656620
395000000 7678463 7676507
396000000 7698152 7696195
397000000 7718153 7716188
398000000 7737729 7735765
399000000 7757487 7755532
400000000 7777170 7775209
401000000 7796725 7794777
402000000 7816494 7814537
403000000 7836373 7834422
404000000 7856040 7854088
405000000 7876103 7874144
406000000 7895731 7893771
407000000 7915570 7913604
408000000 7935489 7933534
409000000 7955415 7953457
410000000 7975462 7973509
411000000 7995339 7993386
412000000 8015047 8013099
413000000 8035077 8033116
414000000 8054911 8052958
415000000 8074981 8073033
416000000 8095040 8093085
417000000 8114942 8112988
418000000 8134851 8132887
419000000 8154288 8152331
420000000 8174043 8172084
421000000 8193696 8191741
422000000 8213395 8211438
423000000 8233199 8231245
424000000 8253033 8251067
425000000 8272759 8270794
426000000 8292309 8290361
427000000 8312036 8310073
428000000 8331688 8329726
429000000 8351614 8349661
430000000 8371505 8369552
431000000 8391478 8389516
432000000 8411282 8409326
433000000 8431334 8429374
434000000 8450920 8448962
435000000 8470694 8468757
436000000 8490474 8488513
437000000 8510739 8508785
438000000 8530466 8528517
439000000 8550271 8548317
440000000 8570141 8568183
441000000 8590011 8588062
442000000 8610010 8608044
443000000 8629967 8628003
444000000 8649756 8647809
445000000 8669617 8667659
446000000 8689405 8687445
447000000 8709344 8707398
448000000 8729184 8727219
449000000 8749346 8747389
450000000 8769195 8767246
451000000 8789111 8787153
452000000 8809032 8807077
453000000 8828930 8826977
454000000 8848938 8846974
455000000 8868801 8866845
456000000 8888294 8886334
457000000 8908010 8906057
458000000 8928051 8926096
459000000 8948080 8946130
460000000 8967943 8965989
461000000 8987622 8985676
462000000 9007410 9005459
463000000 9027409 9025463
464000000 9047543 9045583
465000000 9067497 9065547
466000000 9087362 9085408
467000000 9107406 9105449
468000000 9127250 9125292
469000000 9147041 9145089
470000000 9166761 9164809
471000000 9186870 9184918
472000000 9206889 9204942
473000000 9226867 9224917
474000000 9246834 9244885
475000000 9266619 9264669
476000000 9286628 9284671
477000000 9306357 9304400
478000000 9326055 9324090
479000000 9345877 9343912
480000000 9365548 9363590
481000000 9385317 9383374
482000000 9405115 9403164
483000000 9425195 9423244
484000000 9444545 9442595
485000000 9464577 9462617
486000000 9484460 9482496
487000000 9504116 9502160
488000000 9524023 9522065
489000000 9544003 9542047
490000000 9563940 9561980
491000000 9583773 9581834
492000000 9603466 9601502
493000000 9623415 9621437
494000000 9643332 9641372
495000000 9663295 9661341
496000000 9683151 9681189
497000000 9703124 9701167
498000000 9723044 9721081
499000000 9743122 9741166
500000000 9763147 9761191
