# Steps Temp KinEng PotEng Epair Ebond Eangle Bonds
1000000 311.01451697601794422 12978.125695374239513 5633.8431726362796326 -1617.1190910749521663 -1206.0932347177113115 8457.055498428942883 14969
2000000 308.75125108717384137 12883.683321837905169 4787.9249221424688585 -1732.9632130614209018 -1814.4319861084970853 8335.3201213123884372 15118
3000000 307.50935176928214787 12831.860900153838884 4059.2876461083019421 -1888.133782000271367 -2349.6334951219296272 8297.0549232305038458 15242
4000000 312.83205757866670638 13053.968683756163955 3682.9580134577417994 -1998.1183424060945981 -2666.0618181986847048 8347.1381740625220118 15318
5000000 306.97859464916547267 12809.713276031456189 3389.5802543428544595 -2099.7512351166869848 -2864.4807528177025233 8353.8122422772448772 15360
6000000 307.64413969562110651 12837.485379252930215 3185.8210206679686962 -2029.3156107399158827 -3031.8003985630584793 8246.9370299709444225 15373
7000000 311.13478956235485384 12983.144473141801427 3320.4490096722402086 -2088.2038997664494673 -2972.5902869304118212 8381.2431963691014971 15388
8000000 306.66021098720995042 12796.427648002296337 3084.33283499101708 -2055.6910421634452177 -3199.6031587527118063 8339.6270359071731946 15420
9000000 308.57736832843448838 12876.427479502572169 2692.0641032921412261 -2184.2479525356338854 -3436.9371867068912252 8313.2492425346663367 15464
10000000 310.48516133764911729 12956.036552786612447 2721.4164389241732351 -2148.733317752136827 -3462.520270061161682 8332.6700267374708346 15471
11000000 307.73990661212968689 12841.481575610550863 2771.2655146651463838 -2186.9594977956467119 -3399.0855690893595238 8357.3105815501530742 15474
12000000 309.94592820821077339 12933.535238696824308 2717.8889316458780741 -2131.6386588313162065 -3532.1068008097172424 8381.6343912869106134 15485
13000000 311.64649339418690488 13004.49703479355594 2511.3301968816881526 -2153.8262120906974815 -3485.7178640151469153 8150.8742729875330042 15493
14000000 310.77882344157814032 12968.290590745402369 2652.5804939029080742 -2164.0484317147743241 -3498.4868777362958099 8315.1158033539795724 15502
15000000 313.43135208936303115 13078.976260778572396 2447.423516332842155 -2242.2010487189149899 -3629.118175852974673 8318.7427409047304536 15506
16000000 308.75612844181370065 12883.886845847628138 2568.8798381018668806 -2220.4386537279024196 -3529.3232649399878937 8318.641756769757194 15505
17000000 309.78646114724409699 12926.880939786215095 2441.3983161659334655 -2145.9233448000254612 -3645.6871887442457592 8233.0088497102042311 15515
18000000 312.85226575345359379 13054.811937746389958 2527.4580052048104335 -2197.1716215679221023 -3627.1890653097643735 8351.818692082497364 15509
19000000 308.85662558199635441 12888.080426681081008 2322.8190430057584308 -2277.3724519084648819 -3705.7267258791034692 8305.9182207933263271 15520
20000000 310.51535438301681324 12957.296459049888654 2337.5717718790128856 -2308.8220187030942725 -3719.9578729620193371 8366.3516635441264953 15526
21000000 308.74747591137332847 12883.525789943454583 2388.8398345724890532 -2203.5493327757512816 -3774.2175928683254824 8366.6067602165658172 15534
22000000 308.63592952250064627 12878.871142084150051 2217.7400731229499797 -2211.1362891844187288 -3745.8785974552920379 8174.7549597626593822 15532
23000000 309.57065448000849983 12917.875681509156493 2234.764462271805769 -2263.0120540020461704 -3755.289471533680171 8253.0659878075312008 15547
24000000 312.63299915329201895 13045.662302143002307 2351.3658824616018137 -2325.4534805675511961 -3705.4215979576442805 8382.2409609867972904 15538
25000000 307.5297917472432232 12832.713826910339776 2268.6245259935953982 -2277.3739475383035824 -3658.9906259901581507 8204.989099522057586 15546
26000000 310.29135060044512784 12947.949148594027065 2322.5244436572561426 -2208.5598754289439967 -3792.9771158999296858 8324.0614349861316441 15547
27000000 306.8672200973096551 12805.065798649035059 2178.2485006439410427 -2286.8469128697720407 -3824.8642101399368585 8289.9596236536508513 15559
28000000 310.96512419361692992 12976.064615574245181 1964.8184435808800572 -2301.1450691567965805 -3896.4961471345300197 8162.4596598722073395 15558
29000000 306.86316193420185527 12804.896458158380483 1954.9486300100202243 -2449.0812006397500227 -3887.5520267959573175 8291.5818574457262002 15569
30000000 310.79350307383276686 12968.903147723174698 1983.6286435012814309 -2362.005973091298074 -3862.7974106667998058 8208.432027259379538 15573
31000000 311.45499299058940323 12996.506037033168468 2000.4798314324366402 -2399.2306617023123181 -3811.3444956917151103 8211.054988826464978 15575
32000000 309.52140617685631696 12915.820630591253575 2068.7300992989548831 -2316.2892769741042684 -3858.7124021218573944 8243.7317783949165459 15574
33000000 308.89549314054801243 12889.702306152368692 1974.9961029923922524 -2455.1831269999397591 -3979.2746718879029686 8409.4539018802352075 15574
34000000 314.75340419243315182 13134.143326728746615 1999.9601603921287278 -2376.9355485041869542 -3894.9695726065965573 8271.8652815029126941 15583
35000000 310.18089452864938949 12943.339997878103532 1866.2707419414823562 -2404.1141817207007989 -3948.9540488344400728 8219.3389724966236827 15575
36000000 307.58852277698247235 12835.164576456007126 1878.2698442519470063 -2408.4737427606351048 -3930.9453801228842167 8217.6889671354656457 15575
37000000 307.78380907490702612 12843.313553377378412 1935.7889569748181202 -2417.6706528469417208 -3853.8745190029790137 8207.3341288247393095 15564
38000000 308.38333315848677785 12868.330710099688076 1929.91638323350071 -2423.4413606702732977 -3973.6301501838588592 8326.9878940876333218 15578
39000000 311.70146291918939596 13006.790822915840181 1894.0956486640109233 -2430.9589726784743107 -3877.514571992232959 8202.5691933347188751 15585
40000000 309.0607448020019774 12896.597986953931468 1774.2204876677194534 -2434.7464339993584872 -4009.2462262642284259 8218.2131479313065938 15595
41000000 311.16396695291990682 12984.361997795949719 1709.9768306384337393 -2424.5817729356858763 -4075.3608194757198362 8209.9194230498396792 15594
42000000 310.58713758187735721 12960.291854205992422 1789.7893225084985716 -2462.0621852960111937 -4050.4972153994895052 8302.3487232039988157 15600
43000000 311.02610618267078735 12978.609293960289506 1714.3094192910043603 -2489.5058442282502256 -4099.3781124225233725 8303.1933759417770489 15612
44000000 310.15833295075458409 12942.398540236024928 1572.5024766546537194 -2491.1808442370393095 -4202.9751663975966949 8266.6584872892908606 15620
45000000 308.92888203222685206 12891.095569840670578 1600.2070525762640045 -2498.2310435176927967 -4073.0958293466342184 8171.5339254405917018 15622
46000000 310.03613995755443966 12937.299627039739789 1676.1382019554296221 -2463.9749686199643293 -4084.9562406456757344 8225.0694112210694584 15620
47000000 313.12792561746960018 13066.314771759265568 1575.9713931906426296 -2498.1690600410893239 -4168.3881092395931773 8242.5285624713251309 15617
48000000 312.09645070567631819 13023.273015422500976 1696.9072255076810052 -2487.3921452452855192 -4092.0700541395722212 8276.3694248925385182 15623
49000000 310.51571298261643506 12957.311422823036992 1483.227369468145298 -2559.5267224678282219 -4244.5258057924411332 8287.2798977284146531 15631
50000000 312.33748257678416849 13033.330880085037279 1530.1361875247080206 -2541.2416607897403082 -4151.026364855747488 8222.4042131701953622 15635
51000000 308.34046584317798079 12866.541927338965252 1507.4794708497954616 -2595.0204059377761041 -4132.0593368484205712 8234.5592136359919095 15634
52000000 309.43158708330810214 12912.07262713068485 1626.0779156391818105 -2538.1395335005067864 -4132.9061387097344777 8297.1235878494226199 15630
53000000 311.30170306839249861 12990.109499992233395 1467.9752319454694316 -2514.4145619216801606 -4211.274522166031602 8193.664316033182331 15643
54000000 311.1371320511817089 12983.242221358606912 1501.922048266164893 -2512.2904990407500918 -4287.7408122191400253 8301.9533595260545553 15650
55000000 309.30639130132954051 12906.848412483579523 1460.4891390524871895 -2580.7059134291139344 -4227.5218830888370576 8268.716935570439091 15648
56000000 310.32506298390620714 12949.355911063839812 1412.851509398930375 -2567.7774091963628962 -4217.821568031096831 8198.4504866263887379 15654
57000000 313.27181542246495383 13072.319057326605616 1250.7237212631941929 -2590.8141207396047321 -4178.0007562441423943 8019.5385982469415467 15655
58000000 312.95822258596655274 13059.233342586290746 1397.9906345664485343 -2548.6146054422388261 -4225.8771005657908972 8172.4823405744782576 15650
59000000 308.64845178123084679 12879.393675403080124 1539.5606416579635152 -2499.546574987330132 -4233.4739173348498298 8272.5811339801439317 15648
60000000 309.42587191657793255 12911.834142596537276 1314.4738760146615277 -2604.4779483148859072 -4248.5502932191484433 8167.502117548696333 15654
61000000 305.91985012235375052 12765.53360338514176 1277.2292551864688903 -2642.5795665146051761 -4319.9234652572777122 8239.7322869583513238 15668
62000000 310.1612856677442096 12942.521752273221864 1352.6092488905578648 -2538.1835608539631721 -4319.1456432159411634 8209.9384529604612908 15667
63000000 310.1550473762196134 12942.261438599383837 1299.5995950262795304 -2614.8223776500558415 -4306.4153389636248903 8220.8373116399598075 15658
64000000 310.96660235036688391 12976.12629663108055 1256.3510170715842378 -2556.6774988558267978 -4391.3134961537589334 8204.3420120811697416 15677
65000000 309.50170142248333605 12914.998383509233463 1307.8194921003823765 -2573.994033924804171 -4364.2688656156697107 8246.0823916408553487 15670
66000000 309.16692390222237918 12901.028666660720774 1328.7556076855862557 -2582.9259880632671411 -4325.5848763143549149 8237.2664720632074022 15669
67000000 310.48157282964251635 12955.886810233043434 1514.3026507796839724 -2569.6773367108489765 -4239.2888449601969114 8323.2688324507307698 15669
68000000 310.05972630250118982 12938.283846530164737 1205.988781044950656 -2598.6718448736264691 -4414.5365054896647052 8219.1971314082420577 15675
69000000 306.05350216271949648 12771.110683825549131 1188.3412416354449306 -2582.7876636794312617 -4377.0678839563679503 8148.1967892712436878 15678
70000000 310.97530718609476708 12976.489535149115909 1136.8458191881215953 -2645.7270262099318643 -4422.6457817694908954 8205.2186271675454918 15681
71000000 310.66621153871182059 12963.591480734703509 1102.3739833681802338 -2603.4457808417691922 -4411.0845558935361623 8116.9043201034855883 15691
72000000 312.23785945240581441 13029.173770497616715 1215.402389483411298 -2636.7158412227586268 -4413.1892898254009197 8265.3075205315708445 15682
73000000 311.25949481081573822 12988.348218629744224 1211.3521946280648081 -2639.0965793658656366 -4374.3282337911541617 8224.7770077850855159 15685
74000000 310.64216737099980037 12962.588157051162852 1252.6597620838501825 -2616.4412506544140342 -4409.9953864517738111 8279.0963991900389374 15678
75000000 313.22261372776256394 13070.265951302870235 1087.9830158551862951 -2728.2472234202086838 -4415.0608189251588556 8231.2910582005533797 15684
76000000 310.75279405089730744 12967.204426963355218 1172.1238311946297017 -2636.2966187012407318 -4454.0016374810857087 8262.4220873769554601 15686
77000000 307.37069509047114479 12826.074984359267546 1202.6446274735712905 -2658.7106998391159323 -4362.4612313333227576 8223.8165586460108898 15690
78000000 312.97924363260494829 13060.110516385680967 1122.693997243763306 -2704.4885373778643043 -4389.0041112508752121 8216.1866458725016855 15690
79000000 308.96170134835716681 12892.465066075497816 1206.9554727051024656 -2584.1793342920500436 -4354.4634495710160991 8145.5982565681679262 15682
80000000 312.07383140363975826 13022.32914904665995 1119.9502743337952779 -2627.3957981045728047 -4426.5766314469392455 8173.9227038853077829 15695
81000000 310.52588993896142711 12957.736090519985737 1238.6675393408661421 -2646.361267336511446 -4362.3743647366300138 8247.4031714140073746 15695
82000000 307.86532144194916327 12846.71493076479419 1076.8421798869160284 -2603.5962729435182155 -4411.303136336317948 8091.7415891667533288 15691
83000000 308.61380783410362483 12877.948040309345743 1044.0653488566704254 -2684.1514188926416864 -4379.1745021174883732 8107.3912698668009398 15691
84000000 308.8228387253431606 12886.670556567107269 1073.9180500722491161 -2739.238801909880749 -4428.5560412702598114 8241.7128932523901312 15701
85000000 307.32831665017766909 12824.306601551126732 1210.153843986391621 -2640.3645990177219574 -4402.9178103394770005 8253.4362533435905789 15696
86000000 309.58443586163360806 12918.450755961390314 1114.8481541689425285 -2672.5843590854010472 -4390.2237054118622837 8177.6562186662058593 15701
87000000 310.22910264943675429 12945.351643691938079 1201.6306248075902658 -2674.0227622884967786 -4389.9728323277577147 8265.6262194238443044 15709
88000000 307.20277662732615909 12819.068022296985873 903.32994509811635453 -2717.7312111699266097 -4574.097551654957897 8195.1587079230012023 15708
89000000 310.62704141281807324 12961.95697562447458 829.42003802751082731 -2702.4459929677173022 -4537.8335869592046947 8069.6996179544330516 15708
90000000 306.77770291867290098 12801.330393602547701 1009.5027280624715331 -2681.7934048923552837 -4492.4445566385566053 8183.740689593384559 15705
91000000 313.03290674579028519 13062.349790085494533 1043.9032980851479806 -2647.7684967147492898 -4501.1317978132983626 8192.8035926131960878 15703
92000000 308.54114905873734642 12874.916108781699222 925.04669293829260823 -2733.3738712157874033 -4541.909589086332744 8200.330153240412983 15707
93000000 305.68196135592319251 12755.606895325750884 1022.9079399402933177 -2646.9385720205227699 -4566.3270309649806222 8236.1735429257969372 15721
94000000 307.40535743203616903 12827.521387022721683 919.07766184341198823 -2640.4568797797942352 -4614.2078901525419496 8173.7424317757495373 15712
95000000 310.03399252258890328 12937.21001810065718 1132.7825505488913223 -2594.986181825195672 -4428.1343702208250761 8155.9031025949116156 15708
96000000 315.12408609044530294 13149.611274373688502 1124.582413102794817 -2556.8469253081457282 -4461.2561175708933661 8142.6854559818330017 15715
97000000 308.86951831267276702 12888.618419186710526 937.34433735224513384 -2632.7802607131879995 -4584.3801728101598201 8154.5047708755919302 15721
98000000 309.7999701721325323 12927.444649238521379 793.59288621943096587 -2671.4648838243538194 -4653.8545883813085311 8118.9123584250928616 15716
99000000 309.5087039646307403 12915.290588108106022 966.03513019354625158 -2726.9730479771137652 -4472.6585137838783339 8165.6666919545386918 15717
100000000 310.49586379454649432 12956.483148759731193 974.03606608902578046 -2675.2284013718744973 -4445.0671833277920086 8094.331650788692059 15703
101000000 307.69392871398582656 12839.562993329820529 1059.1363032852025299 -2703.9249787733338053 -4503.3481676483279443 8266.4094497068654164 15728
102000000 310.92841727593412315 12974.532896102726227 1277.6985078790035004 -2600.2639544160520018 -4431.4266785198578873 8309.3891408149138442 15716
103000000 307.10227416363960629 12814.874219322446152 917.63154783334914555 -2625.8441294070676122 -4559.714798930732286 8103.1904761711493848 15722
104000000 308.82518684258366193 12886.768539648383012 1001.7230070449538744 -2624.656635454861771 -4479.1806306288153792 8105.5602731286307971 15722
105000000 309.52350308737231899 12915.908131227921331 1040.0588514045705324 -2663.0927676330429676 -4474.3630587454972556 8177.5146777831105283 15708
106000000 312.04704570425354859 13021.21142574276746 863.4434599557907859 -2702.6229429597788112 -4498.4610125280723878 8064.5274154436428944 15713
107000000 309.64552708924463786 12920.999992693261447 791.30156723838592825 -2779.0048792126740409 -4589.4714612777952425 8159.7779077288541885 15720
108000000 311.6513914449859044 13004.701422420055678 1117.0945311185423634 -2591.2820840758977283 -4485.9495935003778868 8194.3262086948179785 15715
109000000 308.15945612317432278 12858.988688599074521 907.16061248287462604 -2721.2735688095735895 -4541.4991691654049646 8169.9333504578526117 15704
110000000 311.44910278429989603 12996.260248385295199 855.32462520940157447 -2645.2448632737368825 -4522.8220382684203287 8023.3915267515585583 15713
111000000 313.68289851504147236 13089.472880558312681 953.26978492875718985 -2613.6646292662971973 -4498.4979376811461407 8065.4323518762003005 15714
112000000 308.97494850164815716 12893.017848055542345 976.19374612236674693 -2624.3356474351412544 -4511.3833374298665149 8111.9127309873747436 15714
113000000 311.39720567425695208 12994.094667100174775 976.23480124447928574 -2673.9985719153755781 -4505.9373382119028975 8156.1707113717584434 15712
114000000 308.70760320783949737 12881.86196742060929 899.09850476553310727 -2674.4618309922143453 -4596.1151522359750743 8169.6754879937234364 15715
115000000 308.94936565960620101 12891.950318015806261 1111.1914823053971304 -2547.2339806474478792 -4503.7345177343977412 8162.1599806872436602 15714
116000000 313.9500805629070328 13100.621949207779835 871.20122007677696274 -2625.7979785608222301 -4544.2705779862590134 8041.2697766238588883 15724
117000000 306.23710507815690107 12778.772132357766168 774.90578503903930141 -2707.04349337269241 -4645.8809870344721276 8127.8302654462022474 15724
118000000 310.84598645238571635 12971.093193031672854 860.52485814422175281 -2706.5493934748292304 -4566.3218593895298909 8133.3961110085811015 15719
119000000 312.35349352814574786 13033.998990825633882 943.75931498838406242 -2709.9985967700149558 -4523.0973746474883228 8176.8552864058874547 15723
120000000 307.23690765770487587 12820.492254216043875 874.713452558345125 -2723.2296893502352759 -4486.4048865839586142 8084.3480284925390151 15726
121000000 306.37059649014241813 12784.34251003931422 672.62825926249752229 -2755.4439486776964259 -4616.9036102253758145 8044.9758181655697626 15721
122000000 306.49755014716282631 12789.640077928806932 773.1322917708677096 -2690.1714798899129164 -4515.9738550977290288 7979.2776267585095411 15719
123000000 311.38878920844325648 12993.743461785697946 955.76734935765512091 -2736.2884602573476513 -4460.8023188958432002 8152.858128510845745 15714
124000000 310.89412201389160373 12973.101811065695074 833.08808595530376806 -2759.700221470501674 -4553.9784202523833301 8146.7667276781876353 15721
125000000 311.07852972591075513 12980.796842439312968 1061.7821450758303854 -2674.520936348365467 -4547.6554948094835709 8283.9585762336791959 15715
126000000 309.4410404738384841 12912.46710161291594 750.43128461684796093 -2720.7933026922710269 -4669.1101035920255526 8140.3346909011434036 15721
127000000 310.09153577980993077 12939.61120384721653 990.97890428929781592 -2653.8023030541257867 -4542.5987115755342529 8187.3799189189576282 15712
128000000 311.14553056374472817 12983.592677513377566 815.29589977500222631 -2642.5303050948486998 -4572.3827011467856209 8030.2089060166372292 15719
129000000 307.23191707339623235 12820.284005317951596 1219.5217669459989338 -2703.4979384942071192 -4383.5875815461404272 8306.6072869863455708 15713
130000000 313.15533444050203116 13067.458496990922868 1143.4863616662396453 -2652.8558658803276558 -4419.1061942367396114 8215.4484217833050934 15707
131000000 311.66106838741882257 13005.105225356532173 997.29828374841974892 -2667.1275192035427608 -4472.6068217017409552 8137.0326246537042607 15712
132000000 310.05851361536758759 12938.233243085020149 894.14859022933637789 -2704.7043115620190292 -4593.7880596544555374 8192.6409614458116266 15723
133000000 307.51963390724273495 12832.289956907095984 993.17007369766747615 -2675.6375882330971763 -4529.5841878143537542 8198.3918497451177245 15718
134000000 311.50863652970849671 12998.74449393930081 837.12328436888992655 -2688.4590175150142386 -4564.002998114948241 8089.5852999988519514 15717
135000000 310.7423354396959212 12966.76800627119519 937.55122803359074624 -2612.727876183643275 -4589.8983816264008055 8140.1774858436347131 15722
136000000 311.32461125531614243 12991.065421060609879 1049.4823181749418382 -2617.206927796529726 -4544.756554450999829 8211.44580042247253 15717
137000000 311.80092554762842383 13010.941235270944162 898.21053401116250825 -2658.8954072834085309 -4564.5355539931479143 8121.6414952877203177 15711
138000000 311.02661189529391095 12978.630396518627094 887.33979271628925289 -2605.9697111580471756 -4587.1840382594782568 8080.4935421338150263 15713
139000000 311.73383238426629305 13008.141547604012885 1018.8070717337371889 -2644.2989493563118231 -4569.2300977047361812 8232.3361187947848521 15725
140000000 312.06102910138378093 13021.79492997070156 924.77195376047700393 -2700.6414709470586786 -4506.5966923044161376 8132.0101170119523886 15713
141000000 308.96311450641076135 12892.524034843339905 1120.3118924672867252 -2640.7916411318174141 -4390.3779708686270169 8151.4815044677307014 15709
142000000 311.39870638560745419 12994.157289323498844 939.39664856936724391 -2712.5336994975291418 -4469.2284635352789337 8121.1588116021748647 15713
143000000 308.21569824075010047 12861.335579922248144 921.816233048992558 -2586.5756708950293614 -4664.2123946652218365 8172.6042986092452338 15716
144000000 310.24177497799388448 12945.880439178612505 879.19928031418862702 -2678.9137787846675565 -4558.8519526957716153 8116.9650117946275714 15730
145000000 314.39333385169254598 13119.118181964626274 785.47419028362514837 -2731.8101936985112843 -4592.0296631005794552 8109.314047082714751 15723
146000000 309.11073655064313925 12898.684060632758701 743.76207284078350312 -2730.8008481784736432 -4626.5019267483021395 8101.0648477675586037 15727
147000000 308.97910006497380664 12893.191085984100937 874.39938139928710825 -2662.2369596342682598 -4616.6180028250410032 8153.2543438585962576 15719
148000000 310.60333891399278627 12960.967909223201787 777.8965954462364607 -2739.823272688767247 -4649.4964673524709724 8167.2163354874737706 15725
149000000 311.03970782926569427 12979.176868364496841 800.84619156210555957 -2685.7509478271012995 -4625.1335397574493982 8111.7306791466553477 15719
150000000 309.91437385675101268 12932.218527363018438 598.31752694566432638 -2748.7223440304524047 -4633.4571922567156435 7980.4970632328331703 15733
151000000 309.26466576765363925 12905.107274397751098 711.62289324986249994 -2749.0537495477351513 -4569.4787445910124006 8030.1553873886095971 15726
152000000 313.81697825638372024 13095.067808258992955 976.79270766126921899 -2678.80424497126387 -4440.4486082943603833 8096.0455609268938133 15721
153000000 307.35160642234262696 12825.278445545780414 769.51852791327996783 -2736.7200470505185876 -4617.8272391344344214 8124.0658140982322948 15729
154000000 310.03704990189430646 12937.337597524632656 930.21392674503135822 -2649.2459907246620787 -4508.9240690742990409 8088.3839865439922505 15707
155000000 309.29948711534376571 12906.560312126017379 687.50078448693579958 -2782.5211278591050359 -4611.3738719820412371 8081.3957843280813904 15724
156000000 310.96635840707767784 12976.116117277715603 949.88610118910867186 -2761.9644622502828497 -4493.1763640661538375 8205.0269275055434264 15714
157000000 309.43753413210339431 12912.320787723097965 917.23061562293241877 -2800.2213805329629395 -4475.2537159657968004 8192.7057121216930682 15714
158000000 311.43937951762524108 12995.85451241418923 630.62001168922017769 -2828.7439098243130502 -4621.1344387742337858 8080.4983602877655358 15726
159000000 310.11878181260351539 12940.74813610919955 656.60563637155678407 -2770.8127447292472425 -4634.9316185642455821 8062.349999665049836 15731
160000000 305.22276872858088836 12736.445540113199968 817.70221429908929167 -2718.0669031501033714 -4502.3812292372458614 8038.1503466864378424 15723
161000000 308.70043607855239998 12881.562894870339733 855.75392405654156391 -2759.274693097960153 -4524.4802965408607633 8139.5089136953620255 15727
162000000 311.64186041767072766 13004.303708282128355 795.90719107416066436 -2720.0416914961483599 -4607.3335251472408345 8123.2824077175509956 15725
163000000 312.65156022927874346 13046.436825401720853 769.32631990708750891 -2746.783396132724647 -4637.3829774754412938 8153.4926935152534497 15726
164000000 309.86681832120734725 12930.234112861091489 780.77355460284661604 -2741.1322535145109214 -4620.0941896690255817 8141.9999977863826643 15724
165000000 308.32045530015290069 12865.70692019802118 764.54623451425129588 -2752.3388470291733938 -4624.945454020100442 8141.8305355635257001 15730
166000000 310.10120613714525462 12940.014731998368006 875.65763111872843183 -2723.7611194821774916 -4583.3084156009572325 8182.7271662018647476 15724
167000000 307.48291798114257745 12830.757861529094953 622.05716022682213406 -2845.8716668244292123 -4596.3992977520911154 8064.3281248033417796 15721
168000000 309.6893715593735692 12922.829550521986675 771.38432629895521586 -2802.9965434482014643 -4548.599795027131222 8122.9806647742871064 15725
169000000 305.76517076324779509 12759.079087420821452 751.83697602424558681 -2716.3444214625396853 -4627.5303295885514672 8095.7117270753369667 15735
170000000 308.90533203334189238 12890.112867011790513 781.25420315355370349 -2737.9975165578648557 -4612.8885938104413071 8132.1403135218588432 15733
171000000 310.62819687225214693 12962.00519105157764 831.31252861604116333 -2694.3202507273899755 -4656.8586904196217802 8182.4914697630520095 15728
172000000 307.81280481360778367 12844.523497997159211 793.96327172272879125 -2781.7505625138023788 -4603.6935500369954752 8179.4073842735269864 15726
173000000 312.91476948303431982 13057.420115868799257 692.14938199327832535 -2767.1572675316197092 -4656.7491800364914525 8116.0558295613900555 15738
174000000 308.65309618052430096 12879.587478568269944 728.7312154902211887 -2671.4028535160659885 -4673.924479924955449 8074.058548931243422 15731
175000000 310.07631602374380009 12938.976108388651483 918.29622740712727591 -2647.8578540484099904 -4575.0408735952378265 8141.1949550507752065 15724
176000000 311.32019005480157148 12990.880931614392466 840.05569542384318993 -2785.514438355544371 -4527.5924053850649216 8153.1625391644529373 15730
177000000 310.16591700398237208 12942.715010338539287 875.46388021156838022 -2689.9804622807337182 -4549.7086945062719678 8115.1530369985739526 15723
178000000 308.87904006309940996 12889.015746215296531 870.22916430869872784 -2685.0869128330068634 -4595.8300449724647478 8151.1461221141717033 15737
179000000 309.2062754330705161 12902.67074150217195 787.72171028566674522 -2699.0072571044638607 -4547.2880406529111497 8034.0170080430425514 15735
180000000 310.31550364242082196 12948.957015422025506 853.46424659424724268 -2685.3922378210836541 -4516.183481219008172 8055.0399656343388415 15726
181000000 314.19143950219580574 13110.693461889079117 838.24468066237898256 -2712.9560515347889122 -4566.7717534248840821 8117.9724856220509537 15731
182000000 315.40885410323710403 13161.494176496609725 755.89536672943893336 -2688.3286360101528771 -4719.0403299469244303 8163.2643326865163544 15734
183000000 308.77836403955245714 12884.814700872439062 820.3361770275323579 -2676.9821450854533396 -4635.1798308228217138 8132.4981529358074113 15732
184000000 310.52884720604123459 12957.859492424982818 682.2566548173819001 -2778.9312144912937583 -4679.5111486897767463 8140.6990179984513816 15733
185000000 309.97356118879207543 12934.688317655352876 904.71715755026389161 -2680.3727261638086929 -4492.1165142212521459 8077.2063979353242757 15721
186000000 312.66786049269796877 13047.117008659979547 737.42224210409847274 -2761.2856353874176421 -4609.1670372126654911 8107.8749147041826291 15737
187000000 310.41882892472290223 12953.268609987657328 665.63566016787899571 -2823.1744718105437641 -4631.1411984334436056 8119.9513304118663655 15722
188000000 307.95760043447700127 12850.565581775277678 618.7551863060142523 -2775.7671399445043789 -4664.4535485851229168 8058.9758748356434808 15738
189000000 305.51078966037897544 12748.464181211109462 913.08800303198290749 -2640.8391223465096118 -4589.2043906039716603 8143.1315159824653165 15723
190000000 311.30233729430011635 12990.135965199158818 709.2191694044711312 -2715.638669133980784 -4644.4947985656199307 8069.3526371040716185 15727
191000000 305.9996400502201368 12768.863106210743354 895.15964176828447307 -2775.2884883508313578 -4486.635133277888599 8157.0832633970039751 15720
192000000 311.34143692657772817 12991.767528726402816 880.33727090278057403 -2768.5104295062301389 -4557.4925899085565106 8206.3402903175665415 15727
193000000 311.52138437210726352 12999.276440494737471 627.97911743485008174 -2721.343089965595027 -4684.1788982911666608 8033.5011056916109737 15729
194000000 311.32905560128386924 12991.250876328627783 746.69041123525948933 -2702.6811797328628018 -4552.6876555619910505 8002.0592465301133416 15735
195000000 310.05312489850348356 12938.008380768369534 914.24573275981470033 -2756.4378074662604376 -4599.5702331439752015 8270.2537733700501121 15727
196000000 311.1356262165547264 12983.179385349358199 860.16934504632763492 -2628.6792531128353403 -4584.2311628805664441 8073.0797610397294193 15731
197000000 306.83093691594513075 12803.551760999103863 684.62290241822461212 -2809.4837041147166019 -4538.5862459192248934 8032.6928524521654253 15727
198000000 309.55425316357593601 12917.191281474390053 588.62186351068135082 -2821.5755435051064524 -4634.5797273164089347 8044.7771343321965105 15732
199000000 307.23050111079788849 12820.224919521057018 704.91224809595701117 -2795.6170832050538593 -4570.8528989618262131 8071.3822302628359466 15735
200000000 310.17044171847197731 12942.903819253160691 656.30167271447953681 -2741.9128396106375476 -4730.3687161490934159 8128.5832284742100455 15734
201000000 310.88765068387209567 12972.83177307767437 873.53845142321040385 -2670.1087714970130946 -4579.5912357345005148 8123.238458654724127 15731
202000000 310.47365627349068973 12955.556465328851118 766.5362052774098629 -2754.6034371595410448 -4604.0958918458418339 8125.2355342827931963 15732
203000000 309.39534064048967821 12910.560122520026198 825.02652967158633146 -2768.9506899380285176 -4628.5981061980064624 8222.5753258076219936 15733
204000000 305.05687723414871471 12729.523160130851466 853.16803894421457244 -2707.4716020924038276 -4558.4863425938856381 8119.1259836305034696 15725
205000000 311.72656693165191655 13007.838372182557578 772.0022898198594703 -2770.6829355826694155 -4683.8029356386277868 8226.4881610411575821 15730
206000000 311.28699075921036865 12989.495579459869987 879.37913240579541707 -2708.3281199146749714 -4505.4283598842612264 8093.1356122047309327 15737
207000000 311.60532260771708479 13002.779045398790913 970.68450887335075095 -2644.15832341476289 -4558.0491113655798472 8172.8919436536925787 15739
208000000 311.80760371037661116 13011.219904049503384 753.28208021016712337 -2697.1403684583874565 -4581.8669622620309383 8032.2894109305862003 15729
209000000 306.56910433534432059 12792.625916844877793 779.10687767845752205 -2656.3057172127155354 -4584.5757711606474913 8019.9883660518198667 15740
210000000 311.43287427460728622 12995.583059292363032 807.95200157271460739 -2748.1801688842651856 -4611.7131971363414777 8167.8453675933214981 15729
211000000 311.7132798478917266 13007.283923969524039 635.56787566550758584 -2705.0298392638951555 -4703.2367756624335016 8043.8344905918347649 15735
212000000 313.37229556900967964 13076.511929043419514 858.82218264894686399 -2739.5926060770079857 -4594.5619466764792378 8192.9767354024334054 15742
213000000 310.57254296867466792 12959.68284493381725 657.6526312890285908 -2731.6619308202766661 -4634.0011587298922677 8023.3157208391976383 15737
214000000 309.18994979345978891 12901.989499337061716 810.46215297288949841 -2690.0376284272178964 -4630.9973871537486048 8131.4971685538557722 15727
215000000 310.772503053063474 12968.026851298816837 834.09128091882894296 -2694.2646469129686011 -4540.0453729353312156 8068.4013007671301239 15729
216000000 311.7004864960423447 13006.750078379354818 743.8756093020242588 -2821.3440176463159332 -4637.7294149839826787 8202.9490419323228707 15731
217000000 311.84570797078492888 13012.809932341162494 685.32886664973602819 -2809.2371594947553604 -4563.3567626120911882 8057.9227887565830315 15737
218000000 311.60000328935319658 13002.557078967733105 667.55372267222730898 -2757.1552526395976201 -4600.4882330862128583 8025.197208398037219 15738
219000000 313.22398438960675549 13070.323146773591361 624.55411003838844408 -2815.5864467449428048 -4689.9525093853044382 8130.0930661686361418 15741
220000000 312.97876463224196186 13060.090528486147377 745.30499334768001063 -2722.2907346921670069 -4670.7437414692758466 8138.3394695091228641 15750
221000000 311.53404282557710303 12999.804656996777339 763.21633757683900967 -2712.0280283499882898 -4666.4195469349770065 8141.6639128618044197 15741
222000000 310.4516917439534609 12954.63992153550862 792.38778665328993611 -2762.8810367336009222 -4595.1839925611202489 8150.4528159480105387 15732
223000000 307.50442704849103848 12831.655399632309127 724.45281557691714625 -2748.2813219872468835 -4594.9340306728754513 8067.6681682370390263 15723
224000000 308.80555932135820285 12885.949515378939395 872.43866853692486529 -2740.5721319051208411 -4531.4014011997824127 8144.4122016418277781 15726
225000000 309.45396657439806631 12913.006486589039923 659.94449296061600307 -2794.5990865283811218 -4618.4557828060587781 8072.9993622950560166 15736
226000000 310.51955162403959321 12957.471603033831343 835.33608336622751267 -2735.9353239071215285 -4550.3125550539880351 8121.5839623273359393 15741
227000000 312.57550325676970715 13043.263092680725094 788.96675600334810952 -2689.2632698485545006 -4534.1804231379574048 8012.410448989860015 15734
228000000 315.74076960953942717 13175.344466196649591 743.57433378295559123 -2748.4251515138066679 -4652.1036692129218864 8144.1031545096839181 15743
229000000 307.63972935392661157 12837.301342927465157 712.12571878026233207 -2745.5421477761683491 -4658.1898706266210866 8115.8577371830524498 15738
230000000 311.93754828992848616 13016.642278230792726 882.26257565817104478 -2757.1132390934276373 -4548.3973229594021177 8187.773137711000345 15740
231000000 310.04099459789904358 12937.502203219175499 743.47051940964252026 -2764.8838691614964773 -4608.256210681705852 8116.6105992528446222 15739
232000000 309.51840036610224161 12915.695203038345426 858.84124117704755008 -2778.7699349067443109 -4566.7387981950150788 8204.3499742788062576 15735
233000000 312.14354214695634937 13025.23806403196977 822.2328324619174964 -2729.4061688515598689 -4661.819204122379233 8213.4582054358561436 15739
234000000 310.18688339649378349 12943.589903510848671 964.88811203470663713 -2678.3976351828005136 -4541.3600855901668183 8184.6458328076732869 15734
235000000 314.30985650655810559 13115.634809264198338 568.26651016957430329 -2777.606437870177615 -4745.4461036230786704 8091.3190516628292244 15734
236000000 312.08954910201276789 13022.985022821010716 788.46407825255937496 -2681.4462484286059407 -4671.3516399380923758 8141.2619666192576915 15741
237000000 308.67064957140536308 12880.319952780242602 679.22092337651167782 -2759.7608248149058454 -4715.9709494583612468 8154.9526976497782016 15744
238000000 315.24679658590201825 13154.731782090380875 809.34559261944639275 -2687.9826383227582483 -4543.1417848143364608 8040.470015756542125 15735
239000000 308.76337583968722811 12884.189267874360667 751.5022160274130556 -2690.8359995459341008 -4635.0451112960945466 8077.3833268694424987 15744
240000000 310.43990061140203807 12954.147896912892975 728.34337334369820383 -2731.0465093447214713 -4629.6284290842286282 8089.0183117726483033 15746
241000000 308.86608873095173067 12888.475308366383615 817.55123577868994289 -2604.2050345308334727 -4654.2845463248677333 8076.0408166343913763 15741
242000000 311.1924838633835293 12985.55196169872579 688.21268051289052892 -2717.5045956693138578 -4719.7645020314466819 8125.4817782136506139 15739
243000000 313.19352368679938081 13069.052071604344746 726.91043537404834751 -2725.3755029945396018 -4635.936312267131143 8088.2222506357184102 15732
244000000 313.10220961300041154 13065.241685069842788 767.92881312432837149 -2691.0248249247279091 -4645.9141342114862709 8104.867772260543461 15741
245000000 309.32808127761228434 12907.753499619910144 795.80309903399688665 -2664.7469561854782114 -4640.3069619119141862 8100.8570171313895116 15740
246000000 309.63439219185045204 12920.535351687460206 804.56258896805525183 -2706.8427400624000256 -4555.8006723439029884 8067.2060013743575837 15734
247000000 307.09156040552073819 12814.427151767888063 575.92898349006236458 -2740.5416564129336621 -4705.2204632143293566 8021.691103117325838 15738
248000000 309.65286993768302182 12921.306397715516141 865.80172212140223564 -2646.2818965750711868 -4662.0611468831593811 8174.1447655796318941 15740
249000000 312.50023601375579574 13040.122314076315888 708.65647420707944093 -2626.7904156478580262 -4721.2767725421626892 8056.72366239710027 15736
250000000 308.7163206997632301 12882.225734060941249 682.06766812841817682 -2760.2013693754774977 -4628.2670495854636101 8070.5360870893582614 15741
251000000 309.4899448836537772 12914.507802425894624 727.01809789117169203 -2713.3758144082007675 -4582.3563491475397313 8022.7502614469103719 15736
252000000 307.32194631974772392 12824.040778110327665 950.01047743334834195 -2708.778564106194608 -4514.1820837475806911 8172.9711252871238685 15737
253000000 309.83508025179605738 12928.909735278486551 843.04425232935113854 -2780.0370794530490457 -4540.4049984052162472 8163.4863301876157493 15726
254000000 312.27276396863840091 13030.630278712753352 751.25204193215699888 -2744.3249048009834041 -4703.7496383407142275 8199.3265850738534937 15735
255000000 311.05258881737989896 12979.714370872265135 841.55476568325730113 -2713.5432826747965009 -4574.2753401679847229 8129.3733885260389798 15726
256000000 308.99069631650075962 12893.674978541192104 690.08055887284513119 -2685.8491193017525802 -4727.7864594231868978 8103.7161375977848365 15746
257000000 307.24359669093490766 12820.771376601982411 735.35565597496963619 -2690.2874267038268954 -4653.0338958315551281 8078.676978510351546 15743
258000000 307.2011093556624246 12818.998449784967306 683.15885042816876194 -2719.8188739815832378 -4770.7656562854535878 8173.7433806952058148 15738
259000000 308.50859148639602836 12873.557534685898645 723.7099043036536159 -2709.2795667742566366 -4591.3676182712697482 8024.3570893491805691 15738
260000000 309.65357354978328885 12921.335758294459083 731.13867218965356187 -2776.418112331231896 -4697.8840065829372179 8205.4407911038215389 15746
261000000 313.20562578274859789 13069.557072219535257 921.67862443268199968 -2713.7421406579860559 -4547.3446571899585251 8182.7654222806268081 15732
262000000 312.40153284666189393 13036.003592797544115 710.4319521148657941 -2718.4704163204341967 -4620.8304166143243492 8049.7327850496258179 15740
263000000 309.82105903773805267 12928.324653012179624 780.68376341605710422 -2690.5844250800378177 -4637.4196466470557425 8108.6878351431514602 15738
264000000 313.48474898137078526 13081.204425505276959 728.03331849335552306 -2756.8599998653389775 -4549.1283863980033857 8034.0217047566966357 15739
265000000 307.34566192092694337 12825.030391251340916 747.49312105764602165 -2731.9659499426243201 -4695.8992369014877113 8175.3583079017589625 15741
266000000 309.09650874304747958 12898.090357556960953 779.32667151655209636 -2690.4279925139408078 -4549.6031638949116314 8019.3578279254043082 15736
267000000 309.91132793591930294 12932.091426082355611 649.78101686087438793 -2776.8866399843095678 -4685.1853473750597914 8111.8530042202437471 15737
268000000 308.68366081477597618 12880.862890626227454 712.76162977653507369 -2796.4603913705932428 -4591.7445150382918655 8100.9665361854194998 15736
269000000 308.10620838030905588 12856.766747621464674 773.4682017509793468 -2749.0169942846637241 -4563.8258635690581286 8086.3110596047008585 15731
270000000 307.57242257075017733 12834.492741256042791 676.92398784458555383 -2670.6325615165119416 -4721.5856626220547696 8069.1422119831531745 15730
271000000 307.71897506170438419 12840.608136341348654 772.97966568216611449 -2705.6029359869180553 -4643.2166324733143483 8121.7992341423987455 15741
272000000 310.46582077103727215 12955.229502662557934 654.31795993987611837 -2832.9166646002940979 -4647.0328245802920719 8134.2674491204625156 15727
273000000 312.38142226711300964 13035.164411296531398 752.18066445495423977 -2761.0164513866757261 -4696.9254456312437469 8210.1225614728737128 15739
274000000 307.94794769494910724 12850.162788786334204 737.93845797819653853 -2858.4583898641903943 -4580.2671122039682814 8176.6639600463558963 15735
275000000 310.09474606105248995 12939.745163618254082 646.84916404004127344 -2766.4111303130398483 -4634.2418226701729509 8047.5021170232539589 15734
276000000 310.55319295877831109 12958.875400756987801 633.69738610789477207 -2769.6541261211232268 -4671.422408041219569 8074.7739202702368857 15739
277000000 310.31992857679188091 12949.141660675950334 647.81569150597442786 -2747.315987986923119 -4626.2121465650288883 8021.3438260579268899 15734
278000000 312.90299091600962811 13056.9286155850059 845.95375553411042802 -2763.8271606042517305 -4557.6980550295666035 8167.4789711679277389 15733
279000000 309.62134859526878472 12919.991063795039736 740.74273950445444825 -2704.6453795199258821 -4679.7322011734495391 8125.120320197829642 15748
280000000 311.33395508318415068 12991.455323672636951 664.80512082291011211 -2797.3813708857578604 -4601.1490514731294752 8063.3355431817981298 15726
281000000 312.87326618753888852 13055.688251417746869 924.71386376470570667 -2724.8788082651872173 -4557.6413982655167274 8207.2340702954097651 15735
282000000 308.75034387978126915 12883.645465561334277 693.6248614034025195 -2660.6198016073658437 -4640.7404649639775016 7994.98512797474541 15733
283000000 308.49874257648951925 12873.14655582879459 685.39258305786279379 -2722.8804254689898698 -4653.602616558666341 8061.8756250855194594 15734
284000000 311.60544172891985681 13002.784016131210592 778.67006556548722074 -2748.0560593766713282 -4583.0972063438675832 8109.8233312860247679 15737
285000000 310.93488190658274561 12974.802654536986665 782.37092550932993618 -2719.8329221886679079 -4710.7048810005298947 8212.9087286985268292 15739
286000000 308.04758033244667104 12854.320295340618031 657.48772629459062955 -2731.5959986302405014 -4696.6610920878956676 8085.7448170127272533 15744
287000000 306.00708795408257856 12769.173895023541263 825.4767390488568708 -2733.4886264864130681 -4604.7327514202661405 8163.6981169555365341 15737
288000000 310.33311396034656582 12949.691865106207842 742.58364657606671244 -2698.1227735875509097 -4737.3760550564293226 8178.0824752200478542 15743
289000000 306.95469908968675554 12808.716153525756454 788.78841964797129549 -2655.8135104300126841 -4656.0583936140992591 8100.6603236920836935 15735
290000000 311.83362251596190617 13012.305626132872931 760.09668256645784368 -2714.8884955769017324 -4643.1631920944173544 8118.1483702377772715 15739
291000000 308.87258038697797247 12888.746194525328974 938.25940882717191016 -2696.8261118507207357 -4550.8038316973124893 8185.8893523752058172 15735
292000000 306.22671657917874199 12778.338637333688894 929.13950597788152663 -2676.4300043172556798 -4598.2615589578772415 8203.8310692530139931 15728
293000000 311.7678581364667707 13009.561386437360852 720.83811821301958389 -2683.1408231297968996 -4686.5061790181061951 8090.4851203609232471 15744
294000000 310.11333483415813816 12940.520842632318818 796.86312359496309909 -2701.933581912572663 -4641.2621364368224022 8140.0588419443593011 15742
295000000 305.58757094056352344 12751.668138103461388 767.16656594014148141 -2660.3011247088375058 -4644.7218374438180035 8072.1895280927974454 15734
296000000 310.65845120069366203 12963.267654557013884 714.94676510951990167 -2629.4358764626949778 -4675.1706476111667143 8019.5532891833818212 15740
297000000 309.87973684589826462 12930.773181708642369 1083.6666909276389106 -2593.0980668212196179 -4582.9289284763981414 8259.6936862252550782 15744
298000000 315.32250538205863677 13157.890985983238352 830.6819231178476457 -2588.9569092641922907 -4660.2218757352884495 8079.8607081173277038 15749
299000000 311.36385096660416139 12992.702829855214077 667.87573141988298175 -2678.099240409086633 -4688.7206918071224209 8034.6956636360910124 15742
300000000 307.63972679081996375 12837.301235973227449 761.09536749053472704 -2664.0983968765594909 -4717.9969544256127847 8143.1907187927081395 15752
301000000 309.04430206681792015 12895.911858582596324 788.87756528035913561 -2723.0448145459831721 -4644.9830485957900237 8156.9054284221310809 15746
302000000 308.89019818778479021 12889.481356457865331 662.34156605881685209 -2741.3564245226680214 -4688.4786463079290115 8092.1766368894141124 15743
303000000 310.42874937312319616 12953.68257402877498 592.79590498074549032 -2733.5707900584525305 -4761.8480488448785763 8088.2147438840765972 15747
304000000 311.40482822875776492 12994.412743797664007 745.40277092082965282 -2756.4986774763260655 -4607.3803932671080474 8109.2818416642649026 15742
305000000 311.64126849116632911 13004.279008159923251 705.80607726681603253 -2704.9030242620483477 -4728.1042051201111462 8138.8133066489754128 15747
306000000 313.71728627107796683 13090.907825218011567 657.34571714245635121 -2630.9260903681724812 -4760.8310958180099988 8049.1029033286395133 15741
307000000 307.98943395764803199 12851.893942486723972 834.32591104449875274 -2686.2741686667040995 -4605.2809833457540662 8125.8810630569569184 15742
308000000 308.92544200657397369 12890.952023212195854 749.44856227514355851 -2766.805166223215565 -4641.1951769014649472 8157.4489053998240706 15742
309000000 311.26542578952341955 12988.595708643757462 684.42742189806244824 -2768.9964817827949446 -4674.2297572202460287 8127.6536609011045584 15745
310000000 309.91920225773003494 12932.42000861676388 721.8802370578373484 -2707.8127288259256602 -4633.7700157300350838 8063.4629816137985472 15745
311000000 306.12241253553656861 12773.986200662611736 737.31724484903008943 -2695.6915957121027532 -4660.5995076777244321 8093.6083482388576158 15751
312000000 313.98117825066526621 13101.919604714301386 858.30422230662350103 -2644.5946926231599718 -4590.8100261407334983 8093.7089410705175396 15742
313000000 313.5020333363249847 13081.925673289271799 849.87464484741201431 -2772.5842898576411244 -4683.095849416393321 8305.5547841214465734 15735
314000000 313.00559266337342024 13061.210018224339365 712.75885048153463686 -2745.2893543239056271 -4732.5599040128081469 8190.608108818247274 15751
315000000 308.8402338574109649 12887.396426898365462 620.11719754030889362 -2769.6280156504285515 -4678.1982307971065893 8067.9434439878441481 15742
316000000 311.8273694997220673 13012.044698020819851 623.68604304896814483 -2769.2096151290966191 -4755.0262799193442333 8147.9219380974091109 15745
317000000 309.14687966354597393 12900.192253455510581 721.46860126447404582 -2749.9009128943762335 -4620.8823340576418559 8092.2518482164923626 15741
318000000 312.39685570268528636 13035.808423250429769 632.19322722333868114 -2775.579199922116004 -4686.8751287479844905 8094.6475558934398578 15749
319000000 309.90723558015412209 12931.92065878818903 692.38877033550477336 -2769.3407291730982251 -4714.0332427427492803 8175.7627422513523925 15746
320000000 305.74859240382386361 12758.387299672394875 640.11577998870325246 -2798.7553317371757657 -4707.8281545346089842 8146.6992662604880024 15745
321000000 311.9710278915742947 13018.039327097241767 550.21410340731574706 -2754.6830022449448734 -4735.6266729922699597 8040.5237786445295569 15742
322000000 306.28440928754696415 12780.746059431503454 761.80409572361577375 -2651.7217082117163045 -4672.7227859311788052 8086.2485898665108834 15750
323000000 311.22371680127952231 12986.85526097166985 799.6541268677356129 -2722.2066646869993747 -4713.0346942796131771 8234.8954858343477099 15748
324000000 311.16244289262806433 12984.298401259598904 592.6589245367570129 -2664.43497062806955 -4744.1546923527366744 8001.2485875175625551 15746
325000000 309.85430598101027044 12929.711993426282788 643.69185547388951818 -2696.881664506467132 -4698.6948400232622589 8039.2683600036179996 15742
326000000 313.00317374520585645 13061.109080736498072 835.73480346593044032 -2666.34573606084723 -4591.7022130033165013 8093.7827525300945126 15744
327000000 311.16971293128273146 12984.601768048993108 776.75160408488795838 -2721.5903306417990279 -4633.2844274048629813 8131.626362131550195 15744
328000000 311.82338187538863394 13011.87830099752864 857.70465004198501902 -2725.5536623948123633 -4552.0560500062692881 8135.3143624430676937 15737
329000000 312.43264448840045588 13037.301830580778187 703.82861740563794228 -2751.6032901487906202 -4654.3279695986248043 8109.7598771530538215 15751
330000000 314.39178260783569385 13119.053451102690815 517.67940588511578426 -2738.0342920375360336 -4795.4270056972272869 8051.1407036198797869 15753
331000000 309.69841144467295635 12923.206770109123681 838.24064979905904238 -2622.3217802020685667 -4603.4082755258341422 8063.970705526961865 15739
332000000 308.91296174285287179 12890.431242276119519 854.12756976391756325 -2724.2146691548928175 -4590.6402717573009795 8168.982510676111815 15739
333000000 309.49817849473163278 12914.851377512144609 690.81337765164062148 -2811.3299232104955081 -4633.2244988915508657 8135.3677997536869952 15741
334000000 308.82606121210210404 12886.805025654324709 740.37587488051690343 -2708.5002442279583192 -4758.4743752969352499 8207.3504944054093357 15741
335000000 306.9305809362679156 12807.709742540013394 764.23093545869664922 -2714.4299902191096407 -4724.9198111671830702 8203.5807368449895876 15749
336000000 312.30100717465103344 13031.808821377695494 633.81001679730059095 -2723.4229656631014223 -4699.8643201965387561 8057.097302656940883 15736
337000000 310.64244050089672555 12962.599554313797853 647.78146453012232087 -2732.3764245807633415 -4691.5397583565654713 8071.6976474674520432 15745
338000000 312.14919736765762082 13025.474047116649672 548.6641967924074379 -2659.2891412691237747 -4801.4684551760637987 8009.4217932375941018 15753
339000000 312.64027117599425765 13045.965751723450012 759.17852845690310915 -2662.1785221671243562 -4745.3107320797416833 8166.6677827037692623 15758
340000000 313.89564211343463285 13098.350321996345883 710.44488353808196734 -2767.0571903481140907 -4683.9057553292777811 8161.4078292154736118 15750
341000000 313.87399443427085544 13097.446999849416898 598.3917473068649997 -2680.5112272829710491 -4735.1755006812545616 8014.0784752710906105 15751
342000000 311.1152613213257041 12982.329591672119932 675.2563275837828769 -2736.9115759303376763 -4656.3937846687513229 8068.5616881828709666 15750
343000000 316.66300977053691668 13213.828035539718257 738.57211581398007638 -2773.2382286370211659 -4666.6251115053373724 8178.4354559563380462 15746
344000000 309.01650977433030221 12894.752131799506969 697.56915864223526569 -2672.0512689108327322 -4619.085836730828305 7988.7062642838973261 15756
345000000 312.66493071859474639 13046.994753991804828 832.57009193746478104 -2695.6048653894818017 -4679.8978189840509003 8208.072776310997142 15749
346000000 309.19092858857169404 12902.030342851749083 752.55427044489010768 -2785.3787760891054859 -4669.6396972065431328 8207.572743740538499 15750
347000000 305.41957667127866216 12744.658012775293173 559.62796142124000198 -2769.8643571510056063 -4664.8342934945849265 7994.3266120668313306 15747
348000000 307.05374202516060222 12812.849052781766659 746.44216515352400165 -2759.6466239653923367 -4634.1881790985062253 8140.2769682174221089 15749
349000000 310.84405567423556249 12971.012624826154934 595.2399453859170535 -2850.0067596946432786 -4628.2899810016351694 8073.5366860821959563 15746
350000000 309.24190273323677047 12904.157410305415397 693.37689871453108026 -2776.4963886993878077 -4678.1959510286669683 8148.0692384425865384 15747
351000000 311.93902676632632165 13016.70397262601 707.34294947738123938 -2658.2345180416368748 -4687.2581926174934779 8052.8356601365103415 15745
352000000 311.86909012416521136 13013.785631252416351 763.09667879987375727 -2689.7701502414247443 -4672.0298612550341204 8124.896690296332963 15747
353000000 309.76954491322464946 12926.175053085067702 539.39078403122152849 -2756.3296851160894221 -4832.3537207650897471 8128.0741899124004703 15759
354000000 311.512583499946345 12998.9091945338605 613.43564969895987815 -2733.1532856517878827 -4719.5606628743080364 8066.149598225054433 15749
355000000 309.71475839087986515 12923.88890136354712 671.26788494810421071 -2714.565921127816182 -4745.6467775715373136 8131.4805836474579337 15747
356000000 309.61286669107738589 12919.637127844389397 816.73974735855608742 -2722.4423173763543673 -4624.0784743306057862 8163.260539065516241 15745
357000000 315.34794928846190487 13158.952718466640363 795.47028969709663215 -2702.9681419432477014 -4660.6316238688868907 8159.07005550922986 15748
358000000 306.61298838054597127 12794.457126076480563 395.02277441494311461 -2784.6737362615494931 -4819.0504437205045178 7998.7469543969982624 15759
359000000 311.57978859831575846 13001.713553065059386 715.79122798642788439 -2724.8299742180224712 -4670.7129471095413464 8111.3341493139905651 15742
360000000 312.4182480403004547 13036.701090413323982 800.62955500461384872 -2633.7761011285374479 -4681.8731920880800317 8116.2788482212308736 15754
361000000 312.74634010907874426 13050.391834336342072 736.39129137478596476 -2730.1899879838747438 -4597.6094238729747303 8064.1907032316348705 15743
362000000 310.42646804125797644 12953.587377791674953 584.79701236886648985 -2719.6639465082998868 -4734.7041552995715392 8039.1651141767370063 15753
363000000 309.59932168617183379 12919.071917004979696 745.2972419115892535 -2800.1035769169779996 -4593.4372160425446054 8138.8380348711134502 15746
364000000 307.80126819121994686 12844.042093666244909 628.03159526096135323 -2824.1397777313368351 -4669.2971779716835954 8121.4685509639821248 15751
365000000 309.88396937080068483 12930.949798031013415 691.34441512789817352 -2788.3580782987423845 -4659.9753288775145847 8139.677822304154688 15741
366000000 309.99417689203556847 12935.548577139681584 791.01261356462759977 -2731.3490173267814498 -4662.9988932049473078 8185.36052409635613 15753
367000000 311.25465238093858034 12988.146151973087399 609.08130492642260378 -2821.2816776069917069 -4775.4358048651793069 8205.7987873985930491 15757
368000000 311.75519675346396298 13009.033047690716558 695.5303381452334861 -2750.9062696586479433 -4642.4548699010974815 8088.8914777049794793 15751
369000000 306.14410257120266579 12774.891290276911604 787.01943475445023068 -2777.2446934510512619 -4694.1642601404873858 8258.4283883459902427 15745
370000000 309.11254289819106589 12898.759436553324122 667.59295663807370147 -2821.2247529192918591 -4729.9910429352694337 8218.8087524926340848 15749
371000000 310.9250887037903226 12974.394000246389623 407.03543635552961177 -2700.8858952929485895 -4834.0728426834193669 7941.9941743318968292 15754
372000000 309.5798349052543017 12918.258765597756792 671.64398722830890165 -2751.5155728197628378 -4678.7054601186755463 8101.8650201667469446 15750
373000000 311.33624531867155838 12991.550891443286673 671.92777975457829598 -2698.7259021699628647 -4728.0155304702693684 8098.6692123948096196 15746
374000000 305.84329514701948938 12762.339089823028189 635.63447905463635834 -2670.5178054361608702 -4702.8374561060481938 8008.9897405968449675 15753
375000000 308.63478359774279625 12878.823324523447809 662.67130955196080322 -2771.5737480330894869 -4683.7997284238736029 8118.0447860089234382 15742
376000000 310.3466374345620693 12950.256177505234518 527.64688531004105698 -2704.7118918795285936 -4721.9414733259563945 7954.3002505155254767 15756
377000000 310.84914985920050867 12971.225196809718909 743.88712815992721517 -2687.4994456262088534 -4686.5261271956987912 8117.9127009818348597 15743
378000000 310.73975180188955392 12966.660195302985812 683.50864191812286208 -2797.8896324401603124 -4663.4811777070954122 8144.8794520653791551 15748
379000000 308.03288678329312233 12853.707157633478346 629.6952459018434638 -2847.786234759427316 -4659.1911182921548971 8136.6725989534243126 15748
380000000 311.0708552040451309 12980.476597228920582 534.61160003231350402 -2798.6830430671179784 -4744.6810818576241218 8077.9757249570557178 15754
381000000 308.39015845225804924 12868.615518414530015 647.06836802897782945 -2788.743414822163686 -4541.9943232283840189 7977.8061060795243975 15743
382000000 307.30944759105278763 12823.519226661179346 635.93532279404723795 -2829.2319168211497526 -4796.5113905500948022 8261.6786301652919065 15753
383000000 311.33910642497039589 12991.670280716609341 677.61987930377483735 -2838.0633488339976793 -4628.9354835288486356 8144.6187116666205839 15736
384000000 306.89011787315490665 12806.021285280185111 535.84771302640046997 -2766.1242865788717609 -4675.4342176922464205 7977.4062172975191061 15741
385000000 307.17874764602839832 12818.065332317604771 615.28374642322103227 -2805.6019614574038314 -4706.0009045795795828 8126.8866124602045602 15754
386000000 311.66167361259988411 13005.130480410700329 593.52308231620747847 -2762.6917287675510124 -4672.9387945473208674 8029.1536056310796994 15748
387000000 306.50998226062796448 12790.158849633673526 715.87426704558447454 -2704.6260847107391783 -4704.3483979569100484 8124.8487497132337012 15763
388000000 310.58678872861588616 12960.277297131549858 715.30344947918797516 -2761.0834025487392864 -4617.2995390696405593 8093.6863910975662293 15742
389000000 310.64480138597633641 12962.698070176058536 514.41990503420674941 -2841.6544903513886311 -4740.3954612248398917 8096.4698566104352722 15745
390000000 311.18278951994932413 12985.147432647007008 645.42573945858259776 -2812.619170370973734 -4657.19957629397868 8115.2444861235344433 15754
391000000 311.05645302550124143 12979.875617939442236 783.65896714102973419 -2674.7407466964655214 -4639.0851385691530595 8097.4848524066474056 15749
392000000 307.60489021833171819 12835.847562939106865 647.24889843215146357 -2779.9281045219577209 -4779.4529368544990575 8206.6299398086084693 15757
393000000 310.88679406338837907 12972.796027709840928 679.59539670102412856 -2775.4588669738718636 -4658.1793895587870793 8113.2336532336830714 15751
394000000 314.2037615524376406 13111.207640836151768 752.70011185490898242 -2750.3005319287749444 -4712.1127193739976065 8215.1133631576813059 15751
395000000 308.54436183243495861 12875.050172558798295 602.90871226688284423 -2658.1572738370782645 -4718.429632175973893 7979.4956182799360249 15750
396000000 307.55096599343414709 12833.597393475793069 677.40870750450721971 -2694.528782649119421 -4761.566757289267116 8133.5042474428928472 15751
397000000 308.35620225744594336 12867.198582096916653 634.96885890911130446 -2686.6862284068774898 -4714.4179705996857592 8036.0730579156752356 15749
398000000 310.13069207676613814 12941.245131898562249 778.34095997207418804 -2671.9621124295031223 -4668.4354863164116978 8118.7385587179878712 15751
399000000 308.73096178092890796 12882.836682364999433 634.8253211456109284 -2777.8224708657753581 -4697.1686492743656345 8109.8164412857531715 15752
400000000 311.74104415267277091 13008.442482871521861 647.67973646678171917 -2775.5368422027104316 -4694.337843176923343 8117.5544218464165169 15744
401000000 310.58548525106061788 12960.222905151014857 659.63476373363391758 -2845.8528818633903938 -4679.1836926089245026 8184.671338205948814 15740
402000000 311.47708326207316532 12997.427827831710601 741.90057948797129939 -2815.2587051097411859 -4661.6026014092522018 8218.7618860069633229 15741
403000000 309.73543709442049021 12924.751789746947907 801.13997404555618687 -2706.5889857161851069 -4653.7552150227875245 8161.4841747845293867 15741
404000000 312.18622383297531542 13027.01910078687979 557.10550724726635963 -2821.3642498778203844 -4756.4284978791793037 8134.898255004265593 15754
405000000 306.35700171159692218 12783.775222227544873 658.67925107862799905 -2857.6192360542318056 -4651.7299047984161007 8168.0283919312751095 15739
406000000 313.90675902220391436 13098.814212366334687 487.19142374960830466 -2792.7237678308256363 -4706.539563939353684 7986.4547555197877955 15743
407000000 307.72110429921468722 12840.696985930469964 576.74067216689195448 -2823.692764595245535 -4738.2794772741972338 8138.7129140363349507 15746
408000000 308.57700705054526225 12876.412403968790386 661.33457349182435792 -2760.0509437174732739 -4750.1173841865129361 8171.5029013958110227 15748
409000000 308.63797270099377101 12878.956400571631093 685.44842590006248884 -2749.7150432946527872 -4713.1066750279587723 8148.2701442226752988 15751
410000000 307.27843553134687227 12822.225144272841135 667.79740881928876206 -2750.0013942722835054 -4607.5715903252221324 8025.3703934167951957 15743
411000000 309.82794758002285107 12928.612100583755819 604.26769387169815673 -2766.5034813957277038 -4748.0294670618550299 8118.8006423292808904 15756
412000000 313.50791358310493706 13082.171046343146372 687.7958883320724226 -2674.4410032933278671 -4765.9488666820507206 8128.1857583074515787 15757
413000000 312.93085651039655204 13058.091401136129207 507.16397005599827708 -2745.8176518778145692 -4717.6148695700021563 7970.5964915038166509 15751
414000000 310.93303219987285502 12974.725469309705659 624.20710925212824804 -2726.8651499531633817 -4741.9855626888866027 8093.057821894177323 15749
415000000 309.97654850522235392 12934.812973470461657 716.24204152656511724 -2729.7434735152714893 -4602.8930430631226045 8048.8785581049596658 15741
416000000 311.97623054502332707 13018.256425292745917 742.74446496548807772 -2727.378005357974871 -4693.3695374617909692 8163.4920077852530085 15739
417000000 311.54930756858510676 13000.441629686642045 681.51533984742843586 -2827.0091044552473249 -4696.0433503272588496 8204.5677946299347241 15747
418000000 306.68252861386798713 12797.358925959371845 484.97263087899307266 -2883.784758038003929 -4724.5879130341436394 8093.3453019511398452 15752
419000000 313.04531444536871732 13062.86754303890848 571.83078504486570637 -2874.0022465724641734 -4656.6117692164789332 8102.4448008338085856 15748
420000000 312.83950176598074222 13054.279317483493287 530.70829319006384139 -2783.6683145381871327 -4692.8671305598218169 8007.2437382880734731 15733
421000000 312.70507645862630852 13048.669969879889322 683.51222733723989222 -2862.0083968882818226 -4563.149692541256627 8108.6703167667783418 15740
422000000 311.46539224536144275 12996.939980878883944 499.6097374504876143 -2822.3482040317858264 -4748.4560568146807782 8070.4139982969545599 15742
423000000 306.99567418084967585 12810.425976876325876 506.14790469311361676 -2821.1165166430341742 -4648.6534111128057702 7975.9178324489530496 15752
424000000 312.03290743704536681 13020.621459040485206 563.14103840410962221 -2811.1498199252423547 -4609.4761929213000258 7983.7670512506520026 15741
425000000 314.77117503294812195 13134.884874757302896 648.7832450532605435 -2778.2330279321795388 -4636.5989069638462752 8063.6151799492863574 15742
426000000 307.39618165078155698 12827.138496720257535 654.04125058032968809 -2747.2358253313595924 -4635.5592996428713377 8036.8363755545615277 15746
427000000 307.15676783052987275 12817.148150666167567 448.90077429334741055 -2788.7992498625544613 -4814.993177937184555 8052.6932020930871658 15746
428000000 312.09792410330379653 13023.334497888961778 676.41897448308736784 -2769.5658971232469412 -4651.6073778420359304 8097.5922494483702394 15750
429000000 309.31063074620766429 12907.025317565186924 565.2678258484380649 -2803.7838130796444602 -4719.5030099174282441 8088.5546488455111103 15751
430000000 306.03583297423148224 12770.373377569358126 667.54082580978592887 -2742.8732920802158333 -4769.5028039559947501 8179.9169218459974218 15759
431000000 308.40445126488924643 12869.211934043843939 625.71232642199743168 -2755.1211279292683685 -4637.6326304548365442 8018.4660848061012075 15749
432000000 313.63998119104286388 13087.682011016984688 609.07820269444550831 -2786.0367415607370276 -4751.8872350728061065 8147.0021793279893245 15756
433000000 310.15579535048937032 12942.292650338900785 505.98801533155608467 -2782.0762725391728054 -4727.6627579535888799 8015.7270458243174289 15748
434000000 306.46720571130691724 12788.373854388755717 638.30707267708726249 -2765.3877239688385998 -4680.6833753057499052 8084.3781719516764497 15745
435000000 309.05279500746684107 12896.266255066519079 615.13725284244571867 -2760.0114121372416776 -4648.8272351848736434 8023.9759001645616081 15754
436000000 307.74740617495945116 12841.794520067329358 695.79842156812617304 -2753.2106142045522574 -4698.4358283395995386 8147.4448641122780828 15751
437000000 313.29378078511120975 13073.235635884222575 665.58108827251930961 -2736.6623142081584774 -4755.2992360908465344 8157.5426385715245488 15753
438000000 311.58180195971470994 13001.797567334102496 694.74670444635648892 -2777.6503958133098422 -4723.4071644235518761 8195.8042646832182072 15752
439000000 308.93747832190865665 12891.454278910230641 715.51286736849760928 -2747.7339796324786221 -4698.8014189837304002 8162.0482659847066316 15744
440000000 310.67597623609555058 12963.998945541348803 580.44803318910828693 -2795.5839942001712188 -4745.9656446803419385 8121.9976720696213306 15748
441000000 314.03037827837715668 13103.972641177258993 680.19219302075634914 -2778.1016386842570682 -4677.6006875051716634 8135.8945192101837165 15748
442000000 311.1899873779243535 12985.447787455024809 656.66799828298542252 -2862.1675349355718936 -4672.5423477509702934 8191.3778809695277232 15733
443000000 312.10856128139369048 13023.778369884510539 671.48543644485584991 -2795.1074031655866747 -4689.6677846876764306 8156.2606242981182731 15734
444000000 310.45303905104441355 12954.696142450682601 615.96539659947632117 -2825.4555342935891531 -4715.6158605028549573 8157.0367913959198631 15748
445000000 310.27819168462571042 12947.400048618952496 773.83008461288090984 -2905.3693830646398055 -4590.7631580326496987 8269.9626257101699593 15736
446000000 311.21291028859371863 12986.40432292116202 533.8299022850108031 -2873.9723438274368164 -4751.1599438094863217 8158.9621899219337138 15750
447000000 310.050917975693892 12937.916289499122286 634.76439701067238275 -2810.3300645583717596 -4604.5971093689968257 8049.6915709380418775 15746
448000000 310.98531095372510435 12976.906975965050151 597.65132759127595818 -2792.7996762403017783 -4717.6617914857015421 8108.1127953172799607 15745
449000000 307.81641247650577498 12844.674039852927308 641.01609260735699536 -2723.5534740859357044 -4637.0653708258732877 8001.63493751916576 15749
450000000 313.13322738666187206 13066.536005892174217 541.12951864197464147 -2848.0179316345165716 -4697.9675610489866813 8087.1150113254789176 15753
451000000 309.93836321750734442 12933.219564042186903 467.19482835267996279 -2857.2725664989798133 -4717.1250980166105364 8041.5924928682707105 15750
452000000 307.36491468203075783 12825.833777395555444 598.84785335911976745 -2776.4639507008178043 -4722.4725880225360015 8097.7843920824743691 15746
453000000 309.54052664056990807 12916.618496182356466 651.69654162589233692 -2777.16091116991538 -4661.6996696220430749 8090.5571224178502234 15749
454000000 311.6578112598378425 13004.969310764625334 610.36719405390522297 -2710.5577447620398743 -4702.0431499608794184 8022.9680887768245157 15754
455000000 307.98016828069393114 12851.507300984159883 528.86550033285402606 -2812.4162236995803141 -4767.7776907759598544 8109.0594148083937398 15755
456000000 313.42911874387834814 13078.883066934427916 510.98559072499642753 -2875.7828274351986693 -4694.7803159030154347 8081.5487340632116684 15747
457000000 312.63531244955470356 13045.758832201983751 544.81004855900562234 -2721.1339936168415079 -4761.3322490930941058 8027.2762912689413497 15763
458000000 310.8179916786663739 12969.925017038875012 724.03056323874250211 -2702.7104559500930918 -4718.4715416930193896 8145.2125608818560067 15764
459000000 311.52767831466576354 12999.539076394945369 642.34569451031825338 -2797.8328247341846691 -4686.8387554455848658 8127.0172746900880156 15754
460000000 310.86026230422970684 12971.688900915154591 417.19432148984907371 -2851.6902078770535809 -4782.739725243295652 8051.6242546101984772 15751
461000000 312.18004776807669032 13026.761383728086003 474.80958752241753018 -2793.6487174208918987 -4728.2532138677070179 7996.7115188110165036 15754
462000000 313.69396561715495864 13089.934692578242903 670.39266803116038318 -2739.7824256279418478 -4697.7452367193127429 8107.9203303784152013 15759
463000000 311.10160079102621467 12981.759560147494994 548.04595351858642971 -2785.4986568708636696 -4739.628889039859132 8073.1734994293101408 15749
464000000 309.01267888329488187 12894.59227499968074 530.32794031506023202 -2767.4014708211461766 -4687.4006697038603306 7985.1300808400665119 15752
465000000 311.22909108301820424 12987.079520934212269 636.70469293414555523 -2877.0853406140186053 -4706.5825993225016646 8220.3726328706652566 15749
466000000 310.20478156759372723 12944.336764835878057 551.29414861700934125 -2826.1772761083375372 -4674.5257837506196665 8051.9972084759674544 15759
467000000 309.09233673486932048 12897.916266498239565 624.16447023817886475 -2826.0616106631350704 -4825.1715294491859822 8275.3976103505010542 15770
468000000 310.24285908362872988 12945.925677128703683 524.6894735369717182 -2741.4391997151951728 -4715.6508740452318307 7981.7795472973975848 15759
469000000 313.9026154848686474 13098.641309349190124 600.19485711885590717 -2760.261125333831842 -4685.5604043158509739 8046.0163867685378136 15752
470000000 309.73829625303358171 12924.871097746536179 547.48286484769448634 -2840.7684684216505957 -4730.0156248102202881 8118.2669580795645743 15758
471000000 305.90687279333297965 12764.992080729352892 688.10394966109163306 -2840.3356519217468303 -4656.4290743866476987 8184.8686759694865032 15746
472000000 306.17978547989753224 12776.380279532852001 491.3973223954670857 -2893.0757666471913581 -4741.5718985304847592 8126.0449875731419525 15755
473000000 315.430796297418226 13162.409788272176229 582.6650667726418078 -2772.2244112235493958 -4800.5524911800275731 8155.4419691762195725 15758
474000000 312.08331087678624272 13022.724711913682768 733.92057114298722809 -2701.4802072392444643 -4669.694410469518516 8105.0951888517502084 15756
475000000 310.20878409416627619 12944.503783705167734 738.64036834238231677 -2860.4575730372880571 -4692.2047004832747916 8291.3026418629451655 15754
476000000 310.28411505899003942 12947.647221316190553 498.04199196465651767 -2791.6276754735881696 -4820.2217271891040582 8109.8913946273478359 15749
477000000 308.58685688549564929 12876.823421426457571 771.09007891689896041 -2791.8551093443575155 -4624.3278644477495618 8187.2730527090061514 15749
478000000 307.48200989849294729 12830.719968729481479 567.80038470897113712 -2894.1326681962614202 -4757.3796768611791776 8219.3127297664104844 15743
479000000 314.00340916765833299 13102.847264419271596 610.17477515125847276 -2812.7240456468598495 -4665.8927758150912268 8088.7915966132095491 15756
480000000 312.53930779240869242 13041.752715317483307 734.96055906839194449 -2731.0221387433207383 -4655.965772368328544 8121.9484701800411131 15743
481000000 309.59375705306155169 12918.839713991897952 755.98449609361341572 -2801.7789697473272099 -4679.7189025835723442 8237.4823684245129698 15753
482000000 308.2811356468398003 12864.066175553823996 669.30346184664028897 -2774.0192817484439729 -4729.4498661124152932 8172.772609707499214 15757
483000000 309.31246301919310326 12907.101775311739402 588.47090308259942049 -2791.0505007712417864 -4666.7400463384365139 8046.2614501922780619 15756
484000000 312.79839779158555757 13052.564116047024072 615.77153204639853357 -2819.9322724588751043 -4728.8808415948042239 8164.5846461000764975 15752
485000000 309.27730107539485971 12905.63452506649628 656.418919601171865 -2881.9961337086947424 -4658.7906331696121924 8197.2056864794794819 15750
486000000 308.75867391830291808 12883.993064406662597 742.47129455543222321 -2813.4989650481829813 -4646.3939574557261949 8202.364217059341172 15750
487000000 307.45066558631617681 12829.41202199046711 717.68269185246526831 -2806.9757844668583857 -4596.8057811568742181 8121.4642574761965079 15739
488000000 308.92951001288543011 12891.121774443594404 585.16118514288973529 -2737.9714215428916759 -4708.7032015897657402 8031.8358082755457872 15755
489000000 311.00212933547589955 12977.608779451515147 662.24171891421030978 -2814.8219384256517515 -4663.7461468157762283 8140.8098041556377211 15746
490000000 311.24300881605131508 12987.660285107069285 563.03900329327177587 -2838.3143074494237226 -4657.8544056946739147 8059.2077164373695268 15762
491000000 312.58569793477255416 13043.688499873389446 556.11718394709578206 -2757.079189899352059 -4659.7240534181919429 7972.9204272646393292 15751
492000000 311.01573875132703506 12978.176678054041986 590.37279082670465868 -2758.7195992763790855 -4649.1635573472158285 7998.2559474502977537 15751
493000000 312.12114061951336907 13024.303285032745407 660.13903831388097387 -2803.6648143663419432 -4724.1044448598095187 8187.9082975400324358 15750
494000000 310.96976126043426802 12976.258112767232888 537.22795866683350141 -2757.4292050522562931 -4756.5524706942733246 8051.2096344133633465 15757
495000000 310.05130003123451843 12937.932232050219682 626.9093540950714214 -2790.3252605476081953 -4744.4413921531886444 8161.6760067958675791 15763
496000000 309.76682814380689024 12926.061686753066169 659.47444115197777137 -2795.1599536451226413 -4790.365742358884745 8245.000137155984703 15759
497000000 310.29604800071297177 12948.145163402950857 623.95918086039125683 -2726.0956692921345166 -4727.6829332995712321 8077.7377834520957549 15757
498000000 312.75784939777173577 13050.872098077001283 551.87884693214539311 -2752.4198840770941388 -4758.5960578227886799 8062.8947888320290076 15751
499000000 313.52631027989212953 13082.93871032746938 599.64602357411217781 -2784.3905757344473386 -4747.692391588627288 8131.7289908971870318 15757
500000000 305.54625694372310818 12749.944172774812614 667.08282274265297929 -2730.8925772462425812 -4733.8810935334495298 8131.8564935223448629 15754
