# Steps Temp KinEng PotEng Epair Ebond Eangle Bonds
1000000 311.25750439002484882 12988.265161634648393 5695.1979344864203085 -1617.2542286099646844 -1100.442301130605756 8412.894464226990749 14950
2000000 310.65953344293006921 12963.312814750543112 4832.8385239942272165 -1800.7929435740416011 -1781.5251387196221913 8415.1566062878919183 15108
3000000 312.80047499615506013 13052.650794386863708 4244.6474665281584748 -1882.9847200023916685 -2135.528049454084794 8263.1602359846347099 15192
4000000 306.6056983519441701 12794.152925139374929 3956.6299579395194996 -1927.9414112984175063 -2485.7563321971506412 8370.3277014350878744 15257
5000000 309.26968591817586685 12905.316757045444319 3682.5229759527901479 -2004.9634031790096742 -2598.2884705852156912 8285.7748497170141491 15295
6000000 310.4548248601597038 12954.77066133614062 3550.5121945637056342 -2059.0876608283269888 -2753.1911711629286401 8362.7910265549617179 15312
7000000 311.60867917417471062 13002.919109411930549 3194.9795171232949542 -2125.7790017979400545 -2874.9867268360399066 8195.7452457572762796 15340
8000000 307.62528319383619646 12836.698528360184355 3315.0710124069291851 -2145.0463898843086099 -2864.0151852049948502 8324.132587496231281 15369
9000000 309.5079984056004605 12915.261146286966323 3064.4528583262808752 -2256.8522525669854986 -3090.4415647164350958 8411.7466756097019243 15389
10000000 311.37023722934077341 12992.969318125038626 2920.9591067718720296 -2257.7364280275814963 -3128.2238867828777984 8306.9194215823299601 15397
11000000 309.86029617553788285 12929.961954419342874 2883.3196490730538244 -2256.4660200051762331 -3200.7745073022892939 8340.5601763805188966 15428
12000000 308.83931653928277683 12887.358148717379663 2726.7306880849910158 -2252.7633645659116155 -3260.6892802067918637 8240.1833328576940403 15446
13000000 309.89889983011585173 12931.57282161063813 2823.9597464034786753 -2202.4076100936663352 -3383.3098136004296066 8409.6771700975750718 15452
14000000 309.07930334742275136 12897.372404616284257 2779.5165695188411519 -2289.9302711132409058 -3297.7644019145536731 8367.2112425466348213 15465
15000000 308.81233453492086483 12886.232233928813002 2620.3743899760966087 -2374.9600916613030677 -3412.5517590118488442 8407.8862406492480659 15476
16000000 306.73544783815935943 12799.567158395699153 2347.0941608835232728 -2444.3942750852352219 -3445.9873404728436981 8237.4757764416026475 15489
17000000 310.08177892311670121 12939.204066219726883 2340.3996145046880883 -2353.2356221858653953 -3548.8902928486904784 8242.5255295392453263 15503
18000000 309.73969764570887264 12924.929575564437982 2169.4323531466898203 -2433.0870490817151222 -3680.5845315907545228 8283.1039338191603747 15519
19000000 313.16921579368755602 13068.037743092407254 2355.4881859635961519 -2364.1405166227505106 -3617.6815213466697969 8337.3102239330164593 15519
20000000 309.56343165302752141 12917.574284785470809 2392.8047950274203686 -2319.2614136307174704 -3545.867020245038475 8257.9332289031772234 15519
21000000 309.61840076952478285 12919.868055861501489 2190.6984161835316627 -2469.718656534105321 -3658.3135175220704696 8318.7305902397074533 15531
22000000 309.79761798998293898 12927.346496535255937 1996.1309675375559891 -2424.3669300332721832 -3786.7392393905306562 8207.2371369613592833 15553
23000000 308.29794383944539504 12864.767553863970534 2056.3040907953559326 -2380.3800228063910254 -3814.1599183952430394 8250.8440319969886332 15550
24000000 310.4521112103490168 12954.657425180224891 1920.4702261670931875 -2473.8791898453314388 -3882.7181933289466542 8277.0676093413712806 15568
25000000 309.2500658524944015 12904.498043883622813 1763.5548295336975571 -2458.0839892949788918 -3920.2835957820639123 8141.922414610740816 15575
26000000 312.16402927091723996 13026.09295811372067 1974.0368310527885569 -2418.9509982495505938 -3893.1911702621291624 8286.1789995644685405 15582
27000000 308.03083479616532259 12853.621531576120105 1895.9633908725004403 -2490.7997141922551236 -3955.662981382534781 8342.4260864472889807 15583
28000000 309.82844465059253025 12928.632842523378713 2095.3579913518806279 -2473.9781619736477296 -3781.5797011713634674 8350.9158544968922797 15573
29000000 307.31544503184579753 12823.769490029008011 1805.848003163206613 -2572.6220379865944778 -3909.2559589729653453 8287.7260001227659814 15577
30000000 306.56263617179320136 12792.356010988391063 1747.7240445549728065 -2528.9993385913949169 -3998.9315378299988879 8275.654920976367066 15592
31000000 308.19041777254903991 12860.280667446968437 1841.643991401282392 -2490.4013278545171488 -3961.2838842287264924 8293.3292034845271701 15577
32000000 310.4116245150576674 12952.967981788351608 1751.5619014935521136 -2547.4873465149194089 -4013.4531408305651894 8312.5023888390351203 15596
33000000 308.99268422849519311 12893.757930848323667 1965.0270934135592142 -2470.6412604169008773 -3948.3889569806397049 8384.0573108110984322 15587
34000000 309.02052349310707768 12894.919617701119932 1717.323072746649359 -2471.247256268259207 -4075.1189571181748761 8263.6892861330834421 15596
35000000 308.96296154438397252 12892.517651988835496 1681.9380477017080011 -2543.8524382463006077 -3918.9416475241105218 8144.7321334721191306 15595
36000000 306.42914367280582155 12786.785587948035754 1733.003799967387522 -2476.4717011556413127 -3995.1806929817939817 8204.6561941048239532 15595
37000000 309.2707227236691665 12905.360021238204354 1848.3899612789143703 -2464.85214294947491 -3994.9519609759486229 8308.1940652043376758 15602
38000000 309.27816849976886715 12905.670721262951702 1620.414845590988989 -2550.9292992529708499 -4015.1862162120305584 8186.5303610559913068 15609
39000000 309.9995051865065534 12935.770918128966514 1625.002194336759203 -2535.7349022501120999 -4022.485513456179433 8183.2226100430507358 15610
40000000 309.26032608353381193 12904.92618649699034 1758.9252919219411524 -2559.5480343042586355 -4072.7193037697047657 8391.1926299959050084 15609
41000000 312.77651336997575982 13051.650915026106304 1546.5808622802076115 -2546.0984624999955486 -4112.819173176676486 8205.4984979568798735 15614
42000000 306.86077878990590762 12804.797013455528941 1462.1447259628646407 -2630.0846768777178113 -4134.5500600745517659 8226.7794629151339905 15605
43000000 311.74781893830345325 13008.725183564496547 1598.7415761045606359 -2596.8788338025042322 -4086.6683495163015323 8282.2887594233652635 15616
44000000 308.60887310664099914 12877.742122225827188 1601.7793983740798467 -2625.3879369228043288 -4025.362316333225408 8252.5296516301095835 15614
45000000 307.7910658349197206 12843.61636607082437 1702.4532969718266031 -2555.7599561577126224 -4077.5128155642869388 8335.7260686938261642 15619
46000000 309.6575384474900261 12921.50120697289276 1336.8351872150840336 -2577.7743454595442927 -4174.0063948210081435 8088.6159274956362424 15622
47000000 308.52379987657963056 12874.192155864826418 1486.1877444949907385 -2505.2561185688728074 -4088.5592587459527749 8080.0031218098156387 15625
48000000 308.1829212822516979 12859.967851201929079 1338.7826133957569255 -2620.5878366465585714 -4231.9266901340588447 8191.297140176373432 15630
49000000 306.26014154820740032 12779.733406470626505 1455.9946327374752855 -2625.69429265913368 -4149.1628207217581803 8230.8517461183673731 15630
50000000 310.53302902698362686 12958.03399295426243 1496.9263106161884025 -2625.5004099983880224 -4177.8800205651114084 8300.3067411796873785 15634
51000000 309.79560082390918296 12927.262323503373409 1572.2518420771068577 -2524.7841504847328906 -4106.7267856888502138 8203.7627782506897347 15629
52000000 310.92289013453591906 12974.302257557299527 1475.9982710010945084 -2560.8504019584770504 -4197.4200235570715449 8234.2686965166431037 15637
53000000 314.37102264159949527 13118.187171760282581 1332.62665856781814 -2611.3913551927957997 -4266.0845968352914497 8210.1026105959062988 15645
54000000 310.81653391167424161 12969.864186813190827 1509.6138667728050677 -2555.4019790872225713 -4131.0462888083366124 8196.0621346683656157 15637
55000000 310.02026954393949154 12936.637380708811179 1567.8866869613570998 -2558.4787093910690601 -4177.1354142887958005 8303.5008106412224151 15630
56000000 312.43926013132829667 13037.577890509774079 1323.2753542782754721 -2571.9463639229911678 -4225.2950433856876771 8120.5167615869531801 15645
57000000 315.71766093200648129 13174.380178983972655 1398.4394474643393096 -2635.2683454975926907 -4238.4778367534509016 8272.1856297153826745 15641
58000000 311.31136027554481416 12990.512479407818319 1438.2371674502896894 -2600.6639077953118431 -4235.6558473292825511 8274.5569225748840836 15647
59000000 312.65755423558664461 13046.686945454121087 1489.9027415379623562 -2566.6557987206151665 -4209.9295436141383107 8266.4880838727167429 15641
60000000 314.04925660995121461 13104.760402991303636 1235.4496914556866614 -2629.6882289015038623 -4326.142570591699041 8191.2804909488895646 15652
61000000 312.44537204958902521 13037.832930834574654 1385.1498795462716771 -2627.7830447323731278 -4249.4716166728230746 8262.4045409514692437 15648
62000000 309.71575415154831035 12923.930452823084124 1329.1440147624593919 -2642.8483691869882932 -4179.7248851012282103 8151.7172690506758954 15643
63000000 311.72545145255350008 13007.791825069289189 1251.5802689694510264 -2645.480204467542535 -4299.57146029973228 8196.6319337367240223 15657
64000000 306.18169384428870217 12776.459912448966861 1229.3446462525048446 -2703.3307852458237903 -4268.0075052842221339 8200.6829367825521331 15658
65000000 307.1648164048366425 12817.48400447144013 1460.5110920243023429 -2657.6405457318905974 -4245.3886486767114548 8363.540286432904395 15652
66000000 311.24575158564908861 12987.774736383940763 1164.1930012318239278 -2741.9600551384173741 -4308.6932954243911809 8214.8463517946329375 15665
67000000 307.0872831686350537 12814.248669687787697 1281.7512028525356982 -2785.1111815560689138 -4267.568007063560799 8334.4303914721658657 15652
68000000 309.65571720382223475 12921.425209461674967 1234.6394593436207288 -2743.4580410744911205 -4283.2408910750673385 8261.3383914931800973 15669
69000000 306.17831589923162028 12776.318956341936428 1103.777118786080564 -2749.3906191668484098 -4381.8864915579579247 8235.0542295108880353 15657
70000000 310.25653359031616674 12946.496291865074454 995.92798139245724087 -2767.2085358052963784 -4370.9364215090990911 8134.0729387068531651 15674
71000000 308.70192803735005782 12881.625151863989231 916.8755895521999264 -2814.5213401298706231 -4381.5257312124849705 8112.9226608945555199 15670
72000000 308.0780347961346024 12855.591110161643883 1124.7086279413724696 -2682.0469983576822415 -4377.8771673845421901 8184.6327936835969012 15681
73000000 311.32080327205932235 12990.906520164815447 1069.9633001751694792 -2716.6782600775627543 -4387.0315051227817094 8173.6730653755148523 15669
74000000 311.31963968302915191 12990.857965502998923 1326.8039532150401101 -2717.3692236252572911 -4324.670423993172335 8368.843600833470191 15670
75000000 311.04533614703007061 12979.411728833743837 1099.2131579607239473 -2742.8459729621699807 -4358.6462994595240161 8200.7054303824188537 15681
76000000 308.82296267934697198 12886.675728964388327 1008.5553881420336211 -2815.8286817106059061 -4285.4788456062506157 8109.8629154588907113 15668
77000000 311.87324096876250223 13013.958839189619539 1138.5188762479110665 -2775.7983993691777869 -4275.6594065505469189 8189.9766821676366817 15674
78000000 307.82973902498929419 12845.230134864139472 1192.5914802510096706 -2728.8358662645891854 -4348.2047504101701634 8269.6320969257685647 15678
79000000 314.46387643246094967 13122.061808162496163 1221.3651886680747793 -2786.1038685660828378 -4320.8794115492164565 8328.3484687833733915 15669
80000000 309.70073661048684244 12923.303795465008079 1069.9878533691694429 -2782.8598502141057907 -4331.8730584570112114 8184.7207620402850807 15678
81000000 311.58117969649867973 13001.771601310678307 983.58336085896905843 -2797.9891064338767137 -4363.3305871728152852 8144.9030544656598067 15681
82000000 308.79620787733313136 12885.559294957169186 1100.0146478145047695 -2801.5331684869188393 -4321.2616111501001797 8222.8094274515242432 15668
83000000 309.10573855476405924 12898.475502461988071 1039.613984941001263 -2812.2551270440430926 -4432.1241704369376748 8283.9932824219831673 15676
84000000 309.91764536360898319 12932.355041978569716 978.23275686969384424 -2821.1799328263900861 -4397.432054951596001 8196.8447446476802725 15672
85000000 305.90994616488637803 12765.12032748360798 1069.321142986724908 -2767.2309496337120436 -4396.1580759172575199 8232.7101685376946989 15680
86000000 310.71738220672312991 12965.726748785289601 1027.8492274252114385 -2826.5322927083607283 -4377.8779700688810408 8232.2594902024538897 15670
87000000 308.87413810797175984 12888.811195667565698 1116.8067434051279179 -2699.8728518851407898 -4388.8020625319022656 8205.4816578221689269 15686
88000000 311.66274467700168316 13005.175174171525214 1086.1886127461318665 -2768.01213829812923 -4289.632713301345575 8143.8334643456073536 15684
89000000 310.71465155111872036 12965.612803005493333 856.69195949871948415 -2793.5076697481781594 -4441.2996918875442134 8091.4993211344417432 15696
90000000 310.81956017569729056 12969.990467847466789 1055.1155180250877947 -2726.131134196072253 -4448.482027918453241 8229.7286801396148803 15684
91000000 309.8282960743571266 12928.626642680756049 1131.6945780681944598 -2701.8577926650204972 -4264.7301011583285799 8098.2824718915435369 15681
92000000 309.13788648066139331 12899.816982683547394 1010.9548069142466602 -2762.1189784934344971 -4369.3561254230789928 8142.4299108307604911 15685
93000000 312.57893389963680875 13043.40624778093661 1038.7749189533526533 -2728.9427508474677779 -4416.4823945547350377 8184.2000643555556962 15685
94000000 314.22136289074796878 13111.942115815711077 1112.6901513641064412 -2729.2353722674233723 -4362.7907651729801728 8204.7162888045095315 15681
95000000 308.50174948495043736 12873.272029187208318 1049.1636416296698826 -2746.894835558900013 -4397.7508900760258257 8193.8093672645954939 15687
96000000 314.70574458459321932 13132.154569460588391 994.5650647883497868 -2745.5366350816102567 -4461.2664856018636783 8201.3681854718233808 15691
97000000 308.59100020049487512 12876.996315165883061 1201.2306461899597707 -2712.5065944366970143 -4307.7298053648519272 8221.4670459915105312 15686
98000000 308.52117176590667214 12874.08248911683404 1188.7010519934465265 -2726.1238800242822435 -4338.4864794848435849 8253.3114115025728097 15687
99000000 314.10904864819730165 13107.255426681789686 852.37274155539375897 -2789.2510219056503047 -4491.5241053628988084 8133.1478688239421899 15684
100000000 309.466234714694167 12913.518415962496874 1007.3140016565807855 -2817.0618465576089875 -4386.0947308698005145 8210.4705790839907422 15685
101000000 310.47000556365861712 12955.404127195124602 961.82937744564833338 -2730.7011199813614439 -4452.5957003006606101 8145.1261977276699326 15690
102000000 311.48833366603594186 12997.897288737176495 1018.6211562848775429 -2720.6748590851907466 -4433.7818999783830805 8173.0779153484527342 15683
103000000 314.22714249407039233 13112.183289183169109 898.09971915563073708 -2795.3583515376503783 -4425.063186295066771 8118.5212569883478864 15697
104000000 311.08640513673640271 12981.125470416527605 903.4752394274407834 -2835.0479441156430767 -4517.6008587095930125 8256.1240422526752809 15689
105000000 307.92741154850398289 12849.305849076719824 770.30302943772926483 -2783.7830028805624352 -4557.5668543169176701 8111.6528866352091427 15695
106000000 304.87503570121521079 12721.935211201662241 1038.516045500773771 -2753.9780713748614289 -4525.0077784121021978 8317.5018952877380798 15694
107000000 304.86918597984572443 12721.691111923100834 1053.9975508592101505 -2737.9798153118413211 -4434.3911756753204827 8226.3685418463719543 15692
108000000 308.11752164392123632 12857.238831557004232 1068.3780958091592765 -2760.6336830995223863 -4462.5026290503956261 8291.514407959077289 15692
109000000 311.46421496592773792 12996.890854938983466 955.5708167908469477 -2821.5808307759798481 -4498.1153366243506753 8275.2669841911774711 15701
110000000 310.30611820241989562 12948.565376403941627 1009.1010534479430589 -2793.1600571279841461 -4438.9388911421710873 8241.2000017180980649 15685
111000000 312.86758630517425672 13055.451239242303927 866.05534378704862775 -2729.8531118566033911 -4347.5178464932632778 7943.4263021369151829 15689
112000000 313.91905685771268963 13099.327380872311551 1009.1133880045613296 -2754.9066237518081834 -4404.6603429945080279 8168.6803547508770862 15690
113000000 310.19353425665048007 12943.867432997045398 1102.3387023143375245 -2795.1805378950812155 -4368.0433048724462424 8265.5625450818661193 15688
114000000 312.14153263034347674 13025.154210199543741 994.56554191837096823 -2790.6171451722048005 -4453.0748257919703974 8238.2575128825465072 15686
115000000 308.17491830206688519 12859.633899964584998 979.21701617407984486 -2835.4469684936311751 -4453.9336229282562272 8268.5976075959661102 15691
116000000 307.73330914782837908 12841.206274245825625 990.23822573376583023 -2852.8530495665218041 -4414.9918237828678684 8258.0830990831545932 15685
117000000 309.9995267437526536 12935.771817677490617 1003.7468065325855378 -2855.3946016215049895 -4371.6034792731588823 8230.7448874272504327 15679
118000000 310.48361042477392857 12955.971835735997956 1104.2750533695534614 -2798.4314634914444468 -4327.1670112019965018 8229.8735280629935005 15685
119000000 312.69410619178432853 13048.212198637018446 851.66560526811019827 -2849.3796901880277801 -4478.4050162298290161 8179.4503116859668808 15693
120000000 312.17861662103138087 13026.701664309124681 1092.1139103313876149 -2774.7412901455550127 -4410.8966141511255046 8277.7518146280672227 15701
121000000 310.62807533539694305 12962.000119517944768 560.66205217607557643 -2876.9352969757437677 -4627.8273867449179306 8065.42473589673682 15705
122000000 307.53561560316023815 12832.956846865992702 877.11190178307072074 -2822.7388609545550935 -4465.3430235077412362 8165.1937862453669368 15702
123000000 310.49522532717861623 12956.456506563627045 1054.6318474275869903 -2827.7987829937437709 -4421.7836027249104518 8304.2142331462418952 15688
124000000 307.06987699257808799 12813.522338508975736 1095.7318107115563635 -2708.8957488657988506 -4525.1306085848427756 8329.7581681621995813 15701
125000000 311.29332576076711803 12989.759928684732586 1004.8808528511797249 -2726.4288665164240228 -4446.2413424714268331 8177.5510618390308082 15697
126000000 311.83438805484189515 13012.337570814766877 978.05581503876510396 -2794.2314246200990056 -4404.6631783711600292 8176.950418030023684 15700
127000000 310.27203449020953485 12947.143118994441465 842.49345388269648538 -2850.1594771732598019 -4497.6368858267987889 8190.2898168827550762 15711
128000000 308.02475283220428537 12853.367741195115741 881.51912467929059858 -2850.6050706553123746 -4487.299227845887799 8219.423423180491227 15699
129000000 309.25577186979347744 12904.736146627017661 797.40010856918070203 -2861.7898962993049281 -4547.6673314853633201 8206.8573363538489502 15714
130000000 310.01885418640875969 12936.578320160397197 697.1610914493146538 -2861.2312487329490978 -4491.5425555643741973 8049.9348957466390857 15710
131000000 310.51303861232651116 12957.199825737101492 802.13323903893819988 -2874.7264068303575186 -4447.7585260555142668 8124.6181719248097579 15711
132000000 306.83101942562245767 12803.555203992613315 980.71482650066332099 -2755.8047467910155319 -4472.1228560805666348 8208.6424293722448056 15713
133000000 312.1581921088704803 13025.849382915097522 981.06882874284735863 -2732.5617978870354818 -4402.7622904216177631 8116.3929170515002625 15703
134000000 311.79699244912194445 13010.777113520982311 988.23063439242241657 -2790.0039332296828434 -4442.7834332403690496 8221.0180008624756738 15698
135000000 310.72552935823017606 12966.066716055453071 1010.4203368640733061 -2786.1875541522977073 -4498.9776167080708547 8295.5855077244414133 15704
136000000 310.20552344070506479 12944.367721984061063 821.76872209675411796 -2828.8611862840480171 -4568.2643156589128921 8218.8942240397154819 15714
137000000 308.44684228287724181 12870.980841698548829 913.98561210494062834 -2889.1573967026229184 -4529.3413349377287886 8332.4843437452927901 15709
138000000 307.69495503216734278 12839.605819904259988 754.28635118196166331 -2855.8951510482265803 -4481.0586736200402811 8091.2401758502292068 15705
139000000 310.69803608733042211 12964.919466952796938 851.15466279205838873 -2768.4910967921614429 -4594.9891961930970865 8214.6349557773173728 15723
140000000 310.63762242089052279 12962.398503737320425 756.84317778337958771 -2830.4760053434010842 -4528.0622620683352579 8115.381445195116612 15714
141000000 312.02481709489768491 13020.283862331712953 789.9544063201692552 -2683.9410674546584232 -4679.2301968585197756 8153.1256706333479087 15721
142000000 310.32101508004956258 12949.186998674909773 852.28022688561645737 -2705.4832737830447513 -4520.6722376618727139 8078.43573833053415 15720
143000000 306.95337339709499247 12808.66083454818363 799.28190576407837398 -2853.2041766638885747 -4607.4182360301365406 8259.9043184581041714 15715
144000000 312.37953710697303222 13035.085746655760886 751.79151281289114195 -2813.1337556987609787 -4542.3010406715256977 8107.2263091831773636 15716
145000000 312.23102236311069646 13028.88846997490873 803.04044654884910415 -2875.2726774470347664 -4592.4223318339700199 8270.7354558298538905 15712
146000000 310.37375597637503688 12951.387789777696526 941.84980480883427845 -2758.0085270538065743 -4567.7555164218911159 8267.6138482845326507 15721
147000000 308.90747611701141295 12890.202336106785879 851.35328903266668021 -2772.9763406736328761 -4435.6514095549073318 8059.981039261208025 15709
148000000 307.80480458906561125 12844.189661748263461 957.69876710388848551 -2742.424472398031412 -4447.6589518962919101 8147.7821913982115802 15712
149000000 305.68146097101708847 12755.586015084305473 631.76396553982681326 -2859.6163778300683589 -4560.3587535219749043 8051.7390968918698491 15718
150000000 305.85704020137723091 12762.912648397974408 796.3431863335243861 -2808.0575444064279509 -4509.5942942669189506 8113.9950250068704918 15710
151000000 314.96431710528804615 13142.944376661793285 809.96339374790807142 -2809.1990115393555243 -4475.7931408087542877 8094.9555460960182245 15706
152000000 311.50308042337366032 12998.512646734574446 874.36817742514688234 -2789.9363895288256572 -4479.9127563204456237 8144.217323274418959 15709
153000000 308.7313536439157815 12882.853034164743804 887.58616318887197849 -2752.5014360938985192 -4542.0004067356458108 8182.088006018415399 15715
154000000 305.69806723629960743 12756.278967298441785 792.84274131345478054 -2720.0965616234643676 -4585.9936324839200097 8098.9329354208393852 15717
155000000 311.97640762282952664 13018.263814459171044 864.17751907910633236 -2798.9106855460381666 -4473.580762220411998 8136.6689668455555875 15707
156000000 309.36028265435675166 12909.097210257654297 855.34707411870590477 -2878.3194810140812478 -4457.760826276622538 8191.4273814094094632 15710
157000000 310.38557205826987229 12951.880855495493961 679.14071391997106275 -2888.5103849297502165 -4548.0314398445916595 8115.6825386943128251 15705
158000000 312.42793182169265265 13037.105178728352257 829.10118361982404167 -2894.7458570728181257 -4419.9098957572932704 8143.7569364499349831 15704
159000000 311.36713179709965971 12992.839733530869125 939.62899386377307565 -2754.7376035665720337 -4494.9271769289207441 8189.2937743592665356 15709
160000000 309.6458359062549448 12921.012879120607977 713.0677942905248301 -2850.3992783377393607 -4539.2860011877228317 8102.7530738159866814 15716
161000000 308.4730258465725683 12872.073438867628283 835.99923549125276168 -2865.2866394945826869 -4560.7319281690724893 8262.0178031549075968 15715
162000000 309.78107390078582739 12926.656138827187533 622.90641516424807378 -2892.9607138205237788 -4541.2075894283079833 8057.0747184130796086 15706
163000000 309.9951117485804275 12935.587587170031838 762.56601427415989747 -2859.1149862625588867 -4569.8597420079931908 8191.5407425447119749 15716
164000000 307.67903677649940164 12838.941577202927874 737.40656312663668359 -2860.4889472728618784 -4454.6796362128889086 8052.5751466123874707 15704
165000000 312.16764848894149509 13026.243982145957489 733.90279489279384961 -2780.2707874151715259 -4529.5628867015684591 8043.736469009533721 15709
166000000 310.03463272449442911 12937.236732676172323 843.48351906299296843 -2863.6910536244422474 -4472.5754328265275035 8179.7500055139626056 15712
167000000 309.62422476594122145 12920.111081679964627 851.98959135125323883 -2922.6032429167817099 -4418.7043391033985245 8193.2971733714330185 15699
168000000 310.37722396467972885 12951.532503241769518 828.70081777612983842 -2830.9650552677030646 -4595.0641454342840007 8254.7300184781161079 15710
169000000 312.44531932733212898 13037.830730821266116 600.95023626646684534 -2886.7919750218375157 -4538.2085540083498927 8025.9507652966531168 15711
170000000 309.81359339801463193 12928.013124110992067 826.70823976038764158 -2840.489202928350096 -4428.6869997194680764 8095.8844424082062687 15700
171000000 305.81653171560594728 12761.222295725112417 764.46017683000854959 -2785.6651117379433344 -4453.761254841153459 8003.8865434091057978 15711
172000000 311.83489476933220885 13012.358715179381761 743.19986197562502639 -2862.6350144750113031 -4539.2127785968368698 8145.0476550474731994 15721
173000000 312.56479603019283786 13042.816297676701652 619.9496444148445562 -2912.5306678081424252 -4609.4381744390111635 8141.9184866619980312 15724
174000000 309.91679169466044641 12932.319419773457412 716.32672382723217197 -2880.653995050103731 -4573.3347379713231931 8170.3154568486579592 15707
175000000 312.29766120413808039 13031.669199515949003 646.60439999393133803 -2893.8385090279189171 -4532.9693265437699665 8073.4122355656199943 15712
176000000 311.07049975183196011 12980.461764791045425 798.7967159966278814 -2829.9907860951061593 -4492.8263452751307341 8121.6138473668652296 15708
177000000 312.50632690350971643 13040.376476916017054 650.566078323685133 -2872.8235059024918883 -4558.6799106766775367 8082.0694949028547853 15724
178000000 310.60823348743190309 12961.172151745176961 707.11161292174597293 -2859.9629705969000497 -4555.1315671944876158 8122.2061507131329563 15718
179000000 309.11193514643144908 12898.734076069174989 796.37194287195382003 -2907.1109458293517491 -4491.6727151066597798 8195.1556038079652353 15712
180000000 309.44956816796093335 12912.82294830228966 648.53369279422418003 -2881.7848755032769077 -4524.4634842840314377 8054.7820525815332076 15719
181000000 311.6648459728634748 13005.262857801481005 772.09402302086925829 -2863.3462025435082978 -4488.3062199439609685 8123.7464455083390931 15719
182000000 309.6998791368588968 12923.268014496865362 815.3150210161254563 -2902.4143943087656226 -4464.9498210612746334 8182.6792363861641206 15721
183000000 312.32497502979549608 13032.808960662952813 769.83496473610966859 -2841.8345407253495978 -4541.3246004473985522 8152.9941059088578186 15720
184000000 309.58650755614502259 12918.537204375545116 820.93877387148040725 -2844.7994956129432467 -4471.2934031506938481 8137.0316726351193211 15712
185000000 312.20988248907121942 13028.006337702961901 709.25024687587244898 -2859.098239941105021 -4590.8305112057159931 8159.1789980226940315 15718
186000000 307.49814950614029385 12831.393448085873388 749.26712017453894532 -2806.2099603124793248 -4504.1280740299662284 8059.6051545169839301 15703
187000000 310.45372509211455281 12954.724769819356879 602.77495554784150045 -2915.6538047851581723 -4538.3702457505751227 8056.7990060835736585 15712
188000000 312.02494392857903449 13020.2891548932148 585.03084469171869841 -2869.7738119803634618 -4667.9951952032442932 8122.7998518753265671 15725
189000000 310.73263066218061113 12966.363041822383821 643.4329219007664733 -2915.1963704054733171 -4560.1824310166630312 8118.8117233229022531 15720
190000000 310.59940315678488787 12960.803676529991208 689.71391762356518029 -2814.4607269013131372 -4546.6876921094572026 8050.8623366343344969 15719
191000000 309.31229133667568476 12907.094611281865582 832.49017608709334581 -2919.6014972202074205 -4496.4670713758077909 8248.5587446831086709 15718
192000000 309.36603887566889171 12909.337407932174756 616.22416798242102232 -2870.1379405431307532 -4620.247250278910542 8106.609358804461408 15723
193000000 314.31037851991999332 13115.656592025630744 668.03420729390700217 -2831.8897648843339994 -4622.0209098523391731 8121.9448820305806294 15730
194000000 313.34321786762870943 13075.298564255421297 698.502449430527804 -2833.9751469461348279 -4575.9934807542003909 8108.4710771308627955 15727
195000000 309.42739006314081962 12911.89749236267744 568.26366889895314216 -2926.0937223740575064 -4574.0288469775332487 8068.3862382505431015 15719
196000000 309.87384240994737183 12930.527216563934417 731.99704637577974609 -2868.7834271636011181 -4647.9578177428575145 8248.7382912822395156 15726
197000000 310.91186777683520859 12973.842312648328516 774.23863567142393549 -2799.4607148704990323 -4524.139130725537143 8097.8384812674594286 15715
198000000 316.22121998057747305 13195.392872188584079 562.75580694692473571 -2862.7275232322444936 -4679.2997487841512338 8104.7830789633198947 15731
199000000 313.07030281025612339 13063.910266521992526 690.23753985276471212 -2822.3037688997956138 -4524.8714981859911859 8037.4128069385515118 15715
200000000 313.65490112239416476 13088.304595281944785 762.53486196245648898 -2893.0051291651761858 -4550.086346625393162 8205.6263377530267462 15718
201000000 308.05224514971149574 12854.514950514265365 682.30235319894018176 -2894.9542388000304527 -4571.3457095780386226 8148.6023015770088023 15726
202000000 307.66381892388994856 12838.306561172488728 701.10974469403822695 -2859.7388683472217963 -4596.2908529537608047 8157.1394659950219648 15722
203000000 309.35724124370960908 12908.970297179597765 625.0356482149572912 -2831.1592973704255201 -4629.8405885924676113 8086.0355341778504226 15726
204000000 311.0906226052970851 12981.301458462450682 689.93807974486935564 -2798.3067233510628284 -4534.5220302059333335 8022.7668333018646081 15722
205000000 308.66735498022609363 12880.182474893825201 610.2469446776717632 -2891.3375479149699459 -4601.7670959091437908 8103.3515885017850451 15723
206000000 309.37725109749442254 12909.805275559676375 728.81357980062148272 -2846.8157078535059554 -4477.9773855758285208 8053.606673229955959 15722
207000000 310.48174068093214828 12955.893814392065906 646.89803180384251391 -2928.6942642933013303 -4647.4037863960757022 8222.9960824932204559 15730
208000000 310.22915341795703625 12945.353762179023761 572.21550622864492652 -2881.126016153085402 -4698.1080192913477731 8151.4495416730778743 15733
209000000 310.81462804549471457 12969.784658143349588 576.34841771248613895 -2878.0424115259256723 -4598.6113495420495383 8053.0021787804616906 15726
210000000 309.46347510132039815 12913.40326182247918 841.20336623701132339 -2831.9744702258576581 -4517.9683707444855827 8191.1462072073563832 15724
211000000 309.20647857195780261 12902.679218154768023 825.21008374815437492 -2888.1507731073352261 -4495.7258086345736956 8209.0866654900637513 15710
212000000 308.2380932211842719 12862.270085725534955 849.88122600781287019 -2779.3879062748637807 -4542.5639609440731874 8171.8330932267508615 15727
213000000 311.03468757597363492 12978.967381428386943 777.6594237143835926 -2856.2450346046448431 -4526.6866451443647748 8160.5911034633918462 15723
214000000 311.20428697880277014 12986.044486346761914 654.6962010838342394 -2843.8072291263233637 -4643.6786584954606951 8142.1820887056182983 15724
215000000 306.48686710128515642 12789.194291945703299 621.26118826629476644 -2840.2787875290405282 -4687.6521026454574894 8149.1920784407921019 15733
216000000 313.46591330840385581 13080.418443764943731 515.52497890484187337 -2880.3594354024016866 -4685.080351196284937 8080.9647655035287244 15747
217000000 309.71392505316111965 12923.854127547308963 542.33401420105997204 -2843.8672525295896776 -4681.5447323347434576 8067.7459990653942441 15736
218000000 307.95968892723891486 12850.652731152875276 676.79427029011401373 -2785.0074550861895659 -4550.5638733847572439 8012.3655987610618467 15727
219000000 308.53139863032549783 12874.509239395849363 585.08155316232114274 -2884.8746716112354989 -4635.5973698085144861 8105.5535945820711277 15732
220000000 313.21749689136419192 13070.052434112139963 524.07429878515699784 -2872.7400583746384655 -4695.1744857211979252 8091.9888428809936158 15733
221000000 311.33364605839483374 12991.442428575011945 788.58670526854234595 -2821.4654299552198609 -4602.1416621361240686 8212.1937973598869576 15737
222000000 311.61483643612774586 13003.17604185464188 726.00001126487757119 -2824.2960986834268624 -4596.7348182622699824 8147.0309282105736202 15725
223000000 306.41194210677889487 12786.067794810192936 806.2258868809217347 -2857.9800083055852156 -4563.2767874397777632 8227.4826826262851682 15733
224000000 311.0579090584194546 12979.936375805064017 646.34250897881690889 -2861.5072790166113919 -4680.1882695907897869 8188.0380575862172918 15732
225000000 308.01597627658952661 12853.001509923828053 660.76685852360947138 -2862.9737686050439152 -4557.3523688684117587 8081.0929959970653726 15737
226000000 309.68905126532990835 12922.816185176861836 501.58949549927240241 -2875.576719365716599 -4682.6320563112003583 8059.7982711761887913 15741
227000000 308.92883194001802849 12891.093479574952653 658.70404671365588456 -2799.4100011616446864 -4598.4021800689124575 8056.5162279442120052 15732
228000000 310.39714387758169778 12952.363728536318376 679.70523894524808384 -2765.7269104683018668 -4675.1993203712945615 8120.63146978484383 15732
229000000 310.84462314382034265 12971.036304401215602 682.11844136714694287 -2952.3068812783299109 -4530.8362476554375462 8165.2615703009141725 15737
230000000 311.01031977343632207 12977.950552994383543 527.71845895760850453 -2899.755245396855571 -4667.6742309372893942 8095.1479352917549477 15732
231000000 311.49426294276844374 12998.144707730556547 578.60945389085236457 -2957.8304699886507478 -4628.3131991991040195 8164.7531230786080414 15738
232000000 308.16585251876506391 12859.255599696283753 490.7472627614424141 -2950.5936431183963577 -4677.9417467475959711 8119.2826526274347998 15741
233000000 308.27294400638515981 12863.724351832845059 576.42178921877507491 -2827.9140281427789887 -4721.3320764619347756 8125.6678938234881571 15735
234000000 309.88664287397807584 12931.061358933766314 590.38036666773950856 -2901.1219583940701341 -4690.1889967494098528 8181.6913218112185859 15746
235000000 308.83027670404203491 12886.980931219106424 748.59407580735239662 -2824.1321804894864727 -4552.6395205392436765 8125.3657768360826594 15731
236000000 307.75622372326347431 12842.162461896305103 614.11545512310681261 -2878.2033599702535867 -4598.8392419397532649 8091.1580570331134368 15747
237000000 308.42813543865679549 12870.200235770511426 580.00642765544478152 -2971.8180151773103717 -4687.3439619527416653 8239.1684047854978417 15743
238000000 308.7307024064305665 12882.825859092587052 536.79151499938870984 -2895.3924941233681238 -4679.178261088227373 8111.3622702109842066 15742
239000000 311.57162969207894321 13001.373095289302 639.78600691059523342 -2818.6720210956400479 -4677.5122683449917531 8135.9702963512281713 15747
240000000 311.05375882613088834 12979.763193418501032 511.74353967782553809 -2864.3893182728497777 -4625.8340312076234113 8001.9668891582987271 15739
241000000 307.22880239561857252 12820.154034922703431 628.3784303047020785 -2804.8215945151159758 -4652.0668945091574642 8085.2669193289748364 15736
242000000 309.01059662320193411 12894.505385701138948 447.4944983846633022 -2893.1656130425158153 -4724.1792721276769953 8064.8393835548577044 15737
243000000 307.23692873157966687 12820.493133594274695 433.84089993667146246 -2999.7537434336109072 -4647.4378996164305136 8081.0325429867116327 15745
244000000 311.43237198549962841 12995.562099591710648 437.82897061796745675 -2884.879427460045008 -4673.6024658531168825 7996.310863931129461 15737
245000000 309.53248495220020686 12916.282929715942373 503.67126861052577169 -2970.0183711468721413 -4639.9558564554099576 8113.6454962128082116 15738
246000000 309.25131806450104932 12904.550296636894927 518.54107510896164968 -2934.6000381607727832 -4613.0482896927305774 8066.1894029624645555 15735
247000000 308.4095062677491228 12869.42287102242517 573.1020551279270876 -2856.0608662060649294 -4667.6283097977884609 8096.7912311317795684 15737
248000000 305.11226640361070395 12731.834459328167213 617.69363494976278162 -2906.4406907081474856 -4573.103770811616414 8097.2380964695275907 15734
249000000 310.17451911561619227 12943.073962348607893 591.47267458295937104 -2909.8009762394935933 -4698.4179685855615389 8199.691619408014958 15741
250000000 306.83229877897230153 12803.608589309622403 546.53422816610225254 -2920.6245905865589521 -4559.9267131677670477 8027.0855319204274565 15730
251000000 310.33720398694350706 12949.862535208005283 672.62036985640736475 -2933.8898201221259114 -4593.5515808445888979 8200.0617708231220604 15724
252000000 309.90318509660335167 12931.751638752853978 599.50312092978936107 -2903.3520935399969858 -4641.6500217233897274 8144.5052361931757332 15746
253000000 315.1916071834258446 13152.428818841743123 521.9528718011924866 -2929.8782018377469285 -4622.0046053616424615 8073.8356790005818766 15743
254000000 313.66464856848170939 13088.711340220294005 543.61511300308154659 -2856.6232126650520513 -4667.8072162766329711 8068.0455419447671375 15738
255000000 307.43672286022899698 12828.83021489845305 657.17072433327007275 -2824.2341223491212077 -4614.6736027895085499 8096.0784494719000577 15735
256000000 314.26611398359870009 13113.809505523655389 498.2711386149216537 -2946.8889815613965766 -4668.664875369393485 8113.8249955457122269 15741
257000000 308.84728904470136968 12887.690828292710648 506.21467240064794169 -2942.9049796849926679 -4755.9704574792867788 8205.0901095649278432 15746
258000000 309.63331668977042455 12920.490472749601395 630.34832255874789553 -2826.0841405033397677 -4639.5814964316896294 8096.0139594937763832 15744
259000000 308.0848945489384505 12855.877356395398238 379.97659894655589596 -2983.6158670546401481 -4741.9878001736014994 8105.580266174798453 15738
260000000 311.74009798815330896 13008.403000977939882 656.2709276141670216 -2938.2560468949886854 -4631.5095397978820984 8226.036514307037578 15737
261000000 309.74426308018519194 12925.12008365732072 615.94773073843839484 -2857.9799569851470551 -4729.8574802563898629 8203.7851679799750855 15747
262000000 312.14584679188385508 13025.334233084924563 635.07213491246591275 -2890.7970331158517183 -4635.8369141243047125 8161.706082152622912 15747
263000000 310.25843783149224464 12946.575752726186693 629.50587854808668453 -2876.9703967045275022 -4627.4948893156979466 8133.9711645683128154 15734
264000000 308.30095279061907831 12864.89311246143734 516.69168565581026087 -2776.3892364956268466 -4783.3153362061402731 8076.396258357577608 15750
265000000 308.02595277033253751 12853.417812645177037 556.18776878088578997 -2874.8167011045825348 -4646.3784030207880278 8077.3828729062561251 15735
266000000 307.46015982222542107 12829.808200883368045 626.59930137688411378 -2871.4185723511245669 -4713.3103832487122418 8211.3282569767216046 15747
267000000 308.07511878910185033 12855.469429970738929 554.37716216778994749 -2836.9162196950096586 -4653.9868983129654225 8045.2802801757643465 15739
268000000 310.22435987279948222 12945.153735401539961 376.91157287378331375 -2947.1388180581298002 -4754.3401344535050157 8078.390525385419096 15751
269000000 308.65730829296990123 12879.76324311229655 690.40424741276899567 -2892.3728513446203578 -4637.4626171212812551 8220.2397158786716318 15751
270000000 307.14861199492912647 12816.807821023016004 611.07410795443479401 -2917.4918377183985285 -4685.5254676191607359 8214.0914132919933763 15746
271000000 304.10575646438633157 12689.834450351401756 643.2611638330417918 -2812.7091325882256569 -4624.6792022348445244 8080.6494986561119731 15744
272000000 308.12325069718775694 12857.477895553538474 506.7394412565155335 -2964.6397102762280156 -4707.6893616564630065 8179.0685131892059871 15748
273000000 309.64526134257130252 12920.988903520437816 380.71806122136285921 -2926.5790220319677246 -4648.6145702799121864 7955.911653533241406 15747
274000000 310.23063513690323134 12945.415591880466309 573.3085026941336082 -2902.1871262193512848 -4708.5617618464366387 8184.0573907599209633 15743
275000000 309.30493221661873804 12906.787527271657382 618.99483500651285794 -2887.7102427879972311 -4693.2788220793090659 8199.9838998738196096 15736
276000000 310.56990163550716488 12959.572626432813195 560.45893727363500147 -2943.8170826299292457 -4654.9373053760764378 8159.2133252796411398 15747
277000000 308.51053454501538909 12873.638615335254144 826.01005498801237081 -2845.1897463717336905 -4541.7709329993149368 8212.9707343590598612 15741
278000000 306.96087040128566059 12808.973672237149003 494.2115791636235258 -2849.4039211195695316 -4760.2132530976305134 8103.8287533808252192 15752
279000000 309.70517642380485768 12923.489061592987127 439.0608341604968814 -2833.6299028901594284 -4720.9100891686648538 7993.6008262193208793 15745
280000000 307.12143525779856645 12815.673780355396957 508.21565792006737183 -3022.3191693482813207 -4669.1081610674209514 8199.6429883357704966 15739
281000000 310.2508173199456678 12946.257761277825921 641.23397582292943753 -2890.685929502012641 -4695.235378511170893 8227.1552838361130853 15747
282000000 308.20299607025475552 12860.805539180435517 616.85640741867223369 -2975.4029634640842232 -4569.1251152220393124 8161.3844861047964514 15740
283000000 306.73097400242050981 12799.380472567900142 578.6433859903153234 -2943.2134234488353286 -4578.8885847104720597 8100.7453941496223706 15741
284000000 309.60644208574348113 12919.369039600866017 501.56637545018634228 -2958.814399411541217 -4650.9731257609410022 8111.3539006226692436 15741
285000000 307.44697054131808045 12829.257833822975954 468.42037602736195367 -2926.1764195035807461 -4610.9921847694113239 8005.5889803003537963 15739
286000000 308.81103234652022138 12886.17789574258677 658.63761784208429617 -2720.4519935036692004 -4675.7395559789219988 8054.8291673246758364 15749
287000000 306.71982981587831318 12798.915443941186822 583.38400725767496624 -2841.336936499427793 -4658.2454842511315292 8082.9664280082342884 15746
288000000 308.46034284179563656 12871.544197879809872 705.43151654643941129 -2824.6436298014700697 -4693.5869304271072906 8223.66207677501734 15753
289000000 308.51206287561439012 12873.702390064519932 643.04978442094420643 -2809.5796995696218801 -4608.9566683746661511 8061.5861523652329197 15743
290000000 311.49549362407532271 12998.196062043040001 492.0236809296878846 -2963.2970029281450479 -4659.2286213678080458 8114.5493052256415467 15748
291000000 309.78602156020764369 12926.862596540155209 485.05330972733969475 -2900.4960436143151128 -4688.133212606095185 8073.6825659477499357 15752
292000000 308.44649170577065433 12870.966212690875182 784.22925935520788698 -2898.4139223795955331 -4547.3539822267312047 8229.9971639615341701 15747
293000000 307.42901433266558797 12828.508550686066883 626.19284626048693099 -2857.340991270354607 -4706.8365887884992844 8190.3704263193412771 15752
294000000 308.74573287388608378 12883.45305584788548 642.52781863436734966 -2799.3997983082736027 -4665.335935478871761 8107.2635524215111218 15750
295000000 305.8352340823752229 12762.002714816455409 602.01913173573530003 -2872.1482446986383366 -4661.3467038087310357 8135.514080243105127 15749
296000000 317.35402440358592457 13242.662942836808725 626.98874911812697519 -2849.3399191009079914 -4657.5808685778902145 8133.9095367969257495 15752
297000000 309.46458636241192153 12913.449632925237893 539.51667070190035247 -2853.9332789351615247 -4729.043276795600832 8122.4932264326625955 15754
298000000 311.20920188283560037 12986.249577231068542 469.04370365544673405 -2882.0670843198913644 -4727.4099947225286087 8078.5207826978657977 15744
299000000 311.50805823235708658 12998.720362539297639 408.66053172050379771 -2885.0319279071627534 -4679.4572941870910654 7973.149753814757787 15747
300000000 309.92611988894117303 12932.708670021527723 486.54318313735910806 -2941.698334072826583 -4686.8457331071549561 8115.0872503173404766 15747
301000000 312.05827837157914928 13021.680146527454781 675.35909573992739752 -2843.5804687660861418 -4634.7622848715618602 8153.7018493775758543 15742
302000000 312.00100399652734495 13019.290180792821047 566.81665522627952214 -2904.1874675158505852 -4704.90578380421357 8175.9099065463451552 15742
303000000 311.55784747531396306 13000.797985988050641 563.05380587721697339 -2941.3345597680208812 -4624.5915072570214761 8128.979872902259558 15744
304000000 308.85897341594744603 12888.178397941153889 322.74410524630644659 -2870.6714733349867856 -4791.738821745903806 7985.1544003271965266 15748
305000000 311.43310229385627963 12995.592574161648372 655.61318862705593347 -2864.6922188430366987 -4630.4730572198441223 8150.7784646899372092 15738
306000000 314.29006011025990119 13114.80873811494348 560.1259738088042468 -2824.7833888975646914 -4669.32831718457237 8054.2376798909408535 15743
307000000 307.57220934469455642 12834.483843682457518 562.40965500417132716 -2799.609519175774949 -4684.887821806834836 8046.9069959867811122 15733
308000000 309.04591127320787791 12895.97900812597436 700.19301894914087825 -2812.5114145994839419 -4605.8590236557665776 8118.5634572043918524 15748
309000000 308.79195874840485203 12885.381985776031797 572.84842313674789693 -2832.8635013752318628 -4658.705243367676303 8064.4171678796565175 15750
310000000 311.15044578841065004 12983.797781777177079 517.27581704570297916 -2845.5290174924803068 -4720.1043029294096414 8082.9091374675927 15743
311000000 310.4112221819628985 12952.951193088178115 659.48070029410928328 -2973.3416493003978758 -4647.0889493077020234 8279.9112989022069087 15742
312000000 310.57773959250562257 12959.899691523247384 660.93936895810202259 -2829.4945217177405539 -4669.2399629813426145 8159.6738536571838267 15738
313000000 307.60939144704070713 12836.035391830620938 585.98168742717621171 -2862.4058416586085514 -4658.2577517124173028 8106.6452807982022932 15744
314000000 307.05784305981683247 12813.020182231823128 502.58187128771567131 -2928.0146898025100199 -4733.8059958450376143 8164.4025569352634193 15747
315000000 309.16469971031898467 12900.935854780511363 499.27656850362006935 -2950.8277237241786679 -4755.1539475568106354 8205.2582397846090316 15752
316000000 311.50215217596229422 12998.473912492525415 590.59406153935492512 -2848.8662981099510034 -4780.2887010027570796 8219.749060652062326 15755
317000000 313.71439863608526366 13090.787328945805712 648.1437583060636598 -2812.6279252533231556 -4627.9644481164596073 8088.7361316758469911 15753
318000000 311.30463053039096621 12990.231658180069644 490.1859535134188377 -2892.2352039293482449 -4651.0728833816874612 8033.4940408244538048 15751
319000000 311.09829844627188322 12981.621758717104967 598.46071519394558891 -2851.9289502199249 -4687.9627517833778256 8138.3524171972485419 15752
320000000 311.88150063467315931 13014.303501501310166 688.0034651422359957 -2789.4529754593449979 -4622.9430662438644504 8100.3995068454460124 15742
321000000 311.13218016287470391 12983.035587181197116 544.88577224593700521 -2846.8292083503906724 -4726.9147875250837387 8118.6297681214118711 15749
322000000 308.97081218171047112 12892.845246208562457 504.4441703749281487 -2864.0679694478285455 -4725.4026267863655448 8093.9147666091230349 15736
323000000 311.96401444257065805 13017.74666737314692 616.03685700186053964 -2874.8036740538609592 -4620.5606940046982345 8111.4012250604209839 15752
324000000 307.44073457940123717 12828.997617359849755 567.80497469335682581 -2783.3449246773607229 -4719.8388416051111562 8070.988740975827568 15752
325000000 310.46413615695212229 12955.159206479736895 687.34725247034793938 -2821.9549252994120252 -4630.8466039439481392 8140.1487817137085585 15742
326000000 309.45874967670914657 12913.206077603666927 576.72954950354346693 -2899.0786605933453757 -4667.924163290841534 8143.7323733877301493 15754
327000000 311.98114494549173514 13018.461495164134249 510.46085253740568533 -2827.0232615222603272 -4720.6693380086853722 8058.1534520683517258 15750
328000000 310.55883697776738472 12959.110916412590086 699.92025680298593215 -2747.7245006086368448 -4620.7711770556816191 8068.4159344673034866 15750
329000000 309.33946846818514587 12908.228668406269207 682.03521503300544282 -2844.2945591567713564 -4632.3727615390453138 8158.702535728822113 15741
330000000 306.36810822213647043 12784.238678696459829 567.38420273758106305 -2865.0370930291264813 -4666.2678333103967816 8098.6891290771036438 15749
331000000 310.0721578604500337 12938.802595054246922 604.05937429232631075 -2825.3526459251888809 -4761.8826877909814357 8191.2947080084959453 15735
332000000 310.26805399509066774 12946.977019461581222 630.24614425070865309 -2795.7194387075314808 -4675.5281598904912244 8101.4937428487319266 15745
333000000 307.10312682920721272 12814.909799658118573 574.63351511291966744 -2819.9466885299207206 -4693.1539141785606262 8087.7341178214010142 15752
334000000 306.54768825553134093 12791.732258959011233 308.16888098925153372 -2881.7741829071301254 -4813.8941072031566364 8003.8371710995388639 15752
335000000 311.39801794233648025 12994.128561714924217 657.58900889151937008 -2845.6007270685176991 -4666.5677917408738722 8169.7575277009109413 15744
336000000 312.40009308146210287 13035.94351375712904 678.4474622453099073 -2838.8764554643521478 -4671.7978470144116727 8189.1217647240728184 15750
337000000 311.67375274926695283 13005.634522972704872 477.07501940718697142 -2872.8354818578427512 -4694.2608081331991343 8044.1713093982270948 15747
338000000 309.26453916188688709 12905.101991346751674 635.04412526834732944 -2845.9818597291532569 -4687.3929560082742682 8168.4189410057751957 15755
339000000 311.58301273168302714 13001.848090862542449 607.97892236136533484 -2876.1513675577398317 -4675.1227215006911138 8159.2530114197961666 15748
340000000 310.5545160418123487 12958.930610841996895 498.64972276783726102 -2952.1893506400006117 -4587.548809690762937 8038.3878830986022876 15736
341000000 312.94352118235877924 13058.619877125658604 490.83657552237320942 -2858.7212921806039958 -4734.8862963105739254 8084.4441640135501075 15755
342000000 309.80797020636617845 12927.778477546155045 566.82862533596539834 -2849.1109250039162362 -4648.460339018482955 8064.3998893583648169 15741
343000000 305.34679785940062402 12741.621072320882377 524.76236616635014798 -2917.0921781161337094 -4707.1570165087987334 8149.0115607912821361 15745
344000000 311.53830772688718298 12999.982624333539206 668.38048063315545733 -2875.4342407479734902 -4738.3935127230470243 8282.2082341041750624 15744
345000000 309.49861569865777255 12914.869621314919641 423.76862819732571097 -2869.8314889256689639 -4727.5913246461859671 8021.1914417691796189 15754
346000000 312.36731983378757604 13034.575939883405226 840.32522542306742253 -2776.9614898026748051 -4587.853908770968701 8205.1406239967109286 15742
347000000 308.1257354252321079 12857.581579179601249 351.91611519382729512 -2854.4646919660085587 -4761.0490049184409145 7967.4298120782777914 15744
348000000 310.46554034984791315 12955.217801146247439 588.26458527438467172 -2871.9967688928254574 -4583.4115456603021812 8043.6728998275129925 15747
349000000 313.66229550124097614 13088.61315058362743 700.13446527065491409 -2817.3609101229130829 -4584.1274145834895535 8101.6227899770574368 15755
350000000 308.99629955175765872 12893.908792358539358 692.21903582176537384 -2839.0374516577558097 -4673.8146998269194228 8205.0711873064392421 15741
351000000 311.02174085568850614 12978.427136024934953 500.80887041672826854 -2809.7898930030160045 -4683.9817456552282238 7994.5805090749727242 15744
352000000 310.51952909348318599 12957.470662870666274 628.58236953439734407 -2865.4634233992501322 -4675.1672006122407765 8169.2129935458888212 15738
353000000 307.1519829983799923 12816.948487468203894 664.85283390513222912 -2841.7990331423270618 -4669.8798025799369498 8176.5316696273966954 15739
354000000 311.2300316614164899 12987.118769728120242 566.21877031536178038 -2925.3837115579035526 -4653.3677229575823731 8144.9702048308472513 15742
355000000 310.32752396096327629 12949.458603600156493 392.64373622710979816 -2935.6009229925066393 -4802.7282256605676594 8130.9728848801842105 15747
356000000 316.46435843168472957 13205.538640979473712 533.20173188915600804 -2900.0727565621555186 -4665.9676549283085478 8099.2421433796207566 15748
357000000 311.36364970548396514 12992.694431558758879 593.11389788157680414 -2836.0886595243578086 -4693.1818423964177782 8122.384399802351254 15750
358000000 309.68365051282773948 12922.590820632774921 671.11435177285011378 -2847.0346938578859408 -4570.400640464060416 8088.5496860947969253 15735
359000000 312.75143507783923269 13050.604439026408727 583.00772834370911823 -2882.1006855869218271 -4663.7202716434712784 8128.8286855741025647 15749
360000000 306.94895482388915298 12808.476454735249717 496.32407397260340076 -2945.1116679483079679 -4669.750491827237056 8111.1862337481479699 15739
361000000 307.97794657439891353 12851.414592824310603 652.43663890541040473 -2829.0415920588129666 -4550.9469531617196481 8032.4251841259438152 15741
362000000 310.4989247822628613 12956.61087875677913 567.25423686341366647 -2901.5054080402960608 -4666.6011285783160929 8135.3607734820252517 15757
363000000 311.76012792240067029 13009.238817282785021 532.85754715896348443 -2863.5856730750947463 -4698.5257447029243849 8094.9689649369829567 15750
364000000 309.21364340337328258 12902.978194818624615 535.29271757130311471 -2900.0928727293457996 -4649.7771713276688388 8085.1627616283185489 15744
365000000 311.42229094842963377 12995.141434448789369 549.37985634756455511 -2823.4932621905627457 -4685.992497521920086 8058.8656160600476142 15739
366000000 312.02984423887897947 13020.493636804983907 588.01899783429939816 -2884.0402292317457977 -4650.0092390573317971 8122.0684661233763109 15734
367000000 310.73827197131890898 12966.598444400358858 763.00212195069525478 -2893.8572417607397256 -4485.6781187397573376 8142.5374824511936822 15728
368000000 307.81872843840204723 12844.770681144427726 830.53308846280231137 -2878.5231168247300957 -4535.9341757282327308 8244.9903810157629778 15729
369000000 310.59103286540624822 12960.454397998959394 539.09789512150518931 -2887.6203704431122787 -4717.1984861783103042 8143.9167517429268628 15746
370000000 310.32219171836061378 12949.236097861812596 688.28573439892329588 -2848.6106804961577836 -4581.8066547623666338 8118.703069657447486 15740
371000000 312.04454719669820406 13021.107167120311715 454.45247606149519015 -2815.5614514193239302 -4696.643561194621725 7966.6574886754415274 15746
372000000 312.18493154081488683 13026.965175554525558 503.84529573359441201 -2897.8517439144807213 -4732.3528809895015002 8134.0499206375770882 15754
373000000 311.0189221045682757 12978.309514163749554 538.92742575273223338 -2831.2904864108686525 -4687.0309425188588648 8057.2488546824597506 15758
374000000 307.16728190037770219 12817.586885556685957 785.29976378178594132 -2852.5428539147937954 -4555.7806884170277044 8193.6233061136081233 15747
375000000 309.91764608323524044 12932.355072007392664 614.65323278262803797 -2850.2589665801187948 -4630.8175193153656437 8095.7297186781124765 15745
376000000 309.56353775698971731 12917.578712329792324 669.45154928743079381 -2839.7619735113257775 -4634.744717318983021 8143.9582401177385691 15739
377000000 309.16746037713716078 12901.051052879036433 527.99800761369397151 -2936.6950217386088298 -4669.7801753032845227 8134.4732046555873239 15750
378000000 309.23209646895446667 12903.748210980267686 632.79229154659458345 -2847.0612505487147246 -4664.5534497963963076 8144.4069918917048199 15743
379000000 307.13123344130951864 12816.082642483210293 515.54308769346334884 -2938.3202041266777087 -4764.7884561378996295 8218.6517479580397776 15759
380000000 308.84038238475380922 12887.402624700780507 560.00944091556311832 -2874.2573211637445638 -4764.9247571085934396 8199.1915191879015765 15758
381000000 310.52458577747580648 12957.681670000160011 594.89215486257012344 -2738.7388208580505307 -4762.1305976784933591 8095.7615733991133311 15752
382000000 308.89319062292042872 12889.606225868152251 440.91362405663778645 -2856.512627722842808 -4746.1543131725356943 8043.5805649520170846 15755
383000000 309.42618768596429391 12911.847319135133148 621.49669639443982305 -2827.7809399708394267 -4661.2150016800851517 8110.492638045365311 15754
384000000 308.77678559709698902 12884.748835057593169 540.13959889358670807 -2875.541436449293542 -4644.9652406084887843 8060.646275951368807 15751
385000000 309.03256558201593407 12895.422114320936089 640.19157340356275654 -2844.0933429164424524 -4654.8115611058301511 8139.0964774258372927 15749
386000000 309.11521262033102175 12898.870839679586425 635.7261207826259124 -2859.1874718026720075 -4659.3989918718662011 8154.312584457164121 15753
387000000 307.22088350090700715 12819.823592434249804 679.09825373244598268 -2892.1611049685548096 -4607.2431059158561766 8178.5024646168567415 15743
388000000 309.75648292356510183 12925.629997679676308 436.14133950666376904 -2924.9085875387027045 -4709.968196504955813 8071.0181235503232529 15753
389000000 308.83921674942280333 12887.353984650188067 672.42037527837271682 -2706.9214980798551551 -4676.7821357157763487 8056.124009074004789 15746
390000000 305.11890963192593063 12732.111670350135682 544.76213475571375966 -2834.476110572523794 -4744.8075258279404807 8124.0457711561775795 15749
391000000 309.46126795010002297 12913.311161022022134 602.06310125164168312 -2944.5753771742383833 -4716.160857468172253 8262.7993358940511825 15755
392000000 309.39401879884252367 12910.504964236057276 427.95451849601215599 -2841.2923075317476105 -4757.4954206912279915 8026.742246718988099 15762
393000000 313.03007607303328541 13062.231670753959406 548.99331941389766598 -2857.728849382806402 -4715.4745676710281259 8122.1967364677329897 15749
394000000 309.06133219994507044 12896.622498106700732 517.3604999028804059 -2761.9119233747055659 -4815.042650100784158 8094.3150733783713804 15753
395000000 310.39454215185077146 12952.255162788684174 547.38805386227693361 -2772.0855946189135466 -4770.1897435244691223 8089.6633920056592615 15756
396000000 308.41819364841160223 12869.785381169211178 442.53397480639625883 -2833.8193448090496531 -4810.2157766414084108 8086.5690962568542091 15763
397000000 309.71722712157702517 12923.991917446548541 514.95710406541206794 -2863.7859753768120754 -4710.054251169300187 8088.7973306115236483 15753
398000000 314.42745214808871879 13120.541882515477482 583.76779373919737282 -2875.2699266628569603 -4812.9525126981616268 8271.9902331002158462 15759
399000000 308.78695678180645245 12885.173261913656461 547.58664449732714274 -2808.0411152254837361 -4749.4677819709995674 8105.0955416938113558 15757
400000000 310.9949522118420191 12977.309289853545124 489.83436072684236251 -2917.3649160437480532 -4682.2968153652163892 8089.4960921358069754 15751
401000000 310.04098757562610444 12937.501910191242132 540.10078603100350847 -2934.8215834616039501 -4691.7414651203525864 8166.6638346129602724 15751
402000000 312.05333016623256981 13021.473666033944028 364.97640591767492424 -2919.7264971432828133 -4790.5819585941217156 8075.2848616550800216 15753
403000000 306.96434268372763654 12809.118564888527544 487.89876516264541806 -2877.3044951106057852 -4709.808867251214906 8075.0121275244655408 15753
404000000 309.62241735972696688 12920.035661582989633 554.98555531437432364 -2861.0078971119150992 -4722.1245371864033586 8138.1179896126923268 15752
405000000 307.96332520638469532 12850.804467117730383 688.66538001096876087 -2816.5840582584878575 -4719.5353189422730793 8224.7847572117279924 15750
406000000 308.17095796489809345 12859.46864158992139 686.64111595103486252 -2857.0100554609957726 -4619.9487892858032865 8163.5999606978348311 15759
407000000 313.65359279944755144 13088.250001111176971 705.10488747575072921 -2857.1083996340075828 -4614.694415176876646 8176.907702286634958 15745
408000000 305.64992266821894873 12754.26997343482617 616.79301562503826517 -2758.2059184286713389 -4752.0650921699780156 8127.064026223687506 15752
409000000 310.14997341119891416 12942.049710360932295 435.15336691311483719 -2884.4821971243036387 -4759.6873592215770259 8079.322923258996525 15749
410000000 307.38128179742898283 12826.516750277252868 566.84110638446190933 -2803.9318589540366702 -4848.2635583618575765 8219.0365237003552465 15767
411000000 312.12668581429022652 13024.534676916053286 600.90735468659045182 -2848.3611004563954339 -4743.0802061961485379 8192.3486613391323772 15750
412000000 310.15255474959701587 12942.157425378605694 467.6899257446486331 -2887.5075674287427319 -4752.2862015112341396 8107.4836946846244246 15758
413000000 307.73468833259477151 12841.263825364112563 484.26399335892489262 -2970.5588970825519937 -4685.2008751732992096 8140.0237656147764937 15758
414000000 307.25414103227677742 12821.211374672298916 456.76375168448254271 -2856.2391245856169917 -4745.1365232639745955 8058.1393995340749825 15759
415000000 312.90106845232355681 13056.84839432843728 498.5160303660143768 -2837.5626227395223395 -4705.2704898020547262 8041.3491429075911583 15756
416000000 309.11515991630625422 12898.868640427073842 609.1587166492539609 -2860.6591380397603643 -4667.8684910464844506 8137.6863457354993443 15749
417000000 307.07908676992349228 12813.906647412550228 629.52228963198660949 -2861.5844360810974649 -4681.975405803204012 8173.0821315162884275 15748
418000000 311.37454731652132978 12993.14917099406739 526.61514591270997698 -2836.9835838009303188 -4688.9610005040285614 8052.5597302176684025 15753
419000000 308.06567204159955509 12855.075232691173369 565.94445999222648425 -2892.4879029020248709 -4649.5302755860884645 8107.9626384803386827 15755
420000000 311.62417338339713524 13003.565657350573019 602.39632662867870749 -2854.6533092761542321 -4781.7151569530187771 8238.7647928578517167 15754
421000000 308.5786822932499831 12876.482309099275881 574.33175769100489561 -2928.0012088704597772 -4659.9412023787062935 8162.2741689401700569 15750
422000000 307.8058903696880293 12844.234969592836933 491.52361234344164131 -2951.8952890050077258 -4707.1649673731044459 8150.5838687215536993 15738
423000000 306.59080155277831636 12793.531306142574977 562.65350935015112555 -2901.2074464458673901 -4669.2187509555833458 8133.0797067516014067 15752
424000000 308.45725356048387766 12871.415287237432494 641.53692417302193007 -2896.8584105587797239 -4652.7789442708326533 8191.1742790026346484 15749
425000000 311.21065185474162718 12986.310082180594691 415.63941502143285334 -2907.1479599827889615 -4712.146062824242108 8034.933437828462047 15747
426000000 312.66528345617717832 13047.009473152591454 333.92299246396834178 -2900.7309377410424531 -4771.5248005291659865 8006.1787307341764972 15757
427000000 310.28111052765109434 12947.521847151178008 527.77989281156374091 -2878.5137546530700092 -4694.1445296605234034 8100.4381771251573809 15755
428000000 315.10607280151566556 13148.859609370430917 627.70877629637823247 -2931.1954410361436203 -4662.7819007272973977 8221.6861180598189094 15750
429000000 310.61507537234513165 12961.457652381162916 554.55986818647068048 -2916.357918788308325 -4658.6030955226160586 8129.5208824973942683 15755
430000000 312.54163616570428985 13041.849874516321506 518.06693581226477363 -2885.8550315503011916 -4792.1719307856656087 8196.0938981482322561 15754
431000000 310.78850754947688984 12968.694692685014161 381.77729187741647365 -2803.110049926011925 -4799.5775961022191041 7984.4649379056472753 15751
432000000 307.88081883188016263 12847.361611429190816 417.52704119485326828 -2887.9702357601331641 -4797.4724962986456376 8102.9697732536333206 15758
433000000 306.3021524576572574 12781.486452819453916 578.7124348819216948 -2830.6587365200502973 -4661.9105850344594728 8071.2817564364322607 15748
434000000 309.02568320437052307 12895.134923989649906 521.571809794361684 -2874.3916047966113183 -4744.8981239671620642 8140.8615385581342707 15762
435000000 307.51173964974611863 12831.960542489212457 627.77214284142200995 -2796.4940868230414708 -4723.0390684927288021 8147.3052981571927376 15755
436000000 310.21376427759645367 12944.711598591658912 486.38863034428266019 -2821.9328397548615612 -4752.3818923051148886 8060.7033624042596784 15754
437000000 310.34830022549232353 12950.325563043594229 558.87058468469490435 -2758.8055481374285591 -4801.6075815267686266 8119.283714348891408 15754
438000000 308.61529354520206425 12878.010036596755526 493.8003833224530581 -2867.6666486034623631 -4697.0275184260190144 8058.4945503519356862 15751
439000000 309.52477437836699892 12915.961180116073592 471.50053345041322928 -2850.8726129382357612 -4765.1502428766434605 8087.5233892652922805 15751
440000000 309.72563373885424198 12924.342711797749871 597.55852130468269934 -2871.4276899456017418 -4686.9660780344702289 8155.9522892847553521 15748
441000000 310.94547851401597427 12975.24483358557336 356.44907909029444681 -3019.6646118956323335 -4758.8575726442986706 8134.971263630224712 15751
442000000 310.05043306814064863 12937.896055102226455 612.41375849432074574 -2773.2028420868409739 -4671.7216007903607533 8057.3382013715217909 15742
443000000 310.06718135280516435 12938.594933552247312 593.37113784921359638 -2809.3391354179548216 -4696.1180813553310145 8098.8283546224993188 15749
444000000 308.12860065941720222 12857.701140702845805 647.01847240189431432 -2876.6143751380709546 -4681.5917902695264274 8205.2246378094932879 15751
445000000 309.7239512607773122 12924.272504747048515 490.52127107203784817 -2982.4319279463438761 -4725.5908191810249264 8198.5440181994072191 15746
446000000 312.06950463621171821 13022.148600138261827 573.21662362015797498 -2954.2809338458405364 -4592.0941678490371487 8119.5917253150364559 15756
447000000 310.42073352762747618 12953.348085943107435 523.80429833117477756 -2874.1335365513191391 -4752.6017494894886113 8150.539584371982528 15746
448000000 310.36667835130197091 12951.092452091481391 577.50434301522182068 -2840.7671441192969723 -4746.8558812678711547 8165.1273684023908572 15753
449000000 308.85399739005589481 12887.970756541930314 509.75402151835646691 -2925.5687222701153587 -4697.9359446326870966 8133.2586884211596043 15743
450000000 309.9567679524583923 12933.987563445904016 475.97445897263548886 -2830.9464794630794131 -4717.5272466461319709 8024.4481850818474413 15751
451000000 309.26468649000941014 12905.108139107669558 518.78805236546986634 -2839.8459409972529102 -4767.3308117609649344 8125.9648051236881656 15753
452000000 309.69130631104405893 12922.910284535990286 502.78851239585287658 -2861.0326230068453697 -4686.8503986446448835 8050.6715340473438118 15759
453000000 312.66036419066773533 13046.804200271018999 432.46102294509097419 -2883.8072034169531435 -4743.4600612941894724 8059.7282876562339879 15756
454000000 311.74355343321900591 13008.54719103321986 501.49179994351203504 -2861.1325052006495753 -4787.9857023679433041 8150.6100075121048576 15747
455000000 309.58582439624387916 12918.508697233326529 517.3460194835083712 -2904.7017613036068724 -4694.1170021707057458 8116.1647829578196252 15756
456000000 309.25535521803601569 12904.7187604325336 647.13862146506949102 -2870.2578809876863488 -4617.1404861628370782 8134.5369886155913264 15750
457000000 309.21361934308771424 12902.977190822368357 604.054882912023686 -2873.4757256085426889 -4694.1668472466762978 8171.6974557672438095 15747
458000000 311.50656189715095934 12998.657922925300227 650.55361484270883921 -2879.2443964883818808 -4663.3608691748531783 8193.1588805059436709 15755
459000000 314.78029757775749431 13135.265543590221569 440.90643750088213437 -2882.4842625755036352 -4748.2465566470427802 8071.6372567234275266 15757
460000000 309.18371921157273619 12901.729507373755041 552.61031783671683115 -2902.9632252673782205 -4723.5120695508176141 8179.0856126549142573 15760
461000000 305.79495556353839447 12760.321958286598601 566.54032972183165384 -2830.0583664562736885 -4653.9780341812638653 8050.5767303593693214 15741
462000000 313.10857601653674465 13065.507344647812715 543.44909362708892786 -2897.7642352877219309 -4739.6720885945987902 8180.885417509411127 15754
463000000 305.69867456842808906 12756.304310272073053 379.18069411634138532 -2847.0062441018862955 -4828.7045705218733929 8054.8915087401001074 15754
464000000 308.70276283016579555 12881.659986399037734 591.66829846509597246 -2891.5052740072355846 -4605.7225872440039893 8088.8961597163361148 15752
465000000 310.06567014223145407 12938.531873213558356 493.69945470588942271 -2831.4555626893757108 -4671.307615938152594 7996.4626333334181254 15751
466000000 313.68836125829182038 13089.700831874650248 569.13627098359950196 -2915.9299926015646633 -4717.6785820604782202 8202.7448456456404529 15752
467000000 307.61933748633759933 12836.450423737882375 558.25817602540189455 -2896.756798353868362 -4716.9788746016365621 8171.9938489809064777 15753
468000000 307.05638061568578223 12812.959156836803231 621.65805245883484531 -2887.421429543418526 -4688.1388390572101343 8197.2183210594630509 15751
469000000 308.92485793990789489 12890.927651068153864 787.77797541797008307 -2807.0432384532577998 -4581.9187921158372774 8176.7400059870642508 15753
470000000 308.74417105465448685 12883.387883692905234 588.05230862312055251 -2818.0583361442277237 -4711.7595705219591764 8117.8702152893065431 15754
471000000 311.0844063741611194 12981.042065332450875 495.31234214851679099 -2886.0168893424533962 -4709.8470683586810992 8091.1762998496524233 15753
472000000 314.0603543195766747 13105.223492212508063 498.13063166267954784 -2779.3210054890614629 -4695.5644035418499698 7973.0160406935910942 15746
473000000 309.87388985351054771 12930.529196306013546 693.95151578081527077 -2838.0969512217880037 -4684.9783883181753481 8217.02685532077885 15749
474000000 307.18685719238465026 12818.403730386502502 507.23511093372314917 -2924.1655163968680426 -4769.0631710188254146 8200.4637983494176297 15756
475000000 312.72037314850854273 13049.308275660419895 570.543325876025051 -2866.9257729605583336 -4734.7322395510509523 8172.2013383876346779 15746
476000000 306.56063585891024559 12792.272541212518263 444.17505880023907139 -2856.2636349662934663 -4792.7051744679001786 8093.1438682344323752 15757
477000000 311.31691083114355934 12990.744094989431687 664.82151951137984724 -2859.9791306247279863 -4641.4649834166721121 8166.2656335527799456 15750
478000000 308.89639188928384783 12889.739809463068013 524.79368088539069959 -2920.3650157530109936 -4693.7134505531967079 8138.8721471915996517 15759
479000000 310.91413598938703444 12973.936961437997525 542.47891775795653757 -2863.6807262968341092 -4699.0744909896347963 8105.2341350444257841 15762
480000000 310.20519313780192761 12944.353938985646892 621.62896107652522915 -2812.1283291583094979 -4705.3973866895148603 8139.1546769243504968 15751
481000000 312.56145324968372279 13042.676808928583341 546.36726706637477946 -2811.6504469310352761 -4598.7790277936519487 7956.7967417910622316 15750
482000000 310.79385614885205769 12968.917880964647338 430.53995610505154445 -2896.4136828161026642 -4724.8079344802936248 8051.7615734014489135 15744
483000000 311.61753449967937968 13003.288627621530395 614.25004371736008579 -2920.8694471421617891 -4596.1602403864462758 8131.2797312459670138 15752
484000000 309.78326887612337259 12926.747731548022784 352.56754687382135671 -2908.7036028664315381 -4812.0436396172044624 8073.3147893574569025 15751
485000000 313.27882749370178317 13072.611659558750034 587.64029759247137008 -2902.0306938709754832 -4664.6506012657782776 8154.321592729223994 15751
486000000 310.55188163903807208 12958.820681534936739 546.2840086645444444 -2833.8388207784128099 -4763.7525718574488565 8143.8754013004072476 15751
487000000 315.71543938389277173 13174.287477424772078 481.64649279306945573 -2923.6280920956969567 -4694.7511963595279667 8100.0257812482959707 15766
488000000 310.08018041301562562 12939.137363014941002 546.08510757419321635 -2934.6589194591283558 -4862.7132027452244074 8343.4572297785471164 15765
489000000 310.37616961880075905 12951.488507117483095 456.78578050869805338 -2897.6862235450848857 -4710.4678345538104622 8064.9398386075927192 15759
490000000 308.43275454558698812 12870.392983526864555 681.27942584725258257 -2794.1235968810378836 -4616.2927309797232738 8091.6957537080133989 15748
491000000 311.56043232892022843 13000.905847689595248 593.38067565928997738 -2871.7058188502396661 -4648.0658942875024877 8113.1523887970315627 15747
492000000 310.72564281205012549 12966.071450297282354 605.28561825408871755 -2899.9935045679176255 -4708.4014204133336534 8213.6805432353412471 15759
493000000 309.49148782849169947 12914.572186983381471 524.14512482141094551 -2910.0086823025530975 -4730.5417413378590936 8164.6955484618229093 15754
494000000 312.30659435441111782 13032.041965225493186 587.8593074643304135 -2946.6969646293741789 -4636.4607779277102964 8171.0170500214153435 15745
495000000 308.1464475908114764 12858.445863878996533 566.86262451893685466 -2951.562830181607751 -4706.4289976299469345 8224.8544523304917675 15752
496000000 314.08250119062057593 13106.147644817863693 446.844854779979471 -2877.187623686922052 -4692.7859675108284137 8016.8184459777303346 15753
497000000 309.11873377839327759 12899.017771830438505 371.19759411133321692 -2947.6913225582920859 -4740.0705542675759716 8058.9594709372004218 15747
498000000 311.74919246614041413 13008.782498628395842 580.03986605535988019 -2880.1513482755954101 -4714.9034867266846049 8175.0947010576401226 15740
499000000 308.4055397821528004 12869.257356083964623 491.51742835331447168 -2900.8365500829008852 -4726.8003868959931424 8119.1543653322078171 15753
500000000 308.84798091668807274 12887.71969897596864 535.84242941491493184 -2919.7598189528271178 -4715.1845702128703124 8170.7868185806119072 15756
