# Steps Temp KinEng PotEng Epair Ebond Eangle Bonds
1000000 311.03494674784815288 12978.978196245639992 5729.4957441283804656 -1616.265100165207059 -1212.5338400084001478 8558.2946843019890366 14975
2000000 309.34473504079562645 12908.448433843546809 4486.1361511419490853 -1817.1393173981377913 -2089.6045847608352233 8392.8800533009216451 15169
3000000 308.60472055922781465 12877.568843232909785 3870.9109171728609908 -1943.5488641512688446 -2516.1431691446341574 8330.6029504687649023 15250
4000000 310.77671667210080386 12968.20267871044598 3748.6637353492060356 -1975.1404012347345542 -2678.9478923776182455 8402.752028961558608 15302
5000000 308.90938928728434121 12890.282169564465221 3376.9271145312231965 -2030.2096039168343395 -2925.2821202019918019 8332.4188386500500201 15358
6000000 310.44565782736060555 12954.388136092376953 3183.1385924548330877 -1987.8471625780766772 -3087.7423999727734554 8258.7281550056832202 15388
7000000 309.94074373910370923 12933.318899304085789 3152.1953464040866493 -2032.6233007540279232 -3195.6645198487035486 8380.4831670068178937 15411
8000000 307.76242858217915455 12842.421380482206587 3137.3824355746701258 -2026.2177019041073436 -3184.3911634228525145 8347.9913009016308933 15421
9000000 307.6948454011185845 12839.601245180403566 3001.2172437997287489 -2102.7154401212164885 -3324.3249698646777688 8428.2576537856239156 15444
10000000 311.74454590827775746 13008.588605389653821 2725.462257630856584 -2201.3142946530097106 -3374.7683694552042653 8301.5449217390705599 15461
11000000 311.25972643575352095 12988.357883958506136 2680.9242236142317779 -2133.8186216790363687 -3468.6936967780302439 8283.4365420712983905 15468
12000000 308.37813708784773326 12868.113886594048381 2622.438917321174813 -2156.1843966046562855 -3541.9107543464642731 8320.5340682722944621 15478
13000000 311.6146775242939384 13003.169410724451154 2633.2422809803601922 -2221.7825552637864348 -3501.6358846398534297 8356.6607208839996019 15493
14000000 308.25456619457332863 12862.957475887571491 2555.3097546729877649 -2151.5058774169488061 -3494.7560311454772091 8201.5716632354124158 15495
15000000 310.62711071546755193 12961.959867510373442 2579.6700216260082925 -2215.5065655512180456 -3503.0233127535448148 8298.1998999307706981 15507
16000000 308.70297809230487474 12881.668968935047815 2526.1213694025141194 -2243.4301961944138384 -3557.942664947533558 8327.4942305444601516 15493
17000000 313.94553143910900417 13100.432121732752421 2257.8687725289496484 -2283.8181735605803624 -3701.4414282778507186 8243.1283743673811841 15526
18000000 306.83425523372272892 12803.690228957555519 2293.3038179219374797 -2295.3907831854949109 -3713.7322597390161718 8302.4268608464499266 15525
19000000 308.18467388218044789 12860.040984322498844 2307.9267764620726666 -2241.0603976985967165 -3713.4781297400782023 8262.4653039007480402 15527
20000000 312.95759900685868615 13059.20732165285699 2392.9219407703276374 -2264.0432543200718101 -3663.8216139608502999 8320.7868090512492927 15540
21000000 309.55188087173240774 12917.092289626578349 2173.6133621400726952 -2308.6511408014093831 -3842.3502814134103573 8324.6147843548915262 15551
22000000 310.15005072385872609 12942.052936491423679 2145.9537345669295973 -2303.9691721088656777 -3704.1396395092297098 8154.0625461850249849 15550
23000000 307.32722133946839449 12824.260896031659286 2106.0791250343459069 -2362.1346088748459806 -3769.3034433881575751 8237.5171772973480984 15563
24000000 309.85144697407991998 12929.59269175616646 2103.7256511376713206 -2310.1297289469175666 -3864.7623434566385185 8278.6177235412269511 15575
25000000 309.72944154901256297 12924.501605470428331 2084.9303194750427792 -2297.2352460066990716 -3956.0666018117931344 8338.2321672935358947 15574
26000000 312.01156980078411607 13019.731074475374044 1978.3149284430578518 -2328.7705918782339722 -3918.2841487836262786 8225.3696691049190122 15581
27000000 311.19937620589871585 12985.839567847684521 1853.8396049374357517 -2353.284251762547683 -3947.5796547662498597 8154.7035114662339765 15583
28000000 310.22386983091593038 12945.133286757461974 1852.0493157630467067 -2352.4263717361573072 -4033.0900498884470835 8237.5657373876529164 15596
29000000 308.65073666409966791 12879.489019817736335 2005.8518209962153378 -2311.8762601827957042 -3862.5718279643306232 8180.2999091433403009 15588
30000000 307.56501088692834855 12834.183463846135055 1947.6755641847507832 -2253.6838458536685721 -3955.5957663855792816 8156.9551764239986369 15588
31000000 310.53262244538348114 12958.017026970926963 1747.2215995549040599 -2382.4261853343932671 -4064.859583433419175 8194.507368322716502 15602
32000000 311.31365671839921561 12990.608306201713276 1883.1160343570247733 -2344.9093922564461536 -3988.8641737707157517 8216.8896003841873608 15605
33000000 307.93735142638519164 12849.720623878209153 1781.4431953740777317 -2379.8620035748672308 -4095.2734976685005677 8256.5786966174455301 15601
34000000 308.41866837366865184 12869.805190675584527 1839.5163089876011782 -2398.2384915261741298 -4028.8878203454169125 8266.6426208591929026 15606
35000000 308.29635061744278346 12864.701071322861026 1712.3961356489567152 -2400.8110551673953523 -4019.1641056312564615 8132.3712964476089837 15604
36000000 308.81176489819347353 12886.208463922444935 1908.5822781947640578 -2356.6993954133868101 -4022.2406725984096738 8287.5223462065605418 15609
37000000 307.43902951688869507 12828.926467897692419 1715.530906116891174 -2440.0550190512594781 -4016.5167890700568023 8172.1027142382081365 15608
38000000 307.89382298856190801 12847.904253559272547 1663.4350071958683657 -2443.9181337788104429 -4117.0064326141973652 8224.3595735888739 15619
39000000 307.04963062733395418 12812.677490893605864 1878.526560562576833 -2372.920869871701143 -4045.1527418470504927 8296.6001722813271044 15609
40000000 309.41891042231361553 12911.543650858502588 1638.2396380528048212 -2446.5107337312183517 -4153.7509789366886253 8238.5013507207113435 15619
41000000 309.42410529240009964 12911.760424267053168 1621.6083103391085842 -2458.3834122099406159 -4166.5632457622423317 8246.5549683112913044 15619
42000000 311.58394803080551583 13001.887119360930228 1615.4872416116368186 -2497.5430908895518769 -4096.5991907751049439 8209.6295232762931846 15618
43000000 308.88411646241837616 12889.22757603302307 1488.2258038340096391 -2513.9319701871422694 -4200.3132219933904707 8202.470996014541015 15624
44000000 308.8357345221757555 12887.208677018405069 1660.9407285126471834 -2479.0756712320899169 -4123.4051206791291406 8263.4215204238644219 15619
45000000 310.60390679261917057 12960.991605866898681 1806.0271725802128913 -2383.0238131748556043 -4159.0214690067223273 8348.0724547617901408 15615
46000000 310.97468134040150289 12976.463419634792444 1526.9953266060065289 -2512.3992474355791273 -4158.8274642184260301 8198.2220382600116864 15633
47000000 306.44986857472753172 12787.650404114108824 1724.8019258304020696 -2460.7879993618980734 -4102.2862811606937612 8287.8762063529939041 15619
48000000 312.03147974187419322 13020.561883662569016 1563.1334831866845434 -2446.0687649262185914 -4163.6653547660125696 8172.8676028789168413 15632
49000000 309.98275053738603901 12935.071774100635594 1569.8617720594443199 -2537.6812194009321502 -4108.8466046851681313 8216.3895961455436918 15633
50000000 310.773082537986852 12968.051032254250458 1575.8834571586280617 -2496.0989271010043922 -4161.7073069019807008 8233.6896911616131547 15624
51000000 311.88038286408760769 13014.256858768041639 1637.2400002434278576 -2499.6169423320952774 -4109.9448092705979434 8246.8017518461219879 15624
52000000 311.85073754169457061 13013.019808086171906 1658.4865067946975614 -2521.190183431927835 -4101.4834760779967837 8281.1601663046221802 15631
53000000 306.64694373826830542 12795.874027463709353 1507.027569416078677 -2498.1578286742187629 -4237.9973080006348027 8243.1827060909345164 15626
54000000 311.30918485526206041 12990.421702687346624 1380.5441905005800436 -2510.797766335706001 -4221.2979998603423155 8112.6399566966283601 15627
55000000 309.27947847739585541 12905.725384480820139 1663.6658403197975531 -2483.1246845320661123 -4151.9353471691520099 8298.7258720210156753 15633
56000000 311.11621556676135469 12982.369410769082606 1684.479903592654864 -2441.7881437994665248 -4171.8890009647338957 8298.1570483568557393 15636
57000000 310.39827704337227487 12952.411013686243678 1565.3299668551499053 -2475.618963387482836 -4192.3244441202914459 8233.2733743629232777 15637
58000000 309.81748184242962907 12928.175382518953484 1511.1157779051427497 -2436.7175872706520749 -4273.6777015868046874 8221.511066762599512 15644
59000000 313.78156602506606987 13093.590113926064078 1477.9154749199146863 -2456.8188422942666875 -4287.9624757497831524 8222.696792963964981 15644
60000000 311.6369139510502464 13004.097300342804374 1550.5358548526073719 -2466.2351493745836706 -4123.7728528482894035 8140.5438570754795364 15646
61000000 310.36761832222072144 12951.131675536265902 1455.2168246660280602 -2423.6677826518471193 -4189.7899727296926358 8068.6745800475673605 15641
62000000 312.34192045759164102 13033.516065572519437 1488.2729093506570734 -2490.4569593182359313 -4281.770541349922496 8260.5004100188143639 15649
63000000 309.91130941093382489 12932.090653065095466 1420.1761381847550183 -2467.481698121701811 -4236.3522310739408567 8124.0100673803981408 15651
64000000 314.43240647552312339 13120.748618473673559 1477.8988559934980458 -2468.6202146199602794 -4280.6681829717781511 8227.1872535852362489 15651
65000000 310.37377747860222144 12951.388687030372239 1652.8687900350355449 -2485.8683656489656641 -4167.007576292642625 8305.7447319766433793 15652
66000000 311.34457044375540136 12991.898285258914257 1358.7236406362562775 -2598.7192401211987089 -4183.6612941860439605 8141.1041749434998565 15646
67000000 311.87683812347637513 13014.108942556100374 1618.0017890792892103 -2484.0684942318675894 -4229.4073814234952806 8331.4776647346516256 15650
68000000 310.41544248811305806 12953.127299542058608 1324.4490786261724224 -2539.2657653351948284 -4222.5643980844624821 8086.2792420458290508 15652
69000000 311.59943028212774152 13002.533168316011142 1160.428928546862835 -2581.2813575208056136 -4362.0205295964960897 8103.7308156641647656 15659
70000000 308.50064171327090889 12873.225803691890178 1470.3500036839227505 -2603.1818023300575078 -4188.5339445809149765 8262.0657505948947801 15655
71000000 311.92262869272781245 13016.01970790939049 1515.7854331311309579 -2547.6083752547974655 -4259.1759026564213855 8322.5697110423498088 15640
72000000 308.12490855428359282 12857.547075211079573 1303.6475217798181347 -2577.7656226646199684 -4319.1834240583702922 8200.5965685028077132 15652
73000000 309.12796093129975361 12899.402805787678517 1410.4228674478194989 -2486.2570058678202258 -4204.5067318687179068 8101.1866051843571768 15657
74000000 307.98706647924495883 12851.795151495889513 1251.2952798837459341 -2553.1333019191415588 -4348.5093615939267693 8152.9379433968142621 15664
75000000 310.88920881231359772 12972.896791222035972 1472.1667675961057284 -2590.8742140680069497 -4238.0287526648153289 8301.0697343289284618 15657
76000000 312.76136902625700031 13051.018966401112266 1265.7981179968112428 -2512.920912156407212 -4323.8843839217624918 8102.6034140749807193 15659
77000000 309.54987612627189719 12917.00863488651521 1304.3868136171017795 -2554.2948979477041576 -4306.3796573912131862 8165.0613689560186685 15658
78000000 311.26661868409905765 12988.645486177920247 1460.1543087671639114 -2531.3213856135444075 -4279.611910057014029 8271.0876044377218932 15671
79000000 311.53616605411576757 12999.893255841367136 1255.7964050888970178 -2573.8222243582449664 -4315.1557823827006359 8144.7744118298423928 15661
80000000 309.84613336342124512 12929.370963498286073 1325.1181676742439777 -2592.1237908035823239 -4358.2175737380230203 8275.4595322158493218 15659
81000000 311.34251563112638905 12991.812541298024371 1352.2301106836382587 -2557.302981359471687 -4278.6398504605604103 8188.1729425036701286 15672
82000000 310.44299860246235312 12954.277170998793736 1310.4294263856695579 -2559.1381711056974382 -4287.9571932016142455 8157.5247906929807868 15670
83000000 312.77319729747250676 13051.512540759269541 1369.4001286302718654 -2488.131901600006131 -4270.8496218735672301 8128.381652103844317 15663
84000000 308.44161137716662324 12870.762564582504638 1326.7549044091788346 -2549.6342913833136663 -4306.4440335599820173 8182.8332293524754277 15674
85000000 308.97442282405432934 12892.995912391719685 1316.6550834324875723 -2543.2904244553442368 -4294.7076970034304395 8154.6532048912631581 15672
86000000 310.82671369361526104 12970.288972417627519 1378.210208835515914 -2564.9221998423681725 -4311.572292892707992 8254.7047015705920785 15673
87000000 309.7101564221458716 12923.696868756011099 1394.6402702874725037 -2582.184084173483825 -4278.5908360789944709 8255.4151905399503448 15675
88000000 314.42702561508099279 13120.524083992626402 1183.6628618391566761 -2667.0375334502559781 -4339.4855860034149373 8190.1859812928269093 15665
89000000 309.08562064906527667 12897.636015252755897 1211.9223968357787271 -2601.7546994291474221 -4375.0148665330998483 8188.6919627980259975 15667
90000000 307.50351213617636859 12831.617221841974242 1110.4569794299818568 -2626.6732121706145335 -4316.1548363464171416 8053.2850279470139867 15669
91000000 310.7241036454140044 12966.007223397960843 1127.0037872529383094 -2583.0752912911293606 -4406.8849405918572302 8116.9640191359249002 15674
92000000 310.83294660234162166 12970.549061476122006 1179.4810106263150828 -2579.4053602575158948 -4337.6879905419600618 8096.5743614257908121 15676
93000000 311.46424410505738933 12996.892070867072107 1110.0319374316666199 -2605.3731023982518309 -4412.4259511098744042 8127.8309909397939919 15677
94000000 310.27850760246553818 12947.413231352269577 1124.9469715422462741 -2629.3004817504497623 -4430.8936976993518329 8185.1411509920462777 15681
95000000 307.27098138567976093 12821.914094999772715 1240.3421055643279942 -2644.6337272398377536 -4327.4996771692367474 8212.47550997340295 15672
96000000 307.19096881516719577 12818.575301661703634 1162.0913727047145585 -2617.2409508757327785 -4376.4224655070684094 8155.7547890875148369 15688
97000000 308.5151229046592789 12873.830080057778105 1144.4900980962177073 -2632.0149725488513468 -4419.709492520081767 8196.2145631651510485 15688
98000000 308.69332229429846848 12881.266048320812843 1145.92883435221529 -2621.3453918247714682 -4413.9195383917649451 8181.1937645687521581 15688
99000000 311.24224351191878668 12987.628350220802531 1211.9705123094943247 -2611.7006633939531639 -4419.7612020154228958 8243.4323777188710665 15691
100000000 311.90518044785738994 13015.291621267988376 1183.7573994719164148 -2572.9024346154392333 -4427.7898747581348289 8184.4497088454900222 15692
101000000 307.98486120384723108 12851.703128970437319 1217.9230197139158918 -2601.5192104726315847 -4357.5905888512588717 8177.032819037806803 15680
102000000 311.92382247343397239 13016.069522420326393 1131.2462402924070375 -2528.4752978182359584 -4419.9410857725051756 8079.6626238831477167 15690
103000000 311.91249418297081775 13015.596811438941586 1216.4731093381760729 -2645.6228478588641337 -4404.0812206465934651 8266.1771778436341265 15683
104000000 308.71630214545677973 12882.224959820163349 1266.2046051461029492 -2622.8724692324476564 -4391.1878994577782578 8280.2649738363288634 15692
105000000 307.99231136844974799 12852.014012120209372 1170.1047076248105441 -2664.9891313080470354 -4416.8748419689527509 8251.9686809018094209 15684
106000000 307.77524097701393657 12842.956020704923503 1094.6936618597417237 -2664.8278667018876149 -4498.4742190946253686 8257.9957476562540251 15694
107000000 307.49498567645002822 12831.261426661927544 1180.6386414021235396 -2628.0755052339591202 -4431.4663257375868852 8240.180472373669545 15697
108000000 308.8398715075210248 12887.381306631752523 1051.6500650605789815 -2616.9611281860670715 -4467.1161495384476439 8135.7273427850923326 15693
109000000 310.83035352171560817 12970.440856474535394 1071.3470064258040111 -2658.3959050966277573 -4464.7770208661313518 8194.5199323885644844 15704
110000000 308.46720407783789142 12871.830506006672294 1167.4876427536237316 -2590.7077404412157193 -4397.1068518949441568 8155.3022350897836077 15692
111000000 307.11963781056380185 12815.598775830301747 1114.0552055062357795 -2678.4776839551791454 -4361.1946979726553764 8153.7275874340693917 15689
112000000 307.55071113228694912 12833.586758538122012 1045.8066514399101834 -2641.1567116187188731 -4435.2437209369873017 8122.2070839956159034 15698
113000000 313.42615975805273365 13078.759593308988769 1001.3152434395578894 -2775.7072990577039491 -4599.900435975216169 8376.9229784724775527 15701
114000000 310.66844427858006839 12963.684649307466316 1209.3834519071574505 -2575.0605746267387985 -4443.4701460423593744 8227.9141725762565329 15706
115000000 310.25918142398330701 12946.606781621265327 1073.7727893341532308 -2651.1408913093268893 -4536.4529338463771637 8261.366614489856147 15707
116000000 310.07908126223935596 12939.091497255774811 891.96195217751778728 -2827.2076334574694556 -4589.8681320379773751 8309.0377176729634812 15707
117000000 310.21456588352850758 12944.745048292483261 1088.2041316370525692 -2587.6465725799562279 -4397.5320004704326493 8073.382704687441219 15711
118000000 308.90170745905930971 12889.961619471678205 968.37086899812516094 -2619.4853643885717247 -4623.8568641804868093 8211.7130975671825581 15715
119000000 311.6080904659272619 13002.89454358230978 1123.1400441528498959 -2533.0141506855952684 -4478.1771303665118467 8134.3313252049574658 15706
120000000 309.42227020074636812 12911.683848902095633 1050.9347082098261126 -2587.506922514919097 -4394.8760578812589301 8033.3176886060045945 15705
121000000 312.17750911438730554 13026.655449873300313 1016.4970989326517383 -2622.2159418688133883 -4521.9749239801449221 8160.6879647816112993 15708
122000000 313.01459524545634849 13061.585681209435279 1066.9296903270515031 -2497.2020518571498542 -4519.5093703250631734 8083.6411125092645307 15717
123000000 304.61917495032440684 12711.258561706777982 1069.3139443338332057 -2608.669330245218589 -4535.214165691018934 8213.1974402700707287 15701
124000000 309.10782416593917787 12898.562531595693144 1028.0795354289357419 -2629.4075814277957761 -4518.7571128278341348 8176.2442296845656529 15724
125000000 310.22070443008442453 12945.001199772368636 1086.1035564232001889 -2594.7581248425017293 -4503.8916489277034998 8184.753330193405418 15717
126000000 308.24905364320716217 12862.72744616025193 977.21915589922673462 -2624.1486839972999405 -4495.2581266605184283 8096.6259665570451034 15713
127000000 311.09897570240423192 12981.650019504733791 1162.3313049197149667 -2622.5280188912070116 -4432.4070430927095003 8217.2663669036301144 15703
128000000 310.84854998490101252 12971.200165039061176 958.55280369270531082 -2568.9879394008044073 -4559.4957358507508616 8087.0364789442592155 15720
129000000 307.21337717269466339 12819.510365669153543 935.95556905141415882 -2640.0088580133083269 -4567.7608789246096421 8143.725305989330991 15725
130000000 310.50214562120044093 12956.745279083113928 857.53102388624324703 -2604.5736878797974896 -4577.9342570073886236 8040.0389687734277686 15718
131000000 310.17752758570287597 12943.199500871103737 1009.8127160302531138 -2636.1166385489195818 -4531.5909936875596031 8177.5203482667320714 15723
132000000 308.8719602641469919 12888.720317816661918 915.03030440437635207 -2596.828400893086382 -4544.3424682389795635 8056.2011735364430933 15716
133000000 308.65267911071788376 12879.570074929288239 1053.8505778361281955 -2565.4753384906525753 -4555.1435257462153459 8174.4694420729956619 15726
134000000 308.74017021108539893 12883.220935052591813 868.78760539939366936 -2721.0730791452456288 -4568.9919219791554497 8158.8526065237965668 15710
135000000 313.64659990467578154 13087.958199081467683 970.60395143269079199 -2700.5498108664642132 -4503.4394126857996525 8174.5931749849551124 15720
136000000 308.82020777012974122 12886.560771121106882 1013.5429042385703724 -2668.3364749818188102 -4517.6608797894732561 8199.5402590098619839 15715
137000000 307.75413076401810031 12842.075126139679924 1059.7141335205699306 -2659.3596056503511136 -4535.5354322021175904 8254.6091713730402262 15714
138000000 310.56510614226721145 12959.372518365047654 1030.077267690660392 -2650.5934833306610017 -4528.3932706760033398 8209.0640216973242786 15721
139000000 307.05777234924732966 12813.017231595729754 987.4028353969104046 -2681.4796339866538801 -4524.2514087273157202 8193.133878110878868 15732
140000000 308.40566035653512245 12869.262387455182761 1005.6122201903632458 -2680.2720499205570377 -4497.9513976306097902 8183.8356677415295053 15720
141000000 310.15103744106289696 12942.094110582029316 892.56823828755568684 -2691.342394891189997 -4622.4616970071601827 8206.3723301859063213 15721
142000000 308.60119504462164741 12877.421729290626899 922.06649043617494499 -2608.9556026523223409 -4618.2727775359226143 8149.2948706244187633 15722
143000000 311.2857653220913221 12989.444443978743948 930.90057135881465911 -2617.7399939132847067 -4512.4178570478334223 8061.0584223199330154 15712
144000000 311.17265179130680508 12984.724401857743942 964.13012160564437636 -2662.7961945958700198 -4552.512042100393046 8179.4383583019080106 15728
145000000 307.93055007178134019 12849.436814505559596 1019.32885695388984 -2616.2536938461312275 -4559.4998111829218033 8195.0823619829443487 15722
146000000 311.35873588835164583 12992.489386029028537 1214.9977209465655505 -2693.5704903982759788 -4476.9511618072710917 8385.5193731521121663 15720
147000000 310.78321077353479041 12968.47366691224488 1028.7582764250807941 -2668.2159466387497559 -4565.8425971660662981 8262.8168202298966207 15725
148000000 308.78357485258874249 12885.032139554137757 1202.8732271492183372 -2555.5649737001085668 -4482.0135888422137214 8240.4517896915403981 15722
149000000 309.3362666029293564 12908.095059820556344 978.69194918708365094 -2542.9688803835720137 -4556.4398817658839107 8078.1007113365394616 15723
150000000 305.35826987812146172 12742.099780846730937 1226.9234264444737619 -2525.7269804954830761 -4466.2129107121218112 8218.8633176520779671 15718
151000000 307.48575956076405191 12830.876435986196157 947.52061270382978364 -2647.3069414644660355 -4571.5889820280681306 8166.4165361963641772 15723
152000000 307.96760427978722419 12850.983025832667408 890.72987173163789976 -2633.8269530858401595 -4519.0809387781609985 8043.6377635956378072 15725
153000000 311.30658186637111839 12990.313084230116147 1030.6589557533457082 -2647.3971327991434919 -4615.6561491146985645 8293.7122376671886741 15720
154000000 309.19155348477499956 12902.056418745414703 1040.2994617464767089 -2612.0189346370716521 -4578.0538190625647985 8230.3722154461138416 15714
155000000 305.88580667516998801 12764.113026169163277 864.622801241102934 -2623.4786642274302721 -4520.2983536701021876 8008.3998191386353938 15718
156000000 312.36871524422423363 13034.634168072299872 934.9703010140110564 -2579.3172067800887817 -4480.6150960974064219 7994.9026038915053505 15719
157000000 308.50847353726743449 12873.55261286221139 1007.4872285263327285 -2612.6730872224970881 -4500.8307950687676566 8120.9911108175983827 15717
158000000 309.98124434948255157 12935.008923349738325 918.8117318456064595 -2678.6533500048135465 -4471.192808947355843 8068.657890797775508 15713
159000000 315.86568365414728987 13180.556924405354948 750.82775087413347137 -2675.6913141262748468 -4637.8658276744208706 8064.384892674828734 15722
160000000 311.26560758375052274 12988.603294618691507 946.48240267561050132 -2618.7333711062374277 -4602.1531488666041696 8167.3689226484530082 15719
161000000 313.0127627000473467 13061.509212095092153 772.66010130709128134 -2655.2642276216729442 -4675.7442039898487565 8103.668532918612982 15730
162000000 311.0001703660111616 12977.527034868677219 953.18971265352467981 -2721.068580393168304 -4540.918221739528235 8215.1765147862206504 15722
163000000 308.1930227466206702 12860.389368742533406 1016.5507166502561631 -2601.1311714705093436 -4517.0632989581108632 8134.7451870788754604 15719
164000000 308.03624465280336153 12853.847276020864228 943.44213718956962111 -2698.0651619067930369 -4540.7767299375818766 8182.2840290339445346 15728
165000000 311.90272739645706679 13015.189259456326909 925.37411596636991362 -2614.5750154354855113 -4566.5967841067977133 8106.5459155086518876 15718
166000000 313.47270680031999746 13080.701925040530114 855.41099805216617824 -2635.789322810496742 -4653.3562280436835863 8144.5565489063465066 15732
167000000 309.08562985894468511 12897.636399565919419 895.59936505560381192 -2600.0406021403323393 -4606.3755569828135776 8102.0155241787506384 15719
168000000 307.85098862752050763 12846.116845926080714 981.98815489787079969 -2639.4350229467836471 -4630.5724958321216036 8251.9956736767744587 15723
169000000 310.6762282316072401 12964.009460900751947 970.02685203452517726 -2670.8702929551068337 -4534.1055606879081097 8175.0027056775397796 15721
170000000 308.74047109374532738 12883.233490392509339 1059.9333828286887638 -2626.4513803152581204 -4483.0248215387709934 8169.4095846827176501 15712
171000000 309.24828845712784187 12904.423876090100748 954.12615622748342048 -2553.1527236737720159 -4570.5395888058892524 8077.8184687071443477 15724
172000000 309.13482499588133123 12899.689231944847052 903.50926043177287283 -2667.3860494896821365 -4565.513694923651201 8136.4090048451053008 15722
173000000 308.28308522528504909 12864.14752826482254 889.19675144032271419 -2633.0805151255904093 -4599.258439365191407 8121.5357059311027115 15724
174000000 312.35310391278778752 13033.982732815758936 913.98783025743864528 -2628.6014817507016232 -4586.2973893872604094 8128.8867013954013601 15732
175000000 308.3020651082489394 12864.939527651808021 935.3649837574562298 -2610.6996568596969155 -4580.8643644682033482 8126.9290050853560388 15718
176000000 309.19754802325695664 12902.306561004565083 1018.5219977314898188 -2655.6884946650147867 -4645.5102499070490012 8319.7207423035542888 15736
177000000 308.83829302353416324 12887.315439083868114 988.46794607289916712 -2641.4997634089909297 -4575.9238163349091337 8205.8915258167980937 15740
178000000 306.74848928921181823 12800.11135675870355 917.84337848390623549 -2654.1902197363638152 -4551.9167578129518006 8123.9503560332213965 15729
179000000 307.18992722750527946 12818.531837916891163 859.38174195902388419 -2628.6381658333475571 -4729.0821120063264971 8217.1020197986981657 15735
180000000 306.10359075119305317 12773.200798471752933 869.47710521767999126 -2607.837118505766739 -4613.9244416937162896 8091.2386654171623377 15731
181000000 310.0699161880572774 12938.709053741888056 823.34563313652165562 -2607.5128692470234455 -4649.1562126750422976 8080.0147150585871714 15732
182000000 309.55099755761960978 12917.055430377384255 833.49447087040925908 -2738.4211199470028077 -4605.6200689845882152 8177.5356598020007368 15718
183000000 310.86159965065002098 12971.744706187879274 886.06207977490271332 -2658.2806044400413157 -4574.4258997214292322 8118.7685839363730338 15728
184000000 309.29831904760169436 12906.51157057490127 889.65549824715628802 -2606.6993654944008085 -4639.4659630071519132 8135.8208267487098055 15725
185000000 314.68166348164379542 13131.149704530167583 1069.5287368780714132 -2546.5965498985460727 -4547.7214127268107404 8163.8466995034286811 15730
186000000 311.74408619571164536 13008.569422338248842 967.82930891756325309 -2649.1904531556929214 -4581.7029594432060549 8198.7227215164639347 15727
187000000 306.39550119834467523 12785.381742666133505 1009.7344548793989816 -2624.9071178730373504 -4574.2795137677676394 8208.9210865202039713 15718
188000000 310.84534411379320318 12971.066389295712725 963.55721154966693121 -2632.0343370484997649 -4585.3290239350872071 8180.9205725332531074 15731
189000000 307.91072901089609104 12848.609714143540259 969.48603519428343134 -2585.4675348040427707 -4555.476477740635346 8110.430047738961548 15720
190000000 310.48347797375657819 12955.966308772278353 857.33581461462813422 -2674.2088758215031703 -4632.9684445486627737 8164.5131349847924866 15729
191000000 310.343288058075359 12950.116413517789624 925.65313171773266276 -2667.4038252494838162 -4589.4112727116425958 8182.4682296788596432 15725
192000000 311.38339334882232379 12993.518301413520021 998.55415508417195269 -2656.7227025972670162 -4596.0036080276377106 8251.2804657090746332 15723
193000000 311.32833667165266434 12991.22087657423981 920.00460731770999701 -2594.6493973620599718 -4621.3555990401482632 8136.0096037199182319 15734
194000000 310.58139932946460249 12960.052406344173505 973.93658483489809896 -2645.981070354835083 -4572.199464407927735 8192.1171195976621675 15733
195000000 313.75149936405938433 13092.335481474889093 815.71102979179431713 -2681.5509219153509548 -4709.1139585378159609 8206.3759102449603233 15732
196000000 312.69852595636996284 13048.39662816427699 876.51856270864902854 -2682.4639450844042585 -4637.3837638552631688 8196.3662716483177064 15728
197000000 314.6896805730240203 13131.484244604553169 867.62715569034196506 -2659.4650682355600111 -4556.7844233182440803 8083.8766472441448059 15725
198000000 308.42621025724002948 12870.119901107500482 989.65414569657787069 -2690.3885790369977258 -4527.8382943065716972 8207.8810190401472937 15732
199000000 307.33179302774470898 12824.451665085356581 968.84370726972031207 -2630.649494223257534 -4608.8028391552670655 8208.2960406482452527 15724
200000000 314.65322691435613933 13129.963093216354537 1006.4732204784603482 -2631.7070027522850069 -4605.6312800922660244 8243.8115033230114932 15732
201000000 309.65675648713994406 12921.46857704998547 924.29920035795441891 -2661.0744642309559822 -4568.3392244292499527 8153.7128890181593306 15726
202000000 306.69297174081231105 12797.794700518881655 848.75609105755188466 -2647.8798736003304839 -4584.407629587678457 8081.0435942455605982 15733
203000000 310.524305348225937 12957.669968147496547 876.83327218725048624 -2677.263077968917969 -4497.4080905541777611 8051.5044407103459889 15719
204000000 311.13852835339503144 12983.300486759879277 959.78380994080850996 -2677.6022295584625681 -4582.9521242745195195 8220.338163773791166 15737
205000000 309.14139662991954083 12899.963455455057556 848.929690189872872 -2629.3104302255142102 -4612.0634287055245295 8090.3035491209120664 15732
206000000 310.24269762734712685 12945.918939822877292 864.14075331593721785 -2684.35947753547498 -4683.806753958581794 8232.3069848099930823 15734
207000000 306.26546036078019597 12779.955351795852039 918.10951290231332678 -2631.9528659002780842 -4596.1957876772594318 8146.2581664798508427 15734
208000000 309.90053017850630113 12931.640853375021834 801.53845286420039429 -2738.0424221048870095 -4699.4014532187156874 8238.9823281878016132 15740
209000000 313.54447309274240752 13083.696614718699493 815.36829839174481549 -2662.7969359334506407 -4638.3317108069613823 8116.4969451321558154 15743
210000000 314.09276070462988173 13106.575757510740004 754.79603216673092447 -2719.468780554399018 -4711.3569629454668757 8185.6217756665973866 15736
211000000 307.91197752416462663 12848.661812554537391 867.88428384977896712 -2600.7554861929065737 -4614.798604400773911 8083.4383744434599066 15743
212000000 310.92534049596940804 12974.404507121056668 781.19766692698874522 -2682.0876737409312227 -4635.4452698428722215 8098.7306105107918484 15727
213000000 312.42017874210091577 13036.781655432892876 941.35187361836915443 -2673.343240558621801 -4605.0217238157538304 8219.7168379927443311 15742
214000000 310.50286151892964881 12956.775152321202768 964.8185142977125679 -2724.3505323952776962 -4575.7439859438054555 8264.9130326367958332 15729
215000000 312.98482571558065501 13060.343447553026635 882.74871466092440642 -2696.7031293668533181 -4612.4572489654156016 8191.9090929931935534 15730
216000000 310.25101706808050039 12946.266096439883768 876.74306773110492941 -2630.3386165551323757 -4591.9576674301733874 8099.0393517164102377 15728
217000000 311.99757701240770302 13019.147178366139997 835.69056674107525851 -2759.8669288710207184 -4589.1363352144089731 8184.693830826505291 15737
218000000 307.77333258292986784 12842.876386549771269 955.02483636611270867 -2667.3282812307284075 -4596.3769215335096305 8218.7300391303506331 15735
219000000 309.80203492609615523 12927.530808034998699 747.92834659899222061 -2672.7524648145758874 -4766.5841965004328813 8187.2650079140003072 15739
220000000 310.87818001199724449 12972.436577473281432 952.4462242147408233 -2684.7129167893085651 -4624.4030874703894369 8261.5622284744385979 15721
221000000 309.97364581130466377 12934.691848814012701 845.21253857844635604 -2629.1845442934236416 -4604.7597541325812927 8079.1568370044515177 15728
222000000 311.98328593845570822 13018.550835289057432 882.29822778036691489 -2676.7597110385272572 -4640.7446255608538195 8199.8025643797482189 15739
223000000 308.43308756999226716 12870.406880089101833 898.10931877702046222 -2691.4594497475632124 -4599.9609449444797065 8189.529713469064518 15738
224000000 311.31203368338174187 12990.540579612390502 769.27920325169066018 -2627.9763557130982008 -4729.0892413936389858 8126.3448003584271646 15730
225000000 309.17775831763373162 12901.480769046202113 856.19629677054183503 -2674.1985096491589502 -4634.620850508537842 8165.0156569282380588 15729
226000000 311.61956783173843633 13003.373475233467616 976.32639382621800905 -2573.8786119036794844 -4668.7351076966206165 8218.9401134265172004 15736
227000000 313.41392956979558448 13078.249247611871397 1004.7512031834484105 -2662.4205592660723596 -4464.4027519707979081 8131.5745144203192467 15723
228000000 309.91458640596687246 12932.227396693191622 944.53012224750159476 -2652.4661436717915421 -4607.2969376539676887 8204.2932035732628719 15738
229000000 311.77747845237826141 13009.962826441971629 861.32134668200103533 -2648.5827876601724711 -4641.143522144497183 8151.0476564866712579 15742
230000000 306.20736133641759125 12777.530974797993622 857.76428581130323892 -2605.7384440777559576 -4607.8474848553923948 8071.3502147444523871 15722
231000000 307.73478843747329847 12841.268002576509389 731.78875093869248758 -2770.5115986161217734 -4585.5522737083356333 8087.8526232631493258 15736
232000000 310.80738482092544928 12969.482410261760378 728.85375447080468803 -2639.0299187051068657 -4774.6263847560130671 8142.510057931924166 15740
233000000 311.0851391188020898 12981.072641564536752 833.34738066709167015 -2669.1228686862723407 -4657.1948982926060125 8159.6651476459692276 15742
234000000 311.38798661126742218 12993.709970721898571 1006.9104653143746191 -2613.217165718000615 -4589.495286370978647 8209.6229174033542222 15733
235000000 311.11324130389454012 12982.245299657768555 805.1042823813954783 -2741.1221648716273194 -4659.9836576469879219 8206.2101049000102648 15741
236000000 310.52429132416978064 12957.669382946634869 742.97316919972627147 -2740.4980958590313094 -4666.3828662626783625 8149.8541313214354886 15737
237000000 310.4554148849127273 12954.795282101378689 773.80820142842742371 -2731.6954800127687122 -4629.1552180998714903 8134.6588995410675125 15736
238000000 308.25363768369476247 12862.91873065146865 769.0733805850176168 -2691.4243399466467963 -4648.1626633543346543 8108.6603838859991811 15734
239000000 310.26250859773074353 12946.745619124814766 739.71126233170753039 -2665.2968285003007622 -4744.9905633074149591 8149.998654139422797 15751
240000000 308.99409408745697192 12893.816761950476575 906.36018773951059302 -2694.4412621324017891 -4669.2765919583434879 8270.0780418302529142 15739
241000000 310.29998907953068965 12948.309618158211379 779.32447308333723868 -2669.0309202983071373 -4782.1900348104463774 8230.5454281920901849 15746
242000000 309.7072940563651855 12923.577426926578482 846.0907170841359175 -2592.1158730558645402 -4644.8151294287072233 8083.0217195687073399 15736
243000000 311.8022343635769289 13010.995850013872769 854.85718701642645101 -2630.214966588061543 -4670.3135653925910447 8155.3857189970785839 15745
244000000 309.00567605212751232 12894.300058340480973 895.84806215913897631 -2549.3814254409635396 -4667.1816260944669921 8112.4111136945712133 15738
245000000 309.09365979449881934 12897.971475606615058 886.93721130971380262 -2657.806623011028023 -4605.3840899043298123 8150.1279242250711832 15746
246000000 310.63096900930509037 12962.120867784187794 851.38827291328198044 -2605.6879322381751081 -4646.1603143349948368 8103.2365194864514706 15740
247000000 309.90602702011483416 12931.87022755992075 876.76162218000149551 -2624.3521631030894241 -4656.7011117656511487 8157.8148970487409315 15732
248000000 311.09519000612891659 12981.492048608124605 733.9569013596227478 -2578.9133716008527699 -4716.4821024233169737 8029.3523753837944241 15744
249000000 306.9322714325992365 12807.780284179320006 972.68273019681748792 -2636.009506224298093 -4603.2118976420579202 8211.9041340631738422 15740
250000000 308.11606508766078605 12857.178051853166835 921.74714871508035685 -2601.6040120555271642 -4566.7974036580098982 8090.1485644286176466 15739
251000000 305.60236335353266668 12752.285401235478275 811.81547675338515546 -2700.8417062970538609 -4672.5873275492349421 8185.244510599673049 15745
252000000 312.43019732865548121 13037.199714618231155 750.71810760945800212 -2664.1520816822021516 -4665.4509270884555008 8080.3211163801151997 15727
253000000 311.49666126271057465 12998.244785688233605 741.6837366873493238 -2631.2177463298839939 -4641.3510373535827966 8014.2525203708164554 15739
254000000 309.07744930218098034 12897.295038349182505 776.60546287756596939 -2630.4183828569680372 -4632.4059635649737174 8039.4298092995077241 15739
255000000 310.55311642909867942 12958.87220729897308 648.95024789294018319 -2792.3377190583878473 -4731.166119189832898 8172.4540861411605874 15744
256000000 310.83797177705207559 12970.758753774949582 744.38960118639033681 -2625.573070467306934 -4620.839724232453591 7990.802395886150407 15739
257000000 307.5566301914444125 12833.833751168853269 1010.5100135925820268 -2610.4880650830791637 -4564.743199704307699 8185.7412783799691169 15736
258000000 309.77845492131012861 12926.546853109080985 778.65226129293864687 -2719.4619136199726199 -4630.8584430775963483 8128.9726179905073877 15739
259000000 311.77577263197230195 13009.891645354164211 851.68028607277892661 -2619.8021824124525665 -4664.4150289824083302 8135.897497467640278 15739
260000000 312.00458114390153241 13019.439449285830051 911.16857803187645004 -2684.2604040046057889 -4651.8851359794261953 8247.3141180159091164 15747
261000000 314.72041154935010354 13132.766597844456555 794.798210954385695 -2735.4908855973385471 -4638.2830048169244037 8168.5721013686488732 15745
262000000 310.4620902453066833 12955.073833942291458 884.01388711513811813 -2693.6800970995846001 -4702.7003715078753885 8280.3943557225975383 15755
263000000 308.57233343468044495 12876.217381643997214 771.42539090332843443 -2678.8219412164462483 -4703.649449064190776 8153.8967811839647766 15753
264000000 306.26441788160281021 12779.911850849559414 662.94890587580312058 -2631.1507364837334535 -4719.1570179018744966 8013.2566602614115254 15743
265000000 311.43197060672804355 12995.545350713877269 621.1753343863297232 -2711.0059198753569945 -4763.7453782607808535 8095.9266325224689353 15755
266000000 311.77168364607638296 13009.721018679114422 946.96478816567503145 -2638.6843155130745799 -4632.8076922069340071 8218.4567958856841869 15740
267000000 311.73030659531457331 13007.994422213740108 878.25885470908667685 -2590.2048146417296266 -4725.0097790113668452 8193.4734483621832624 15746
268000000 312.91801858440754813 13057.555695540220768 651.80794519385574404 -2699.5156608613460776 -4720.8035163914555596 8072.1271224466563581 15751
269000000 313.31516082272833046 13074.127789788370137 748.41702863602904472 -2679.9241415934084216 -4715.1489412620539952 8143.4901114914919162 15757
270000000 314.37134807002871639 13118.200751354896056 819.21044285367543125 -2671.4222638979208568 -4683.3474065062491718 8173.9801132578450051 15755
271000000 309.53492102542082876 12916.384583056011252 792.76945327624002857 -2704.986502114018549 -4728.772512130596624 8226.5284675208549743 15750
272000000 308.81993187060874106 12886.549258286600889 553.22462117189479613 -2634.8381083275608034 -4786.6819887820529402 7974.7447182815094493 15747
273000000 309.46207464333775761 12913.344823007768355 650.31191826389363086 -2736.0195659415703631 -4787.0581633953952405 8173.3896476008594618 15750
274000000 309.93235621128036428 12932.968901524487592 684.58090272619483585 -2688.1099754009110256 -4735.4620787208896218 8108.1529568479945738 15745
275000000 311.38787219133297413 12993.705196165696179 818.26862058727351723 -2699.9320991671811498 -4708.9792114248202779 8227.1799311792747176 15749
276000000 311.01901557800965747 12978.313414657151952 914.90243658533586313 -2659.0478346565123502 -4612.2132596933679451 8186.1635309352159311 15747
277000000 311.21753315506504123 12986.597227557000224 845.06103642123184727 -2703.7840702750554556 -4679.8056178546521551 8228.650724550938321 15748
278000000 309.61327590287504563 12919.654203581552792 834.28676352432114527 -2652.6795901548425718 -4631.0163020570289518 8117.9826557361921004 15741
279000000 307.04660124413561562 12812.551079701259368 806.41035514101656645 -2699.038320593519984 -4639.7990670640083408 8145.2477427985450049 15746
280000000 309.92091734467646802 12932.491576382106359 717.95941614425157695 -2718.7534607885631885 -4679.1366767106082989 8115.8495536434229507 15745
281000000 310.48123671444420779 12955.872784697085081 904.60441085278080209 -2625.9877312046573934 -4545.0508787916041911 8075.6430208490428413 15742
282000000 309.85876573071618623 12929.898091467030099 713.89743616203986676 -2723.698411215930264 -4756.988666229062801 8194.5845136070347507 15737
283000000 307.73719121723934222 12841.36826663532338 772.07086161273787184 -2664.2951383091563002 -4643.2278790456239221 8079.5938789675183216 15740
284000000 311.89903877361564355 13015.035339274902071 722.32944299130804211 -2691.5499339752022934 -4677.7901775686232213 8091.6695545351340115 15737
285000000 308.45341078140256741 12871.254934368949762 852.33068134982477204 -2713.7364600765836258 -4643.6798362087565692 8209.7469776351645123 15740
286000000 309.88901410762781552 12931.160306624886289 775.06087530931745277 -2701.117476669460757 -4671.726892760489136 8147.905244739266891 15746
287000000 308.97996716940309625 12893.227268829787135 636.41061434196501523 -2776.5202329961853138 -4769.8992793439510933 8182.8301266821017634 15755
288000000 308.40976140969996777 12869.433517677573036 658.83881549836996783 -2709.1455229255843733 -4714.1375802226721135 8082.1219186466259998 15741
289000000 306.08594178989022794 12772.464336262824872 708.74704577440502362 -2764.9109643904916993 -4708.8913503100648086 8182.5493604749608494 15747
290000000 306.62670241654438996 12795.029390306164714 782.58573804429852316 -2686.2217962272179648 -4621.9608904866763623 8090.7684247581919408 15742
291000000 308.52134963452829197 12874.089911282690082 777.1410306349179109 -2712.430512252617973 -4695.3208197150124761 8184.8923626025489284 15735
292000000 310.11567321239078865 12940.618419320770045 785.25564993983186923 -2683.7058619204099159 -4662.3121353837996139 8131.273647244041058 15743
293000000 309.34474463509701536 12908.448834198006807 818.03518237822640913 -2701.9020705861944407 -4623.618252903602297 8143.55550586802201 15736
294000000 310.22208606595631863 12945.058853171267401 796.01032518048543807 -2759.9560017790936399 -4660.610277337837033 8216.5766042974173615 15743
295000000 308.88291029131107734 12889.177244490969315 906.00748731430337557 -2750.4734601933578233 -4579.7723752656256693 8236.2533227732856176 15736
296000000 309.01390519414559321 12894.643446940197464 627.81146732852880632 -2724.7727044795587972 -4768.2447944874093082 8120.8289662954975938 15744
297000000 314.99369364945141569 13144.170211668966658 608.8061480430149004 -2750.2923809075487043 -4760.3588811869785786 8119.4574101375437749 15746
298000000 310.76315164789946266 12967.636632498657491 687.32662883940759002 -2665.1207098715531174 -4788.4050969674117368 8140.8524356783709663 15744
299000000 310.93228480281675274 12974.694281656367821 892.31731742741999369 -2738.8772371418867806 -4600.7621590277358337 8231.9567135970428353 15749
300000000 307.19387669567908006 12818.696642746221187 662.96330537760059087 -2808.1858288944854394 -4722.6430176595331432 8193.7921519316187187 15751
301000000 311.08126881925511498 12980.91114031215875 748.18106010735834843 -2687.9625884955821675 -4695.1224697546858806 8131.2661183576246913 15751
302000000 310.1154454499880444 12940.608915169257671 728.21110096513757526 -2674.4225489385580659 -4728.2327383393912896 8130.866388243088295 15746
303000000 308.51755708391004873 12873.931654365591385 623.9069890331145416 -2701.044969712056627 -4800.0519495393473335 8125.00390828451782 15754
304000000 307.5191434542055049 12832.269491106248097 727.72935350212060257 -2611.1062468312416058 -4717.4951305921567837 8056.3307309255196742 15762
305000000 309.17681016564000629 12901.441204218577695 793.97120301818154076 -2650.5388360718889089 -4705.2833786269129632 8149.7934177169836403 15757
306000000 308.86781052202064757 12888.54715588376348 716.52216549736203888 -2625.4670633009077392 -4750.8533008983677064 8092.8425296966379392 15749
307000000 307.76150280603826559 12842.382749362221148 702.38929538095749194 -2719.9453610672230752 -4691.1067589760805276 8113.4414154242604127 15746
308000000 312.11923033869328492 13024.223572147193408 718.85546395114124607 -2744.7918117518211147 -4656.1680302837921772 8119.8153059867536285 15749
309000000 310.77841014058782321 12968.273344372935753 806.01762379610579501 -2715.8408996328776084 -4671.9522211050561964 8193.8107445340410777 15755
310000000 315.10991772778316999 13149.020051837471328 741.10243117222137244 -2703.7088547619714518 -4707.8542484894969675 8152.6655344236896781 15748
311000000 309.76662291502196922 12926.053122892468309 492.32729691583779186 -2751.718403494112863 -4784.2376780478962246 8028.2833784578460836 15752
312000000 311.52608107730219444 12999.472426299407743 813.71756754473256024 -2650.1287947980413264 -4702.4302725676052432 8166.2766349103785615 15761
313000000 309.36481292121027309 12909.286250863315217 673.36945116678202794 -2689.8673760728784146 -4772.8244661240178175 8136.0612933636793969 15750
314000000 306.22404104415954862 12778.22699164550977 773.77861516646362361 -2782.7663881338521605 -4669.8724998465240787 8226.4175031468403176 15750
315000000 312.6724431207396151 13047.308234212143361 741.32363520269109358 -2671.5014932552412574 -4694.5074168044284306 8107.3325452623612364 15750
316000000 310.05156900656032803 12937.943455949416602 676.95917892993247733 -2703.4343841870168035 -4714.1322280730037164 8094.525791189951633 15749
317000000 312.59812116251623593 13044.206900791672524 820.2499321619480952 -2703.0055774509301045 -4617.205819112118661 8140.461328724996747 15749
318000000 309.34725221686471741 12908.553471472463571 824.65132569403681373 -2745.7541064043443839 -4704.3750854318914207 8274.7805175302710268 15747
319000000 309.64118085677404224 12920.818631540563729 690.590471537528515 -2661.5935469096566521 -4715.4120605827783947 8067.5960790299641303 15746
320000000 307.30615482414845019 12823.381824898760897 675.92233702799103412 -2680.5158944750846786 -4739.9839622188210342 8096.4221937218972016 15737
321000000 309.79058341379521835 12927.052955208422645 641.90113387166286429 -2706.18537623334214 -4760.1828658096783329 8108.2693759146832235 15761
322000000 307.53734201188439101 12833.028887070551718 792.77384871042988834 -2655.1008562524693843 -4711.4539720520533592 8159.3286770149534277 15744
323000000 312.90401042330938708 13056.971157952519206 756.4301058892938272 -2777.5901485956201213 -4607.9525880752789817 8141.972842560191566 15742
324000000 315.64888125658075069 13171.510115934694113 730.98739650067750517 -2813.5196074441018936 -4623.342903159141315 8167.8499071039204864 15741
325000000 313.80205379689607526 13094.445035042330346 644.50877365480187109 -2809.2444718025044494 -4668.3767809239634516 8122.1300263812681806 15749
326000000 309.67694263160234414 12922.31091175090296 645.79466660135153688 -2728.3530883818975781 -4675.7630835538902829 8049.910838537138261 15746
327000000 310.71546062764394946 12965.64656444191678 744.71232201355053348 -2747.4393469766905582 -4743.9065356407927538 8236.0582046310337319 15751
328000000 312.10523582180502444 13023.639603909994548 785.3168687918548585 -2815.9644156663498507 -4573.6151598119640767 8174.8964442701681037 15749
329000000 310.04301497782677188 12937.586510359913518 719.56188783273194076 -2751.6012618899394511 -4722.8756252210605453 8194.0387749437322782 15752
330000000 308.77513383394938273 12884.67990969051607 793.98965191175443579 -2743.0274190023169467 -4664.1516981385948384 8201.168769052665084 15752
331000000 304.93053955900063556 12724.251296154614465 749.0863144082038616 -2722.5687274645379148 -4616.0673938317395368 8087.7224357044824501 15744
332000000 308.76248930603634335 12884.152274279122139 622.34587545332590253 -2734.1277269001320747 -4658.3938844890562905 8014.8674868425150635 15743
333000000 311.02992152888725741 12978.768502100314436 610.2682796229212272 -2717.9073042549298407 -4695.9834405810570388 8024.1590244589078793 15752
334000000 312.74206556987530803 13050.213464826098061 613.77733621910795137 -2729.1180088585251724 -4735.6813288492039646 8078.57667392683652 15753
335000000 307.18513442936659885 12818.331842311279615 631.08747562698295042 -2709.2028940202299054 -4699.1301606395563795 8039.4205302867694627 15751
336000000 309.4995654201970865 12914.909251637107445 893.45427718165979059 -2672.2919494213510916 -4621.8930366767435771 8187.6392632797551414 15744
337000000 309.01882584605203874 12894.848777673842051 807.15009744031749506 -2599.3493863269022768 -4632.7518389311226201 8039.2513226983428467 15743
338000000 311.76604858142371768 13009.48587667328502 745.00282970143075545 -2706.6424795587172412 -4684.5181671131795156 8136.1634763733272848 15742
339000000 308.92809804589779787 12891.062855376982043 607.13421494266640366 -2761.6631056260830519 -4771.011658417884064 8139.8089789866335195 15744
340000000 309.99089504380356175 12935.411630995553423 717.86881079021077312 -2759.3715862705789732 -4716.7905897651708074 8194.0309868259610084 15758
341000000 312.08755748376916017 13022.901915858177745 545.30714341233056075 -2734.3303260494449205 -4702.4728380080778152 7982.1103074698530691 15747
342000000 311.16311944389832433 12984.326632634487396 702.22910857175429555 -2751.6841234061939758 -4643.1018728130366071 8097.015104790983969 15744
343000000 307.13729979238968326 12816.335781364301511 723.17052880842720697 -2690.2309434534963657 -4712.4202697382161205 8125.8217420001383289 15755
344000000 307.68916258653337081 12839.364110648202768 703.85406062252536685 -2717.4589057466082522 -4704.1380562542626649 8125.4510226233960566 15750
345000000 308.98101479128541769 12893.270984372722523 641.40870963599115839 -2692.9897532395971211 -4848.935867976211739 8183.3343308517996775 15752
346000000 306.80240917336880102 12802.361345090030227 774.07417904782209916 -2704.668724255699999 -4692.8124582244781777 8171.5553615279995938 15751
347000000 308.96868375622210579 12892.756430503784941 776.96366201073828961 -2693.1080804196890313 -4749.8642159700248158 8219.935958400452364 15747
348000000 309.56966638793460334 12917.834450047492282 702.06511336022276737 -2783.4771425502585771 -4652.6554525893825485 8138.1977084998652572 15749
349000000 308.27152771364160344 12863.665252259532281 759.9104394099961155 -2783.3396424843394925 -4667.0138532995497371 8210.2639351938851178 15749
350000000 310.33834620092829937 12949.910197924233216 539.61447785943971667 -2681.6516513088799911 -4763.9166321735883685 7985.1827613419081899 15756
351000000 309.99790423821019658 12935.704113182291621 798.79042670139619986 -2659.8612891199227306 -4686.1234067112045523 8144.7751225325228006 15747
352000000 310.22877210412951854 12945.337850578396683 820.13655367375724836 -2661.827540180442611 -4717.5891036809625803 8199.5531975351623259 15749
353000000 311.39227271684018206 12993.888822877765051 574.41695717610014071 -2676.5202518262030935 -4703.3561052324157572 7954.2933142347183093 15752
354000000 308.29424829987999601 12864.613345058998675 600.6159142421879551 -2740.3098666129617413 -4730.5844664295400435 8071.5102472846901946 15757
355000000 310.88664713668833883 12972.789896699623569 798.48085338105192932 -2643.668637551050324 -4655.4536673043012343 8097.6031582364030328 15755
356000000 309.39436078796433094 12910.519234881208831 627.96037235444646285 -2790.3906612239743481 -4679.7067050790847134 8098.0577386575050696 15745
357000000 311.78873650503629733 13010.432606514945292 669.24875051891990552 -2735.8668353613938962 -4629.9532008421538194 8035.0687867224678484 15738
358000000 309.48757472074379393 12914.4088994149879 559.56751285940697471 -2703.1848443333710748 -4798.7358661814378138 8061.4882233742155222 15752
359000000 308.83089958958237276 12887.006923211105459 604.4206549464067848 -2695.7359836253267531 -4824.5431208470645288 8124.6997594187978393 15754
360000000 313.19441478913284982 13069.089255843213323 673.12452840667572218 -2748.1811617370949534 -4777.8490969406675504 8199.1547870844369754 15755
361000000 310.22557212313216723 12945.204320619699502 680.21358686056737497 -2732.4152605036970272 -4679.1274168535856006 8091.7562642178490933 15748
362000000 308.39408158599712806 12868.779224351090306 592.35421079091065621 -2734.8055062373023247 -4861.7533532279321662 8188.9130702561451471 15762
363000000 308.68551095986902055 12880.940094146519186 784.94752448827864555 -2732.9840663497525384 -4712.9453991782247613 8230.8769900162551494 15751
364000000 310.15556919598111563 12942.283213282189536 698.28708120407475235 -2745.7052213819251847 -4728.4111071903971606 8172.4034097763960744 15752
365000000 309.39163676371816791 12910.40556581711644 753.21367987617168183 -2744.3761650080341497 -4550.4412419633290483 8048.0310868475353345 15754
366000000 307.20173949220043141 12819.024744349204411 635.82669261976980124 -2780.253711726131769 -4732.568677390967423 8148.6490817368694479 15758
367000000 311.53720718491319985 12999.936700521975581 734.82222704697392146 -2767.0390513463453317 -4602.276139473549847 8104.1374178668684181 15751
368000000 310.31175415051029631 12948.800555274179715 526.02909202314981485 -2857.8460246812201149 -4669.32980717492228 8053.2049238792915276 15753
369000000 307.9692986314013865 12851.053728346601929 794.06117564763349037 -2773.0197096193041943 -4670.4520177192443953 8237.5329029861823074 15756
370000000 308.53986163020658751 12874.862386500635694 678.90594085455711593 -2745.2291411091355258 -4718.173853068419703 8142.3089350321115489 15745
371000000 307.14012862635712509 12816.453823966163327 599.02714232999437627 -2736.7075601639321576 -4712.2429293706954923 8047.9776318646217987 15751
372000000 310.8228850925640927 12970.12921117508813 594.86949422084990147 -2755.9223427586603066 -4708.5315304599298543 8059.323367439440517 15758
373000000 311.1729764700773444 12984.737950170330805 768.95755657221025103 -2808.035689335763891 -4693.4518420568947477 8270.4450879648684349 15760
374000000 308.83969810818740598 12887.374070961954203 637.97536155688305826 -2823.8108217334802248 -4667.6266872772266652 8129.4128705675893798 15761
375000000 312.236974251797335 13029.136832528050945 557.88116321084044102 -2801.7196468029892458 -4718.6142510851850602 8078.2150610990138375 15748
376000000 311.68033764161481258 13005.909299730432394 608.29136755595038721 -2814.8109383467053703 -4820.0535939737819717 8243.1558998764376156 15763
377000000 306.51795385356132329 12790.491491132492229 550.66321030599692676 -2819.8055751450328898 -4734.9415554803772466 8105.4103409314066084 15753
378000000 311.10408425652951792 12981.863191089791144 779.66497146668336882 -2681.1836009057301453 -4675.5657540536667511 8136.4143264260801516 15757
379000000 312.15630173773666911 13025.770500828100921 731.13517044679588253 -2680.9919710663052683 -4598.8105235609136798 8010.9376650740150581 15747
380000000 310.06802651372811397 12938.630200731404329 596.16445932850683675 -2735.0422404908208591 -4732.4196655685927908 8063.6263653879195772 15754
381000000 308.35374004594393682 12867.095838049235681 650.78001364059241496 -2724.3662604857631777 -4658.1085869417729555 8033.254861068127866 15747
382000000 309.74746491686181571 12925.253691050471389 677.45391165942783118 -2757.4282358922741878 -4736.4512188017579319 8171.3333663534604057 15756
383000000 304.23784753411302972 12695.34639404720474 652.64081860604301255 -2750.1835004785207275 -4690.7083402589751131 8093.5326593435383984 15754
384000000 305.14759787899544108 12733.308783848464373 598.61564546441582024 -2814.6505568971888351 -4698.1741451131783833 8111.4403474747832661 15754
385000000 309.22609890705950875 12903.497942559053627 718.35459724242116408 -2841.1924267701415374 -4572.0103381486860599 8131.5573621612493298 15737
386000000 313.45640154517434439 13080.021533485714826 809.20378153376441333 -2803.9532005430774007 -4627.0979940658526175 8240.2549761426944315 15738
387000000 309.24512433233633146 12904.291842352064123 601.74554567864174714 -2796.9991363776371145 -4690.8923169937261264 8089.6369990500043059 15750
388000000 309.64639209526853847 12921.036087975933697 631.5470555050180792 -2710.4001603429805982 -4804.1927613834686781 8146.1399772314671281 15761
389000000 312.1206919035134888 13024.284560850013804 717.63182604782195995 -2814.7524983496086861 -4704.3227048768903842 8236.7070292743210302 15748
390000000 309.89143109622392558 12931.261163594874233 574.21370888444403136 -2828.5071052786138353 -4635.1678923131330521 8037.8887064761911461 15751
391000000 300.43401278737741222 12536.618608773524102 713.22285156413727236 -2757.8239090881061202 -4684.0332394527395081 8155.0800001049829007 15751
392000000 307.55440113015640691 12833.740736097211993 590.30863678197692934 -2764.8190999743255816 -4738.2798397532005765 8093.4075765095021779 15752
393000000 310.06133777905012039 12938.351090803553234 720.09352244935962517 -2764.6222793328074658 -4690.1055855067288576 8174.8213872888973128 15763
394000000 305.50382004345948417 12748.173350527997172 724.53461807028361363 -2788.7769801782078503 -4656.0967604430516076 8169.408358691543981 15750
395000000 305.00614173149489261 12727.406050816916832 646.06775390144957782 -2852.0447001819802608 -4588.6933733493151522 8086.8058274327449908 15745
396000000 311.00989886326630085 12977.93298910332669 608.51552894054361786 -2792.9912633046255905 -4750.6956944879784714 8152.2024867331474525 15747
397000000 315.02366368848652201 13145.42081224373942 816.46709134850198097 -2747.1877634364882397 -4548.3316797082679841 8111.9865344932586595 15744
398000000 312.14792021097287034 13025.420753462873108 589.9675096126580911 -2735.1914391155942212 -4739.9444796068910364 8065.1034283351436898 15757
399000000 311.71871243502482685 13007.510616920548273 723.38587895147077234 -2756.0738136929617212 -4755.8074960887151974 8235.2671887331471225 15758
400000000 310.4968527019505018 12956.524414243784122 749.91566641332542531 -2707.3729744749284691 -4726.1087889360951522 8183.3974298243501835 15760
401000000 308.72184217427070507 12882.456136136312125 876.69733913377740464 -2730.2256151607944048 -4697.2065873120973265 8304.1295416066695907 15750
402000000 310.08446244173995865 12939.316045050609318 562.86282048608541118 -2764.7478396655233155 -4728.5764376871065906 8056.1870978387150899 15749
403000000 309.8108767342490637 12927.899762187682427 600.70110898010807432 -2681.5316471103187723 -4717.5370489471415567 7999.7698050375684033 15763
404000000 307.83768755356106794 12845.561813924978196 732.48777703775488135 -2746.3349110041522181 -4641.9046088078193861 8120.7272968497263719 15754
405000000 309.41226363304178903 12911.26629124365536 565.52208004395220087 -2693.6784508964306042 -4831.4340101682646491 8090.6345411086476815 15762
406000000 308.54108584748399835 12874.913471079769806 695.09655074371642058 -2677.0535979715941721 -4753.5522239254478336 8125.7023726407587674 15757
407000000 311.36057088702744977 12992.565957514168986 599.88694917583075039 -2738.6959552167450056 -4707.0838826454537411 8045.6667870380279055 15770
408000000 308.74932346890312829 12883.602885488975517 859.58942008748442731 -2694.5507063870390994 -4620.3583214988575492 8174.4984479733830085 15747
409000000 312.41186040830342563 13036.434545006506596 787.39891159645208063 -2697.5806430196926158 -4721.0486097366901959 8206.0281643528342101 15753
410000000 307.9552455459426028 12850.467316139014656 841.25174884061402736 -2687.398949023100613 -4645.0282262403152345 8173.6789241040296474 15755
411000000 306.73263079785067475 12799.449607923874282 804.06476310818379716 -2696.6209096549700917 -4647.3994172246411836 8148.0850899877950724 15757
412000000 310.44438757210645008 12954.335130423978626 679.11451286997362331 -2636.4070617835895973 -4773.354175063659568 8088.8757497172218791 15753
413000000 312.38174391124857721 13035.177832978777587 774.02272289364634617 -2730.3398970188554813 -4667.0321824123175247 8171.3948023248194659 15763
414000000 311.03480199494009639 12978.972155944198676 739.48167184828344034 -2729.7759981859380787 -4641.5840439115518166 8110.8417139457724261 15752
415000000 310.75182292086577718 12967.163903299900994 763.82207674109042728 -2672.2268794613360114 -4662.3752577691102488 8098.4242139715370286 15761
416000000 314.33070575547208136 13116.504814226316739 649.69858621177490932 -2728.3724944758323545 -4647.0625210306552617 8025.1336017182620708 15753
417000000 309.97713958297345016 12934.837638175580651 588.30563678661428639 -2742.4035302186625813 -4764.5342727148581616 8095.2434397201359388 15757
418000000 311.03485666372625928 12978.974437182982001 608.59785828191593282 -2730.5743866644747868 -4830.2273916892336274 8169.3996366356241197 15759
419000000 307.69364437262584033 12839.551128231219991 694.7459057609228239 -2834.9799756684592467 -4614.2533443163783886 8143.9792257457593223 15750
420000000 308.42283932303433858 12869.979237551799088 709.04622558586947889 -2682.0220197964345061 -4708.2672882206488794 8099.3355336029517275 15752
421000000 311.19919505625563261 12985.832008770183165 505.68762563075461003 -2805.0436442617237844 -4743.2760244497303574 8054.0072943422082972 15759
422000000 311.52592270112796768 12999.465817521411736 647.29639996448918282 -2756.9296001046823221 -4724.8480227650125016 8129.0740228341828697 15766
423000000 310.02419425228316641 12936.801152351039491 496.87594600914394505 -2879.0437246005285488 -4763.7576487614260259 8139.6773193710969281 15754
424000000 305.79795242204983197 12760.447012277101749 741.14601516734899178 -2775.4204050204921259 -4676.1332184328703079 8192.699638620710175 15755
425000000 310.28431751506337832 12947.65566947608022 566.2359589854411297 -2751.9359059987291403 -4757.4317648805681529 8075.6036298647386502 15762
426000000 310.47603612615375823 12955.655772677260757 650.79945951767308543 -2761.6948194434025936 -4776.0653979719390918 8188.5596769330149982 15759
427000000 316.06358473856488445 13188.815012078543077 487.16495021853558001 -2811.5792511202844253 -4720.6625320809125697 8019.4067334197316086 15750
428000000 307.95231886138242317 12850.34519039240331 536.65038533456515779 -2758.9385103604463438 -4754.3748264653149818 8049.9637221603270518 15762
429000000 308.86422708621802258 12888.39762498494747 650.50361208201547925 -2741.918555205865232 -4724.2766499994077094 8116.6988172872888754 15760
430000000 311.99999535947154072 13019.24809202275901 572.08101204123533989 -2728.1887890937155134 -4796.4265729508779259 8096.6963740858291203 15765
431000000 305.95578062234847039 12767.032924219947745 565.22300474957842198 -2815.0552262897235778 -4733.4320160696206585 8113.7102471089228857 15756
432000000 309.4643426271103408 12913.439462250855286 703.37201265581279586 -2715.6784556080820039 -4650.9508877252064849 8070.0013559891021941 15757
433000000 311.30907726248108247 12990.417213017060931 663.06718042336547114 -2696.9186820109671316 -4754.7884836732318945 8114.7743461075660889 15757
434000000 313.22625213294770674 13070.417775983860338 845.0048391179735745 -2704.8864999398697364 -4704.9713079634111637 8254.8626470212548156 15752
435000000 311.7618462415695717 13009.310519923470565 690.82145906792231926 -2736.3648528966100457 -4732.7770820754285523 8159.9633940399598941 15752
436000000 309.42770373217069846 12911.910581256843216 642.09472180138652675 -2715.9277540238294932 -4668.3105082685187881 8026.3329840937349218 15750
437000000 307.31166695596181171 12823.611837118829499 673.94631711902593452 -2737.8466193537069557 -4740.7894281331455204 8152.5823646058779559 15759
438000000 308.83296954962196423 12887.093299248594121 640.89752987408928675 -2750.1954553088958164 -4685.5619555099347053 8076.6549406929198085 15760
439000000 308.12992171816011933 12857.756266317506743 641.14965819220515186 -2778.2748168450252706 -4676.9491234716788313 8096.373598508910618 15756
440000000 310.54381199032377481 12958.483948329199848 646.5480685684422042 -2682.2049195441777556 -4693.7253483953381874 8022.4783365079583746 15763
441000000 314.07132246711933021 13105.681175020494265 451.86231575994077048 -2762.9204154209292028 -4878.134289431029174 8092.9170206118988062 15761
442000000 307.13595903716606017 12816.279833847806003 526.77584493573260715 -2782.4226194028278769 -4811.2128845539409667 8120.4113488925022466 15767
443000000 308.82393921356219835 12886.716478135565922 867.72131846813908851 -2618.4791213254038666 -4661.8790142102034224 8148.0794540037459228 15754
444000000 313.62369936786194557 13087.002597239626994 700.20715774391101149 -2631.3717156287816579 -4807.7533492583552288 8139.3322226310483529 15756
445000000 306.90609950798528871 12806.688172690017382 811.72595731086676096 -2672.5296000211824321 -4738.7489577949645536 8223.0045151270132919 15760
446000000 313.42397322144415739 13078.668352722472264 709.21864621855661426 -2620.5537435611404362 -4763.6644288185561891 8093.4368185982521027 15765
447000000 311.23478546385553045 12987.317138107142455 580.96159216782439216 -2704.8102223176870211 -4743.1184938028191027 8028.8903082883307434 15762
448000000 310.309595374271737 12948.710473082373937 666.59699336990843221 -2733.0197312371474254 -4718.4636963164030021 8118.0804209234593145 15753
449000000 308.91458074040957626 12890.498800388828386 536.09629802524887054 -2771.6737452863094404 -4695.3479864128667032 8003.1180297244245594 15756
450000000 309.40167276632013227 12910.824351745548483 663.22337367551870102 -2681.6073381658979997 -4672.0482085521798581 8016.878920393597582 15761
451000000 309.24272295734039062 12904.19163691200265 487.60017590965378531 -2716.8418140511257661 -4768.3138312564424268 7972.7558212172234562 15768
452000000 309.98059230757201021 12934.981714710231245 703.75734335065533287 -2709.3800107079732697 -4632.1655246138543589 8045.3028786724844394 15747
453000000 309.08897632569983216 12897.776042135037642 461.39179210599252201 -2704.0896334196663702 -4840.7059805028975461 8006.1874060285563246 15769
454000000 312.00819650863752486 13019.590312526666821 729.99564156101359913 -2733.2912897058104136 -4687.8605600131322717 8151.1474912799567392 15751
455000000 311.62382214265329594 13003.551000650406422 817.66432811014078652 -2787.2211573543841041 -4571.7112696193689771 8176.5967550838931857 15750
456000000 310.40532072238966066 12952.704934859229979 638.19777281339509045 -2793.7017818564454501 -4679.0089301679727214 8110.9084848378133756 15762
457000000 308.149058228570766 12858.554801510959805 567.62022603679702115 -2719.15955610191304 -4753.9855076341591484 8040.765289772869437 15759
458000000 312.17523924523953838 13026.560731956598829 712.62152498925661348 -2674.4180768457526938 -4709.025186681521518 8096.0647885165299158 15757
459000000 310.7091970386092612 12965.385195144473983 484.81958101809061645 -2722.6763286790032907 -4794.9685505026864121 8002.4644601997806603 15767
460000000 305.94647090203017115 12766.64444486003049 584.73676483369854395 -2781.6248537461651722 -4720.4793034590602474 8086.840922038924873 15758
461000000 309.54806631482176726 12916.933114422990911 492.40800671307636094 -2757.0777133987708112 -4786.2548864304662857 8035.7406065423147083 15755
462000000 308.19584496191981771 12860.507135158222809 643.26941049288552676 -2749.8978872253587724 -4721.6899045260179264 8114.8572022442622256 15758
463000000 313.08085322034281717 13064.350517831077013 419.14451831013514038 -2815.4817468286701114 -4851.6858665297568223 8086.3121316685619604 15769
464000000 308.47804223408815005 12872.282764491224953 706.09661587450500519 -2785.9195120877993759 -4692.1466678141041484 8184.1627957764067105 15764
465000000 311.50613077473678914 12998.639932894046069 646.17059758555751614 -2661.8460018294144902 -4733.6532383254507295 8041.6698377404227358 15770
466000000 310.65044687229845977 12962.933647061061492 698.00126832410194311 -2697.3206818352432492 -4740.3900499303163087 8135.71200008966116 15762
467000000 308.88765668195929948 12889.375303588116367 531.23868617892230759 -2770.3732375771851366 -4778.0523455769653083 8079.6642693330722977 15757
468000000 307.73737827248692156 12841.37607214401396 796.19908148912418255 -2735.823938862250543 -4620.3151692559385992 8152.3381896073133248 15748
469000000 313.40897826940619098 13078.042637967300834 597.25733893899746363 -2759.7230957317169668 -4731.3327507450603662 8088.3131854157745693 15759
470000000 312.78342807082071886 13051.939454151495738 509.17165561988832678 -2818.2032336900915652 -4764.7525363618487972 8092.1274256718288598 15760
471000000 309.15040349888596438 12900.339297324770087 743.33491365862710154 -2701.8954385463184735 -4705.5314368334729807 8150.7617890384190105 15754
472000000 306.59129820585684456 12793.552030660976015 533.56267063433335807 -2741.213168302323993 -4752.7004867259565799 8027.4763256626138173 15760
473000000 309.98066203430420273 12934.984624292406806 571.08039365909621665 -2829.1745985915758865 -4726.4377351874709348 8126.6927274381414463 15749
474000000 311.42716375826796593 12995.344768811399263 683.77902978466931927 -2869.5911248602842534 -4529.5375008642895409 8082.9076555092433409 15746
475000000 312.55714632973126754 13042.497088222791717 516.14657629603436817 -2782.6174147749616168 -4820.2081454412682433 8118.9721365122659336 15758
476000000 309.27652520936698011 12905.6021494496581 448.1134046590766502 -2799.1002540837916968 -4736.4895815657255298 7983.7032403085941041 15753
477000000 311.62430101275850802 13003.570983114497722 627.89731190786085335 -2797.298689661919525 -4709.1958511834509409 8134.3918527532314329 15755
478000000 311.38053451416675443 12993.399006932148041 735.34869665390397131 -2705.5717692217795047 -4697.6765354095896328 8138.5970012852740183 15745
479000000 305.9434525314242137 12766.518493205103368 428.37273779532995377 -2734.113646716014955 -4734.4710781878147827 7896.9574626991607147 15755
480000000 309.24726620116018694 12904.381219025182872 812.47577544767727886 -2717.0635187084462814 -4688.3585913200031428 8217.8978854761262482 15754
481000000 308.00809570283689709 12852.672666506139649 854.04713732889786115 -2624.3591400253471875 -4684.1397533743902386 8162.5460307286348325 15751
482000000 308.4696915686906209 12871.934304920197974 664.92529884067243984 -2706.7126235228697624 -4666.370958297654397 8038.0088806611975087 15752
483000000 310.05563004554113604 12938.112916445534211 616.03631300541383098 -2699.5745685307065287 -4746.7026950243089232 8062.3135765604292828 15766
484000000 310.43060332732716233 12953.759936497017407 665.09111973833171305 -2746.3202350216638479 -4730.0379546979147563 8141.4493094579102035 15759
485000000 313.31921284622910662 13074.296874083293005 715.25877721467850279 -2668.9655480260107652 -4725.9794203028095581 8110.2037455434983713 15753
486000000 308.60626410216190152 12877.633252747969891 727.56708644515242668 -2739.9466655358601201 -4728.6792130893818467 8196.1929650703950756 15756
487000000 309.09805589353607047 12898.154917609354015 737.37528278204274557 -2724.8587466209182821 -4716.222304621252988 8178.4563340242148115 15749
488000000 307.0278087999910781 12811.766901828785194 652.84750582467313507 -2745.6280126547571854 -4726.7803023540354843 8125.2558208334648953 15757
489000000 310.95633188891230247 12975.697727119268166 713.87435495790680307 -2772.335525660665553 -4654.1586554659479589 8140.3685360845202013 15756
490000000 304.71581022464431499 12715.29099321166359 625.60763198496215409 -2747.7640380261677819 -4702.6242667276765133 8075.9959367388073588 15749
491000000 307.19650756633376432 12818.806424663724101 423.88359695035950381 -2783.2207322563654088 -4760.1887969720546607 7967.2931261787798576 15757
492000000 305.58673014781936672 12751.633053201239818 831.33936004443171441 -2743.5768846538717298 -4698.7009430134112336 8273.6171877117139957 15759
493000000 310.28569458383987012 12947.71313229758016 736.65428594796821926 -2692.0170768682319249 -4750.162499466191548 8178.8338622823912374 15763
494000000 312.88668375034080782 13056.248144307191978 686.61829944825285565 -2692.9875944221366808 -4762.763729924985455 8142.3696237953745367 15769
495000000 306.35062064969434914 12783.508950979994552 809.15591271214066182 -2663.2472707087617891 -4703.1994299972811859 8175.6026134181847738 15754
496000000 309.19211724819240317 12902.079943668190026 680.68375094927705504 -2762.7486706201166271 -4716.2466758095051773 8159.6790973789002237 15763
497000000 310.78817851321213084 12968.680962541340705 773.71995447574477112 -2746.0056886593338277 -4725.7591464156121219 8245.4847895506900386 15755
498000000 309.30269636540162992 12906.694228867409038 624.23972414301692879 -2758.1841071188428032 -4806.8637193189833852 8189.287550580842435 15758
499000000 312.61328578714784499 13044.839695705895792 788.79085580778576059 -2786.0164606167654711 -4712.7836096302053193 8287.5909260547559825 15753
500000000 310.66489369187513603 12963.536489147623797 609.72204550398646461 -2703.8165676365442778 -4742.2049290641461994 8055.743542204676487 15759
