# Steps Temp KinEng PotEng Epair Ebond Eangle Bonds
1000000 308.70487830291892806 12881.748261607417589 5514.7188368702791195 -1610.1752456293079376 -1252.3883000667358374 8377.2823825663217576 14981
2000000 311.15747644237626446 12984.091159436115049 4645.898120438634578 -1808.2137855712544479 -1923.4391720065082154 8377.5510780163986055 15137
3000000 307.30764117427827387 12823.4438478519005 4240.9821170443083247 -1811.5451762517009229 -2270.1667728348520541 8322.6940661308617564 15209
4000000 310.37999825718287639 12951.648269917781363 4067.7380293989403981 -1949.0783867371831093 -2375.9826477323322251 8392.7990638684550504 15260
5000000 305.02493305549762681 12728.190181947711608 3750.501770301490069 -1960.3843041638363047 -2638.0470886207904186 8348.9331630861161102 15291
6000000 307.35154168358889137 12825.275744103766556 3738.3495808104371463 -1917.9223166990364007 -2643.102096568638899 8299.373994078112446 15302
7000000 310.91765826589812605 12974.083940259884912 3583.00706849909011 -2007.0902743359599754 -2812.9596944686345523 8403.0570373036844103 15331
8000000 311.20500595002783939 12986.074487836793196 3306.9217948076975517 -2005.7251262545946702 -2989.4249688209833948 8302.0718898832747072 15350
9000000 310.65591369889369844 12963.161768768684851 3310.5075047622658531 -2049.8249310812175281 -2948.6574610598340769 8308.9898969033183675 15370
10000000 308.95025853947674932 12891.987576428384273 3101.7240737145270941 -2132.9167211252643028 -3094.8164496106628576 8329.4572444504537998 15396
11000000 311.50087103030097069 12998.420452385298631 2906.95485453000083 -2120.4941913575185026 -3310.3791330643407491 8337.8281789518605365 15424
12000000 308.4387648268757971 12870.643782707524224 2700.8874032800058558 -2178.5701500190857587 -3302.8251112727512009 8182.2826645718432701 15448
13000000 306.45328229109031781 12787.792852899057834 2859.80969242087167 -2138.0916413808345169 -3333.3793767106626547 8331.2807105123683868 15457
14000000 309.35310818821528756 12908.79783155248515 2742.0599349505801001 -2207.204792171720328 -3457.5826643710261123 8406.84739149332745 15473
15000000 310.65774974184614621 12963.238383829777376 2462.8696209352456208 -2282.8301716869400479 -3459.2590055344380744 8204.9587981566255621 15483
16000000 307.66123962231273481 12838.198931148010161 2534.6077341708150925 -2222.1705991448034183 -3523.9866705090553296 8280.7650038246738404 15497
17000000 310.26390884281818217 12946.804049055757787 2440.8380495239553056 -2271.5722374229671914 -3594.961664932225176 8307.371951879145854 15508
18000000 307.63744546081238695 12837.206039813643656 2261.7280992958744719 -2263.6107079445368981 -3801.3566387803130056 8326.6954460207252851 15525
19000000 308.44484847248622827 12870.897643260999757 2175.9615304676490268 -2306.1437121443891556 -3679.8086825479149411 8161.9139251599535783 15515
20000000 307.84940892868519313 12846.050927684562339 2161.0880575601095188 -2256.8666790719830715 -3729.4456309618885825 8147.4003675939802633 15530
21000000 310.40115227314953472 12952.530992309155408 2375.2819505630213825 -2312.3874279818064679 -3644.8704571487310204 8332.5398356935584161 15525
22000000 312.98816423467405912 13060.482758479256518 2279.4430709904836476 -2181.4422213720777108 -3727.6293376138514759 8188.5146299764128344 15538
23000000 307.95141863424993289 12850.307625390636531 2133.1891270901624011 -2315.4477125306812013 -3717.0285086892031359 8165.6653483100462836 15540
24000000 310.21386954917710455 12944.715991402063082 2222.7823497113263329 -2282.9075607669706187 -3786.111117416397974 8291.8010278946949256 15558
25000000 314.55047984269225481 13125.675626432324862 2095.8902588103655944 -2319.0100900905076742 -3876.7437277576200358 8291.6440766584928497 15565
26000000 307.34593218453699137 12825.041668908526844 2038.5598029336272248 -2380.0243099908170734 -3879.9616673324726435 8298.5457802569162595 15564
27000000 311.13999146986662936 12983.36154021056791 1913.9168698242779101 -2303.9142543704174386 -3986.4326950470472184 8204.2638192417416576 15568
28000000 312.5822362521439004 13043.544049534835722 2020.8525298554291112 -2311.4678306023506593 -3979.4072365601778074 8311.7275970179562137 15571
29000000 309.75747483680913774 12925.671388592501899 1956.2268499475217141 -2370.3055470407416578 -3861.8782147905262718 8188.4106117787896437 15578
30000000 307.79542558725393064 12843.798291385257471 2140.3919105696809311 -2226.5548433062067488 -3929.064633963745564 8296.0113878396332439 15584
31000000 312.01838916546199698 13020.015635378873412 2068.1794950578268981 -2371.7020440715855329 -3892.763130962390278 8332.6446700918040733 15587
32000000 309.6851035510045449 12922.651453532749656 1874.3314158120379034 -2351.6398998481636227 -4006.4327885611933198 8232.4041042213957553 15598
33000000 307.8770883076134055 12847.205942770009642 1809.3874452112063409 -2327.1770774771312063 -4095.0002360197713642 8231.5647587081093661 15615
34000000 310.19952420078573141 12944.117383541641175 1685.3393359893916568 -2388.565327582251939 -4143.7650645558005635 8217.6697281274464331 15613
35000000 306.97762752648765172 12809.6729195882981 1807.0870226506303879 -2445.774849767401065 -4037.710969306188872 8290.5728417242189607 15610
36000000 308.98357362973945328 12893.377760504632533 1810.2971281845461817 -2493.3776953139349644 -4121.7935547237548235 8425.4683782222346053 15627
37000000 307.79869767999730357 12843.934830448844878 1705.0721158948704215 -2467.1886813590517704 -4090.9258984199068436 8263.1866956738285808 15626
38000000 308.88458987037182624 12889.24733057047888 1433.7160100037081065 -2432.9502977449410537 -4295.4299198661483388 8162.0962276147965895 15652
39000000 309.42072076056666674 12911.619193304648434 1586.1586577381626739 -2421.1138243892373794 -4206.1721058062503289 8213.4445879336526559 15647
40000000 309.90235207645901028 12931.716878188475675 1535.5465178725035003 -2417.0351671630965029 -4233.1827114002562666 8185.7643964358576341 15649
41000000 312.77038296113511251 13051.395103119730265 1535.2515098157759894 -2508.869939489072749 -4255.4349881432690381 8299.5564374481182313 15644
42000000 305.77417660934202104 12759.454886607754815 1660.2920797862539075 -2508.4725816897207551 -4214.4090224064302674 8383.1736838824053848 15657
43000000 308.9895616705994712 12893.627631628674862 1386.9133184873594473 -2485.751914461463457 -4268.9013185228241127 8141.5665514716474718 15656
44000000 312.93021481751713964 13058.06462434471905 1414.7320302319390066 -2483.4869268061675029 -4291.9015156954883423 8190.1204727335934876 15664
45000000 309.97307820759556307 12934.668163642165382 1326.295422020546539 -2523.9387772685840901 -4366.5216985137803931 8216.7558978029101127 15674
46000000 310.44538334401136126 12954.37668235239471 1384.2678094153700386 -2434.2830840028746024 -4325.83542638896688 8144.3863198072112937 15680
47000000 307.88763128912421507 12847.645884096804366 1403.7402226377766965 -2472.3039723244132801 -4328.9424573495416553 8204.9866523117307224 15679
48000000 309.69740044311464544 12923.164582672248798 1459.5227680594709909 -2487.8460391713533681 -4337.748319333809377 8285.1171265646335087 15681
49000000 305.22913139934195215 12736.711043928578874 1398.4459026371710024 -2439.8301338684068469 -4342.5962581099693125 8180.8722946155467071 15677
50000000 313.61788770655249436 13086.760086144948218 1407.0935963861984419 -2440.1299007749653356 -4350.651985667695044 8197.8754828288583667 15678
51000000 308.90733274555981325 12890.196353451256073 1363.4346537293745314 -2563.3141336630360456 -4347.3257620087988471 8274.0745494012098789 15688
52000000 310.45581993162653589 12954.812184036423787 1356.6643155607773679 -2565.7656231493429004 -4349.9175746457021887 8272.3475133558222296 15680
53000000 313.243530068753671 13071.138755907326413 1242.4592914766683407 -2559.9228419660839791 -4446.4428956114370521 8248.8250290541891445 15684
54000000 311.83912477297349142 13012.535226293659434 1275.5873415587971067 -2564.4363499372202568 -4426.6075268139866239 8266.6312183100035327 15685
55000000 306.61640161296821816 12794.599554667383927 1154.8256854139278857 -2545.3659509446806624 -4447.1781127767362705 8147.3697491353450459 15692
56000000 311.35121236917524357 12992.175441913195755 1501.5556309540236271 -2457.8778378282931953 -4298.253723243402419 8257.6871920257181046 15684
57000000 310.14418291562702734 12941.80808247776622 1238.7970546043957256 -2541.937369634460083 -4456.1231039688973397 8236.8575282077545126 15693
58000000 315.15961365904661307 13151.09378154229853 1411.5652805635909317 -2483.6208168811867836 -4378.5555991124474531 8273.7416965572265326 15685
59000000 311.31330202170784105 12990.593505290524263 1237.7649367788831114 -2598.9725527112450436 -4378.3264386680993994 8215.0639281582280091 15693
60000000 309.75765188002469586 12925.678776315517098 1284.254830653916315 -2534.244448401939735 -4318.7124041393017251 8137.2116831951580025 15681
61000000 314.51980515622858547 13124.395622076057407 1071.4450328790317144 -2546.4720412220717662 -4550.5004385037009342 8168.4175126048039601 15690
62000000 306.94454135323610444 12808.292287843476515 1227.5444537676280561 -2593.047695411796667 -4381.7554838251144247 8202.3476330045396026 15688
63000000 312.83718360487353038 13054.182584422527725 1235.6717058643473592 -2596.6231639133306999 -4447.4129423180193044 8279.7078120956975908 15683
64000000 311.92925444642196453 13016.296189744081857 1133.3995304227419183 -2561.7233850523120964 -4490.0239794409080787 8185.1468949159625481 15702
65000000 308.65323127872937903 12879.593115994792242 1232.759381051750097 -2594.9090202363540811 -4436.9577284989700274 8264.626129787073296 15699
66000000 309.57018894930251918 12917.856255676317232 1084.2255783905072803 -2521.6058372220663841 -4481.8452888051160699 8087.6767044176904164 15700
67000000 309.47786489235522822 12914.003724201520527 1124.0180481898048583 -2602.0382179810508205 -4441.3425214631561175 8167.398787634011569 15697
68000000 304.28688024197111872 12697.392448527087254 1120.8770060621363882 -2578.1280416094432439 -4555.3764420723737203 8254.3814897439533524 15708
69000000 311.41004156978311812 12994.6302879681989 1205.3145288410282774 -2671.2794328402205792 -4538.0856804880404525 8414.6796421692888543 15710
70000000 310.1100403005338535 12940.383367147574972 1013.747289957070393 -2616.7129308107905672 -4544.7386349248763509 8175.1988556927381069 15705
71000000 313.54058878684003275 13083.534529004082287 1172.3188438411839343 -2605.9720099670203126 -4501.4844665287200769 8279.7753203369229595 15697
72000000 307.11742181982242528 12815.506306171133474 1147.5968570155462203 -2621.6531685272789218 -4519.8325332400945626 8289.0825587829185679 15701
73000000 308.9582410838087867 12892.320674911108654 1291.3268592436656945 -2512.523044399787068 -4493.5184393796207587 8297.3683430230739759 15700
74000000 305.55484998843360245 12750.302746437042515 1256.1479573491783412 -2574.3250408887943195 -4410.5991788176288537 8241.0721770556010597 15696
75000000 310.71726878524845006 12965.722015893174103 1067.925247455861836 -2595.3244873578091756 -4501.6528663676108408 8164.9026011812820798 15699
76000000 308.29776252693818606 12864.759987990417358 1050.1488520802231506 -2678.8541548816579052 -4454.3182083393967332 8183.3212153012773342 15704
77000000 312.80838729537816789 13052.980961656403451 1179.2307052509609093 -2568.0719326149355766 -4506.0960149427028227 8253.3986528085988539 15704
78000000 308.73940978083925302 12883.189203545609416 1055.5007769194644425 -2644.1780675453073854 -4454.0421203161222365 8153.7209647808940645 15701
79000000 306.6070803531294473 12794.210593782203432 1136.4534425011097483 -2610.1123210313289746 -4383.4668247996078208 8130.0325883320474532 15698
80000000 310.19791608075922795 12944.050279330429476 1128.6910752390497237 -2608.6785625866573355 -4456.1393610471504871 8193.5089988728577737 15704
81000000 314.18776849499698756 13110.54027677952763 1076.7964997935255269 -2513.8511227784274524 -4509.9517739232014719 8100.5993964951539965 15710
82000000 307.0083871509307869 12810.956468267140735 1132.0217351963306101 -2668.6459135045588482 -4477.9732624221742299 8278.6409111230641429 15702
83000000 307.84127522534748778 12845.711521584447837 1021.0878082503747919 -2565.8815516846266291 -4495.4519298556651847 8082.4212897906654689 15706
84000000 311.57833612067651075 13001.652943555396632 1106.8514531237897245 -2625.7059173727520829 -4509.1317226575883979 8241.6890931541311147 15707
85000000 311.34954983957533159 12992.106067279722993 1208.7871509248502662 -2576.1934707643013098 -4515.1619551257945204 8300.1425768149456417 15700
86000000 310.69269936169877155 12964.696774145004383 1033.300825858752205 -2646.6241304744216905 -4538.4416408274164496 8218.366597160591482 15714
87000000 307.8187045073285617 12844.76968253997984 1089.1862802760374507 -2588.0673089372849063 -4457.7144548338274035 8134.9680440471502152 15710
88000000 309.17743941468631874 12901.46746174924192 1293.2015992042443031 -2591.3290332757769647 -4448.9594809948321199 8333.4901134748524782 15721
89000000 312.05883254044681507 13021.703271085403685 1069.8804979261312837 -2656.491983320322106 -4503.65245572342792 8230.0249369698831288 15716
90000000 310.52493922262254955 12957.696418686444304 1209.3737800245510243 -2558.4229200349527673 -4459.538764104888287 8227.3354641643927607 15707
91000000 306.89245569917778766 12806.118838925827731 1050.3674797776686773 -2552.2364775711871516 -4600.6949610329293137 8203.2989183817844605 15706
92000000 306.44176470427714776 12787.312242891453934 1108.7680960721545489 -2598.9448856852568497 -4424.6735685315052251 8132.3865502889175332 15708
93000000 309.20799911142194105 12902.74266777275443 944.13446375924547738 -2653.1614468542720715 -4550.2677573405835574 8147.5636679541012199 15721
94000000 313.42006472417602936 13078.505257541839455 1137.5085903982680975 -2675.5020225779499015 -4529.3692090914046275 8342.379822067623536 15715
95000000 310.80778307704525787 12969.499028836455182 962.05418901901543904 -2601.0343205834578839 -4580.5274743954087171 8143.6159839978818127 15721
96000000 311.72284790932258147 13007.68318348035973 1245.5850357584638459 -2624.9967217239727688 -4485.2795152838307331 8355.8612727662675752 15704
97000000 309.98739973028875738 12935.265777295278895 1112.4257649806318113 -2642.2986949213782282 -4496.3519079885327301 8251.0763678905423149 15701
98000000 309.67089479207260183 12922.058545326448439 931.02171487740986322 -2691.4183654042444687 -4515.7828411763202894 8138.2229214579747349 15711
99000000 307.37105079514572026 12826.089827331941706 967.75811222255742905 -2671.4505947450707026 -4518.87721737553602 8158.0859243431641517 15718
100000000 314.71864599514299243 13132.692924163096905 912.25619205245391186 -2682.0615309741801866 -4523.5404070687400235 8117.8581300953737809 15715
101000000 309.43325033148323655 12912.142031749122907 964.02188942820441753 -2646.0520353470001282 -4533.3951516750412338 8143.4690764502465754 15715
102000000 309.03238893329603343 12895.414743059578541 1102.6032118738664849 -2577.5799150763259604 -4536.357796501923076 8216.5409234521157487 15718
103000000 308.50317074153923613 12873.331335893641153 1057.0103533840770069 -2670.4629280568742615 -4499.8962963943413342 8227.3695778352939669 15709
104000000 309.81251326476109398 12927.968051921858205 958.8329049300149336 -2643.4944400233616761 -4632.3041075724295297 8234.6314525258057984 15724
105000000 309.66738584383728039 12921.91212267165065 994.55358946418732558 -2676.0130397831035225 -4604.8079717872733454 8275.3746010345639661 15711
106000000 310.05723251768483806 12938.179784979860415 1161.4253165496584188 -2576.0560833850108793 -4500.8443871114559443 8238.3257870461256971 15717
107000000 314.49095469932871083 13123.191739827550919 1003.9172696419266231 -2612.3377361976731663 -4546.147917833516658 8162.4029236731166748 15722
108000000 312.85211437992518313 13054.805621177320063 1004.527664864554481 -2575.2212226291717343 -4552.2474804654930267 8131.9963679592201515 15719
109000000 308.83929046034887733 12887.357060486239789 897.96204750580614018 -2677.313034890860763 -4737.1769283502999315 8312.452010746967062 15727
110000000 310.52329193986992095 12957.627680278901607 1002.9670940946007249 -2688.9388308812031028 -4594.9715142085788102 8286.8774391843835474 15729
111000000 308.43591816941864181 12870.52499636066932 1081.691168668935461 -2600.9763510744223822 -4582.6187804173732729 8265.2863001607292972 15725
112000000 307.04328380977096913 12812.412648606181392 913.4047600694166249 -2588.7131560877178345 -4596.0060465794031188 8098.1239627365375782 15720
113000000 310.75409693904634878 12967.258794348936135 833.24869476534138357 -2624.9197003530416623 -4691.9707447668333771 8150.1391398852174461 15738
114000000 307.7123804822067541 12840.332955354750084 638.16220104230887955 -2681.5301910060838964 -4742.3990993707975576 8062.0914914191907883 15739
115000000 312.41248705210557546 13036.460693824605187 874.69102254604138125 -2722.4606684310620039 -4532.2823549636868847 8129.4340459407903836 15729
116000000 306.08300244735062279 12772.341682319492975 920.22588778805527454 -2678.0804762129091614 -4609.7477065524071804 8208.0540705533712753 15726
117000000 310.22921517375698386 12945.356339147268955 800.05812794783946629 -2669.6680525916854094 -4689.4520426376857358 8159.1782231772122032 15734
118000000 309.96798250889247583 12934.455528492791927 892.29822703526008354 -2621.163591450336753 -4588.7178765276767081 8102.1796950132729762 15728
119000000 309.41040182721377505 12911.188601140018363 1028.0652913421745325 -2637.1061702411657279 -4577.563495350705125 8242.7349569340440212 15725
120000000 305.11246726454805867 12731.842840925648488 810.07454871588072365 -2687.1482737540150083 -4619.0802323515799799 8116.3030548214755981 15731
121000000 308.54356548846681108 12875.016942431098869 931.73646113600943863 -2693.7244524665006793 -4607.2335144553944701 8232.6944280579045881 15730
122000000 309.12670352426630416 12899.350336254459762 1001.0527012601014576 -2674.9056313517194212 -4604.2032231268494797 8280.1615557386703586 15742
123000000 309.55676019106016383 12917.295895619505245 962.88515385032542326 -2653.6756318443922282 -4649.2366251003368234 8265.7974107950558391 15736
124000000 307.05898451774345403 12813.067813398984072 888.78802979478518864 -2638.3587833180940834 -4611.3451887039955182 8138.492001816874108 15736
125000000 310.05026748162464401 12937.889145448494673 1083.4724619904868632 -2624.7207226940854525 -4540.8801957971181764 8249.0733804816900374 15732
126000000 310.59524626918380363 12960.630216428151471 667.05734627095728229 -2701.0004911388214168 -4784.7557546113184799 8152.8135920210970653 15741
127000000 309.17413710412142791 12901.329661745521662 821.43260332675185964 -2609.5724778305370819 -4614.8173775320074128 8045.8224586892956722 15736
128000000 310.62901381085231378 12962.039280559494728 886.13183676306221059 -2730.1826535154009434 -4598.0258649684510601 8214.340355246913532 15740
129000000 308.26925699913130074 12863.570499067238416 916.98533460089072378 -2633.6097713092331105 -4588.1037083440733113 8138.6988142541968045 15735
130000000 311.0312193828270324 12978.822659416598981 788.54064525888384196 -2779.516356024783363 -4698.2644533133134246 8266.3214545969804021 15743
131000000 306.99461468283055865 12810.381765761681891 914.37406938585513672 -2720.2856215343526856 -4632.4339862964952772 8267.0936772167042363 15742
132000000 312.49803150796833506 13040.030323665436299 804.97948420989325768 -2764.3582455564010161 -4671.341586876038491 8240.6793166423321964 15732
133000000 308.0694210635061836 12855.231673226528073 744.38527714991209905 -2773.8523195174761895 -4707.8087628109678917 8226.0463594783577719 15737
134000000 312.71399860973809837 13049.042276612475689 1012.5443958008398795 -2672.2953970428948196 -4568.4751447883581932 8253.3149376320943702 15732
135000000 308.49449830437043829 12872.969449314339727 874.61727662499674807 -2695.5126504647118963 -4644.9617771775128858 8215.0917042672226671 15744
136000000 309.93321053950666055 12933.004551240177534 818.71046931625483012 -2732.1418569332090556 -4652.7231162144107657 8203.575442463876243 15737
137000000 310.18667240961076459 12943.581099374261612 839.60545697716668201 -2688.4982259498437998 -4664.6679399009863118 8192.7716228279969073 15732
138000000 308.424207937883466 12870.036347604775074 789.68575158575310979 -2589.4889516217299388 -4719.3870688266233628 8098.5617720341060704 15739
139000000 310.68417613703508096 12964.341113958815185 822.54671439347248452 -2681.608937572774721 -4611.5473474708187496 8115.7029994370659551 15735
140000000 310.30092041459016627 12948.348481242750495 927.31069521536505817 -2672.1896890265029469 -4628.113620497586453 8227.6140047394528665 15737
141000000 305.94547092597326809 12766.602717499246864 1138.0159297136178793 -2585.9668487249523423 -4546.7097849180127014 8270.6925633565824683 15734
142000000 309.83132691133113212 12928.753114536775684 1072.3487063947904971 -2617.3704128237486657 -4588.0822544891179859 8277.8013737076562393 15729
143000000 312.17144928048060137 13026.402582943166635 906.75498615605431496 -2650.3717855551008142 -4616.5269017497503228 8173.6536734609062478 15726
144000000 310.8690434037651471 12972.055321796799035 890.78328999110135555 -2721.2825713007077866 -4643.5285099549182632 8255.5943712467269506 15728
145000000 310.88702814344861736 12972.805795486838178 905.47887699999819233 -2649.7542983662551705 -4618.1530709382113855 8173.3862463044642936 15734
146000000 311.20259204832819933 12985.973759677930502 925.94184518988743093 -2642.339676612018593 -4639.3790388584911852 8207.6605606603989145 15739
147000000 310.73668582883811951 12966.532257276083328 886.14745977029656387 -2644.0031332953844867 -4702.1686039516480378 8232.3191970173284062 15739
148000000 310.10864970094377213 12940.325339707416788 1010.2300650120242835 -2631.3737087159197472 -4602.3037428380994243 8243.9075165660433413 15740
149000000 308.60321905680592636 12877.506187999473696 943.67661068217626053 -2610.9525457642635047 -4668.1715769387610635 8222.8007333852019656 15744
150000000 307.68121198363343183 12839.032345029052522 988.17886416511828429 -2532.1575904291921688 -4626.3603382673909437 8146.6967928617013968 15732
151000000 309.26830301266710421 12905.259050666680196 1113.5062893766137222 -2559.1366298570301296 -4562.4669861865804705 8235.109905420224095 15734
152000000 315.90862191710976958 13182.348667695303448 861.33701941214735598 -2673.736761916161413 -4638.4186911868564493 8173.4924725151649909 15727
153000000 312.06403514299967128 13021.920367157094006 928.91783954875825202 -2643.4870048728967049 -4555.7042774742794791 8128.1091218959336402 15735
154000000 310.76777509839985214 12967.82956150507016 838.55734372739641458 -2625.9846685847073786 -4696.9879180460447969 8161.5299303581487038 15737
155000000 309.08368695256046976 12897.555325269086097 795.09603478188114423 -2610.6120879988807246 -4761.9871318332880037 8167.6952546140491904 15732
156000000 307.76072669264061687 12842.350363423049203 1001.8546504765564578 -2677.9747197392007365 -4596.4522639733522738 8276.2816341891102638 15731
157000000 309.31565233468421638 12907.234860216356537 842.21767251273854527 -2662.9735597772664732 -4630.0930726694978148 8135.2843049595030607 15742
158000000 309.51828248972157098 12915.690284250311379 906.79549663373268231 -2670.7821752792569896 -4643.1812069854231595 8220.7588788984139683 15733
159000000 310.0879497615812852 12939.46156518799944 873.97723775225995269 -2623.0919696905207275 -4701.846617292186238 8198.9158247349660087 15736
160000000 312.18468463373648092 13026.954872527099724 996.07205258124304237 -2697.1292351791480542 -4652.4316070001286789 8345.6328947605197754 15731
161000000 306.99950311564668937 12810.58575204553199 1009.0592533413056344 -2679.9683969486873139 -4583.7883306553712828 8272.8159809453645721 15732
162000000 311.76174866373224859 13009.306448160357832 789.9687188452907094 -2632.2830495969674303 -4783.0627444674109938 8205.3145129096701567 15746
163000000 307.67499518413973192 12838.772928182415853 999.59627857620228042 -2650.7654807340099978 -4613.9935187281434992 8264.3552780383561185 15741
164000000 310.53222373049152338 12958.000389252421883 721.43336701412499679 -2728.7184016014298322 -4758.5518151286505599 8208.7035837442053889 15745
165000000 310.37645920441622138 12951.50059105026412 770.16455765112914378 -2715.0446328278007968 -4685.3391290921936161 8170.5483195711240114 15743
166000000 307.63285487492004222 12837.014482193422737 777.41488847700600218 -2602.170680806312248 -4743.65072227575547 8123.2362915590738339 15744
167000000 313.21005280010405158 13069.741804392982885 1001.2965139048932315 -2599.4605373287167822 -4636.7495158541760247 8237.5065670877866069 15737
168000000 306.43420786521352284 12786.996908391376564 853.99216430128433331 -2627.494263742531075 -4693.6718503444026283 8175.158278388218605 15751
169000000 310.97592859791643605 12976.515465645250515 785.35668999552433434 -2658.7674445968646069 -4705.6161591683667211 8149.7402937607548665 15753
170000000 310.12982103949366319 12941.208784941778504 949.75098706811297689 -2589.721333372629033 -4614.9571168229776958 8154.429437263719592 15750
171000000 313.35023049815828244 13075.591189825934634 1077.2164555007052513 -2614.8545488269874113 -4601.210446278375457 8293.2814506060676649 15733
172000000 310.1655403857772626 12942.699294678533988 904.86348296199730612 -2648.3180352005383611 -4646.9113278017330231 8200.0928459642673261 15745
173000000 309.52164668731103347 12915.830666698064306 923.77096827380375998 -2668.0903877702053251 -4610.2487981368849432 8202.1101541808930051 15749
174000000 307.64976502267251135 12837.720114924630252 1052.354889452389898 -2630.5126497502933489 -4535.4308907538052154 8218.2984299564886896 15734
175000000 306.80746727649881223 12802.572411437800838 954.7052874609544233 -2573.2034912199724204 -4634.2107917870162055 8162.1195704679430492 15739
176000000 306.2144257302547885 12777.825760366436953 877.98558951259076366 -2577.1996434953875905 -4692.801901671898122 8147.987134679875453 15747
177000000 311.46896538403990462 12997.089082095595586 835.76297342014186142 -2624.3100361638967115 -4677.4156932529122059 8137.4887028369503241 15742
178000000 306.786180045510946 12801.68413020207845 968.45115878814397092 -2661.6595017683339393 -4648.1665668415635082 8278.2772273980408499 15750
179000000 311.84536043627093704 13012.795430295887854 766.18056765729613744 -2640.3001287299230171 -4754.2904043183598333 8160.7711007055786467 15752
180000000 310.52007553907384363 12957.493465148932955 853.03712070439337367 -2632.153489823633663 -4659.0750583664566875 8144.2656688944844063 15742
181000000 307.78292431571230736 12843.276633827284968 988.10143057286120438 -2668.0845396083877858 -4540.4841969631515894 8196.6701671444006934 15738
182000000 308.16255776605061101 12859.118115069266423 978.39438327033110454 -2679.9646329653419343 -4634.9814066514900333 8293.3404228871640953 15745
183000000 309.75906405178886871 12925.737703927119583 1017.2422457238359357 -2566.6985925351291371 -4618.3214036344161286 8202.262241893380633 15748
184000000 310.60827062764991524 12961.173701545561926 805.71824410853423615 -2637.6234568306044821 -4721.1910828957188642 8164.5327838348575824 15762
185000000 310.19906556338594328 12944.098245355164181 822.26737255001057747 -2681.1110867798106483 -4668.0492263232335972 8171.4276856530550504 15750
186000000 313.33754979961190656 13075.062045073336776 887.25206240644661193 -2699.7054606781402981 -4697.6650416873571885 8284.6225647719438712 15749
187000000 312.84370014861303844 13054.454509104929457 945.55550204647784085 -2671.2122805544381663 -4593.3184837509043064 8210.0862663518200861 15746
188000000 312.71015277966529311 13048.881796431121984 753.99356814657539871 -2696.3997488258905832 -4663.6545614518618095 8114.0478784243287009 15745
189000000 307.14444453211052632 12816.633919634692575 728.89156709664666778 -2631.2844026408938589 -4772.3572478645310184 8132.5332176020710904 15748
190000000 308.98428411774688129 12893.407408003902674 816.26616220783284916 -2651.151946641818995 -4690.3853990960160445 8157.8035079456667518 15751
191000000 307.33446380480904736 12824.563112231884588 830.69331837779952821 -2660.1552121329518741 -4679.6761036045299988 8170.5246341152815148 15750
192000000 310.16683403732116631 12942.753276635730799 867.4029038507601399 -2647.3473519526205564 -4687.48988652371645 8202.2401423270966916 15753
193000000 313.3706721637218493 13076.44418700332244 842.5015378391736931 -2644.9821262369532633 -4747.2382114935498976 8234.7218755696776498 15749
194000000 308.98750106171615926 12893.541645799599792 750.38728132569303853 -2718.9976495868859274 -4792.3733752308517069 8261.7583061434306728 15744
195000000 310.46920355514868106 12955.370660695387414 901.17124259453566992 -2645.1462546506386389 -4708.552252873721045 8254.8697501188944443 15747
196000000 310.01440998648712366 12936.392870986643175 976.33378650103395557 -2669.5323420991753665 -4655.948241263365162 8301.8143698635758483 15748
197000000 310.42872217960461967 12953.681439287845933 924.28263596375404632 -2642.1681622597720889 -4671.2559041303939011 8237.7067023539202637 15747
198000000 311.75992839203047424 13009.230491207688829 959.01512400092815369 -2522.6733250316533486 -4706.8808849199467659 8188.5693339525278134 15752
199000000 312.9259588753076855 13057.887030856532874 913.25299456299546819 -2578.9831889083907299 -4635.563264942555179 8127.7994484139408087 15751
200000000 307.13519520131683294 12816.247960230592071 777.72848508331389894 -2612.6373685595062852 -4681.9602213193547868 8072.326074962174971 15750
201000000 309.14293009448806515 12900.027444416451544 902.97296032323595227 -2568.8854726234681038 -4725.6496688562883719 8197.5081018029923143 15754
202000000 309.96134128975455724 12934.178401310497065 843.98506511686559861 -2587.9851728209732755 -4706.2683941397863236 8138.2386320776249704 15748
203000000 313.12527004858333157 13066.203959225065773 837.57493221105789871 -2624.3688577005955267 -4662.847262362116453 8124.791052273771129 15748
204000000 306.65029887644072915 12796.014031876848094 877.6402578287909364 -2661.1881759025754945 -4690.4703940571353087 8229.2988277885015123 15742
205000000 312.28091104118834664 13030.970242688166763 986.08157491080464752 -2704.5505363072738874 -4600.4478819688083604 8291.0799931868859858 15742
206000000 309.81300716844947374 12927.988661712719477 897.55995935450357592 -2666.4235080599846697 -4638.1611273246608107 8202.1445947391493974 15741
207000000 310.69431771672827836 12964.764305446105936 951.14347218649993465 -2628.6563183912544446 -4628.1827550391881232 8207.982545616941934 15754
208000000 309.42076186918791336 12911.62090869999156 992.4549587438322078 -2644.9815921791650908 -4661.8892723152657709 8299.3258232382613642 15746
209000000 309.43866709053685327 12912.36806422034897 884.18508448218187823 -2654.2097724169284447 -4703.8040858204976757 8242.1989427196076576 15748
210000000 313.53116552471044542 13083.141311730601956 777.14874872434074859 -2692.7041616494789196 -4674.9747944698156061 8144.8277048436348196 15753
211000000 308.73584646344784232 12883.040512155097531 944.09546226561860749 -2666.5533956635872528 -4625.959853582762662 8236.6087115119680675 15752
212000000 308.89805251332381886 12889.809104580650455 941.62591277932222056 -2622.6378797040297286 -4571.7204841810744256 8135.9842766644269432 15733
213000000 310.66630029439909322 12963.595184363965018 781.99153064511278899 -2644.9906145200297942 -4764.8412884433819272 8191.823433608524283 15750
214000000 308.31554778636137826 12865.502137696365025 741.27066380700637183 -2685.2341468392100978 -4733.2210100882475672 8159.7258207344639231 15756
215000000 308.11470770218738835 12857.121410383624607 836.32826719756553757 -2655.8855353624221607 -4760.3703333254152312 8252.5841358854049759 15742
216000000 310.99133090121182477 12977.158178500294525 775.53290157444155284 -2778.8227245106290866 -4672.253798439154707 8226.6094245242256875 15737
217000000 309.74959861988008925 12925.342726977916755 781.92982563682915043 -2730.5079147869905682 -4634.2715140380933008 8146.7092544619126784 15747
218000000 309.13086849625807417 12899.524133704662745 750.85892450755386562 -2739.2793385400009356 -4624.7352373772691863 8114.8735004248246696 15733
219000000 312.51921491205297343 13040.914272374775464 575.89489886272122021 -2862.8672807016032493 -4741.0976034894192708 8179.8597830537437403 15752
220000000 308.2933172552624228 12864.574494094122201 852.81145959457603567 -2820.6313851614968371 -4582.9050738090945742 8256.3479185651667649 15744
221000000 309.39907611893704598 12910.715997909039288 802.94992846001923681 -2786.2360838279246309 -4667.3852726049553894 8256.5712848928997118 15745
222000000 313.15474899602429559 13067.434067353060527 809.1715150876136704 -2754.9032841033631485 -4592.2577255005735424 8156.3325246915510434 15743
223000000 311.68027467330847458 13005.906672166283897 823.74534862678183345 -2746.2127024958836046 -4699.8469167181710873 8269.80496784083698 15752
224000000 311.9480305553014432 13017.079685972737934 639.96232982080573493 -2815.0316840768859947 -4737.770987547130062 8192.7650014448208822 15748
225000000 309.98192009492532861 12935.037121098766875 894.3343796581461902 -2806.7183450257716686 -4670.3477903271777905 8371.4005150110970135 15741
226000000 310.37262960922726052 12951.340788323986999 937.020620745361839 -2770.5082694797633849 -4513.7755813294788823 8221.3044715546056977 15726
227000000 311.24511520618239047 12987.748181312528686 777.07572929399157147 -2787.4158720653822456 -4623.8726601977423343 8188.3642615571170609 15741
228000000 307.71427461231951384 12840.411994297772253 702.33966530341263024 -2780.4329336703708577 -4736.3307844090686558 8219.1033833828532806 15738
229000000 311.75118961867281087 13008.865836528022555 734.50123487882228801 -2787.0990384460783389 -4588.3850327252239367 8109.9853060501245636 15742
230000000 310.44830114983750491 12954.498437603997445 709.44666501111055368 -2731.2356733658525627 -4678.9678207818524243 8119.6501591588148585 15744
231000000 309.53473535265209193 12916.37683523589476 719.24339170290045331 -2793.3115755479257132 -4629.9619514162468477 8142.5169186670727868 15748
232000000 308.54805095753016531 12875.204113698449873 641.53308621355495234 -2749.9883328751102454 -4718.4038112205089419 8109.9252303091734575 15742
233000000 308.96398846508401448 12892.560503705386509 672.58991140089528926 -2739.4434418934060886 -4735.1204123851521217 8147.1537656794534996 15752
234000000 308.91836170161127484 12890.656573698581269 705.85611931163316513 -2712.0116299051096576 -4658.2516735882354624 8076.1194228049789672 15743
235000000 309.98746178178976152 12935.268366602644164 821.78847644095890246 -2696.9025938492286514 -4664.244825087155732 8182.9358953773426038 15737
236000000 306.41939668354456217 12786.378862072298944 738.21870680797974273 -2706.6146983934013406 -4705.8717304550227709 8150.705135656404309 15742
237000000 308.07802569114801372 12855.590730225485459 721.28968488799341685 -2731.5519282424838821 -4677.6553417039613123 8130.4969548344379291 15745
238000000 312.23848495312847717 13029.199871616881865 762.60720583290026298 -2757.4313745931885933 -4676.3243529011397186 8196.362933327227438 15740
239000000 304.63368232097730015 12711.863930490439088 721.23958694742157149 -2709.0935438102997068 -4706.2423297941531928 8136.57546055187413 15745
240000000 305.7381092718931086 12757.949855770413706 751.34188119860732513 -2702.6286118755238022 -4697.8233008661245549 8151.7937939402545453 15746
241000000 308.92993375208470752 12891.139456385402809 715.76961464383634848 -2640.7036415878028492 -4723.2854369607584886 8079.7586931923979137 15753
242000000 312.83133784687993284 13053.938650529142251 807.45029831448960067 -2676.5294079141240218 -4672.2328130473606507 8156.2125192759758647 15745
243000000 307.7971750462613727 12843.871293440332011 666.09025183887297317 -2712.8653379325432979 -4751.4541349239898409 8130.409724695406112 15749
244000000 309.1250314698649504 12899.280564166643671 828.91677803610309638 -2675.2979478618226494 -4620.1770146130857029 8124.3917405110114487 15748
245000000 310.59645113600873856 12960.680493544641649 676.56695752534278654 -2732.2017945336324374 -4749.4688213277458999 8158.2375733867211238 15752
246000000 308.30970418497281571 12865.258293794569909 884.23889367618266988 -2739.5822946900470924 -4561.4610085751664883 8185.2821969413953411 15742
247000000 313.83839562719577998 13095.961520016135182 824.47869091471238789 -2718.3650671063905975 -4737.8832248132121094 8280.7269828343160043 15753
248000000 311.10587682522822206 12981.937992041577672 710.76791565599955902 -2685.7690324948339367 -4699.1856083110542386 8095.7225564618875069 15753
249000000 313.78966389615197841 13093.928024805079986 830.65093135677409464 -2650.2251570791481754 -4684.1161512108228635 8164.9922396467445651 15746
250000000 311.01696691521527782 12978.227927318775983 798.09833003780181571 -2717.6700864273607294 -4634.0882512089847296 8149.8566676741475021 15747
251000000 311.7027693035519178 13006.84533619267313 890.59347144714183742 -2632.282344351341635 -4633.3707609225893975 8156.2465767210733247 15735
252000000 307.49221111087729241 12831.145648591169447 741.04206719156297822 -2675.1774463510732858 -4735.8270270564771636 8152.0465405991135412 15753
253000000 312.16927712413161089 13026.311942421300046 596.12367866035197039 -2696.0390702132772276 -4749.6808683069430117 8041.8436171805724371 15746
254000000 306.30123515527651534 12781.448175295583496 964.12011551193006653 -2678.9589145447048395 -4572.7467739717276345 8215.8258040283617447 15750
255000000 308.87769395971963604 12888.959575529015638 779.42022616211443165 -2718.6939059638016261 -4671.5215090105430136 8169.635641136459526 15751
256000000 308.54590954439953521 12875.114756040662542 683.49718409834986232 -2776.4912902317610133 -4672.9491262867841215 8132.9376006168959066 15748
257000000 308.59535374420551079 12877.177981404636739 718.54157567969593856 -2759.6811049412785906 -4668.8005745397367718 8147.0232551607114146 15743
258000000 311.20324352340213636 12986.000944664276176 751.22754131560168389 -2781.7782142996775292 -4638.5589979034321004 8171.5647535187099493 15750
259000000 308.91330238187833857 12890.445456583967825 631.91839261428378904 -2770.5833396738480587 -4767.2605491882532078 8169.7622814763844872 15759
260000000 307.06646751041381549 12813.380066410187283 756.33203177362497627 -2775.9493613321283192 -4645.7695460175145854 8178.0509391232681082 15740
261000000 312.23587391768887755 13029.090917390372852 808.07896658736513018 -2716.1243677281690907 -4731.6777675139956045 8255.8811018295309623 15749
262000000 311.21212651247117265 12986.371617229046024 837.26384521267698346 -2642.4211098462183145 -4730.5785575745667302 8210.2635126334625966 15749
263000000 310.65513588915285936 12963.129312043893151 890.96155531449960563 -2690.3578762274432847 -4649.6407308296747942 8230.9601623716171162 15745
264000000 310.34220785370138174 12950.071338360918162 794.48870236978939374 -2732.6492970961007813 -4658.278787967576136 8185.4167874334671069 15750
265000000 313.60716546697960894 13086.312664673225299 744.13868038792838888 -2765.8279733977933574 -4678.0736099085788737 8188.0402636943017569 15742
266000000 311.12125810356485545 12982.579827559577097 838.0533316022621193 -2686.0744196959594774 -4713.6159675797953241 8237.7437188780168071 15747
267000000 311.21654003475117634 12986.555786275128412 746.82342363736120205 -2725.7377307863689566 -4736.9802175778913806 8209.5413720016222214 15751
268000000 310.54274543935110842 12958.439442906372278 721.56052387012641702 -2758.0948927346744313 -4789.0778552198007674 8268.7332718246034347 15747
269000000 306.75040116777017829 12800.191136315252152 831.40168314368725078 -2756.14035330121078 -4580.2873319424998044 8167.8293683873971531 15741
270000000 310.93129546716693312 12974.652998302321066 642.58646792091326461 -2747.4884763146001205 -4730.899020452365221 8120.9739646878788335 15748
271000000 311.03746256289394978 12979.08317708128925 635.64415870708444345 -2797.9204379311477169 -4675.0196762638042856 8108.5842729020369006 15744
272000000 309.61937167499155521 12919.908570154238987 822.93068754293494749 -2756.1311886174189567 -4675.5110414630280502 8254.572917623383546 15750
273000000 307.84006676168087324 12845.661094377654081 830.20897788404420226 -2729.5804607113850579 -4638.8914293327370615 8198.6808679281657533 15747
274000000 309.72637622179945538 12924.373694393299957 757.58567116832159627 -2708.0215292510447398 -4718.5542684297679443 8184.1614688491335983 15753
275000000 305.63075208870765209 12753.470016593681066 816.90603379791605221 -2740.8968767268825104 -4605.293851038612047 8163.0967615634099275 15744
276000000 310.62316842862162503 12961.795362346078036 647.74479086548490159 -2852.5633366215633941 -4688.3153442887687561 8188.6234717758161423 15747
277000000 305.87805746041993871 12763.789664147208896 888.96781862280090536 -2649.7387848892162765 -4616.8103598193720245 8155.516963331388979 15751
278000000 310.52491886419238654 12957.695569162542597 863.20560468148801192 -2663.5584103957098705 -4686.4416873040381688 8213.2057023812340049 15741
279000000 312.66085007723887657 13046.824475520725173 741.17283637221817116 -2745.3152862261085829 -4603.7728486468367919 8090.2609712451630912 15741
280000000 308.92753853859443325 12891.039508054866019 777.43756044757765267 -2769.925034903309097 -4685.4386257049472988 8232.8012210558335937 15754
281000000 308.65096788518576432 12879.4986682944309 741.78136715592950168 -2736.6625130591883135 -4706.3494812305179948 8184.7933614456360374 15749
282000000 310.39899024901944813 12952.440774588163549 853.41958343853104907 -2717.0851477896658253 -4645.1421919689100832 8215.6469231971077534 15743
283000000 310.11660409105672898 12940.657263360755678 885.43611752795425218 -2684.9156070604531124 -4688.9016280133146211 8259.2533526017232361 15755
284000000 310.10815218873648291 12940.304579338981057 749.27135970335314141 -2671.9139334213432448 -4686.9543423457653262 8108.139635470461144 15752
285000000 308.62299296177030783 12878.331320622257408 894.96990167635658509 -2660.1088298130534895 -4600.888656462750987 8155.9673879521615163 15744
286000000 311.96147346022291913 13017.640636347266991 852.3638896452850986 -2631.1740478761921622 -4686.4383163358797901 8169.9762538573577331 15751
287000000 307.14090193249080585 12816.486092762816043 689.03850232466504622 -2745.6469225261739666 -4699.5012840248873545 8134.1867088757262536 15759
288000000 313.42561997197515211 13078.737068921278478 773.09248300882200056 -2767.032905133631175 -4688.032241294553387 8228.1576294370061078 15752
289000000 308.51586408759311553 12873.861008405985558 726.97114080049232143 -2768.0558882709406134 -4686.0856020075243578 8181.1126310789568379 15745
290000000 309.68538994614891635 12922.663404332404752 718.76370597011066366 -2759.7699801826174735 -4688.2020233289431417 8166.7357094816716199 15745
291000000 308.99406738868776756 12893.81564785462615 783.62899234850078756 -2658.375558185182399 -4746.1056101431458956 8188.1101606768288548 15757
292000000 311.4412004821298865 12995.930498276384242 667.7291171952242621 -2752.3409993020954971 -4692.7667723745107651 8112.8368888718305243 15756
293000000 309.46592341470000065 12913.50542592430611 781.18687582304880834 -2693.0498429605900128 -4685.2800728177562632 8159.5167916013942886 15758
294000000 309.8363092705839108 12928.961020216776888 771.60243042592844631 -2714.4328345795474888 -4704.5239598955031397 8190.5592249009787338 15750
295000000 313.29258335627309862 13073.185669142723782 786.37727454468085853 -2736.4903176151301523 -4623.3622852584294378 8146.2298774182399939 15742
296000000 308.96360588552300896 12892.544539287777297 832.89745946319146697 -2741.0701354975071808 -4603.9743082064396731 8177.9419031671377525 15740
297000000 311.84657771139359284 13012.846225190291079 812.31584500845985986 -2694.2910547632236558 -4720.7725017302400374 8227.3794015019229846 15754
298000000 312.04465794844696802 13021.111788609141513 724.28564261730480212 -2777.896436910830289 -4742.6508714163064724 8244.8329509444411087 15764
299000000 308.90943752594870375 12890.284182484812845 741.59807651164987874 -2760.2331231084131105 -4708.0473235675026444 8209.8785231875663158 15750
300000000 309.68437543793413624 12922.621070568508003 696.67218892895925819 -2758.8693473715766231 -4712.4302312083600555 8167.9717675088959368 15748
301000000 312.39445395753222101 13035.708202364319732 646.84873655917817814 -2773.3416837487657176 -4786.3618237105802109 8206.5522440185231972 15750
302000000 313.10819171963765939 13065.491308568502063 933.25760172129014336 -2718.2118202550373098 -4646.2108692685160349 8297.6802912448438292 15743
303000000 307.74181608528374454 12841.561254793523403 800.62101372617814832 -2712.265757573938572 -4692.8609978935637628 8205.7477691936801421 15754
304000000 311.14502166616017576 12983.571442051821577 816.82501401961417287 -2686.7340726646511939 -4728.897438893754952 8232.456525578019864 15749
305000000 311.91931347832439769 13015.881369449651174 858.06321332538061597 -2750.1179014979538806 -4595.8144966753070548 8203.9956114986416651 15743
306000000 308.08547458160006727 12855.901560207050352 827.31233300018539012 -2755.5529825562343831 -4636.4274149149159712 8219.2927304713375634 15737
307000000 310.79246876364146601 12968.859987655274381 954.49515102888574347 -2752.5963194152545839 -4656.5494666514205164 8363.6409370955625491 15748
308000000 310.82162016626443801 12970.076427875223089 863.15683110577447223 -2736.5348886069741638 -4638.6718522326964376 8238.3635719454468926 15753
309000000 309.69294374487083132 12922.97861196401027 829.78668701670324026 -2686.9428150568883211 -4655.8639822005898168 8172.5934842741808097 15760
310000000 308.05210151586425127 12854.508956909394328 794.4720636730608021 -2741.5784582640117151 -4739.2682335002818945 8275.3187554373544117 15754
311000000 311.09708732700528344 12981.571220696479941 721.45528031117044065 -2823.0938153395391055 -4747.1321919928050193 8291.6812876435142243 15755
312000000 310.60304252657238067 12960.955541462257315 828.17712116383881948 -2731.3911380936015121 -4652.9629554975790597 8212.5312147550193913 15752
313000000 308.06352837870957728 12854.985781154617143 871.81799221760661567 -2704.8124206264219538 -4623.4225676041332918 8200.0529804481611791 15743
314000000 303.41104412124030887 12660.845243676612881 837.98730332624313633 -2656.6925726991626107 -4715.5137203927270093 8210.1935964181320742 15749
315000000 310.69844002438986763 12964.936322583786023 704.64118115658322949 -2821.864159840879438 -4800.6057149468615535 8327.1110559443259262 15755
316000000 310.52348017494574606 12957.635535019890085 655.06656115581040467 -2789.8601603467559471 -4746.6066958352494112 8191.5334173378159903 15748
317000000 310.17046867106824948 12942.904943940797239 747.58731535728225026 -2717.5940604322463514 -4691.2494244875797449 8156.4308002771085739 15743
318000000 314.26237771633083184 13113.653597218455616 697.7628067277091759 -2728.763413128063803 -4703.4223737268603145 8129.9485935826323839 15750
319000000 311.11978374961381633 12982.518305187302758 913.52165614724219722 -2619.1670912475119621 -4646.344640907916073 8179.0333883026705735 15751
320000000 309.56598424238774214 12917.680800152946176 730.35642143656968983 -2837.2902033105865485 -4639.3938841352764939 8207.0405088824336417 15758
321000000 308.44345506059806894 12870.839498468256352 588.0155611652397738 -2739.2315927979379921 -4788.432984244716863 8115.6801382078938332 15767
322000000 308.55944461377816879 12875.679552286828766 827.42699684557874207 -2774.3491385323495706 -4642.4982531585537799 8244.2743885364834568 15748
323000000 309.70377085906415005 12923.430409681637684 629.15625159738647199 -2711.341562683194752 -4754.6017360674049996 8095.0995503479853141 15760
324000000 312.5907448055317559 13043.899097512747176 833.13281703871552963 -2674.019550996846192 -4621.4015037848057545 8128.5538718203679309 15758
325000000 312.54071504046186192 13041.811437470702003 677.42627231648941688 -2710.4061265201626156 -4794.2526190666740149 8182.0850179033259337 15758
326000000 309.24239143982532596 12904.177803229824349 780.37790663807390956 -2728.3398418077749739 -4685.6884702221041152 8194.4062186679529987 15759
327000000 309.53001967643916714 12916.180057801757357 595.18223947925173434 -2770.0637024028801534 -4758.4526960022976709 8123.6986378844303545 15757
328000000 312.93986960312167867 13058.467502713085196 703.6327393895694513 -2731.5957384993553205 -4736.750723519663552 8171.9792014085887786 15760
329000000 307.78242763109409452 12843.255907992785069 779.04605456528202012 -2702.5113088810794579 -4749.383579847515648 8230.9409432938773534 15750
330000000 311.89402733653429323 13014.826220224806093 722.3319005090625069 -2748.044365398566697 -4731.1033032159702998 8201.4795691235995037 15750
331000000 309.92177415653372918 12932.527329735643434 741.49175049393136305 -2750.8622445829410026 -4655.7102578452959278 8148.0642529221686345 15757
332000000 310.82902732427328374 12970.385516430376811 692.28346395465314345 -2707.0026677909463615 -4693.0593185544312291 8092.3454503000311888 15768
333000000 312.93346277151698587 13058.200156138131206 651.68290088558001116 -2746.6292387415151097 -4805.4370280157190791 8203.7491676428144274 15758
334000000 314.76295644950391761 13134.541926749558115 638.48877069062314149 -2707.3780873188234182 -4769.4939022248354377 8115.36076023428177 15756
335000000 310.02103331987302681 12936.669251825842366 811.7343347743387767 -2656.9151682171036555 -4783.6203427455648125 8252.2698457370061078 15766
336000000 314.05842497837568317 13105.142983968522458 872.55891789646216239 -2780.4814533097810454 -4665.4477357897758338 8318.48810699601745 15755
337000000 310.22786425622211937 12945.299967574192124 770.37911706495333419 -2692.2289513221226116 -4761.856021616934413 8224.4640900040103588 15755
338000000 308.47572499905618315 12872.186070073861629 707.86365078655637717 -2734.0571447193210588 -4788.8249906302171439 8230.7457861360944662 15759
339000000 307.33473894422178319 12824.574593348317649 812.43246135374840833 -2708.9547799474048588 -4733.5125283985453279 8254.8997696996993909 15751
340000000 313.8202777121099416 13095.205489134978052 605.25163994194508632 -2727.1465219447800337 -4808.373607702937079 8140.7717695896626537 15750
341000000 311.01824471630453672 12978.281247862494638 714.51345049257520259 -2733.2970974686986665 -4781.9577441559831641 8229.768292117256351 15756
342000000 308.41420809179669504 12869.619070428421765 810.57197934599787459 -2674.7125666929573526 -4680.0077610113985429 8165.2923070503529743 15754
343000000 308.88443526192588706 12889.240879013605081 770.44773784940969108 -2707.9696892907059009 -4696.6843174929827001 8175.1017446330988605 15751
344000000 308.49967946296965238 12873.18565056501393 686.44163652090855976 -2792.466491126211622 -4766.8614339971009031 8245.7695616442215396 15754
345000000 308.08831011156286195 12856.01988222181717 733.65819413558369888 -2742.6037463711236342 -4804.430015728719809 8280.6919562354269146 15762
346000000 311.07418316885940612 12980.615467742392866 800.95389768931590879 -2701.9311965044234967 -4751.6325086462620675 8254.5176028400019277 15755
347000000 313.90817121902114195 13098.873141023357675 967.81212889194262061 -2746.383558504278426 -4560.0578705377038204 8274.2535579339237302 15757
348000000 308.60505845249281265 12877.582942964676477 632.24760725710143561 -2712.6911818547459916 -4722.0377732178749284 8066.9765623297225829 15755
349000000 310.00954123429460196 12936.189705942939327 772.58795690838530845 -2766.5295690897573877 -4675.6156058013784786 8214.7331317995212885 15760
350000000 310.60523531779449513 12961.047043043536178 689.81577336232362541 -2715.1124734134227765 -4764.0245616841011724 8168.9528084598478017 15760
351000000 309.77728752259974954 12926.498139475559583 744.22733036340673607 -2696.8558757781920576 -4641.0798373286716014 8082.1630434702692583 15755
352000000 310.55012346597101214 12958.747315856444402 686.58337563120312552 -2757.2467826373922435 -4751.7916681543774757 8195.6218264229737542 15756
353000000 310.28836217120124275 12947.824446343032832 643.06126322706495557 -2907.4660251649511338 -4692.8000196362609131 8243.327308028276093 15758
354000000 306.80307822309919175 12802.389263437964473 583.88640751602997625 -2773.953671146007764 -4786.5294546327550052 8144.3695332947936549 15765
355000000 312.00547866921743889 13019.476901545223882 669.05930507135633434 -2702.3236916052774177 -4761.9241251699686472 8133.3071218466029677 15754
356000000 313.86021615214372105 13096.872054734150879 718.4218232604887362 -2750.3124769214650769 -4744.076229219898778 8212.8105294018532732 15761
357000000 313.16687041110361633 13067.939874123865593 562.22178146449323322 -2746.8428465775050427 -4845.7467215515735006 8154.8113495935713217 15767
358000000 308.02343017430513328 12853.312548850288294 719.3297534990240365 -2649.8497094258564175 -4723.0025032855037352 8092.1819662103844166 15757
359000000 312.30244823402108523 13031.86895442171226 786.8439358607477061 -2681.0345743188081542 -4678.8040037136443061 8146.682513893199939 15758
360000000 307.28933757020206485 12822.680068473724532 880.55751598882500275 -2685.0517094801407438 -4618.9879089309979463 8184.5971343999626697 15751
361000000 308.27721255700436132 12863.902471449291625 740.61415303387616405 -2731.539252540113921 -4723.1503392026061192 8195.3037447765964316 15759
362000000 309.87699353653039225 12930.658707908049109 800.12980741910814686 -2721.0189400129793285 -4575.4829875706000166 8096.6317350026874919 15749
363000000 307.72183260257764914 12840.727376835309769 770.86114126277948344 -2804.044490927566585 -4577.0938500849933916 8151.9994822753396875 15750
364000000 313.232402907255846 13070.674437707792094 585.0257276918948719 -2780.1860716885203146 -4784.9484402240232157 8150.1602396044381749 15767
365000000 309.63129213023518105 12920.405991200696008 696.96603374678102227 -2751.8315146386635206 -4748.0340892902586347 8196.8316376757029502 15765
366000000 308.14769181169469903 12858.497783175795121 712.60691936026626081 -2795.5868017074390082 -4668.9192544598054155 8177.1129755275105708 15747
367000000 311.60673391474188065 13002.83793692623658 613.60554029449474456 -2811.506501585834485 -4749.70276731490776 8174.8148091952361938 15754
368000000 312.34788556320114594 13033.764979646175561 552.12599556103327814 -2759.8085268142581299 -4785.2605860395278796 8097.195108414819515 15761
369000000 308.19088549785021769 12860.30018485666551 655.86154194122798344 -2740.2570733578686486 -4719.6993222663177221 8115.8179375654144678 15750
370000000 309.47371289375166725 12913.830468109528738 744.74298538157086114 -2751.9696158723509143 -4712.6277944250841756 8209.3403956790043594 15746
371000000 309.30575138412842762 12906.821709788311637 601.68887081299737929 -2699.5367855525678351 -4780.5930232742994122 8081.8186796398640581 15757
372000000 307.30188167144171985 12823.203513244749047 602.50108788510056002 -2877.9951263465736702 -4762.1876016692949634 8242.6838159009694209 15753
373000000 311.35002828689698617 12992.126032101750752 765.8670827870219 -2756.9939104406867045 -4573.2361020680618822 8096.0970952957695772 15740
374000000 310.0640562280181598 12938.46452722043432 622.97132508430013331 -2861.855373806026364 -4696.1825688245535275 8181.0092677148786606 15752
375000000 308.70653590695906132 12881.817430705359584 702.61525641279706633 -2837.3773670719483562 -4588.5198416080520474 8128.5124650927964467 15756
376000000 311.8862996021009053 13014.503754541236049 740.38175721299762699 -2667.8498746412233231 -4678.3907751680872025 8086.6224070223088347 15754
377000000 311.56187592952943533 13000.966086775353688 600.5396722852901803 -2811.6095490394550325 -4724.7949504153284579 8136.9441717400741254 15747
378000000 307.76532346694989428 12842.542179275758826 592.0551789581736557 -2766.3548884151459788 -4765.2936542988072688 8123.7037216721264485 15764
379000000 306.27938339973690063 12780.536337376199299 586.21163631717672615 -2818.5777577469152675 -4771.5889808190586336 8176.3783748831501725 15758
380000000 314.21496221098306023 13111.675025946940877 610.12962242670596424 -2740.0271026612181231 -4698.9345913621409636 8049.0913164500652783 15756
381000000 308.96193957387492901 12892.475006835638851 757.05280703559992617 -2694.5313994346524851 -4686.3499436849306221 8137.9341501551825786 15760
382000000 308.90926976760158595 12890.27718220413044 695.56745763454341613 -2789.2591015720431642 -4745.6759569315208864 8230.5025161381072394 15759
383000000 313.4620269195127662 13080.256271130623645 573.30800579048877808 -2801.195943188655292 -4723.6810343425731844 8098.1849833217165724 15762
384000000 307.69617377467011465 12839.656676030028393 578.96257177782626968 -2710.7915189774985265 -4786.6966375827196316 8076.4507283380426088 15759
385000000 312.92147475619856323 13057.699915920557032 607.49998621284316869 -2747.6379885386513706 -4779.7290183966961195 8134.8669931481908861 15756
386000000 309.01344828091407635 12894.624380700433903 721.61530150400631101 -2704.6255473229020936 -4708.8603160841303179 8135.1011649110387225 15755
387000000 310.83015501010703474 12970.432572910691306 807.74100629309168653 -2809.2997680009166288 -4628.9494157581566469 8245.990190052165417 15758
388000000 307.54591733764357286 12833.386721350003427 610.80420019104076346 -2762.6353289511398543 -4768.1384864032752375 8141.5780155454558553 15758
389000000 308.78239533862085864 12884.982920370790453 658.64841666135453124 -2817.2247931239894569 -4815.8935592532889132 8291.7667690386333561 15762
390000000 312.1951469346478234 13027.391447184803837 676.0882783923129864 -2758.113101570433173 -4768.6370019939231497 8202.8383819566697639 15761
391000000 307.65721237355711537 12838.030880662568961 791.85065969593472346 -2734.8156079749942364 -4658.1595546688431568 8184.8258223397724578 15750
392000000 315.87374419402277681 13180.893277514185684 828.5183261095889975 -2688.4597831554237928 -4706.2881608468696868 8223.2662701118824771 15756
393000000 306.32420183759859356 12782.406537280996417 793.33843258456136027 -2737.9394355106037438 -4606.5313167121885272 8137.8091848073545407 15756
394000000 312.49059617443759862 13039.720059391964242 652.01003728959904038 -2787.2282166851359761 -4732.4276034687518404 8171.6658574434859474 15757
395000000 311.84712850516029903 13012.869208910813541 475.15233495544828202 -2786.1328876255192881 -4781.8890080315222804 8043.1742306124888273 15756
396000000 310.89290792451072321 12973.051149107071979 672.69454290127055174 -2855.0214728353657847 -4699.3509239796958354 8227.066939716332854 15757
397000000 310.93101290659240021 12974.641207512975598 557.68660041939585881 -2879.3660876429630662 -4770.3694695393196525 8207.4221576016789186 15765
398000000 307.94799392124531323 12850.164717733860016 442.24410598720868393 -2821.3561013447060759 -4800.9533985696834861 8064.5536059015976207 15764
399000000 308.59231459122719343 12877.051162535397452 710.7426320097149528 -2795.6104439493524296 -4601.3103951219436567 8107.663471081010357 15755
400000000 309.337227507667194 12908.135156799276956 643.06999073203132866 -2882.5644485926936795 -4739.4275449026381466 8265.0619842273627 15761
401000000 310.01060585956747673 12936.234131009474368 864.0958941687179049 -2750.1741747412988843 -4629.7023970819100214 8243.9724659919265832 15748
402000000 310.95641743525976608 12975.70129682804145 615.25944460778521261 -2742.1211531573162574 -4683.7291811225077254 8041.1097788876095365 15757
403000000 314.58948230798665691 13127.30313534072593 676.05635311285925582 -2785.8895965008014173 -4672.5581220523990851 8134.5040716660596445 15751
404000000 311.0347416487445571 12978.969637796433744 646.77139336629875288 -2756.2565648594254526 -4736.9809082358224259 8140.0088664615459493 15752
405000000 306.17542890039845815 12776.19848661562537 915.08394562611897527 -2805.3082916799889972 -4582.366054293873276 8302.7582915999810211 15759
406000000 305.17836885662228497 12734.592806277043564 588.11370169963106491 -2830.4633648113749587 -4683.0918474106456415 8101.6689139216514377 15760
407000000 308.87431715555118217 12888.818667029396238 583.24089732623860982 -2779.8895374108828946 -4771.5012684021348832 8134.6317031392563877 15766
408000000 308.46223508806946256 12871.623158213324132 640.30802544816674526 -2813.1383776607517575 -4752.6265598176487401 8206.072962926567925 15755
409000000 310.97349018456088743 12976.413714655191143 528.20880137265635312 -2883.1752102048194502 -4705.4185302141586362 8116.8025417916351216 15758
410000000 307.59631343380806356 12835.489667787804137 775.95333965476356752 -2806.9308180025054753 -4688.4912440444222739 8271.375401701690862 15753
411000000 310.19886849542615437 12944.090022032414709 727.08252166656723148 -2720.9750389814580558 -4727.5621879852133134 8175.6197486332393964 15753
412000000 314.68393677024039334 13131.24456513486075 653.08869196139596625 -2806.5289993221831537 -4736.0556082799712385 8195.6732995635502448 15748
413000000 305.20544564745034677 12735.7226763493818 613.20786670197958301 -2774.3978539816021112 -4717.5206561895374762 8105.1263768731196251 15761
414000000 308.27506170585587597 12863.812719958497837 840.92168273819027036 -2844.8389749353891602 -4663.3499218402266706 8349.1105795138064423 15753
415000000 312.28717234658205371 13031.231516693016601 855.76658231467808946 -2757.6490906581093441 -4655.2176947504640339 8268.6333677232505579 15748
416000000 312.833149778288373 13054.014259455048887 520.81825061822542011 -2828.9528885516128867 -4677.951201916302125 8027.7223410861406592 15755
417000000 309.3272891480324347 12907.720445351722447 720.29093012185830958 -2828.0982888931221169 -4666.1987807197383518 8214.5879997347183235 15754
418000000 309.94162854974604215 12933.355821001005097 567.99689556258761058 -2804.8228265762318188 -4712.2593859957505629 8085.0791081345705607 15764
419000000 308.46114129730426612 12871.577516118630228 647.43988583377426949 -2765.5516136355636263 -4707.6028524523217129 8120.5943519216598361 15757
420000000 305.71708113359437675 12757.072386047670079 574.41288928698111249 -2798.5453600558575999 -4797.6046708901549209 8170.5629202329928376 15759
421000000 311.4903821784620277 12997.982769800930328 537.79099471148026623 -2771.0434645181308042 -4755.3358097164709761 8064.170268946082615 15755
422000000 310.55630621081746767 12959.005311658505889 542.28485465554626899 -2782.7900990683101554 -4803.325828866075426 8128.4007825899316231 15757
423000000 309.25950287358324431 12904.891835295908095 592.00151068245895658 -2739.5037549447797574 -4702.9258153421378665 8034.4310809693761257 15754
424000000 306.06982401086901291 12771.791767779201109 629.05233227224277925 -2749.341070055084856 -4736.5691334053553874 8114.9625357326831363 15766
425000000 312.40555729630807491 13036.171526480738976 599.67532809507770253 -2774.8318111340040559 -4734.8509405678123585 8109.3580797968943443 15765
426000000 309.47586598480154407 12913.920313067734241 692.46949722522981574 -2735.5236596783011009 -4707.6667891694069112 8135.65994607293851 15748
427000000 312.50824135174883622 13040.456363701130613 769.0766229131156706 -2767.4887148145126048 -4702.6179831661329445 8239.1833208937623567 15763
428000000 310.88358857118515743 12972.662267777561283 658.79771783423689158 -2764.4907467128891767 -4773.79670736643493 8197.0851719135607709 15762
429000000 313.11216389040151853 13065.657060739680674 651.92130141405516497 -2787.5672939653377398 -4598.069360209050501 8037.5579555884423826 15753
430000000 311.3401116734628431 12991.71222808748098 691.38041716839506989 -2796.3829110439664873 -4696.6921061000084592 8184.4554343123700164 15753
431000000 308.57806659746489686 12876.456617123973047 649.89940419521076365 -2753.3460732680123328 -4739.1761997567136859 8142.4216772199361003 15762
432000000 308.33838336036978944 12866.455028746880998 636.65066133180334873 -2754.547310600198216 -4718.46996149638926 8109.6679334283908247 15756
433000000 307.53253952925365411 12832.828487346971087 477.68295656022235107 -2840.7847642902229381 -4873.0680030456187524 8191.5357238960650648 15760
434000000 308.65739576523588994 12879.76689318649187 593.17947365124382486 -2937.0063278188317781 -4630.8215221650425519 8161.0073236351181549 15758
435000000 306.92276971466094437 12807.383793073619017 673.31699111928196544 -2768.5224848410516643 -4651.1552280622800026 8092.994704022613405 15737
436000000 312.1763235684064739 13026.605978983945533 573.17085396168249645 -2760.9227530843945715 -4801.4819749963289723 8135.5755820424055855 15761
437000000 308.49906647076301169 12873.160071405605777 570.34016556775577556 -2811.1102346918519288 -4770.9452544666455651 8152.3956547262532695 15754
438000000 307.75731552881626385 12842.208021151342109 529.31469380897522115 -2853.2807568312136937 -4732.6119016431330238 8115.207352283320688 15749
439000000 307.48510839794698768 12830.849264029819096 589.50398553384889055 -2836.4428144455660004 -4718.235697733904999 8144.1824977133201173 15754
440000000 313.41321589534226177 13078.219467147438991 530.25030614848151345 -2862.9176921651305747 -4772.7164139727792644 8165.8844122863920347 15758
441000000 309.79956495132000782 12927.427740038621778 622.5479412080195516 -2846.2647944229097448 -4717.8040669792699191 8186.6168026101995565 15749
442000000 307.30553522307724279 12823.355969962272866 609.08520471969131904 -2768.3385243835246001 -4710.0843012136811012 8087.5080303168979299 15766
443000000 312.10649094730109709 13023.691978238401134 610.08652770977209912 -2741.2712405309589485 -4769.450730892395768 8120.8084991331261335 15764
444000000 308.12449215517904122 12857.529699559387154 597.11106614162792994 -2856.810687975383189 -4703.5610092102415365 8157.4827633272525418 15747
445000000 309.29079589124330596 12906.197641598868358 676.3383752824001931 -2799.2073327097768924 -4778.1345049060428209 8253.6802128982199065 15758
446000000 308.70720223685822248 12881.845235559198045 627.13279241142527098 -2788.54970932021115 -4819.1074917405185261 8234.7899934721554018 15760
447000000 311.00583279262366432 12977.763318644212632 710.4629093259329693 -2769.5718533225808642 -4691.8763864607235519 8171.9111491092380675 15746
448000000 311.68958766870207455 13006.295288189721759 666.89950670693656321 -2761.738699465058744 -4686.3646852612073417 8115.002891433203331 15765
449000000 313.13779341019437652 13066.726538565404553 642.5058971564735657 -2766.1649490126933415 -4697.8011462439635579 8106.4719924131304651 15757
450000000 310.53494108184406741 12958.113779867608173 804.27978347905525425 -2680.9564666782084714 -4694.7611458494466206 8179.9973960067100052 15749
451000000 311.10453025128703075 12981.881801719542636 714.62761937371112708 -2747.6896438857602334 -4850.0907599772563117 8312.4080232367268763 15758
452000000 305.22869203752685507 12736.692710080636971 741.29319100629481909 -2803.9584964016667072 -4659.7360949426583829 8204.9877823506194545 15755
453000000 311.62444851068948992 13003.577137961243352 653.51311258360169631 -2878.6219985882944457 -4685.3555911141756951 8217.4907022860716097 15753
454000000 314.27485247748114716 13114.174148541276736 676.95168070903537227 -2873.6437709827105209 -4737.2364107758248792 8287.8318624675703177 15764
455000000 308.02917805762410808 12853.552398594029 569.089656642080854 -2754.315425019799477 -4832.1705652374566853 8155.5756468993386079 15756
456000000 309.95149123675099645 12933.767374753828335 721.53739521573334059 -2647.4139902712399817 -4686.7300208134165587 8055.6814063003894262 15760
457000000 312.74012638361932659 13050.132545764114184 580.98418765163546595 -2811.9621627002652531 -4688.1769959967714385 8081.1233463486723849 15753
458000000 306.21467582429460208 12777.836196380536421 619.55067542768324529 -2742.2847341569449782 -4717.0946297609216344 8078.930039345548721 15755
459000000 309.18786234348789321 12901.90239347338138 680.04053212943472317 -2825.9260974576227454 -4711.9388295194294187 8217.9054591064868873 15750
460000000 306.78709054600244599 12801.722123894267497 535.08134555211586303 -2768.3817918787503913 -4765.5552762942770642 8069.0184137251435459 15754
461000000 308.90239054833159571 12889.990123666670115 609.74158942226279123 -2810.9184879538624955 -4670.0910201046190195 8090.7510974807446473 15746
462000000 311.1435940379828935 12983.511869469451995 720.32408910577657934 -2802.8939057510301609 -4752.0009428841576664 8275.2189377409631561 15751
463000000 309.86140230406499541 12930.00811134860669 792.88635192808965257 -2795.5898701781497948 -4675.8517930811967744 8264.3280151874369039 15746
464000000 313.04181423047089083 13062.721484811960181 677.05341184881842764 -2746.3318023948099835 -4665.8206781571043393 8089.2058924007324094 15760
465000000 308.89676225766629614 12889.755264328223348 629.69941365106092235 -2796.2748990184936702 -4720.7362190054745952 8146.7105316750303245 15750
466000000 311.91998781247110628 13015.909508307611759 645.57871591363141306 -2788.2028386015808792 -4782.16356214057123 8215.9451166557846591 15754
467000000 309.47882401980422173 12914.043747016892667 690.53423708944671944 -2753.4976734361794115 -4838.6648857566069637 8282.6967962822345726 15757
468000000 309.74612026619905691 12925.197580983689477 578.35658948140326174 -2797.1631633481156314 -4699.9652262335903288 8075.4849790631087671 15758
469000000 308.05429525242567479 12854.60049793813414 706.97204974584258252 -2819.9430861675773485 -4722.7290614971398099 8249.6441974105582631 15752
470000000 312.50710250882690389 13040.40884165382522 605.19836177419665546 -2736.4441574368411239 -4798.8712548499752302 8140.5137740610134642 15752
471000000 309.63433436734533188 12920.532938765700237 582.56299417606965108 -2842.9758466297280393 -4736.5060133847764519 8162.0448541905743696 15752
472000000 309.70649268615420624 12923.543987062010274 796.21284512761360475 -2719.2651714458288552 -4704.2857436182584934 8219.7637601917012944 15747
473000000 312.15078302204221927 13025.540213873471657 642.25584237698535617 -2776.1781483570480304 -4656.0351283807949585 8074.469119114827663 15750
474000000 305.93355496455370712 12766.105483972696675 788.15027481843992518 -2800.1125826952961688 -4634.9489325787790222 8223.2117900925150025 15749
475000000 309.97070371828760926 12934.569080097768165 812.83167447854555121 -2767.8224140341317252 -4714.1983455609397424 8294.8524340736166778 15750
476000000 308.1033857838654626 12856.648965301243152 613.90617919335932129 -2793.4741440981733831 -4665.2998144692337519 8072.6801377607662289 15757
477000000 309.34835971662050724 12908.599685620851233 706.73476195005537193 -2768.9058767456936039 -4714.3979791928177292 8190.0386178885673871 15757
478000000 312.70345946097359047 13048.602495219896809 488.12912824105234222 -2806.799055897603921 -4805.3122280584248074 8100.2404121970812412 15765
479000000 311.1632909579692523 12984.333789635365974 581.25477388376498311 -2764.9602044377593302 -4731.7257687890523812 8077.9407471105769218 15765
480000000 310.28831122101422579 12947.822320275292441 535.5852380977297571 -2763.0337941537327424 -4869.1818940833982197 8167.8009263348612876 15758
481000000 307.74347436478620921 12841.63045207740106 724.52701106361644179 -2803.6014542436664669 -4577.944527545976598 8106.0729928532591657 15743
482000000 309.22302815402298393 12903.369805071211886 567.91521530690704367 -2795.8666419906139708 -4706.7006427767555579 8070.4825000742775956 15751
483000000 308.63902134904748209 12879.000158935014042 623.18734896690773439 -2873.6416364285591953 -4664.4302935496289138 8161.2592789450964119 15751
484000000 311.21432712835138545 12986.463445320476239 520.44048112131099515 -2864.3724059713608767 -4666.3723477267249109 8051.1852348193970101 15750
485000000 308.41846384805194248 12869.796656157044708 742.29687751882329394 -2778.8898559575823128 -4733.6877808597891999 8254.8745143361957162 15760
486000000 310.7965392890468479 12969.029844004331608 398.37617006147274878 -2851.364736266935779 -4801.6933738239331433 8051.4342801523425805 15764
487000000 308.58421903794697982 12876.713348374611087 746.71398412753956109 -2753.7468126206222223 -4664.4935647086649624 8164.9543614568265184 15756
488000000 309.36547884331264413 12909.314038700462334 727.92940276597687443 -2796.7008182839408619 -4629.5807350878312718 8154.2109561377492355 15758
489000000 304.63701224964881931 12712.002882952452637 622.54668384546835114 -2891.5738649337845345 -4703.5737762884518816 8217.6943250677049946 15756
490000000 311.12093901906376914 12982.566512686680653 759.72890547546467133 -2822.1038866649100783 -4722.6302026701832801 8304.462994810557575 15760
491000000 310.64110000995913197 12962.543617825524052 662.37198464796529151 -2879.0797472985877903 -4592.6819380416782224 8134.1336699882303947 15739
492000000 311.58439533704853375 13001.905784716818744 508.69092001704729 -2783.8204088156858234 -4750.4592711680525099 8042.9706000007854527 15764
493000000 310.85665774522817628 12971.538488579893965 532.73818752203510485 -2868.8517280569794821 -4757.1623054205665539 8158.7522209995804587 15778
494000000 308.87097446022062286 12888.67918183564143 523.65793127976439791 -2892.0679240247595772 -4730.1611542193386413 8145.8870095238617068 15760
495000000 310.75291926736235837 12967.20965204107415 589.63233744224862676 -2805.2566195186232108 -4756.852525550270002 8151.741482511142749 15754
496000000 308.42408659518929426 12870.031284173162931 727.00718235552983515 -2783.9414306886233135 -4752.4332969166553085 8263.381909960808116 15762
497000000 311.60024366245261263 13002.567109342933691 481.89161381068129231 -2796.7756296156376266 -4781.5045834935435778 8060.1718269198636335 15757
498000000 310.5601279976063438 12959.164788553054677 481.40303960278686191 -2867.4037869183421208 -4833.7302311816838483 8182.5370577028133994 15763
499000000 312.54014948644572769 13041.787837829178898 598.25104041341660377 -2858.6775183144741277 -4773.5051090136530547 8230.4336677415431041 15756
500000000 310.41007837731035579 12952.903463995993661 724.81845339685492036 -2801.8247050884410783 -4700.2776569564066449 8226.9208154417028709 15756
