# Fix print output for fix saveBond
1000000 11653 10508
2000000 26470 25160
3000000 42231 40831
4000000 58702 57262
5000000 75930 74428
6000000 93294 91760
7000000 110713 109141
8000000 128786 127187
9000000 146883 145264
10000000 165203 163557
11000000 183584 181928
12000000 202097 200425
13000000 220560 218877
14000000 239658 237961
15000000 258791 257093
16000000 278089 276380
17000000 297343 295634
18000000 316532 314813
19000000 335716 333991
20000000 354928 353181
21000000 374159 372415
22000000 393535 391787
23000000 412827 411085
24000000 432431 430691
25000000 451953 450208
26000000 471804 470045
27000000 491606 489852
28000000 511327 509559
29000000 531027 529254
30000000 550813 549038
31000000 570502 568720
32000000 590677 588889
33000000 610700 608934
34000000 630553 628772
35000000 650461 648657
36000000 670659 668865
37000000 690718 688920
38000000 710612 708796
39000000 730636 728822
40000000 750725 748907
41000000 770815 768999
42000000 790960 789151
43000000 811047 809226
44000000 831186 829381
45000000 851543 849724
46000000 871765 869944
47000000 892027 890210
48000000 911967 910145
49000000 932394 930568
50000000 952667 950840
51000000 972626 970803
52000000 993062 991236
53000000 1013371 1011539
54000000 1033662 1031832
55000000 1054001 1052175
56000000 1074369 1072524
57000000 1094741 1092902
58000000 1115465 1113618
59000000 1135911 1134071
60000000 1156440 1154590
61000000 1176623 1174775
62000000 1196697 1194850
63000000 1216990 1215140
64000000 1237215 1235369
65000000 1257443 1255590
66000000 1277823 1275971
67000000 1298199 1296351
68000000 1318570 1316720
69000000 1339019 1337153
70000000 1359716 1357859
71000000 1380310 1378452
72000000 1401043 1399191
73000000 1421645 1419784
74000000 1442362 1440502
75000000 1462806 1460948
76000000 1483200 1481338
77000000 1503908 1502041
78000000 1524539 1522672
79000000 1545305 1543444
80000000 1565978 1564116
81000000 1586885 1585010
82000000 1608006 1606136
83000000 1628720 1626844
84000000 1649359 1647492
85000000 1670095 1668216
86000000 1690709 1688832
87000000 1711329 1709447
88000000 1731791 1729913
89000000 1752737 1750874
90000000 1773745 1771871
91000000 1794364 1792481
92000000 1815192 1813306
93000000 1836009 1834122
94000000 1857438 1855555
95000000 1878321 1876433
96000000 1899241 1897358
97000000 1920316 1918435
98000000 1940973 1939090
99000000 1962042 1960152
100000000 1982873 1980985
101000000 2003745 2001863
102000000 2024534 2022651
103000000 2045472 2043585
104000000 2066415 2064530
105000000 2087513 2085627
106000000 2108408 2106525
107000000 2129148 2127264
108000000 2150148 2148274
109000000 2170703 2168809
110000000 2191809 2189911
111000000 2212781 2210888
112000000 2233459 2231566
113000000 2254113 2252219
114000000 2274950 2273054
115000000 2295823 2293935
116000000 2316455 2314556
117000000 2337560 2335660
118000000 2358692 2356791
119000000 2379653 2377746
120000000 2400717 2398818
121000000 2421519 2419619
122000000 2442824 2440930
123000000 2463809 2461908
124000000 2484977 2483081
125000000 2505635 2503731
126000000 2526838 2524939
127000000 2547939 2546036
128000000 2569121 2567225
129000000 2590206 2588298
130000000 2611366 2609457
131000000 2632203 2630301
132000000 2653143 2651237
133000000 2674060 2672151
134000000 2694889 2692974
135000000 2716156 2714245
136000000 2737246 2735343
137000000 2758435 2756543
138000000 2779438 2777536
139000000 2800465 2798565
140000000 2821612 2819710
141000000 2842612 2840706
142000000 2863587 2861676
143000000 2884696 2882784
144000000 2905854 2903945
145000000 2926763 2924854
146000000 2947777 2945869
147000000 2968670 2966765
148000000 2989775 2987862
149000000 3010642 3008735
150000000 3031800 3029891
151000000 3052785 3050883
152000000 3073655 3071748
153000000 3094777 3092870
154000000 3116014 3114103
155000000 3136949 3135037
156000000 3158219 3156314
157000000 3179416 3177507
158000000 3200686 3198772
159000000 3221563 3219655
160000000 3242970 3241059
161000000 3264064 3262148
162000000 3285052 3283135
163000000 3305955 3304040
164000000 3326901 3324980
165000000 3348237 3346321
166000000 3369392 3367464
167000000 3390636 3388726
168000000 3411645 3409728
169000000 3432939 3431021
170000000 3454212 3452296
171000000 3475067 3473143
172000000 3496376 3494465
173000000 3517533 3515620
174000000 3538924 3536995
175000000 3560099 3558168
176000000 3581530 3579610
177000000 3602769 3600840
178000000 3624152 3622229
179000000 3645341 3643418
180000000 3666425 3664491
181000000 3687641 3685722
182000000 3708855 3706922
183000000 3729917 3727986
184000000 3750922 3749005
185000000 3772086 3770157
186000000 3793122 3791201
187000000 3814642 3812713
188000000 3835583 3833659
189000000 3857129 3855191
190000000 3878395 3876473
191000000 3899672 3897741
192000000 3921001 3919065
193000000 3942468 3940544
194000000 3963814 3961896
195000000 3985111 3983174
196000000 4005966 4004031
197000000 4027222 4025296
198000000 4048364 4046429
199000000 4069265 4067331
200000000 4090637 4088703
201000000 4112050 4110116
202000000 4133287 4131348
203000000 4154450 4152517
204000000 4176051 4174121
205000000 4197289 4195361
206000000 4218782 4216854
207000000 4240461 4238523
208000000 4262115 4260189
209000000 4283566 4281647
210000000 4305189 4303264
211000000 4326488 4324553
212000000 4347925 4345999
213000000 4369117 4367183
214000000 4390118 4388180
215000000 4411293 4409360
216000000 4432476 4430537
217000000 4453812 4451874
218000000 4475371 4473437
219000000 4496779 4494845
220000000 4517977 4516040
221000000 4539389 4537453
222000000 4560496 4558564
223000000 4581813 4579883
224000000 4602975 4601032
225000000 4624269 4622330
226000000 4645515 4643579
227000000 4667087 4665154
228000000 4688515 4686579
229000000 4709961 4708018
230000000 4731222 4729279
231000000 4752445 4750496
232000000 4773742 4771802
233000000 4794707 4792766
234000000 4815977 4814035
235000000 4837182 4835242
236000000 4858828 4856900
237000000 4880047 4878116
238000000 4901407 4899472
239000000 4922864 4920939
240000000 4944488 4942545
241000000 4966068 4964131
242000000 4987783 4985844
243000000 5008945 5007003
244000000 5030424 5028488
245000000 5051672 5049731
246000000 5072843 5070911
247000000 5093986 5092039
248000000 5115027 5113083
249000000 5136407 5134471
250000000 5157834 5155900
251000000 5179065 5177128
252000000 5200826 5198875
253000000 5222402 5220454
254000000 5244086 5242144
255000000 5265483 5263537
256000000 5286934 5284986
257000000 5308106 5306167
258000000 5329754 5327813
259000000 5350989 5349042
260000000 5372375 5370427
261000000 5393459 5391515
262000000 5414791 5412844
263000000 5436290 5434355
264000000 5457680 5455733
265000000 5479075 5477123
266000000 5500439 5498487
267000000 5521612 5519663
268000000 5542961 5541009
269000000 5564392 5562440
270000000 5585258 5583308
271000000 5606580 5604627
272000000 5627972 5626026
273000000 5649392 5647439
274000000 5670977 5669020
275000000 5692519 5690567
276000000 5713777 5711820
277000000 5734992 5733044
278000000 5756452 5754497
279000000 5777637 5775688
280000000 5798747 5796802
281000000 5820086 5818134
282000000 5841473 5839528
283000000 5862757 5860808
284000000 5884031 5882076
285000000 5905492 5903540
286000000 5927095 5925154
287000000 5948458 5946507
288000000 5969978 5968039
289000000 5991580 5989631
290000000 6012942 6010993
291000000 6034429 6032484
292000000 6056095 6054156
293000000 6077621 6075678
294000000 6099225 6097283
295000000 6120746 6118797
296000000 6142268 6140324
297000000 6163714 6161758
298000000 6185365 6183411
299000000 6206752 6204805
300000000 6228230 6226287
301000000 6249561 6247619
302000000 6271005 6269063
303000000 6292338 6290393
304000000 6313783 6311843
305000000 6335294 6333353
306000000 6357007 6355063
307000000 6378714 6376773
308000000 6400084 6398145
309000000 6421800 6419861
310000000 6443403 6441460
311000000 6464695 6462740
312000000 6486166 6484214
313000000 6507236 6505308
314000000 6528814 6526869
315000000 6550254 6548313
316000000 6571805 6569870
317000000 6593204 6591260
318000000 6614794 6612841
319000000 6636046 6634098
320000000 6657612 6655657
321000000 6678900 6676954
322000000 6700191 6698252
323000000 6721971 6720029
324000000 6743680 6741736
325000000 6765173 6763237
326000000 6786613 6784667
327000000 6807978 6806023
328000000 6829457 6827509
329000000 6850956 6849018
330000000 6872686 6870737
331000000 6894015 6892071
332000000 6915620 6913669
333000000 6937115 6935162
334000000 6958458 6956508
335000000 6979938 6977984
336000000 7001348 6999396
337000000 7022898 7020936
338000000 7044146 7042202
339000000 7065432 7063480
340000000 7086994 7085039
341000000 7108207 7106260
342000000 7129523 7127560
343000000 7150704 7148754
344000000 7172091 7170139
345000000 7193280 7191342
346000000 7214918 7212972
347000000 7236344 7234400
348000000 7257881 7255933
349000000 7279366 7277416
350000000 7300936 7298986
351000000 7322606 7320656
352000000 7344106 7342158
353000000 7365612 7363669
354000000 7386953 7384998
355000000 7408412 7406465
356000000 7429779 7427825
357000000 7450887 7448937
358000000 7472246 7470291
359000000 7493733 7491781
360000000 7515227 7513277
361000000 7536754 7534804
362000000 7558230 7556282
363000000 7579528 7577579
364000000 7600818 7598860
365000000 7622076 7620126
366000000 7643368 7641423
367000000 7664825 7662877
368000000 7686630 7684679
369000000 7708010 7706060
370000000 7729288 7727339
371000000 7750928 7748978
372000000 7772369 7770423
373000000 7794028 7792086
374000000 7815341 7813411
375000000 7837092 7835146
376000000 7858583 7856627
377000000 7880385 7878429
378000000 7901680 7899734
379000000 7923002 7921057
380000000 7944677 7942727
381000000 7966248 7964290
382000000 7988076 7986126
383000000 8010024 8008085
384000000 8031424 8029475
385000000 8052951 8050992
386000000 8074214 8072277
387000000 8095972 8094020
388000000 8117467 8115509
389000000 8138990 8137043
390000000 8160276 8158336
391000000 8181750 8179807
392000000 8203290 8201332
393000000 8224664 8222718
394000000 8246210 8244259
395000000 8267788 8265841
396000000 8289445 8287503
397000000 8310998 8309052
398000000 8332364 8330426
399000000 8353853 8351907
400000000 8375645 8373691
401000000 8397270 8395319
402000000 8418723 8416776
403000000 8439982 8438024
404000000 8461486 8459526
405000000 8482708 8480769
406000000 8504009 8502062
407000000 8525541 8523595
408000000 8547199 8545255
409000000 8568269 8566319
410000000 8589637 8587683
411000000 8611133 8609182
412000000 8632450 8630502
413000000 8653657 8651717
414000000 8675281 8673339
415000000 8696947 8694995
416000000 8718525 8716580
417000000 8739831 8737884
418000000 8761233 8759283
419000000 8782950 8780998
420000000 8804503 8802552
421000000 8825973 8824010
422000000 8847576 8845616
423000000 8869006 8867054
424000000 8890281 8888325
425000000 8911694 8909742
426000000 8933269 8931328
427000000 8954956 8953008
428000000 8976472 8974515
429000000 8998235 8996276
430000000 9019827 9017887
431000000 9041341 9039393
432000000 9062822 9060873
433000000 9084321 9082374
434000000 9105675 9103714
435000000 9127178 9125226
436000000 9148715 9146770
437000000 9170347 9168396
438000000 9191667 9189713
439000000 9213228 9211270
440000000 9234858 9232910
441000000 9256388 9254443
442000000 9277747 9275794
443000000 9299291 9297330
444000000 9320762 9318810
445000000 9342237 9340287
446000000 9363560 9361601
447000000 9385032 9383084
448000000 9406573 9404615
449000000 9427993 9426038
450000000 9449359 9447405
451000000 9470415 9468464
452000000 9491731 9489772
453000000 9512741 9510794
454000000 9534274 9532317
455000000 9555753 9553796
456000000 9577358 9575415
457000000 9598775 9596824
458000000 9620457 9618508
459000000 9642035 9640079
460000000 9663484 9661523
461000000 9685062 9683109
462000000 9706464 9704509
463000000 9727836 9725887
464000000 9749252 9747301
465000000 9771036 9769085
466000000 9792943 9790989
467000000 9814305 9812350
468000000 9835866 9833911
469000000 9857263 9855297
470000000 9878945 9876984
471000000 9900682 9898724
472000000 9922099 9920148
473000000 9943817 9941867
474000000 9965319 9963365
475000000 9986570 9984613
476000000 10007923 10005973
477000000 10029297 10027343
478000000 10050837 10048877
479000000 10072406 10070446
480000000 10093770 10091810
481000000 10115031 10113087
482000000 10136664 10134717
483000000 10158309 10156352
484000000 10179644 10177702
485000000 10201172 10199219
486000000 10222408 10220449
487000000 10244018 10242074
488000000 10265479 10263525
489000000 10286883 10284930
490000000 10307992 10306036
491000000 10329439 10327475
492000000 10350519 10348564
493000000 10371857 10369904
494000000 10393408 10391457
495000000 10414861 10412900
496000000 10436262 10434299
497000000 10457876 10455935
498000000 10479367 10477412
499000000 10500926 10498972
500000000 10522548 10520595
