# Steps Temp KinEng PotEng Epair Ebond Eangle Bonds
1000000 309.73044186227321006 12924.543346902171834 6966.4931751755921141 -313.0044808355510213 -937.01830382245861983 8216.5159598336031195 14940
2000000 312.20724088670641549 13027.896107968797878 5973.0668288436918374 -278.66889451429608471 -1776.1985698549947301 8027.9342932129820838 15131
3000000 309.89878929300834898 12931.568209078435757 5604.2833681578858886 -263.10136940745167067 -2193.528182773156459 8060.9129203384945868 15226
4000000 313.05642189335691228 13063.331038626020018 5296.7386890428160768 -276.60326508325925943 -2474.9708330690527873 8048.3127871951292036 15273
5000000 304.1482554966923999 12691.607865266443696 5157.0239833121850097 -274.20505892564926853 -2656.7635426433507746 8087.9925848811844844 15331
6000000 309.58805997809639621 12918.601984397431806 4943.2965925273028915 -272.48196012930804955 -2869.8071776283823056 8085.5857302849935877 15359
7000000 310.76084018690602306 12967.540179022451412 4867.96852738272446 -245.39141637107695715 -2900.3111495035136613 8013.6710932573150785 15376
8000000 310.0927060147508314 12939.660035831984715 4722.0232447115258765 -245.70088141625933531 -3055.8792425410993019 8023.6033686688851958 15405
9000000 312.55338210441630054 13042.340013274140802 4669.7969637832238732 -252.75941863437191159 -3075.8913067822481935 7998.4476891998438077 15422
10000000 307.9414167400582869 12849.890262750224792 4606.200820888943781 -248.96559633288217128 -3223.3812553279649364 8078.5476725497910593 15445
11000000 313.32594019796584917 13074.577595437669515 4460.6075360002350862 -280.9233420355059252 -3215.3808793280468308 7956.911757363788638 15454
12000000 309.07763523001676731 12897.302796812828092 4293.9780652199024189 -222.63013652531924436 -3339.4656070699497832 7856.0738088151720149 15479
13000000 310.42103012087187608 12953.360462292750526 4437.6802456021850958 -245.18590947497364141 -3323.7371473879356927 8006.603302465095112 15482
14000000 308.39886877387499453 12868.978985849718811 4364.6709774548435234 -268.14008765359477593 -3453.3894223442393923 8086.2004874526774074 15500
15000000 307.50745063857482364 12831.781569087484968 4079.0462756303218157 -253.78950425001454505 -3538.5709163802530384 7871.4066962605902518 15506
16000000 312.85639244209431808 13054.984137695144454 4107.8166337447755723 -243.42300589426974966 -3583.5287928400252895 7934.7684324790707251 15529
17000000 313.84894966345370904 13096.401922639397526 4104.3349193117755931 -246.3585828342935713 -3653.115289339314586 8003.808791485384063 15524
18000000 309.75944165344174053 12925.753460624784566 4086.364645836561067 -275.0002991335512661 -3718.1723682523443131 8079.5373132224576693 15544
19000000 314.09313932224227983 13106.591556602732453 4113.1127473130491126 -251.9853472952612492 -3640.8017339344937682 8005.8998285428033341 15532
20000000 310.50951561800371792 12957.052816962108409 3973.7399566756512286 -280.72774828446779338 -3794.5277597883332419 8048.9954647484519228 15554
21000000 308.19328187552753207 12860.400181766817695 3959.4921918368886509 -284.22098748699283988 -3767.9986726970328164 8011.7118520209132839 15563
22000000 309.49144382650592888 12914.570350852683987 3818.3590401635769922 -261.66276338265311097 -3873.4424898985371328 7953.4642934447674634 15575
23000000 314.71067076828120435 13132.360131026405725 4042.1185211672636797 -263.59407447222724841 -3755.7395461816236093 8061.45214182111431 15568
24000000 311.40524236854611217 12994.430025171797752 3909.678939399155297 -271.93617993969849067 -3805.9081576599746768 7987.5232769988269865 15575
25000000 311.00834671410450483 12977.868220464501064 3889.6803182656021818 -258.59000364937088534 -3858.7386693493153871 8007.0089912642879426 15582
26000000 311.66499705194775061 13005.269162083881383 3782.0492598146638556 -269.11189782808395421 -3858.3860066720631039 7909.547164314811198 15591
27000000 309.68060477678830011 12922.463727063190163 3780.8798046875303953 -226.86686924839202106 -3902.0165520900627598 7909.7632260259852046 15584
28000000 312.04246521790958013 13021.020289560136007 3752.188769407887321 -245.97239561181316958 -3872.8439684657582802 7871.0051334854588276 15591
29000000 307.52868586414274432 12832.667680222328272 3907.0627724367250266 -275.09532029757815508 -3928.7627781578767099 8110.9208708921796642 15599
30000000 307.58586170019538031 12835.053534086140644 3842.3369445323887703 -282.41080181489320466 -3908.2143236786723719 8032.9620700259547448 15599
31000000 307.90346534310418747 12848.306613199798448 3734.0281310582586229 -272.04715774890127022 -3926.8991673393356905 7932.9744561464958679 15609
32000000 308.6300713704644636 12878.626691007695626 3959.9604536324959554 -262.32732884891191816 -3868.2999111069875653 8090.5876935883952683 15604
33000000 309.37292263950439519 12909.624656106900147 3787.4437855198930265 -296.23579518359633767 -3943.491419138825222 8027.1709998423139041 15608
34000000 309.01577008849926642 12894.721265922942621 3714.8597763342258986 -280.14383086720448546 -4009.0618736241112856 8004.0654808255430908 15614
35000000 310.41036148309922282 12952.915277536238136 3636.6723638633011433 -281.72930837746758925 -4005.9495848688748083 7924.351257109643484 15629
36000000 310.61591812472238416 12961.492819055658401 3745.5501034053486364 -252.31539054662778199 -4053.0904479503938092 8050.9559419023698865 15628
37000000 309.23460408192795512 12903.85284955689167 3653.4165472962695276 -280.1895866791711569 -4048.3341564420616123 7981.9402904175021831 15639
38000000 314.22385852873696876 13112.046254695871539 3516.0263507381778254 -254.888728263622653 -4207.6997835253787343 7978.6148625271798664 15654
39000000 308.23073610566581237 12861.963085361428966 3552.1314263102344739 -238.26592946985061872 -4094.8600060091671367 7885.257361789253082 15651
40000000 311.36215881549196638 12992.63221916461589 3596.8634226285148543 -259.08938782217285279 -4117.6584366692632102 7973.6112471199512584 15645
41000000 309.84427741943625279 12929.293517999743926 3627.9502023377326623 -251.03346778260311112 -4071.5525229161376046 7950.536193036473378 15639
42000000 310.70020491793798101 12965.009968696927899 3507.9594645588013009 -259.53019621355963409 -4133.7751111700636102 7901.2647719424239767 15651
43000000 308.5525626950797573 12875.392381106648827 3442.3535397502782871 -253.82358975765384912 -4255.5733238144439383 7951.7504533223755061 15666
44000000 310.5678521797559597 12959.487106005648457 3486.4984397836151402 -260.17443625469439894 -4191.2323547465366573 7937.9052307848460259 15656
45000000 311.86770473416783034 13013.727821200018298 3474.4009991249104132 -270.06177563421465493 -4151.2588575591726112 7895.7216323182983615 15660
46000000 309.20677823844295062 12902.691722745707011 3507.3609201097769983 -281.60059112389376423 -4151.6444433910064618 7940.6059546246779064 15664
47000000 307.74611281308540356 12841.740550197580887 3574.7816795403159631 -267.53883659217319746 -4140.3854079138618545 7982.7059240463495371 15662
48000000 311.02486931665725933 12978.55768157014063 3479.1873291319811869 -252.80530844036607618 -4161.2987934603488611 7893.2914310326959821 15666
49000000 307.62116157656419091 12836.526540031329205 3551.1550824599976295 -250.04595165516792576 -4253.9659086144993125 8055.1669427296656067 15681
50000000 308.77474030947973915 12884.663488559821417 3333.9760656699800165 -296.59147001040560099 -4310.9820663666923792 7941.5496020470773146 15668
51000000 308.51009162195987301 12873.620132882590042 3441.2900250246448195 -273.37677402762909651 -4219.5509403372016095 7934.2177393894744455 15673
52000000 312.0223186957323378 13020.17960823219255 3291.4049027346377443 -270.23975852862338343 -4322.7446096667226811 7884.3892709299834678 15679
53000000 307.04682869138605383 12812.560570701982215 3316.7283515351509777 -297.81372013800978493 -4310.146087703396006 7924.6881593765556318 15688
54000000 307.11020608852840041 12815.205205538826704 3468.6679876299267562 -267.84691849387371576 -4269.9469681391492486 8006.4618742629500048 15683
55000000 311.50581514086718471 12998.626762010340826 3449.3966057528623423 -293.38111940319868154 -4280.3002439525544105 8023.0779691086154344 15681
56000000 308.82818538395696351 12886.893663861952518 3385.7558959414022866 -293.33346518803580238 -4285.6885257377452945 7964.7778868671839518 15683
57000000 308.92975388417426075 12891.131950792501812 3407.1737678565800707 -291.72735894738985962 -4296.4343709296426823 7995.3354977336130105 15684
58000000 308.55441450717211183 12875.469654188087588 3447.8317314114228793 -257.75419124981470986 -4308.4210526909810142 8014.0069753522184328 15681
59000000 308.54386764123108833 12875.029550770388596 3405.9909400084025037 -265.33847371866107778 -4270.4457890679705088 7941.7752027950336924 15684
60000000 309.94968061488168587 12933.691820472840845 3331.1041483310928015 -242.59551429288600843 -4352.7889837391994661 7926.488646363177395 15686
61000000 310.41719317594856875 12953.200352874113378 3300.8820904614476603 -274.8956628689346644 -4348.9218779422426451 7924.6996312726250835 15691
62000000 311.20435454887217475 12986.047305934936958 3232.2035852535286722 -270.0074718074393445 -4374.8681228413734061 7877.0791799023418207 15685
63000000 309.35377282847525748 12908.825565900451693 3154.2051539740996304 -276.75544993856829024 -4460.3358790546208184 7891.2964829672882843 15693
64000000 306.79722371268121606 12802.144964320263171 3440.3965307638541162 -253.09121701694692774 -4313.2371425004766934 8006.7248902812771121 15690
65000000 309.80534978236795496 12927.669131550492239 3358.1576402262062402 -241.2825509524054155 -4375.3400789852576054 7974.7802701638684084 15692
66000000 307.45417727825702059 12829.558559135597534 3490.1673363954009801 -296.23140985762120181 -4268.694502711052337 8055.0932489640754284 15683
67000000 311.67459668714792542 13005.669739116327037 3426.6556377783049356 -264.98289939107706914 -4374.8301607385910756 8066.4686979079733646 15691
68000000 312.18724164634477347 13027.06157246946168 3479.9268490663453122 -276.53186232404175371 -4151.6226160295664158 7908.0813274199554144 15683
69000000 307.83136688370996126 12845.298062738685985 3416.860450067988495 -238.3193483959222192 -4324.1793485126927408 7979.3591469766024602 15688
70000000 311.35127889482765795 12992.178217919561575 3470.0128717674615473 -259.77394600653752832 -4359.7667251898874383 8089.553542963885775 15691
71000000 311.0075117951155903 12977.833380664453216 3470.0508007156295207 -290.80585395149762462 -4213.5493110054139834 7974.4059656725412424 15695
72000000 309.71532881288561612 12923.912704138290792 3388.1395862673143711 -276.15778722610144769 -4258.7280582672392484 7923.0254317606541008 15690
73000000 312.74025790904244104 13050.138034104304097 3381.4364742830684918 -266.48230521947732541 -4313.8881349899875204 7961.806914492533906 15692
74000000 307.5585586818712045 12833.914223911428053 3472.988654907817363 -260.43350379126025018 -4286.2428614228329025 8019.6650201219108567 15687
75000000 306.44717900842238123 12787.538172923379534 3382.3113657223530026 -270.01132993633382284 -4329.4223115481036075 7981.7450072067895235 15690
76000000 314.53995286738495452 13125.236353018150112 3394.0952420972744221 -262.82898111485883419 -4401.1013473334423907 8058.0255705455765565 15692
77000000 310.99884391192779276 12977.471684115307653 3511.2573083137867798 -236.86595230435960957 -4258.891381616099352 8007.0146422342450023 15692
78000000 306.75594849284777865 12800.422617092517612 3276.3646751053966 -250.55122721690824505 -4357.3164132000210884 7884.232315522324825 15696
79000000 308.13068343907218605 12857.788051681860452 3266.6798818408956322 -271.99268347971008097 -4447.8924050856530812 7986.564970406258908 15707
80000000 310.609234609955422 12961.213926946133142 3277.0070990500021253 -243.52059329773990726 -4396.3010617159188769 7916.8287540636611084 15708
81000000 308.35156781187305342 12867.005194284160098 3356.9696093764778198 -222.07894845366143954 -4383.726929475858924 7962.7754873059984675 15698
82000000 311.02072702736165866 12978.384830631646764 3295.7204907004556844 -268.61927183141915521 -4419.4144820214196443 7983.7542445532944839 15700
83000000 313.83717534968701557 13095.910599837085101 3306.5252480767844645 -281.93007856379216491 -4462.3085124039243965 8050.7638390445008554 15711
84000000 309.97195703218096696 12934.621378830965114 3444.4668561615708313 -257.86977623042980667 -4314.71154137413032 8017.0481737661320949 15701
85000000 310.2000513762841365 12944.139381710563612 3272.1103556969896999 -254.57713058130499917 -4298.0358277118048136 7824.7233139900981769 15704
86000000 314.32416208257825474 13116.231757488800213 3336.5159892402489277 -274.59016924199863752 -4361.7375776171702455 7972.8437360994175833 15707
87000000 310.21862886924481018 12944.914590022679477 3191.2223040869394026 -278.50340004504056424 -4443.9251767740943251 7913.6508809060742351 15712
88000000 313.84571100153789303 13096.266778589413661 3277.7898090849203072 -266.29164485137442853 -4385.3889857533849863 7929.4704396896795515 15715
89000000 310.18044323530011752 12943.321166146810356 3256.7873089277463805 -270.50681458479158437 -4444.9905356650579051 7972.2846591775960405 15711
90000000 306.84730194856552998 12804.234646969898677 3349.694319232219641 -270.61375295530484664 -4360.8974232950859005 7981.205495482610786 15708
91000000 308.0551518899636676 12854.636244017614445 3347.7421004114912648 -271.2861141109710843 -4414.0861375028553084 8033.1143520253172028 15714
92000000 306.59046308525751101 12793.517182448054882 3292.8283993653776633 -247.78325349033116254 -4452.0458735914944555 7992.657526447203054 15706
93000000 310.64240001024768389 12962.59786470542349 3320.4616017219755122 -277.60986466062792033 -4393.4872040736681811 7991.5586704562720115 15697
94000000 310.36810171221827659 12951.151846608050619 3226.0426542911554861 -238.28199286386737299 -4481.9012372226516163 7946.225884377674447 15706
95000000 310.28398785941300275 12947.641913486462727 3285.4746654422219763 -288.52983902686185047 -4370.3048186960904786 7944.3093231651746464 15718
96000000 308.1471396837565635 12858.474743782486257 3089.7444066888442649 -293.75592095267569448 -4553.4013197432423112 7936.9016473847614179 15720
97000000 312.94562949506496352 13058.707853557021735 3268.5066707064206639 -277.19803930629927891 -4467.1488924274526653 8012.8536024401728355 15711
98000000 307.63104360282653715 12836.938900779645337 3419.7809482649445272 -272.89016660920441382 -4355.8465112571020654 8048.5176261312508359 15718
99000000 308.07116212855521553 12855.304325015486029 3152.4873611489911127 -278.28764776890420762 -4518.0798704501739849 7948.8548793680693052 15725
100000000 307.65454883239499395 12837.919735458373907 3184.4308817089367949 -276.45172064725545624 -4436.4895624120017601 7897.3721647681941249 15716
101000000 307.03028007705341906 12811.870024167430529 3164.8766950034105321 -300.51238936855520478 -4499.040336467904126 7964.4294208398696355 15715
102000000 307.72822664936120418 12840.994189920646022 3194.9013832510127031 -236.15346560884876226 -4464.7549633573689789 7895.8098122172295916 15732
103000000 309.25284653135236113 12904.61407705174679 3044.237678819265966 -262.63863134816580214 -4502.8644317813586895 7809.740741948789946 15734
104000000 308.02649847642589975 12853.44058406543445 3026.7760591771248073 -242.41136407231715566 -4669.0780500138225761 7938.2654732632645391 15730
105000000 311.3083333335058569 12990.386170081050295 3193.300740765575938 -273.34687208453158291 -4399.9667886912138783 7866.6144015413228772 15733
106000000 309.44817245037017983 12912.764707296357301 3081.0181921454768599 -264.24150286368063689 -4617.1824465493809839 7962.4421415585384239 15737
107000000 307.39917404360141973 12827.263364364776862 3129.092407895013821 -245.91518825114246738 -4529.8605544577394539 7904.8681506038956286 15725
108000000 308.73284242563261159 12882.915158584020901 3110.9409360601925982 -283.61284005524476015 -4523.4712104300087958 7918.0249865454443352 15733
109000000 311.98645025367716244 13018.682876973422026 3124.0381450804206906 -276.70303910611505671 -4548.8205777859202499 7949.5617619724562246 15730
110000000 309.49865554807723811 12914.871284165836187 3310.0526109200113751 -260.45269739522728969 -4471.7982375875835714 8042.3035459028224068 15736
111000000 310.23663087103284397 12945.665784032031297 3254.0900508837567031 -269.79817445097864947 -4506.8811267966320884 8030.7693521313676683 15740
112000000 306.83624254858699487 12803.773156347426266 3188.3402236865340456 -258.34473601188352632 -4473.4214188213200032 7920.1063785197375182 15726
113000000 311.16882500078781959 12984.564716165745267 3213.2386907352429262 -260.23644055474392189 -4434.9747085505796349 7908.4498398405658008 15720
114000000 310.6662217777643491 12963.591907993572022 3153.6621674444313612 -248.72651555407267665 -4560.5914497995654528 7962.9801327980712813 15734
115000000 310.370666938217596 12951.258889281749362 3290.3932227748455261 -247.04005413950665115 -4517.1891880169250726 8054.6224649312771362 15735
116000000 313.12361289664778496 13066.134808992706894 3280.7203724873124884 -253.32687124744279572 -4459.5799294355838356 7993.6271731703400292 15731
117000000 310.43754130012700898 12954.0494467229164 3270.6975617388311548 -309.75360442533497007 -4447.1190414104476076 8027.5702075746139599 15728
118000000 310.88989404251043425 12972.925384754296829 3270.4700848426600714 -268.18485057837335717 -4567.2409722037627944 8105.8959076247965641 15733
119000000 305.35173401479130462 12741.827049989498846 3268.2354660600276475 -262.21326514442682765 -4587.7946833003243228 8118.2434145047782295 15737
120000000 311.17458198429926597 12984.804945645591943 3315.9632185749169366 -253.90573152590323502 -4454.1865700826247121 8024.055520183444969 15736
121000000 312.56256149301441383 13042.723054105132178 3164.0647330399247039 -265.61751032693427987 -4557.9112860104996798 7987.5935293773591184 15733
122000000 310.64259738688389234 12962.606100908731605 3175.3558531031303573 -241.27341391795582126 -4467.8909222231231979 7884.5201892442082681 15728
123000000 308.05726140815511371 12854.724270751901713 3223.4206015358986406 -282.51012943398819743 -4495.0195393392132246 8000.9502703091002331 15727
124000000 306.09193477588485166 12772.714413739224256 3098.2940019562688576 -283.92956236897373401 -4622.7255272361662719 8004.9490915614096593 15734
125000000 306.53488183629485775 12791.197868088209361 3386.071328907492898 -281.66411383783497513 -4424.6592837144917212 8092.3947264598191396 15724
126000000 308.83628854584452483 12887.231795517442151 3118.9738611147740812 -244.38736491563003028 -4635.2445530204131501 7998.6057790508184553 15739
127000000 312.58553364752248171 13043.681644435893759 3224.0800742276769597 -259.66749860094432734 -4517.8027807258622488 8001.5503535544839906 15727
128000000 310.27112145685862288 12947.105019610184172 3036.8592487874630024 -250.36650697266713905 -4648.7656042113358126 7935.9913599714664088 15732
129000000 307.30310124782249659 12823.254404166880704 3212.8528997668772718 -266.48898853047398916 -4465.8678036329183669 7945.2096919302694005 15725
130000000 306.69502524864401494 12797.880390032718424 3197.9932891610064871 -274.27577606879549421 -4460.597318861317035 7932.8663840911185616 15730
131000000 310.19801331153377077 12944.054336611181498 3185.6001661195532506 -231.65090742308831295 -4518.6828499815701434 7935.9339235242114228 15737
132000000 310.72075537582787774 12965.867505599660944 3314.1540334914020605 -275.58042743145239228 -4445.0491999828827829 8034.7836609057376336 15723
133000000 314.00651037731279303 13102.976672811826575 3202.2665393289662461 -276.04806757222650049 -4464.7421992507661344 7943.0568061519597904 15728
134000000 305.45559655090812612 12746.161063275663764 3217.9993427462868567 -240.65116402935944961 -4450.1026990941218173 7908.7532058697679531 15723
135000000 306.2303244507353952 12778.489187896440853 3089.6685723725868229 -236.20527237715950264 -4531.9699746177993802 7857.8438193675456205 15737
136000000 313.89062485199525554 13098.140959905340424 3078.7871812556077202 -283.92498864146875803 -4609.3642567355764186 7972.0764266326523284 15743
137000000 313.57692309794481389 13085.050700214216704 3086.4935078374410296 -256.46009936183810396 -4484.3271381422919148 7827.2807453415707641 15726
138000000 313.44931300294297216 13079.725740244388362 3211.9456853068650162 -249.92860804828183063 -4469.4866714988711465 7931.3609648540177659 15722
139000000 310.71665445844172382 12965.696381043093425 3117.7631703446304527 -295.36164036112762687 -4508.1900697325991132 7921.3148804383572497 15728
140000000 308.74496864913777472 12883.421166002550308 3228.0324003275864015 -281.93885016463798365 -4527.3900613160840294 8037.3613118083076188 15729
141000000 308.82000523036100503 12886.552319468744827 3228.3618202989305246 -282.1168652332532929 -4444.0843628709317272 7954.5630484031153173 15733
142000000 309.84622944687720292 12929.374972903315211 3177.6532783446646135 -254.44179772719047605 -4562.2431196714860562 7994.3381957433412026 15732
143000000 309.83132214260950832 12928.75291554584328 3116.0900082400703468 -267.62759195283695135 -4468.3600533179442209 7852.0776535108507233 15730
144000000 309.70348810467379508 12923.418610804676064 3170.8631101680302891 -266.3752190202425254 -4487.3483941843114735 7924.5867233725839469 15731
145000000 309.32323321718484976 12907.551198009625296 3266.9988110724161743 -257.38437015606604064 -4507.1907139114873644 8031.573895139968954 15723
146000000 306.88928925750047938 12805.986708507945877 3228.7381462941330028 -256.16483225609499641 -4568.8411822887092057 8053.7441608389381145 15738
147000000 309.64874923598591749 12921.134447592099605 3138.1486651433533552 -257.43848451409280642 -4529.1702807239262256 7924.7574303813726146 15732
148000000 307.52606566996820447 12832.558343816830529 3082.5581769497393907 -251.92874664884246272 -4505.0592679713554389 7839.546191569937946 15738
149000000 310.19781274373281121 12944.045967245800057 3177.0905880986028933 -283.94932736591761113 -4528.7387539134642793 7989.7786693779844427 15733
150000000 309.62006209606562379 12919.937380293293245 3102.9543541411085243 -278.48645623417007755 -4598.6631599770571484 7980.1039703523347271 15746
151000000 313.3629431861037915 13076.121669443693463 3204.9646909654193223 -265.73917566203544993 -4513.3004151773739068 7984.004281804828679 15733
152000000 310.59350185894629703 12960.557425049964877 3188.553122057447581 -237.4045414060190069 -4469.0075658271016437 7894.965229290568459 15729
153000000 312.47196010430877777 13038.942406750695227 3186.590823381098744 -278.37082779303477764 -4554.0957741916308805 8019.0574253657641748 15737
154000000 312.22618831219330104 13028.686752958501529 3178.5002317677972314 -268.34147790344468376 -4595.1489585021054154 8041.9906681733482401 15747
155000000 309.9695265798952164 12934.519960043289757 3250.980306148053387 -267.7068312356128672 -4570.2984663543375063 8088.9856037380041016 15736
156000000 312.06219339444612615 13021.843514010624858 3117.8911886956630042 -253.62867419150023807 -4603.7040853271546439 7975.2239482143177156 15738
157000000 312.05491010441522803 13021.539594263032996 3230.3704904179335244 -220.82727581385231019 -4559.9873366053752761 8011.1851028371602297 15739
158000000 308.83265681624146737 12887.080249397544321 3192.7019115992147817 -263.46011006186211034 -4460.6312213194778451 7916.7932429805550782 15730
159000000 311.68031460000440802 13005.908338241821184 3200.4381453462656282 -285.73602739458402766 -4509.8118941578341037 7995.98606689868393 15748
160000000 304.76508067672398283 12717.346968367985028 2908.9630446340224807 -254.10145248254147532 -4648.9370764149934985 7812.0015735315573693 15738
161000000 309.99302510462092641 12935.500514939927598 3154.5048690346802687 -270.69047327465693797 -4589.4684016677256295 8014.6637439770638593 15739
162000000 306.54908704900310568 12791.79062831641204 3180.4525665372289041 -256.75830264060778063 -4548.1416548478218829 7985.3525240256585676 15748
163000000 313.22493189025124138 13070.362684421479571 3163.6109048200241887 -285.11858413747529539 -4491.8684776463178423 7940.5979666038165306 15737
164000000 312.44220571047344492 13037.70080469642744 3103.8936614500389624 -279.66912022949441052 -4575.751933208729497 7959.3147148882626425 15741
165000000 309.9489980482786109 12933.663338087979355 3146.2384657726056503 -256.49440821170384197 -4568.504395862131787 7971.2372698464414498 15734
166000000 305.85104551546345419 12762.662499986736293 3108.69948184569148 -247.76516200882926455 -4644.3596926315794917 8000.8243364861000373 15747
167000000 312.50009721650047823 13040.116522294494644 3037.8384460970337386 -277.58043998672638963 -4532.3497683995365151 7847.7686544832959044 15741
168000000 307.54984871887495501 12833.550771440892277 3069.3344754414529234 -261.86144251061989507 -4665.4372480890797306 7996.6331660411524354 15755
169000000 309.30679397313031131 12906.865215317398906 3034.0132997738328413 -294.95256065730313821 -4554.7484514960015076 7883.714311927136805 15736
170000000 310.55525245768512832 12958.961340268564527 3220.2146998874945893 -261.41026245860689414 -4577.4640063688057126 8059.0889687149083329 15748
171000000 308.48659805760013342 12872.639784973889618 3246.9978996206705233 -236.10931444732628393 -4535.8902249257607764 8018.9974389937578962 15745
172000000 311.55495324248482802 13000.677214398951037 3122.8876937965624165 -261.22921509642742421 -4608.5080208048093482 7992.6249296977966878 15735
173000000 308.98670861260887932 12893.508578198056057 2941.4540796587280056 -289.46550106516190226 -4675.2492496879458486 7906.1688304118360975 15743
174000000 308.26363889299233279 12863.336064712371808 3199.9131612664837121 -263.35073459126499529 -4463.3727487732294321 7926.6366446309784806 15741
175000000 305.75994962381940923 12758.86121783571798 3025.7947128245500608 -219.72757460993835821 -4562.3427584559613024 7807.8650458904503466 15740
176000000 310.06781324226807328 12938.62130126316697 2995.6738990373314664 -247.1815817235123518 -4599.1651349187668529 7842.0206156796093637 15748
177000000 314.2878002911712656 13114.714439570727336 3056.5051969902160636 -243.42357856228190371 -4565.081479934959134 7865.0102554874574707 15743
178000000 308.6324876912371451 12878.727520110507612 3091.8954788332839598 -249.26553686940042098 -4672.9136295873422569 8014.0746452900275472 15746
179000000 310.43119419129675407 12953.784592281386722 3166.6913673239605487 -229.40026555232682881 -4585.0458651847102374 7981.1374980609971317 15752
180000000 310.17242321411021067 12942.986503816273398 3075.06369103835641 -257.1995953496330003 -4551.7154109649336533 7883.9786973529226088 15745
181000000 310.62453937928034975 12961.852569868555292 3190.8166959998125094 -266.85692581453650973 -4532.1803969688917277 7989.8540187832404627 15744
182000000 309.58124098459290963 12918.317438982430758 3181.7052756688040063 -262.07841219680761924 -4609.7559379640497355 8053.5396258296623273 15752
183000000 311.03401941705283207 12978.939500252476137 3093.108652056855135 -244.12550299234118256 -4599.0260351444630942 7936.2601901936595823 15748
184000000 313.14300952119629073 13066.944198322518787 3062.1809145246043045 -217.70969616070198072 -4618.292853503439801 7898.1834641887453472 15744
185000000 312.3100068010366499 13032.184361026389524 3042.5647156033746796 -292.37057992394073835 -4483.6433264729421353 7818.5786220002582922 15743
186000000 309.73007660024779852 12924.528105116920415 3016.2193812407890618 -271.29362992892225748 -4594.3312256706885819 7881.8442368404002991 15749
187000000 311.49170417230283192 12998.037934435691568 3101.3562465433815305 -279.69535057536234035 -4547.9332196396699146 7928.984816758413217 15745
188000000 308.93657031964073667 12891.416389464813619 3037.2563233778018912 -261.62848664311957236 -4627.6763338784439838 7926.5611438993673801 15743
189000000 307.62909154174786863 12836.857444472429052 3038.2131075238025915 -257.29341020749654945 -4693.3850948263743703 7988.8916125576733975 15746
190000000 309.10097126880384621 12898.27657143774195 2912.4411821420599153 -269.65591594526091512 -4675.6648033554129142 7857.7619014427336879 15744
191000000 310.26738931274377364 12946.949283357398599 3147.1779504873284168 -283.75298891438035298 -4531.9568424355957177 7962.887781837303919 15751
192000000 307.76189762353965307 12842.399224449010944 3085.563930003814221 -242.79363473002544538 -4555.4600147288856533 7883.8175794627240975 15748
193000000 313.01061792224976443 13061.419714035271681 3180.9367612458745498 -258.54400125453611281 -4525.9745863027374071 7965.4553488031469897 15744
194000000 310.94491031181576091 12975.221123439672738 3079.0068174772586644 -265.60284932342580078 -4546.7130262349128316 7891.3226930355976947 15741
195000000 307.75189264589067761 12841.981733140983124 3107.5212190940546861 -284.50354503041830867 -4603.5011506154041854 7995.5259147398774076 15737
196000000 307.57249899401705306 12834.495930273627891 3199.1925810873626688 -268.31062500379937319 -4477.2571477502069683 7944.7603538413704882 15734
197000000 310.32758622693989992 12949.461201857238848 3024.516471498743158 -279.1598607371157641 -4631.0611188145958295 7934.7374510504541831 15740
198000000 311.03596479793208118 12979.020677805929154 3118.8388021690898313 -288.74082463036927493 -4577.8787583551802527 7985.4583851546376536 15746
199000000 308.05172714745469875 12854.493335129669504 3045.0965880819649101 -280.65541659969989041 -4644.1973896095296368 7969.9493942911940394 15750
200000000 308.96578566434072854 12892.635497882763957 3072.3339190484580286 -280.12839015348197336 -4622.5746072684833052 7975.0369164704234208 15753
201000000 308.81406885749572666 12886.304604365381238 3016.2445261741740978 -248.93936670564409042 -4609.0442625163977937 7874.2281553962166072 15747
202000000 309.67774698598418581 12922.344476140026018 3161.8583810385080142 -249.53242075114155796 -4547.4452707715236102 7958.8360725611728412 15750
203000000 314.00689932903685531 13102.992903129348633 3105.0394970257016212 -272.95275969632967872 -4596.6812465129642078 7974.6735032349952235 15751
204000000 310.8607805264362014 12971.710525477890769 3053.7979385090866344 -261.27863885580006809 -4647.5148661986549996 7962.5914435635431801 15751
205000000 313.01106188464876823 13061.438239858034649 3063.9243244898470948 -238.29872917539745458 -4616.1747766586950092 7918.3978303239400702 15753
206000000 310.89143800543325824 12972.989811794797788 3017.1879140190594626 -278.38533021020191427 -4656.3024326548757017 7951.875676884137647 15748
207000000 313.71732320143462402 13090.909366261224932 3145.9489445660256024 -245.77175574274889414 -4536.1925462195767977 7927.9132465283510101 15752
208000000 309.1180100505541759 12898.987571854706403 3061.8851527179162986 -290.4418398385579394 -4567.5061650931329496 7919.8331576496075286 15753
209000000 311.99483748998346755 13019.032862588494027 3116.7050028446888064 -254.23708193955843626 -4501.1309486598929652 7872.0730334441404921 15749
210000000 308.30568731038232499 12865.090676206024 3086.9414975748245524 -260.71649269476449717 -4619.4620065937360778 7967.1199968633254684 15758
211000000 310.26352269761338221 12946.787935849681162 3103.3376202870031193 -266.01996129852193462 -4587.3323047525609581 7956.6898863380847615 15765
212000000 311.64317164551295036 13004.358423669425974 3140.7519931879687647 -253.45948139223409612 -4638.0182946610257204 8032.2297692412275865 15760
213000000 309.57530234880954367 12918.06962945120722 3056.7778129057323895 -284.78118302046954113 -4627.8001799328521884 7969.3591758590537211 15750
214000000 314.40180059132740098 13119.47148512320382 3106.7862354895532917 -261.08113936637312236 -4525.3104899451491292 7893.1778648010749748 15741
215000000 309.50114708236969818 12914.97525180547018 3105.1774413850957899 -297.88176748216778833 -4544.9872826566725053 7948.0464915239354013 15747
216000000 310.07562854969086175 12938.947421223954734 3143.1648045019851452 -266.66438641587166103 -4615.7751530268933493 8025.604343944750326 15750
217000000 309.16294943567021392 12900.862818690060521 3078.1621650261872674 -262.56952197225791679 -4547.2822534837860076 7888.0139404822311917 15750
218000000 306.87332189975398933 12805.320416857408418 2953.2983040282833826 -259.94618376728777775 -4674.9504619132803782 7888.1949497088526186 15750
219000000 311.3817566945530757 12993.450006515158748 3179.7413250988856817 -234.5042149472917572 -4631.4647946506083827 8045.7103346967851394 15763
220000000 310.58892619090420339 12960.366489927168004 3008.4823475558214341 -273.98495123328945056 -4713.0534237670217408 7995.5207225561325686 15759
221000000 308.59258146328920702 12877.06229866884496 3211.0059614807705657 -243.10703867383057286 -4602.5497597012581537 8056.6627598558588943 15751
222000000 308.89350027138743826 12889.619146990822628 3067.7567877238052461 -270.14367341230916963 -4667.2228724646611226 8005.1233336007753678 15760
223000000 308.63835153683453427 12878.972208769933786 3009.7103485054631165 -232.42444594102258293 -4649.6567377155352006 7891.7915321620203031 15754
224000000 312.82963626438089477 13053.867646282238638 3169.6756806289986343 -246.33167586252312731 -4564.3825988275320924 7980.3899553190549341 15755
225000000 311.41220909874795097 12994.720735396917007 3106.7289261637988602 -269.6359311630690172 -4717.268927981651359 8093.6337853085187817 15757
226000000 311.57742892484054664 13001.615087761063478 3074.1426632882230479 -267.41378241075665301 -4583.5081060826632893 7925.0645517816428764 15753
227000000 313.66722558183823821 13088.818874761076586 3119.5819608633523785 -281.28541616848781359 -4619.21108121958423 8020.0784582514243084 15751
228000000 310.70082367389397859 12965.035788368144495 3040.6062155750851161 -289.26155443473868445 -4591.1431830531491869 7921.0109530629742949 15759
229000000 309.36141246520679715 12909.144355411413926 3045.374709658699885 -276.18621319961459903 -4659.8583992528474482 7981.4193221111618186 15764
230000000 306.1575355629190085 12775.451826989650726 3003.8337373529275283 -251.55896907515358407 -4588.3741318427855731 7843.7668382708661738 15752
231000000 309.00719182075937397 12894.363308879461329 3081.455481838801461 -237.45245035011026857 -4599.6040338359543966 7918.5119660248656146 15753
232000000 306.55504608714460346 12792.039289204578381 2952.5239686599802553 -281.37883034982939989 -4678.2713764051541148 7912.1741754149643384 15768
233000000 310.34649330507357945 12950.250163218068337 3024.6337631365590823 -248.02999445583446914 -4751.1358705808834202 8023.7996281732766874 15763
234000000 311.14796774819922121 12983.69437722341172 3008.6358523260987567 -229.80489710607116649 -4704.4408935021383513 7942.8816429343069103 15755
235000000 307.59260508129614209 12835.334924319588026 2958.0853335545698428 -254.62967808296718886 -4766.5130501949151949 7979.2280618324512034 15759
236000000 309.25151734719673868 12904.5586123769408 3014.6002483422516889 -255.25459170094794104 -4625.0553443188737219 7894.9101843620737782 15750
237000000 308.89580007577507104 12889.715114055987215 3158.8454339496042849 -251.58405230607101544 -4606.2398982884087673 8016.669384544084096 15758
238000000 309.24305336960520663 12904.205424473901076 3155.4915634783114911 -218.85940142305184963 -4585.1331325588689651 7959.4840974602320784 15758
239000000 309.23084236456878671 12903.695879261123991 3042.1547217542338331 -272.49025883178728691 -4605.2507211630318125 7919.8957017490538419 15758
240000000 312.12531704940130339 13024.477560602164885 3047.129218275286803 -291.54234620728931304 -4604.1149470786331221 7942.7865115612094087 15755
241000000 311.92131812281820658 13015.965019976540134 3059.8661769681889382 -266.47287707980217419 -4672.6031471122505536 7998.9422011602409839 15755
242000000 313.74624053432802384 13092.116039135258688 3128.8350027984442931 -279.638901463088132 -4536.1353728206322558 7944.6092770821651357 15747
243000000 307.11930003889591489 12815.584681172584169 3165.8187303334220815 -263.69476739764866124 -4565.8834149374451954 7995.3969126685160518 15756
244000000 313.69084439884693438 13089.804449257389933 3195.7962773579374698 -243.49885388484028681 -4534.2167102997364054 7973.5118415425140483 15749
245000000 312.94362110620608064 13058.624046783919766 3139.3759258405198125 -256.30119808325792974 -4618.3147194063258212 8013.9918433301036202 15760
246000000 304.77315517682592372 12717.683904014169457 3251.9785576593876613 -251.8075014464732817 -4543.145515057936791 8046.9315741637974497 15749
247000000 308.39261953970651575 12868.718215557299118 3036.4972094217473568 -273.64018089222537355 -4651.5241293278686499 7961.6615196418406413 15753
248000000 312.92379725619531428 13057.796830036266329 3200.7945426248679723 -260.7332366286206593 -4495.253778235604841 7956.7815574890937569 15752
249000000 307.82841444056492719 12845.174862128575114 3092.336373366954831 -233.52587494981546001 -4646.2099144904914283 7972.0721628072615204 15754
250000000 309.99253455690052306 12935.480045188107397 3057.6969882667726779 -265.72365183040380998 -4649.4461719169712524 7972.8668120141483087 15754
251000000 304.94564151410497743 12724.881475972249973 3028.0576524320313183 -230.01130892664963312 -4684.3528224777228388 7942.4217838364038471 15753
252000000 310.71675396092308574 12965.700533118444582 2973.5208101763155355 -273.20856181785870831 -4652.9612227673578673 7899.6905947615323385 15750
253000000 307.87122691682168352 12846.961356545596573 3082.547977989291212 -278.55753037556246454 -4617.3155547365577149 7978.4210631014120736 15759
254000000 309.06598588515402071 12896.816688757913653 3048.0634846686566561 -255.29350601573190715 -4636.5135261363902828 7939.8705168207779934 15752
255000000 313.38426069246793304 13077.011214021213164 3187.9651638870618626 -287.19553562445776151 -4519.633124201879582 7994.793823713398524 15749
256000000 311.3293366331110974 12991.262603325854798 3178.3256926354379175 -261.98420341565497438 -4568.9638247973589387 8009.2737208484522853 15747
257000000 312.79079732873384501 13052.246961197815835 3093.9768208556638456 -279.58452709517615631 -4641.2893224261206342 8014.8506703769598971 15757
258000000 309.32944676620371638 12907.810479219278932 3139.362996591512001 -286.09787890011278932 -4586.119107251164678 8011.5799827427890705 15755
259000000 308.51123409255484376 12873.667806306741113 3072.7186714572740129 -270.4327672322252738 -4539.2605774971907522 7882.41201618669038 15748
260000000 308.8717514073701409 12888.711602565910653 3002.9222881188961765 -263.26031043909483742 -4635.6433858790624072 7901.8259844370531937 15759
261000000 309.99681712078830742 12935.658749555268514 3257.6832971518651902 -198.19087375848462784 -4660.2287435935495523 8116.1029145038992283 15766
262000000 311.36290918708397157 12992.663530940459168 3043.8442035461930573 -283.0131069999565625 -4564.3834116837842885 7891.2407222299334535 15749
263000000 311.84799607118242193 13012.905411018013183 3096.7668687816121746 -263.83148195266636549 -4616.5029900587160228 7977.1013407929940513 15761
264000000 307.95924342572982368 12850.63414110557278 3017.2850936561690105 -256.0528655894459007 -4640.1543802289888845 7913.4923394746028862 15755
265000000 310.76798350086806977 12967.838257798266568 3074.8128312638482385 -259.75075976469662464 -4625.2278962923210202 7959.7914873208646895 15764
266000000 311.34164663792194006 12991.776279636847903 3070.7807473021330225 -243.09858900348075395 -4607.3529983425542014 7921.2323346481671251 15756
267000000 307.14795903500362328 12816.780574076250559 3064.4509215583934747 -248.51626219414328034 -4612.9604524824253531 7925.9276362349628471 15755
268000000 311.59181370916928699 13002.215341218472531 3041.560575915793379 -262.2932188588573581 -4630.3501154628320364 7934.2039102374828872 15754
269000000 312.04739342948784042 13021.225935746488176 3083.4047755233923453 -250.81085162313212322 -4609.2454371457552043 7943.4610642922789339 15762
270000000 306.81536947803812154 12802.902157347554748 3062.1701327823693646 -258.44913368593046243 -4607.5835196321086187 7928.2027861004080478 15753
271000000 308.99748460498341274 12893.958242686032463 3189.7509593303484507 -273.86163391579663084 -4579.3146835969091626 8042.9272768430546421 15755
272000000 309.40920187266675612 12911.138529004829252 3092.3016075679715868 -275.01264699487671805 -4608.8790058311642497 7976.1932603940122135 15758
273000000 310.53001813833509459 12957.908353509148583 2984.9237624344955293 -264.1967511568504392 -4715.6935881310819241 7964.8141017224279494 15763
274000000 309.2608617030032292 12904.948537018974093 2950.2417791789935109 -252.05465585151586083 -4736.8801590419279819 7939.1765940724380926 15768
275000000 310.4011528878765489 12952.531017960705867 3095.9339671593288585 -265.17327831723218878 -4701.2336456798993822 8062.3408911564611117 15757
276000000 307.24958309761757391 12821.021179534483963 3127.6908833001880339 -242.33308427406831242 -4657.7038111091724204 8027.7277786834292783 15758
277000000 312.25004464600027632 13029.682238641255026 3203.8176095253861604 -246.57994864920317468 -4563.3380576799754635 8013.7356158545644575 15760
278000000 310.69950955355329825 12964.98095228163038 3132.9348970498308518 -246.9210180718041272 -4619.0225565310538514 7998.8784716526879492 15756
279000000 309.49634792334131816 12914.774990770365548 3148.0468445348851674 -255.24060094427437662 -4600.9540526923228754 8004.2414981714819078 15754
280000000 306.5471537803201727 12791.709956185046394 3158.2525114997215496 -267.02683540148416341 -4642.6264027781598998 8067.9057496793657265 15763
281000000 307.52375981318544973 12832.462124195144497 3139.613739696535049 -246.06336985280702834 -4623.6665633346328832 8009.3436728839751595 15766
282000000 307.66831165104645152 12838.494035308161983 3115.7543021382834922 -250.41880534299139072 -4614.6229061822177755 7980.7960136634937953 15764
283000000 311.16443210848677836 12984.381407974849935 3065.3194133307101765 -241.61836775013213696 -4612.0101336357438413 7918.9479147165875474 15754
284000000 308.85449392796220991 12887.991476254383088 2985.0123678588624898 -233.4907696659298324 -4700.0604619511004785 7918.5635994758931702 15763
285000000 307.90135224702277128 12848.218437166031435 3085.7535137162958563 -277.28212778397005422 -4605.9500905308104848 7968.9857320310766227 15760
286000000 309.30209191567178095 12906.669006171547153 3083.9928061842538227 -266.80264990485642329 -4635.496902192962807 7986.2923582820740194 15751
287000000 308.7033189869661669 12881.683193910159389 3084.2632390674252747 -258.33442247514591372 -4665.3635743861723313 8007.9612359287439176 15754
288000000 308.13271518558053685 12857.872833131365041 3019.1599779520283846 -250.24566735368617287 -4542.9455430606376467 7812.3511883663522894 15756
289000000 313.03256987935009192 13062.335733201442054 3155.0020048922733622 -300.45370844021067569 -4614.7943883016105246 8070.2501016340947899 15757
290000000 308.61359290138528877 12877.939071519524077 3164.8218650389812865 -270.38625020947961275 -4541.715809843453826 7976.9239250919154074 15754
291000000 310.43158233431995541 12953.800788853148333 2972.0709899261792089 -297.97775615928742354 -4592.1821418401086703 7862.2308879255760985 15760
292000000 309.77015148435651781 12926.200364303556853 2919.6492770181571359 -279.48322798960100499 -4662.8625707172532202 7861.9950757250117022 15760
293000000 308.37956608975611061 12868.173516499964535 3003.5313331914949231 -289.73792776091619317 -4699.8273883381079941 7993.096649290519963 15752
294000000 309.83652396113092209 12928.969978901186551 3235.3903934104419022 -276.63177982336986815 -4499.723430268919401 8011.745603502731683 15747
295000000 307.68495237513712937 12839.188425431848373 3079.7565053722696575 -266.60250588855950582 -4627.2428325104974647 7973.601843771325548 15761
296000000 309.9295995794854548 12932.853871800865818 3121.5478279432281852 -251.01290050150089428 -4681.4475217365907156 8054.008250181319454 15754
297000000 306.26668755527816757 12780.006560609517692 3135.7973654509514745 -267.19840512796406529 -4594.2371433073203661 7997.2329138862360196 15755
298000000 310.92393631763593476 12974.345913062206819 3037.1569920105316669 -297.83206598288677469 -4602.4070660282768586 7937.3961240216958686 15757
299000000 310.94927263135883777 12975.403155879521364 3099.1342952683826297 -248.79341233132919342 -4586.4859561763669262 7934.4136637760793747 15749
300000000 310.76985336710890806 12967.916284249709861 3073.1885968255282933 -245.35197554253136332 -4658.0232019741006297 7976.5637743421593768 15760
301000000 307.84463614243941265 12845.851767142421522 3173.150566608545887 -258.08081259575442346 -4574.6240796933589081 8005.8554588976603554 15759
302000000 311.96256021305771355 13017.685984760668362 2932.0420938757106342 -275.62183205083147186 -4675.9834048170232563 7883.6473307435644529 15766
303000000 312.25358007912217317 13029.829766466931687 3039.6572167214558249 -274.56081256045433747 -4652.9990498141496573 7967.2170790960590239 15757
304000000 310.36164543535892335 12950.882436763715305 3048.872339919692422 -251.77815359485418867 -4584.7811749066804623 7885.4316684212280961 15760
305000000 308.77584704510138636 12884.709670822145199 2942.7444719258837722 -267.02963795675509573 -4683.3956309838913512 7893.1697408665304465 15754
306000000 307.97983606082459573 12851.493437993889529 3138.2318739393249416 -273.12190816462549492 -4524.2088810770364944 7935.5626631809873288 15752
307000000 304.93379352495469448 12724.387078817013389 2956.9151667334381273 -265.95924780541724886 -4667.5971702805181849 7890.4715848193718557 15770
308000000 306.69353438098914921 12797.818178570669261 3066.3031880178095889 -245.89538511472994742 -4527.4895846990248174 7839.68815783156424 15754
309000000 309.77066389211898922 12926.221746239079948 3067.257024497812381 -280.85155332525937411 -4681.3678685701288487 8029.4764463932015133 15768
310000000 312.32730838070591517 13032.906327569493442 3163.6297928755075191 -257.41093065796684414 -4572.642665307603238 7993.6833888410783402 15759
311000000 307.78980363654983421 12843.563696602992422 2946.7379855501585553 -246.28552452043916787 -4684.8507659888491617 7877.8742760594468564 15765
312000000 309.53599913239008856 12916.429570691623667 2976.6678054715212056 -266.50892889159786137 -4662.2685214084931431 7905.4452557716122101 15757
313000000 309.36111366304567127 12909.131886887296787 3009.9592991424819957 -253.28641980497468467 -4645.3389585925015126 7908.5846775399586477 15761
314000000 310.89590892508147135 12973.176375938917772 2975.4482546429517242 -263.12169357967570704 -4652.9905243222956415 7891.5604725449229591 15762
315000000 311.30920214109096378 12990.422423996637008 2827.1243605546837898 -255.27158182975179557 -4748.5396089202331495 7830.9355513046693886 15768
316000000 312.36971033113013618 13034.675691416830887 2750.2770108647755478 -268.46152063783381436 -4773.4520720989839901 7792.1906036015925565 15760
317000000 312.0387362492815555 13020.864685815207849 3012.9348944223356739 -268.57228617549117189 -4576.9808425733299373 7858.4880231711558736 15764
318000000 310.74027888910705997 12966.682189788090909 3056.2702185819684928 -288.35401008558977765 -4624.3544212844681169 7968.97864995202508 15762
319000000 313.03367259612724638 13062.381747763976819 3146.9086697497473324 -250.65457402102632045 -4646.5892088776554374 8044.1524526484299713 15771
320000000 308.87073956164715582 12888.669379903429217 2844.3864500174368004 -271.03637821818261955 -4670.466419200600285 7785.8892474362191933 15762
321000000 310.90306811963489508 12973.47511738576577 3053.8890945388129694 -252.80438696372115714 -4652.3537168248149101 7959.0471983273491787 15763
322000000 309.98477613840731237 12935.156299109044994 3077.5496690577124355 -254.1476185513101882 -4649.3053426633905474 7981.0026302724127163 15753
323000000 310.45772400474481856 12954.891637884760712 3103.1133701280677997 -286.53681787108087065 -4584.8059587478028334 7974.4561467469520721 15757
324000000 309.62537021479414534 12920.158879381935549 2970.4399307756393682 -276.59524094553268014 -4696.0951501607605678 7943.1303218819321046 15771
325000000 310.77187292978067035 12968.00055728769803 3022.9610644493996006 -273.81346431744600523 -4686.5983066486442112 7983.3728354154891349 15759
326000000 307.50391494848258844 12831.634030538856678 3150.5100842712481608 -274.3012477898190582 -4636.1210288022384702 8060.9323608633058029 15774
327000000 307.06002349963398501 12813.111168409230231 3058.0635596260217426 -271.19482982480138844 -4651.5612483184368102 7980.819637769259316 15762
328000000 309.58992702487415727 12918.679893197306228 2950.4666848065280647 -279.82096490888807239 -4693.7020127476371272 7923.9896624630528095 15773
329000000 314.16895251608616491 13109.755116839854963 3099.1772000017535902 -303.31975637451387229 -4675.7223009095077941 8078.2192572857748019 15764
330000000 306.44295053676091811 12787.361725736105655 3068.3935443925320214 -265.47208630265845386 -4628.7103498210262842 7962.5759805162169869 15768
331000000 310.2259950958311947 12945.221970576707463 2967.661571095740328 -284.61131900755520974 -4700.9961199650279013 7953.2690100683230412 15761
332000000 314.15271649117948982 13109.077614149367946 3105.9813557461507116 -259.45656225536379225 -4562.3578373266400376 7927.7957553281557921 15757
333000000 306.62406831136587471 12794.919473417288827 3002.6629070055514603 -280.13686156426160778 -4639.7955411189686856 7922.5953096887806169 15762
334000000 315.4080274877464376 13161.459683187924384 3058.8812795455833111 -266.00070125127808751 -4623.7669812415406341 7948.6489620384018053 15763
335000000 308.29635092499620441 12864.701084156560682 3137.5777071806987806 -274.58030604782732098 -4631.3809180049956922 8043.5389312335219074 15759
336000000 308.77150848137478079 12884.52862967355577 3035.9591010020558315 -258.30250375135688046 -4687.4098216221991606 7981.6714263756130094 15762
337000000 311.9949964198546013 13019.039494471353464 3168.3130833724289914 -258.43271305864868737 -4564.4486887779066819 7991.1944852089845881 15758
338000000 308.31409333166624265 12865.441445687401938 3001.8943724445093721 -292.05005289437860938 -4715.5997497783282597 8009.5441751172174918 15767
339000000 309.34147378689755215 12908.312347067194423 2880.2967242722415904 -270.79214492245972679 -4819.9967814764986542 7971.0856506712007103 15771
340000000 310.74377539685093552 12966.828093321586493 3014.2980284115119503 -250.02251572565572246 -4588.2455438961387699 7852.5660880333070963 15770
341000000 310.99757729379803095 12977.418830218146468 3009.9140287078471374 -270.22688072643336454 -4658.2929353506424377 7938.4338447849222575 15765
342000000 307.65011482544338151 12837.734711620543749 2974.0805158046232464 -297.67812545346100706 -4672.2838139647947173 7944.0424552228787434 15762
343000000 310.13267000988179234 12941.327667803450822 2846.2884152506139799 -278.85555884590365849 -4810.7325728346995675 7935.8765469312156711 15758
344000000 309.84828823291599065 12929.460882668077829 2887.6040417967856229 -260.84170992261465472 -4731.2539032561417116 7879.6996549755403976 15769
345000000 308.41891323705078776 12869.815408422919063 3062.6675241837369867 -245.37920377192014598 -4589.7148830912865378 7897.7616110469425621 15757
346000000 309.12353038472150502 12899.217926345552769 3008.3510610104253828 -281.30739616513830015 -4607.1770684858629465 7896.8355256614268001 15765
347000000 312.57272016387014446 13043.14695877860504 3156.5444631751606721 -245.14034831510923595 -4623.2092394339397288 8024.8940509242092958 15753
348000000 309.88232893876426033 12930.881345492622131 3116.4978829003430292 -292.70730137830423701 -4591.7688950352694519 8000.9740793139153539 15760
349000000 311.75666285543036338 13009.094225721204566 3087.6367406318022404 -228.40036247217267373 -4648.5510015704148827 7964.5881046743907064 15763
350000000 309.59539092823382589 12918.907892923101826 2894.7366864014888961 -264.43381845875614999 -4756.8254711923000286 7915.9959760525443926 15766
351000000 310.11725699649826993 12940.684508033993552 3024.7881861495729936 -275.2851681985301866 -4614.3057901729498553 7914.3791445210526945 15757
352000000 307.39571958787018957 12827.119215592800174 3275.7094419720051519 -237.46736275173006447 -4537.5054420129636128 8050.6822467366982892 15752
353000000 307.74047844984835365 12841.50543746067342 3072.2327221356845257 -275.96484530171017013 -4643.607452355163332 7991.8050197925585962 15759
354000000 308.80531043145168724 12885.939129611346289 3051.1933743848130689 -262.88672902115769148 -4610.7089303652792296 7924.7890337712497058 15763
355000000 310.05364573159312158 12938.030114278977635 2977.4397606646029999 -277.40764139665020593 -4643.7091606455314832 7898.5565627067835521 15764
356000000 310.91940119536837983 12974.156669848081947 3069.4114242578298217 -247.94307958896104083 -4660.3168286697491567 7977.6713325165401329 15761
357000000 305.59478635853690776 12751.969225661410746 3197.3627612592663354 -240.03207872270485268 -4568.6407345544184864 8006.0355745363904134 15758
358000000 311.4925039279519865 12998.071306927244223 3101.3660475199089888 -279.9049270982300186 -4607.0818410864139878 7988.3528157045529952 15759
359000000 305.53312648381717054 12749.396260218336465 3147.1068073498781814 -270.82100233104449671 -4595.5096445252856938 8013.4374542062078035 15757
360000000 310.42333908609504078 12953.456811624555485 3104.4107854791745922 -275.2100080313823014 -4577.2549237676312259 7956.875717278187949 15757
361000000 309.95272645813793133 12933.818918516406484 3043.184367047260821 -253.03129879737321062 -4617.7267708991603286 7913.9424367437950423 15756
362000000 307.88801046841490461 12847.661706626709929 3040.9978357656532353 -271.28871953347061208 -4629.553855517275224 7941.8404108163995261 15753
363000000 310.27849831141833192 12947.412843652107767 2963.51613105657907 -281.96816425608926693 -4725.2879832816379349 7970.7722785943069539 15770
364000000 311.61233371186722252 13003.071607275993301 3196.1989291792724543 -289.75459492517967419 -4565.4520005705398944 8051.4055246749921935 15768
365000000 310.20726504438050597 12944.440396249015976 2960.651117567133042 -266.82481039126196265 -4658.9968856415071059 7886.4728135999012011 15751
366000000 309.96849886462689483 12934.477075170709213 2906.7642974600221351 -269.33416583918517517 -4725.8044715934074702 7901.9029348926151215 15760
367000000 306.03745646433787897 12770.441123148795668 3077.2396044219631221 -278.47593202377629495 -4651.5724170876164862 8007.2879535333568128 15763
368000000 313.01694277161476521 13061.683639625824071 3184.4497936526809099 -287.18546659467818927 -4591.8414665451136898 8063.4767267924735279 15767
369000000 310.38446409883806609 12951.834622165579276 2974.2871525085242865 -260.94407613390137612 -4709.3591995175565899 7944.5904281599832757 15771
370000000 307.72294154123324006 12840.773651026625885 3028.7629768127385432 -263.73341193235535229 -4684.9788916323286685 7977.4752803774217682 15770
371000000 312.16188257206175649 13026.003379891302757 2993.2344783639828165 -251.28683881000856104 -4659.206544954608944 7903.7278621285995541 15760
372000000 310.47677412918017126 12955.686568333147079 3012.3279009623242928 -274.96757184234786564 -4649.0481519938111887 7936.3436247984836882 15763
373000000 308.83902520021246119 12887.345991615802632 3002.8044459077809734 -261.42943265377550688 -4658.4690205568276724 7922.7028991183842663 15762
374000000 311.12310535902321362 12982.656910500152662 3052.5980970903583511 -262.77999060912162577 -4615.5188211944932846 7930.8969088939747962 15758
375000000 311.05056800530206829 12979.630045698611866 3058.2040697099232602 -248.79948761063550933 -4631.7218572834926817 7938.7254146040522755 15759
376000000 312.51774734041481452 13040.853033017294365 3038.7602483698319702 -283.3858001085811793 -4708.62550861748241 8030.7715570958962417 15755
377000000 307.37069161388103566 12826.074839286864517 2918.3922289911615735 -295.91482540469939977 -4699.8721326554350526 7914.179187051297049 15755
378000000 312.863657823226049 13055.287310133746359 2920.9124932622553388 -272.10555944027908026 -4690.6226119828279479 7883.6406646853611164 15764
379000000 307.17836925871500853 12818.049542835613465 3146.2017786506876291 -238.19825601253705827 -4561.6516236225315879 7946.0516582857562753 15755
380000000 310.27776763083977585 12947.382353549961408 3162.0693015456622561 -268.60240500194134938 -4635.5279895006078732 8066.1996960482110808 15753
381000000 307.11432782905279737 12815.377199010801633 3044.3606554434727514 -250.6366661432613796 -4677.3818857533024129 7972.3792073400363734 15760
382000000 311.21107623546919285 12986.327790892324629 2912.6400787047014092 -262.45460838987787611 -4689.7968681891061351 7864.891555283687012 15760
383000000 305.93464491822015816 12766.150965951554099 2977.2657266562546283 -240.69478975430314449 -4683.9631740388831531 7901.9236904494409828 15768
384000000 309.01800170858615502 12894.814387769067253 3023.6650647780761574 -286.89045458953251 -4684.8032557824808464 7995.358775150090878 15763
385000000 308.68016172239913431 12880.716879240238995 3057.7527630797198981 -240.94114992284460186 -4702.1637222167328218 8000.8576352192976628 15760
386000000 310.02871470528816644 12936.989783440898464 3007.7135697793873987 -220.95696733647179144 -4625.8800777787837433 7854.5506148946424219 15754
387000000 312.81150669376319229 13053.111129034854457 3016.344989068025825 -252.11951303837656724 -4552.8791582850153645 7821.3436603914187799 15764
388000000 307.2122501475222407 12819.463336757153229 2903.1422051685640326 -222.81295163727497766 -4694.4507213835522634 7820.4058781893909327 15764
389000000 309.04384458734051577 12895.892768714320482 2975.4850511188678865 -238.10846093987964878 -4727.0673634994436725 7940.6608755581919468 15761
390000000 309.04340448516711604 12895.874403972440632 3104.0942039644151009 -265.05195292073983637 -4564.789127292714511 7933.9352841778691072 15759
391000000 306.07258067287108361 12771.906798763318875 3178.3189150925918511 -238.25921975073751469 -4649.8505636899808451 8066.4286985333101256 15766
392000000 310.73274154584868256 12966.367668815992147 2925.0821919495401744 -277.89054966029175375 -4703.5970627876085928 7906.5698043974407483 15768
393000000 309.41906453035636559 12911.550081534373021 3102.4152852614697622 -308.7714509414714712 -4627.0792383906536998 8038.2659745935943647 15758
394000000 308.8067402519043867 12885.998793673774344 3062.553765163762364 -259.01230279750541285 -4586.2770285979859182 7907.8430965592542634 15756
395000000 311.72794640078893735 13007.895935167163771 3022.8286021417970915 -248.11738721742582925 -4586.2007468932333722 7857.1467362524563214 15760
396000000 311.68264628549525241 13006.00563565313314 3105.2249397128034616 -251.92075564693817569 -4610.6905480585501209 7967.8362434182909055 15756
397000000 312.90220151885409905 13056.895675336403656 3087.1354314476752734 -276.18666951439462309 -4580.0950284927257599 7943.4171294547950311 15755
398000000 309.20807932913152172 12902.746015126209386 3052.7870198599466676 -314.37093644165236128 -4590.9221292064585214 7958.0800855080578913 15752
399000000 309.91220296253646893 12932.127939507950941 3142.1739896900576241 -237.92582817631074477 -4577.5101866416589473 7957.6100045080274867 15761
400000000 312.78851215941955388 13052.151604830260112 2913.1945176174840526 -272.10303937024104926 -4754.1188088534199778 7939.4163658411453071 15759
401000000 308.48357887116577558 12872.513799275780912 2769.7414936914019563 -260.60835213904954344 -4693.77362584745606 7724.1234716779063092 15764
402000000 309.83702592048081215 12928.990924841589731 2890.3459021325534195 -284.02741403928109776 -4709.8144059145561187 7884.1877220863916591 15762
403000000 313.75564218993002896 13092.508354803780094 2993.8627464986511768 -268.0340934502626169 -4667.5996249556155817 7929.4964649045305123 15760
404000000 306.90454099151685341 12806.623138353927061 2876.6490180605665046 -272.72637970618274039 -4778.439065334143379 7927.8144631008926808 15760
405000000 309.22141905481748836 12903.302660000466858 2915.456252937768113 -287.85131054361323777 -4641.8125783028226579 7845.1201417842039518 15762
406000000 308.72061270791249399 12882.404832521644494 3068.5070427435102829 -269.1935244855220617 -4591.6070397595194663 7929.3076069885510151 15760
407000000 310.56087293994590937 12959.195873775097425 3181.5351406142267479 -289.08074009937928395 -4587.6225650226951984 8058.2384457363014008 15751
408000000 313.70535566647714631 13090.409980655524123 2958.7470120253842651 -253.70336731183320467 -4742.9761411770405175 7955.4265205142573905 15771
409000000 312.28634232996148512 13031.196881460758959 3120.5923248012977638 -249.84740793992131103 -4584.3159441082771082 7954.7556768494960124 15750
410000000 307.61091653209592778 12836.099031128669594 3057.5934799076758281 -265.55323224458004461 -4711.8258419006979238 8034.9725540529534555 15770
411000000 314.02967758184195191 13103.943402260063522 3048.9953890668994063 -272.14695687940508151 -4604.5110418052072419 7925.6533877515121276 15758
412000000 308.06451769838668042 12855.027063842149801 3286.6876341463957942 -226.71357042403951709 -4473.8905525389982358 7987.2917571094330924 15755
413000000 309.9920676291790187 12935.460561060101099 2949.2043910439815591 -259.02608997750428443 -4718.9510963411430566 7927.1815773626285591 15764
414000000 306.59528300969105885 12793.718309989460977 3050.0500499252020745 -240.65640912453181954 -4629.2117648717357952 7919.9182239214678702 15760
415000000 308.7854454431828799 12885.110196231657028 2917.3270232780987499 -281.03978490671573809 -4813.0178101902565686 8011.3846183750702039 15767
416000000 308.71410645260539241 12882.133337158653376 2965.1164801955160328 -256.53160625190514565 -4697.1893223872393719 7918.8374088346599819 15764
417000000 313.07166429818073539 13063.967079180096334 3263.5496137581922085 -265.60649797208390055 -4543.247228576939051 8072.4033403072153305 15761
418000000 312.43603631037206014 13037.443365748691576 2903.2564960829722622 -273.23921855217463417 -4712.675386912022077 7889.1711015471682913 15755
419000000 310.73685112497605587 12966.539154812815468 3192.7093904829330313 -244.69418972385653888 -4593.9304004599889595 8031.3339806667790981 15749
420000000 307.37502785033825603 12826.255783322318166 3179.3972294349564436 -243.85791955452572211 -4661.4191952609617147 8084.6743442504439372 15764
421000000 309.83880212554743139 12929.065042965847169 3291.4261527583867064 -246.17642547369914041 -4547.7030052458267164 8085.305583477912478 15761
422000000 310.13086462842983337 12941.252332196483621 3030.6465668558939797 -240.06240187414587695 -4660.9347167103178435 7931.6436854403573307 15766
423000000 307.15125680674822206 12816.918184682444917 2950.7251333989202067 -276.64686746281108753 -4676.3823947089294961 7903.754395570660563 15770
424000000 313.06485236743463929 13063.682828482376863 3033.6727566099812066 -278.31949423152144618 -4632.7280057389034482 7944.7202565804072947 15767
425000000 307.5841415532459564 12834.981755175171202 2937.3888518356725399 -257.84977255530964158 -4679.5714659441982803 7874.8100903351805755 15764
426000000 309.99777193005843401 12935.698592180118794 3202.1104372249010339 -253.01353445841829171 -4645.9306948758758153 8101.0546665591955389 15752
427000000 311.09556132646412152 12981.507543196705228 3151.7187635706359288 -253.45729153720805016 -4499.2393068111396133 7904.4153619189837627 15751
428000000 308.35401655086911887 12867.107376146264869 2881.914474865651755 -273.15214137615413392 -4682.2914540952906464 7837.358070337096251 15763
429000000 312.60259164095623419 13044.393446524896717 2969.348864671002957 -258.3323974148327693 -4655.1971723976857902 7882.8784344835212323 15768
430000000 307.74381785211022589 12841.64478524007427 3096.8161649229014074 -275.08509627833211653 -4546.413892451175343 7918.3151536524082985 15760
431000000 311.78887005450457082 13010.438179315220623 2933.4685291850346402 -271.32198665930275183 -4714.5724148145673098 7919.3629306589045882 15770
432000000 311.33301701044047149 12991.416179435584127 3101.6447539705477539 -252.10259047274797695 -4588.6297639508502471 7942.3771083941464894 15741
433000000 310.49590583435025337 12956.484903011792994 3067.6263762915514235 -248.97178010761385281 -4565.9839637935592691 7882.5821201927246875 15753
434000000 311.55656625252072445 13000.744522662234886 3071.184301550993041 -289.2119453712818995 -4614.7372485165251419 7975.1334954387994003 15756
435000000 308.29199694921197761 12864.519399888084081 3050.5198229031411756 -273.12901588866714064 -4667.4717841584406415 7991.1206229502495262 15767
436000000 310.35046204755627741 12950.415772332697088 3099.2704728924381925 -243.90647126494516783 -4570.0996158448997448 7913.2765600022830768 15751
437000000 310.7494593471590747 12967.065275245640805 2895.2518501571694287 -300.82566937375804628 -4723.3834424611168288 7919.4609619920447585 15769
438000000 310.77308640957477337 12968.051193809265897 2953.9604603701518499 -294.70326208445152361 -4688.3043308714186423 7936.9680533260225275 15767
439000000 308.20910473702565469 12861.060443825899711 3079.8592092726998999 -214.96591151914188345 -4701.5809682536855689 7996.4060890455275512 15761
440000000 311.13818096524869361 12983.285990822287204 2964.650566208397322 -256.36116982409760112 -4736.0429555980226723 7957.0546916305156628 15767
441000000 308.56718167708891087 12876.002407249150565 3004.4849199679747471 -269.99812357712795574 -4677.8643469555918273 7952.3473905006940186 15762
442000000 307.72989559870376297 12841.063832439451289 3044.8486867213450751 -290.68649626294222799 -4667.311458682724151 8002.8466416670107719 15764
443000000 306.35353948782301359 12783.630749307887527 3042.2819454820155443 -251.66092678985251041 -4603.5448349744128791 7897.487707246280479 15752
444000000 308.31180622600328434 12865.346008519192765 3088.422199303198795 -261.35177375698015112 -4576.3543949999493634 7926.1283680601272863 15758
445000000 313.10708612090269298 13065.445173746595174 2980.1601777604478229 -278.50236365739942812 -4712.1234680223951727 7970.7860094402421964 15757
446000000 308.89944125518945839 12889.867054501013627 3002.7871583742353323 -241.67292222958357684 -4695.037570781645627 7939.4976513854635414 15769
447000000 309.6260629821192083 12920.187787426195428 2988.6943649950535473 -274.50791545350136857 -4653.6552551673448761 7916.8575356158989962 15757
448000000 308.21772858521615035 12861.420302866828933 3172.8703044144986052 -267.36482228060060606 -4611.8465511979347866 8052.0816778930347937 15754
449000000 309.04358348429951775 12895.881873312657262 3145.9910180692286303 -270.02838691482867262 -4597.1241564963092969 8013.1435614803667704 15756
450000000 309.02117353546503864 12894.946742902577171 3095.5459395004836551 -245.34879721353328819 -4628.2482431169028132 7969.1429798309200123 15767
451000000 306.62380223139820146 12794.908370336637745 3093.5672879481753625 -239.26108879229229842 -4681.2174229127522267 8014.0457996532204561 15765
452000000 307.78782915727470026 12843.481304821203594 2931.2889846695488814 -276.61682179688057204 -4652.461467637243004 7860.3672741036734806 15771
453000000 314.02971772181314236 13103.945077235228382 3181.7461889940714173 -249.37169095597164414 -4592.2769317083429996 8023.394811658386061 15762
454000000 309.28032304026140764 12905.760626704022798 3098.5678536743803306 -274.24451136670728602 -4639.371483681720747 8012.1838487228087615 15768
455000000 311.59889702425402902 13002.510916339542746 3086.3422038746439284 -232.61558031970162119 -4582.8298327860247809 7901.7876169803703306 15767
456000000 310.24916773763357014 12946.188926913437172 3004.7091927988649331 -288.93915939535168036 -4637.1832024297764292 7930.8315546239928153 15755
457000000 310.90751255631272443 12973.660576438966018 2984.4595356540703506 -252.43562278052257852 -4692.1128997752712166 7929.00805820986443 15759
458000000 309.50666321486346533 12915.205430967371285 3045.7105145115547202 -262.35417263967553936 -4600.1837688793584675 7908.2484560305874766 15758
459000000 310.46974665098042578 12955.393323193709875 3117.2820792228590108 -263.7781864706662418 -4649.2018646076567165 8030.2621303011819691 15762
460000000 309.38873757051192115 12910.284587239615576 2977.6106792209366176 -241.57221288710098861 -4700.0790488479451597 7919.2619409559838459 15773
461000000 310.85609613961781861 12971.515053698869451 3077.8410898614311009 -262.4066682254231182 -4743.2392224909035576 8083.4869805777580041 15769
462000000 311.26127950423546054 12988.422690959054307 2910.2980680180753552 -255.43963587525479397 -4703.1412553096852207 7868.8789592030152562 15760
463000000 312.75682118660336073 13050.829192511324436 2996.3826760581832787 -210.37136202417522668 -4620.2715220716136173 7827.0255601539720374 15767
464000000 311.07422870923602432 12980.617368067616553 3153.1167976883466508 -267.76352387222630114 -4613.6353995004337776 8034.5157210610068432 15761
465000000 308.23598516647899714 12862.182120060124362 3123.8254826268739635 -235.26479951656236267 -4602.6667494224602706 7961.7570315658977051 15751
466000000 313.3405881122485539 13075.1888288764967 2877.4110137471552662 -240.92465027849397075 -4847.965054866893297 7966.3007188925430455 15771
467000000 311.09933176042886771 12981.664877222126961 3036.3489933492442105 -227.48575806829046542 -4557.0870367600155078 7820.9217881775502974 15771
468000000 312.42499384991629086 13036.982581984722856 3052.721377323465731 -245.8595468032939948 -4561.1482740167211887 7859.7291981434800618 15751
469000000 310.59383153150270118 12960.571181745044669 3052.209084169864127 -242.095090547426679 -4633.4129915804496704 7927.7171662977398228 15763
470000000 307.44487948812172817 12829.170577602650155 3052.7267117562205385 -274.78903957123981172 -4622.9822428966363077 7950.4979942240961464 15751
471000000 307.61488576233494996 12836.264660596569229 2931.6629348920650955 -266.97327398030358836 -4728.4899333933763046 7927.12614226574442 15767
472000000 310.72642779237355626 12966.104206238725965 3002.8067137036123313 -246.93267829535852798 -4609.4966270615404937 7859.2360190605104435 15761
473000000 308.04099186286975964 12854.045369310988463 2936.0485560694892229 -250.71644063310330353 -4695.2360748316013996 7882.001071534194125 15768
474000000 311.95684000431197092 13017.447289831481612 3047.4631137496480733 -292.93508180852410305 -4648.9597113762847584 7989.3579069344577874 15761
475000000 306.08310472942332581 12772.345950382632509 3005.9102835882094951 -246.41383821706946833 -4690.5626225239411724 7942.8867443292201642 15766
476000000 312.60166114341546972 13044.35461838863921 2848.1945696491320632 -261.54642702505515217 -4732.7104490338833784 7842.4514457080713328 15769
477000000 314.62112566044442019 13128.623560540207109 2949.3275295098801507 -280.6041982661261045 -4744.2758945626774221 7974.2076223386829952 15777
478000000 311.69446402622179448 13006.498770591257198 3127.8657136819128937 -261.44429683994542302 -4585.1132118766863641 7974.4232223985454766 15763
479000000 311.39987291556587934 12994.205966705425453 2977.1853594047906881 -263.97056825256913726 -4732.3539488083752076 7973.509876465735033 15766
480000000 309.95597063705787377 12933.954292781925687 3077.2153447009941374 -285.81370279282282354 -4583.8307358240590474 7946.8597833178764631 15764
481000000 310.29454047365783254 12948.082256771449465 2977.1481755574959607 -273.40351109876507962 -4728.5888399456180196 7979.1405266018791735 15769
482000000 308.31690354281028021 12865.558711189387395 3084.0652432225560915 -270.76389291136263182 -4682.9461150777224248 8037.7752512116412618 15772
483000000 310.45699065453413823 12954.861036383244937 2989.0872025501003009 -253.29288897289205806 -4680.6035686894401806 7922.983660212434188 15760
484000000 311.96249566703272649 13017.683291360908697 2901.3300616711594557 -265.33185013282280806 -4691.2809398406106993 7857.9428516445932473 15765
485000000 308.22322574943643758 12861.649690513786481 3022.5920736584175756 -270.12072109692087452 -4650.9296821759589875 7943.6424769312980061 15770
486000000 307.16952323403432956 12817.68041273414201 3028.7619006225941121 -254.04019251067470009 -4667.7222830225273356 7950.5243761557958351 15766
487000000 306.33710680894228062 12782.945040569595221 3088.154996006636793 -223.65169928491710039 -4660.3237829138670349 7972.1304782054203315 15762
488000000 306.68472991040937359 12797.450782453675856 2957.777401463534261 -269.28566970583494822 -4679.7484768469612391 7906.8115480163305619 15763
489000000 308.69856011185601119 12881.484613856891883 3035.4777418738030974 -265.15904825836150849 -4610.8494320887602953 7911.4862222209249012 15761
490000000 313.36645675726151694 13076.268285005462531 2777.5293074284072645 -261.83738907465760803 -4698.4672968992526876 7737.8339934023188107 15770
491000000 309.98236693387349305 12935.055766955209037 2988.1804873803121154 -285.31960784086686544 -4677.552419998748519 7951.0525152199279546 15767
492000000 309.52110857790825094 12915.808212275245751 3140.4105945797127788 -257.03188272357152755 -4638.0075228831319691 8035.4500001864153091 15761
493000000 313.88960840230612348 13098.098545126902536 3064.3648462569008188 -258.37662542736279647 -4604.50131439638335 7927.2427860806465105 15762
494000000 307.25351553544754779 12821.185273715498624 2936.2942273914650286 -277.32844975233069817 -4667.8285004871868296 7881.4511776309827837 15772
495000000 308.03938556156219875 12853.978340991934601 2959.4172225194643033 -270.5935748663740128 -4738.6969529248217441 7968.7077503106602308 15766
496000000 310.90735972354804062 12973.654198978358181 3028.3772793503435423 -258.23557072333539963 -4665.408443529876422 7952.0212936035568418 15753
497000000 313.88329920546391349 13097.835272690454076 3066.7444312264469772 -244.51540248941699929 -4651.3910538835370971 7962.6508875994022674 15768
498000000 311.05715267788070832 12979.904813285729688 2867.2551693546738534 -256.36711363679762599 -4700.9640753495395984 7824.5863583410100546 15762
499000000 314.7578484768139333 13134.32877942684172 3081.3404627796944624 -265.35820608594201531 -4645.314592594880196 7992.0132614605172421 15765
500000000 307.99299382692885274 12852.042489993234994 2908.7170597436652315 -259.56917290334348536 -4717.9347427669381432 7886.220975413947599 15772
