# Steps Temp KinEng PotEng Epair Ebond Eangle Bonds
1000000 310.13050046645167868 12941.237136314401141 7011.7376360402258797 -275.32180389939003362 -1005.3229992395507679 8292.3824391791658854 14949
2000000 310.48075946263304559 12955.852869761751208 5969.9140341088159403 -257.94387879415120324 -1812.8065273202998924 8040.6644402232668654 15147
3000000 309.30311423797576253 12906.711666004570361 5500.1013384762818532 -215.57483952888654244 -2274.7289376526800879 7990.4051156578480004 15230
4000000 310.23072937172435104 12945.419524144996103 5454.6554999404506816 -270.80008386461969394 -2401.0998389871501786 8126.5554227922211794 15280
5000000 311.95577478663977899 13017.402840045095218 5061.4794172916044772 -284.63137473853100801 -2630.0519058053860135 7976.1626978355216124 15309
6000000 306.10360170207712827 12773.201255434185441 5120.4736010171072849 -244.07504420814254331 -2743.9209021113701965 8108.4695473366191436 15353
7000000 315.70556910707080078 13173.87560696133005 4712.4116360289117438 -248.51523671691029449 -3096.5681625056968187 8057.495035251518857 15406
8000000 311.20279563375311227 12985.982254963810192 4690.9455939122635755 -277.14155445720268744 -3078.0588355749405309 8046.1459839444069075 15419
9000000 309.34846418277089697 12908.604044821971911 4575.3318429235750955 -248.7830112921666057 -3182.6557405498615481 8006.770594765603164 15433
10000000 311.7331539407426817 13008.113237268495141 4701.5869473334778377 -239.59716135115019142 -3164.7378399585322768 8105.9219486431611585 15438
11000000 312.69808470898243513 13048.378215634489607 4320.602865849531554 -275.59216983653357147 -3437.9257843198383853 8034.1208200059027149 15483
12000000 306.9214486470243628 12807.328667087840586 4339.1864078855096523 -279.41775004061236132 -3442.4696998520003035 8061.0738577781221466 15491
13000000 309.31505561042632735 12907.20995989176663 4168.9403288267722019 -273.24999052935260124 -3561.0213989970666262 8003.2117183531918272 15508
14000000 311.42530309739765926 12995.267126484970504 4139.6689521518819674 -256.94152314267154225 -3564.325034123874957 7960.9355094184284098 15520
15000000 308.39736299949640852 12868.91615235453537 4088.2179836394880112 -242.55550053548489586 -3594.7707413564589842 7925.5442255314319482 15527
16000000 310.26603455564861633 12946.892751565768776 3975.699547116910253 -270.2803524250987266 -3760.9054553469609345 8006.8853548889701415 15538
17000000 311.66591511896211841 13005.307471514659483 4036.7742393119706321 -265.71663421888200673 -3664.5343938283926946 7967.0252673592467545 15527
18000000 308.78662993148941496 12885.159622985996975 4021.1656611899079508 -274.87339163149425758 -3623.649722371216285 7919.688775192617868 15532
19000000 311.37754085676817795 12993.274086518831609 3987.4745348182759699 -290.08186894982372905 -3625.8403661358943282 7903.3967699039940271 15537
20000000 311.12085553378466329 12982.563028982907781 4004.8973021233323379 -278.30878377570343218 -3685.916973139358106 7969.1230590383938761 15545
21000000 308.69317807065471015 12881.26003010470049 3875.2342711027899895 -278.79085749984449194 -3757.3441335623183477 7911.3692621649524881 15551
22000000 312.08414379029937891 13022.759468028516494 3986.3026943704762743 -242.02032807486835964 -3745.7387508870542661 7974.0617733323979337 15558
23000000 311.92526619210843819 13016.129766432753968 3876.028145897577815 -239.75410258394165908 -3831.4392602659445402 7947.2215087474642132 15563
24000000 316.50717846394229582 13207.32545069601656 3967.1142236528357898 -242.33678702946690464 -3837.5224047271990457 8046.9734154095012855 15566
25000000 313.35634796104528732 13075.846461518896831 3947.691985202127853 -261.38974594507590155 -3794.9246328032741076 8004.0063639504787716 15583
26000000 310.73799378321194808 12966.586836066913747 3644.7123415315336388 -259.62634579046982708 -3930.9296774412923696 7835.2683647632975408 15586
27000000 307.26796078456408168 12821.788050269333326 3695.484525513927565 -277.31303498296324506 -4007.3152282308219583 7980.11278872771436 15599
28000000 305.90394638454745291 12764.869966490365186 3732.8507592395817483 -293.25212947384051176 -3965.7789955884022675 7991.8818843018234475 15597
29000000 313.42952678993992777 13078.900094027338127 3830.6755209943084992 -261.87218497704543552 -3957.2187062130360573 8049.7664121843909015 15616
30000000 307.88950049965404787 12847.723883186503372 3892.5846641355847169 -283.0861378586409387 -3839.3713577814705786 8015.0421597756949268 15614
31000000 304.87870780602190734 12722.088442112590201 3735.7984508731515234 -261.87186019043315355 -3935.6621147333444242 7933.3324257969306927 15613
32000000 311.55247381285920483 13000.573751867212195 3685.0442543805511377 -224.9561216391598748 -3956.2412104865634319 7866.2415865062757803 15606
33000000 309.05809144703550828 12896.487266802974773 3691.469309053141842 -251.09774315185745763 -3963.269559466766168 7905.8366116717652403 15612
34000000 309.33859631878317487 12908.192275042145411 3824.1753330067585921 -269.34178940239098665 -3926.3292368449201604 8019.8463592540701939 15616
35000000 302.68129003051626569 12630.393802347716701 3917.2174232501015467 -263.689583773955178 -3878.6156946337996487 8059.5227016578573966 15612
36000000 310.41942715042853251 12953.293572965198109 3658.0612142184963886 -231.62107960785243677 -4020.8955365204810732 7910.5778303468296144 15627
37000000 309.9304194371808876 12932.888083117839415 3622.8156251646087185 -254.50696580982233286 -4039.7980274293504408 7917.120618403782828 15622
38000000 308.44543662763567227 12870.922186010746373 3764.2958309733044189 -269.03978289097182142 -4010.2181063998341415 8043.5537202641098702 15628
39000000 305.93070029775378771 12765.986363409103433 3670.7040965388941913 -304.4671625404059796 -4002.7420599733068229 7977.9133190526063117 15634
40000000 313.38436981463047459 13077.015767510083606 3659.4774505212722033 -286.11333732601070778 -4039.0560821226486041 7984.6468699699307763 15632
41000000 309.70690331130839468 12923.561121776223445 3676.911183971868013 -273.73403714112475882 -4060.1030021695360119 8010.7482232825295796 15635
42000000 308.92844137880956623 12891.077182096287288 3727.7188997788725828 -271.14298078947916792 -4055.5388285270860251 8054.400709095437378 15631
43000000 310.81199450846452237 12969.674764962370318 3692.3665263956645504 -267.71333073657223167 -4005.3740482689004239 7965.4539054011365806 15627
44000000 310.30670710775473253 12948.589950457695522 3574.97555396575126 -252.15965676651651961 -4126.0261420018696299 7953.1613527341378358 15646
45000000 311.68384666679361317 13006.055725595955664 3797.2418116407452544 -262.80343859944355245 -4002.6553533539149612 8062.7006035941030859 15635
46000000 307.27696650150511459 12822.163844066915772 3603.3182607136272964 -245.71738934281131606 -4032.939776247088048 7881.9754263035274562 15644
47000000 310.33599182378100068 12949.811953627313414 3619.9168494032960552 -272.65731687596212396 -4026.8397660151404125 7919.4139322943983643 15640
48000000 312.27268298027007631 13030.626899200973639 3670.8009205854241372 -280.55531543470266342 -4066.5020290295160521 8017.8582650496427959 15644
49000000 310.78416168156553567 12968.513346744774026 3557.2852711001269199 -240.62078938389245764 -4159.076735788959013 7956.9827962729777937 15649
50000000 306.77585976197906348 12801.253481696692688 3647.3125619048414592 -231.20435612793272639 -4178.4096206699596223 8056.9265387027335237 15656
51000000 311.00629546220545762 12977.782625087033011 3597.8829099211679932 -239.31611783144495575 -4123.7712613930725638 7960.9702891456863654 15661
52000000 309.22545047029109355 12903.47088435621481 3534.1054901382481148 -272.53137577914111489 -4157.6071643765189947 7964.2440302939085086 15655
53000000 312.65799125229335687 13046.70518144453672 3487.9504283530181965 -241.19621763183263852 -4202.739453068075818 7931.8860990529265109 15659
54000000 311.35222748849986374 12992.217801177705041 3541.05193200357553 -272.81122551176576962 -4207.3126669964249231 8021.1758245117671322 15656
55000000 312.14906001395621615 13025.468315571964922 3489.1655130385852317 -238.28780700134521453 -4212.8814778991754793 7940.3347979391064655 15669
56000000 313.12820177881701511 13066.326295519358609 3480.4015246306107656 -239.38667340475680589 -4136.2377437804261717 7856.0259418157938853 15660
57000000 309.36406244675077915 12909.254934794982546 3403.110599845199431 -280.47294731948863955 -4253.3266965957864159 7936.9102437604751685 15671
58000000 307.20537729972306806 12819.176544090720199 3494.0522389647148884 -254.71674199910674474 -4151.5477675499105317 7900.3167485137328185 15664
59000000 308.58022323926149966 12876.54661024901543 3507.9732007734828585 -277.37003147049296103 -4228.1500844287784275 8013.4933166727532807 15661
60000000 313.92101272622505803 13099.408996057492914 3365.3005178128182706 -278.7235123156298755 -4244.6656373395044284 7888.6896674679528587 15662
61000000 310.6590084661291371 12963.290908329659942 3385.2347172604349907 -264.22772439431730618 -4222.5521848236121514 7872.0146264783643346 15667
62000000 307.00175540420525522 12810.679736353078624 3480.6992620177402387 -236.2818516734878358 -4232.3551100804716043 7949.3362237717001335 15657
63000000 313.61819387902272638 13086.772862219973831 3482.4016944191334915 -241.25617375660530683 -4224.1759350770380479 7947.8338032527772157 15664
64000000 310.11612828947721709 12940.637408941209287 3513.9483186267507335 -272.96469698017506289 -4146.207561284415533 7933.1205768913405336 15661
65000000 312.02064277834659833 13020.109674948374959 3498.6813757759991859 -237.71465203153206858 -4192.2116708430085055 7928.607698650540442 15667
66000000 306.84222846634787629 12804.022938878024434 3499.69454614922779 -259.66095812931359887 -4292.2212810473511126 8051.57678532589307 15666
67000000 310.22612770137084226 12945.227503988389799 3555.9707311392076008 -251.36751954815787258 -4214.9890722601448942 8022.3273229475107655 15673
68000000 311.08906750042137901 12981.236566486531956 3484.5507556235288575 -287.42087180297477289 -4229.3101962854416342 8001.2818237119463447 15668
69000000 306.56588149248591435 12792.491432898214043 3613.324142316149846 -275.10935993661109933 -4107.8716319055511121 7996.3051341583122849 15671
70000000 310.40061768193623948 12952.508684694612384 3346.7166431052523876 -259.0580349952041388 -4346.839938226628874 7952.6146163270841498 15682
71000000 311.90676214371330843 13015.357622841900593 3523.8517389932039805 -253.23899852565327251 -4201.3089188488702348 7978.3996563677274025 15675
72000000 308.4318532104721271 12870.355372290810919 3345.1383045659977142 -228.54476263971457684 -4306.5895967462174667 7880.2726639519296441 15685
73000000 309.67063891406945686 12922.047867957046037 3379.5003586023085518 -275.37228434044516234 -4298.4694057352453456 7953.3420486779996281 15689
74000000 307.01887724308500083 12811.394202607831176 3416.0669347312013997 -291.16173062714426578 -4197.8176399319845586 7905.0463052903305652 15683
75000000 309.20150880581115871 12902.471837964430961 3538.0516418516563135 -285.15926276837171827 -4196.1249085524541442 8019.3358131724826308 15678
76000000 311.43617592259943194 12995.720831648010062 3576.0117537624437318 -255.39153691087423681 -4200.5684166722703594 8031.9717073455876744 15686
77000000 308.85722177345508044 12888.105304772834643 3416.8790901815586949 -273.44009709448312151 -4213.0909228218097269 7903.4101100978523391 15678
78000000 313.4819691562134949 13081.088427960681656 3393.015136280032948 -265.52621257457684578 -4326.6728682204466168 7985.2142170750566947 15679
79000000 311.27836040569872011 12989.135448962559167 3292.0719613076526002 -266.7032705291242678 -4366.9695629737980198 7925.7447948105746036 15688
80000000 308.06591892011527989 12855.085534526726406 3359.8448687495142622 -270.34461885716621055 -4285.3338431348101949 7915.5233307414910087 15681
81000000 311.49950457395715375 12998.363432403210027 3593.1669675289740553 -267.55709822442941004 -4214.3991428090530462 8075.1232085624560568 15690
82000000 313.00597701736495537 13061.226056686022275 3276.8458411811066071 -255.1076196696998295 -4335.5156849576687819 7867.4691458084753322 15686
83000000 309.11986206276390021 12899.064853286714424 3427.9248498937686236 -290.12087558794144115 -4302.1730741548781225 8020.2187996365883009 15693
84000000 309.38062811169476163 12909.946192823581441 3320.225814317442655 -263.48881262323283181 -4332.5973440800589742 7916.3119710207338358 15685
85000000 309.23591501225428146 12903.907552529339227 3483.9872742038542128 -259.21828627125853473 -4314.1243160042376985 8057.3298764793507871 15696
86000000 312.07950639002075377 13022.565956920736426 3478.1511700474929967 -235.50543740578135044 -4345.2444371569799841 8058.9010446102547576 15685
87000000 308.16325363158307482 12859.147152396639285 3325.9117648056790131 -261.13918435601601686 -4371.0810494852166812 7958.131998646912507 15695
88000000 303.30118769784854749 12656.261115305100247 3376.1273388958975374 -232.64682042655755367 -4352.2700042242686322 7961.0441635467250308 15687
89000000 308.79386620740405078 12885.461580911625788 3433.408743414574019 -245.50135582129831846 -4328.3563929373012797 8007.2664921731729919 15690
90000000 310.74977723109685712 12967.078540020998844 3371.1915871110827538 -294.92019490712755214 -4329.5077242255274541 7995.6195062437382148 15684
91000000 308.66770873583431012 12880.197236535157572 3416.8295004537762907 -253.50292400690722161 -4300.8243836639676374 7971.1568081246514339 15697
92000000 309.96303730555729317 12934.249173268291997 3342.634605461999854 -250.53484743297462956 -4346.1579134226540191 7939.32736631762873 15691
93000000 311.13225780213997496 12983.038826940401123 3354.9735150356073063 -252.56940956860040615 -4293.6019046345436436 7901.1448292387512993 15699
94000000 309.76594946489598215 12926.025020923243574 3283.6637735673280076 -281.54402897968617481 -4417.7680728603445459 7982.9758754073591263 15699
95000000 310.98158700830282442 12976.751581830259965 3234.8073131638630002 -270.09070147502541204 -4365.293914918342125 7870.191929557230651 15703
96000000 304.79398512742142202 12718.553103689107957 3296.5895264185360247 -282.66963545944008729 -4483.1846681655824796 8062.4438300435576821 15697
97000000 312.53190989461302252 13041.444013175836517 3438.6838310814810029 -225.10330159247337178 -4437.1958986114441359 8100.9830312853991927 15703
98000000 303.90763166110815519 12681.567027257084192 3323.8352330448842622 -279.79596739330025912 -4322.991899811069743 7926.6231002492550033 15694
99000000 307.57787287976924517 12834.720173712303222 3554.6415420639177682 -256.10067575139356677 -4329.3516907306457142 8140.0939085459576745 15704
100000000 310.33951919090657157 12949.959144872193065 3044.834568670344197 -290.87423404356326273 -4493.5212239028514887 7829.23002661675946 15719
101000000 308.62051481767849737 12878.2279117337348 3213.103178005186237 -267.04117407866891654 -4485.0044754724349332 7965.1488275562896888 15698
102000000 311.11281168829418675 12982.227372503382867 3315.8328730044122494 -242.75618943613042688 -4336.3569454854041396 7894.9460079259479244 15701
103000000 309.98186382649635107 12935.03477310951348 3267.6688150265217701 -291.1596051091516415 -4381.7390966679058693 7940.567516803577746 15702
104000000 311.91353876927053079 13015.64040031199329 3286.7208770172364893 -249.18213521317835557 -4417.4785247771915238 7953.3815370076063118 15706
105000000 311.61410225906018923 13003.145405849743838 3250.4788163183939105 -244.88071767131219758 -4445.2321618271134867 7940.5916958168199926 15717
106000000 308.69887444667313048 12881.497730533264985 3156.864405886592067 -272.93652743125915094 -4387.0700285646871635 7816.8709618825387224 15708
107000000 309.9264986480042694 12932.724475016024371 3252.5575026097612863 -273.96214447065142394 -4396.759934708054061 7923.2795817884671123 15715
108000000 313.7481241232117668 13092.194638210083212 3276.4009831803978159 -287.26369781525818325 -4382.9699888354625728 7946.6346698311172077 15716
109000000 310.1653739869904598 12942.692351130073803 3268.8059526197444029 -280.91895747242620018 -4368.8469613122579176 7918.5718714044287481 15703
110000000 309.76545610046264301 12926.004433634612724 3364.9986121253468809 -243.60069571696928392 -4455.1268252976096846 8063.7261331399258779 15712
111000000 310.79961663071367184 12969.158256424909268 3223.2140274144976502 -247.23365105082947935 -4528.5527566112941713 7999.0004350766212156 15717
112000000 313.35693081481866784 13075.870783050915634 3313.758377579108128 -257.32156320374281222 -4409.4568910761008738 7980.5368318589517003 15710
113000000 311.36239218113718152 12992.641957130246738 3332.6176455634295053 -236.86508511082720929 -4334.2137196105886687 7903.6964502848441043 15706
114000000 306.16914588040793888 12775.936306496265388 3217.1189967058048751 -259.02010440429813798 -4432.5706850346959982 7908.7097861447991818 15709
115000000 310.65176431350062103 12962.98862172167901 3291.3872021967117689 -280.01995549062843338 -4415.2941405088404281 7986.7012981961797777 15719
116000000 312.50675364154130875 13040.394283994177385 3287.1065625926048597 -245.3441731106951238 -4434.9128066550501899 7967.3635423583491502 15714
117000000 310.40368948502526791 12952.636865999422298 3331.9204879103845087 -248.96559111492558714 -4478.6960746301301697 8059.5821536554412887 15705
118000000 307.43868835794125971 12828.912231894353681 3334.0600829183904352 -288.44104050002385975 -4482.426712306495574 8104.9278357249095279 15719
119000000 307.68127105206815486 12839.034809857954315 3052.0593089678850447 -277.15124458764989868 -4634.7020915937819154 7963.9126451493166314 15718
120000000 310.07846521887375957 12939.065790776507129 3108.8324492170559097 -260.6309381437648085 -4420.5689967729649652 7790.0323841337867634 15718
121000000 311.78761289507286847 13010.385720114016294 3186.6824640870963776 -275.59961150571223243 -4511.9079661203686555 7974.1900417131773793 15718
122000000 307.6776086959538361 12838.88198574397029 3333.511878892270488 -262.13854961487561468 -4433.6433033875291585 8029.293731894674238 15717
123000000 309.76577414545624833 12926.017705130567265 3258.1455843980702411 -265.49988434355464051 -4438.6280400932000703 7962.2735088348254067 15719
124000000 310.95695756407008048 12975.723835517426778 3222.0014599865503442 -238.57441504781877484 -4522.513748004237641 7983.0896230386078969 15711
125000000 311.81575603856299495 13011.560087334006312 3053.1004094211120901 -278.53431452062989138 -4533.1872298528051033 7864.821953794546971 15726
126000000 312.6999436245367292 13048.455785131744051 3137.2072658219462937 -283.77610636945951228 -4539.2147297894271105 7960.1981019808335986 15729
127000000 314.29340265897093332 13114.948217190507421 3248.5687783942644273 -270.98196794127545672 -4423.2260615814820994 7942.7768079170218698 15727
128000000 310.78445130842527533 12968.525432398611883 3223.6745634466178672 -258.80175421673152414 -4576.6391164011938599 8059.1154340645425691 15720
129000000 309.34537852150742765 12908.475285238269862 3243.4232793314431547 -266.10373673312824394 -4459.751666640102485 7969.2786827046738836 15730
130000000 310.46532582465908945 12955.208849361961256 3135.0623827104313932 -272.6112432118748643 -4541.9247375959148485 7949.5983635182219587 15734
131000000 310.91970446268953765 12974.16932469600215 3124.2953662432273632 -264.77613939871082493 -4485.3511931420780456 7874.4226987840165748 15730
132000000 310.4678814578430206 12955.315491743207531 3164.9091099967972696 -267.8426784796672564 -4519.4725452863740429 7952.2243337628378868 15734
133000000 313.74147667478791845 13091.917251089904312 3062.1578443325070111 -258.87569400372348127 -4585.094661641897801 7906.1281999781276681 15737
134000000 312.429861492667726 13037.185700733269186 3014.5210549684138641 -242.73656342406525255 -4638.6933332433054602 7895.9509516357848042 15738
135000000 312.03802031870679912 13020.834811206526865 3299.4098068059956859 -267.25982298714814078 -4463.244349753383176 8029.9139795465271163 15722
136000000 315.0675172092635421 13147.25074774116365 3128.4173778544345623 -264.46761728613870446 -4489.6343308495224846 7882.5193259900952398 15732
137000000 308.43377815559910005 12870.435697093837007 3273.245277154462201 -256.25609443450571234 -4418.0948461193838739 7947.5962177083511051 15725
138000000 308.01245498991158911 12852.854572406056832 3046.936447595014215 -248.67201888145200428 -4557.4795912782337837 7853.0880577547004577 15721
139000000 310.15017000504633415 12942.05791389974911 3124.5068947529139223 -268.88788146326612605 -4547.0978233672440183 7940.4925995834246351 15737
140000000 308.65986591412479356 12879.869968448310829 3223.9461303769389815 -265.00732110290221044 -4514.9600008036331928 8003.9134522834756353 15724
141000000 309.38447438262056721 12910.106691401007993 3093.4999142684605431 -254.3270210079053868 -4499.5727110506468307 7847.3996463270132153 15733
142000000 308.91281999241817857 12890.425327262966675 3271.5229739978422003 -296.75129459357344786 -4487.2044788577250074 8055.4787474491413377 15740
143000000 313.89127317884475588 13098.168013521442845 3053.232620056525775 -267.24891998932099568 -4595.1660271827495308 7915.6475672285960172 15742
144000000 309.53955514817317862 12916.577957397996215 3105.7601466260653069 -284.09279081413160384 -4536.0924110372270661 7925.9453484774230674 15734
145000000 309.93306938627898717 12932.998661147494204 3062.2009910255410432 -258.16381049966332739 -4554.0314681699510402 7874.3962696951548423 15748
146000000 313.14631602039827385 13067.082173111193697 2990.1386619884269749 -293.45747144260434425 -4615.4018045574202915 7898.9979379884516675 15748
147000000 308.40721799958254223 12869.327385344846334 3075.694960170581453 -280.93950590214410568 -4585.8050013838128507 7942.4394674565373862 15745
148000000 309.3631864016163604 12909.218378868332366 3053.3975845316294908 -223.27396462278835543 -4555.5711368892061728 7832.2426860436235074 15741
149000000 312.51420544813703373 13040.705235661635015 3104.8028286852904785 -249.60568979589956484 -4515.4051581252570031 7869.8136766064471885 15740
150000000 311.93420686467834457 13016.502846035409675 3199.918355893133139 -266.39949957664714475 -4466.7179365289885027 7933.0357919987691275 15740
151000000 311.37671321114152079 12993.23955022426162 3047.9274288967762914 -256.71793119006326833 -4652.9108195288599745 7957.5561796156980563 15742
152000000 310.71530943184779971 12965.640255289319612 3144.0128933489595511 -238.4316629169125008 -4573.6657547102113313 7956.1103109760833831 15741
153000000 307.49936314803898085 12831.444091371799004 3055.8008232478377977 -272.71082752428242202 -4621.3617360111602466 7949.8733867832797841 15734
154000000 310.74166516218309653 12966.740036689914632 3014.0008956754272731 -273.93408291692639978 -4627.355403123619908 7915.2903817159731261 15736
155000000 305.67567099517827955 12755.344408888749967 2978.3420856729962907 -268.64000660779436203 -4545.9473121548862764 7792.9294044356756785 15736
156000000 307.08117060298650358 12813.993602348555214 2994.6626079777811356 -286.04062991422381401 -4604.3812084519504424 7885.0844463439552783 15735
157000000 308.52340301093425978 12874.175595312348378 3047.6299982285554506 -246.28093404218151363 -4526.7385563521820586 7820.6494886229193071 15736
158000000 311.42515797247830278 12995.26107066010627 3130.942438638150179 -233.08016973216672341 -4531.1555713511379508 7895.1781797214562175 15735
159000000 308.02986243118579068 12853.580956380308635 3254.4370864333918689 -268.70772201220501074 -4533.5772211690273252 8056.7220296146233522 15738
160000000 306.33640416967534748 12782.915720585391682 3055.1654776069476611 -259.29227675899284122 -4553.6234790767666709 7868.0812334427073438 15741
161000000 310.63881345829702241 12962.448203774862122 3176.5518260009976075 -261.30935966140486926 -4606.2850412465986665 8044.146226909001598 15740
162000000 307.36279402615696199 12825.745285904051343 2997.2057932650095609 -265.38936986750741198 -4584.5587898689427675 7847.1539530014597403 15741
163000000 309.27759327691086355 12905.646718156516727 2983.4253250846641095 -226.94221717548822426 -4607.596996152767133 7817.9645384129207741 15739
164000000 308.20837061160870007 12861.029809976296747 3278.2411992287179601 -229.86578201394402754 -4544.2844780346540574 8052.391459277316244 15745
165000000 307.02234852274699506 12811.539053414844602 3094.628651851554423 -279.82770219111904453 -4539.4711131374497199 7913.9274671801231307 15738
166000000 309.37497518926841167 12909.710305642143794 3191.4341350081458586 -264.80075932843226383 -4568.7614184984040548 8024.9963128349827457 15749
167000000 305.09759509101724007 12731.222249516209558 3149.3288297283293105 -227.6991400228264979 -4546.0821168316651892 7923.1100865828211681 15744
168000000 314.61725020790589724 13128.461844261943043 3238.8455397050629472 -267.30407322338118092 -4551.2919427252791138 8057.4415556537232987 15741
169000000 308.56809957024972846 12876.040709425305977 3177.3625488847656015 -246.42603272593657948 -4553.855476777086551 7977.644058387788391 15730
170000000 305.46537740846736142 12746.569202419928843 3209.3151126075172215 -269.06240369172991223 -4493.9211786996693263 7972.2986949989162895 15738
171000000 311.37416670524476103 12993.133288709739645 3187.0794908342359122 -258.07536852395787719 -4611.4914662511700953 8056.6463256093647942 15748
172000000 306.68529545783536605 12797.474381820202325 3171.2745362681089318 -248.44494744451822044 -4545.1245130107263321 7964.8439967233534844 15743
173000000 313.54678400416719342 13083.793045262305895 3044.4764922794142876 -248.91876394833741415 -4640.7122941809830081 7934.1075504087357331 15746
174000000 311.95077963714464886 13017.194400649257659 3061.6398862478895353 -254.9227194222055175 -4570.6219761750808175 7887.1845818451756713 15732
175000000 306.84030880275884101 12803.942834464913176 3072.0642126576094597 -268.50809108582001272 -4570.9791321879783936 7911.5514359314065587 15738
176000000 306.0791051647616996 12772.179055109028923 3319.9778626933511987 -257.02315686782048942 -4398.1627908756117904 7975.1638104367839333 15737
177000000 309.59598410788771616 12918.932645337179565 3117.1158001792073264 -252.25823277602074768 -4639.2881241746072192 8008.662157129836487 15748
178000000 312.00347455473831815 13019.39327313497779 3070.1217355457838494 -258.49398141044946442 -4655.4048376115897554 7984.0205545678236376 15746
179000000 308.50444839928906049 12873.384650456042436 2944.3577474226703998 -266.97609233163706222 -4614.4480575685884105 7825.7818973228968389 15746
180000000 310.55637689892165554 12959.008261357157608 3215.5216382832454656 -226.48917062428381541 -4479.6423398528149846 7921.6531487603442656 15743
181000000 306.72649795492770863 12799.193694447236339 3282.5967662240423124 -296.61504028568162994 -4498.0643502268358134 8077.276156736559642 15738
182000000 311.22772585924604982 12987.022552385316885 3067.8198138349812325 -258.98040780089945656 -4584.3487255131285565 7911.1489471490094729 15747
183000000 312.52551239817512396 13041.17705614208171 3114.1330964163871613 -259.08432020391148853 -4557.0184298711592419 7930.2358464914568685 15745
184000000 309.3356068670325385 12908.067530123622419 3096.5547991903022194 -238.10864524277056375 -4601.1682784812528553 7935.8317229143267468 15738
185000000 311.36018844323461963 12992.549998761944153 3169.7992633029671197 -271.48557690775544415 -4511.5124850851188967 7952.7973252958399826 15737
186000000 309.1592486745826136 12900.708391999531159 3074.4163149864461957 -272.5229139652486765 -4557.2563989399195634 7904.1956278916140946 15746
187000000 307.60213853549015539 12835.732739727191074 3125.0514037247658052 -262.0953406410712887 -4574.0551380038095886 7961.2018823696471372 15746
188000000 312.66397203148494555 13046.954749551065106 3214.1832487018727988 -262.12252505235210265 -4519.2734486589206426 7995.5792224131464536 15746
189000000 308.26105715038585231 12863.228332827746272 3114.0051175610592509 -227.15895199426753948 -4587.3089288854916958 7928.4729984408177188 15755
190000000 307.44319194955392049 12829.100159385963707 3145.7423235087953799 -262.97888619357547668 -4522.1908518346117489 7930.9120615369838561 15751
191000000 307.49263717980761612 12831.163427748831964 3080.891647605622893 -250.53636755030896666 -4586.5859624181357503 7918.0139775740663026 15749
192000000 313.15041257875600422 13067.253115772655292 3013.0863694324211792 -280.98180759258127637 -4597.6204969353111665 7891.6886739603141905 15748
193000000 311.02154669551907773 12978.419034039508915 3184.2909310183140406 -256.12180666454673883 -4507.9546951843112765 7948.3674328671722833 15754
194000000 308.237067441955503 12862.227281640709407 3134.7484455950252595 -258.85353467866008259 -4578.7532614795809423 7972.3552417532655454 15750
195000000 308.81932945351462649 12886.524120409294483 3047.585796825239413 -265.82103784804860425 -4642.4615208124942001 7955.8683554857816489 15755
196000000 314.85172092381486664 13138.245922679046998 3134.7429012061493268 -263.233077179314364 -4580.7508251141634901 7978.7268034996277493 15751
197000000 308.19609732349323394 12860.517665792782282 3089.7400567776203388 -291.56004076514631151 -4540.3092586835846305 7921.6093562263522472 15740
198000000 305.88106875766925441 12763.915320642563529 3018.6433458318433622 -253.92487604800811596 -4618.5891848993633175 7891.1574067792162168 15757
199000000 310.27749284602072066 12947.370887230139488 3022.5942532688013671 -249.05279586093632815 -4676.5878377675471711 7948.2348868972858327 15747
200000000 310.20919568561254209 12944.520958741164577 3147.0690457051423436 -249.80048417576153952 -4527.8175922612836075 7924.6871221421861264 15739
201000000 310.04290619522134875 12937.581971040204735 3056.2542890219647234 -259.69159624663285513 -4683.1442725214128586 7999.0901577900103803 15752
202000000 311.6976038773521509 13006.629791429224497 3105.5070137131961019 -248.52897131723901225 -4534.8843540600137203 7888.9203390904485786 15757
203000000 311.10579194385871915 12981.934450081243995 3161.7607786090161426 -217.99680439885412397 -4489.4771133135436685 7869.2346963214149582 15741
204000000 308.39426877627300883 12868.787035494289739 3055.4916422581600273 -234.96347456210600058 -4556.6869350960032534 7847.1420519162693381 15750
205000000 308.93292421648919799 12891.264243560310206 2975.0192132944066543 -276.05984228833472116 -4672.5710434009888559 7923.6500989837304587 15766
206000000 306.1874438735267745 12776.699851738390862 3133.0639098449837547 -258.71061884347454907 -4637.741811201359269 8029.5163398898175728 15756
207000000 309.54593703162311158 12916.844262927370437 3064.6812766522780294 -249.54537374100792135 -4620.747526766662304 7934.9741771599492495 15766
208000000 308.13727429044013206 12858.063077099723159 3134.5025752846486284 -216.84844863509835022 -4580.0407242302062514 7931.3917481499529458 15758
209000000 305.83439309373744663 12761.967621739915558 3093.9402291730425532 -233.19109120021948911 -4591.6848257111632847 7918.8161460844257817 15757
210000000 307.85044461510125302 12846.094145180064515 3006.6113766088028569 -261.59927265732642354 -4581.1293156799747521 7849.3399649461043737 15757
211000000 307.41314244848302906 12827.846242990764949 3048.1460984335067224 -227.86933768473710415 -4692.7112602777533539 7968.7266963959973509 15754
212000000 310.81842074881751614 12969.94292143255916 3142.0232315217549512 -236.45374263767303091 -4571.7331101199260956 7950.2100842793543052 15744
213000000 311.05947977594189524 12980.001919271126098 3046.9290066454277621 -247.47067665391955416 -4621.6764948829513742 7916.0761781822984631 15755
214000000 309.17741134621212495 12901.466290497850423 2980.6958943690842716 -257.22470782138736922 -4663.8842319712948665 7901.8048341617659389 15752
215000000 307.9544308615470527 12850.433320695359726 3096.5055244623326871 -226.79638387671190003 -4647.8462069513880124 7971.1481152904325427 15751
216000000 307.77007204808035112 12842.740329778138403 3008.6964871612140087 -252.81938453519342147 -4644.5962945404562561 7906.112166236864141 15759
217000000 310.63324062036252826 12962.215658387922304 3159.0721406576485606 -252.83683134510806667 -4530.0179090516794531 7941.9268810544372172 15759
218000000 309.25291608704634427 12904.616979496777276 3055.3234648846382697 -272.61744576936706608 -4572.1347188118652412 7900.0756294658704064 15756
219000000 309.58730049190762657 12918.5702922844157 3034.1892692742467261 -225.53799632561708677 -4592.424925764593354 7852.1521913644573942 15752
220000000 306.41796303703017657 12786.319038354591612 3123.3381228669450138 -237.44909382138433784 -4585.0775785963614908 7945.8647952846904445 15756
221000000 311.68528412355072987 13006.11570830884375 2976.00255164939108 -289.90328742221117864 -4552.3335279758857723 7818.2393670474875762 15753
222000000 315.62903655218929089 13170.682028967938095 3129.9573887176329663 -265.13226676665971127 -4556.0833825143527065 7951.1730379986438493 15744
223000000 310.32888647418769779 12949.515459042340808 3069.9943038566352698 -265.97195326792291326 -4567.5326954240208579 7903.4989525485789272 15751
224000000 311.48637448004166117 12997.815535118916159 3004.4213104581890548 -246.12173237624921285 -4631.9205657812226491 7882.4636086156606325 15742
225000000 311.85057152336639774 13013.01288041362568 2974.0842302695659782 -267.93674834965486298 -4744.4662723505898612 7986.4872509698107024 15762
226000000 313.35937575687285062 13075.97280647286243 3030.1599668019580349 -286.32882104762961717 -4643.3037854676404095 7959.7925733172287437 15762
227000000 306.95972499944804213 12808.925876497049103 3074.3913286927954687 -263.52872689187421429 -4661.9330638228320822 7999.8531194075021631 15757
228000000 306.6862372416678113 12797.51368091490076 3028.8925039387590914 -251.35325237919386154 -4707.6266708718285372 7987.8724271897817744 15756
229000000 308.78725156540957641 12885.185562749937162 3132.8256835493657491 -262.03870221142778973 -4587.9027726083522793 7982.7671583691471824 15761
230000000 309.45585742272459129 12913.085388588506248 3079.9016573206649809 -290.49318752463040028 -4665.9897420137913286 8036.3845868590869941 15759
231000000 310.92661607790040534 12974.457735062942447 2963.9203411787038931 -278.99202920059610733 -4695.7923815670001204 7938.7047519462994387 15761
232000000 311.39070875244851777 12993.823561208775573 3001.7910785617996225 -288.48498483570392636 -4640.9381732359188391 7931.2142366334228427 15769
233000000 310.27245723868060168 12947.160759594786214 3125.434647452047102 -268.37579359741164353 -4656.9891578499518801 8050.7995988994098298 15761
234000000 312.28943565465493748 13031.325960826823575 2958.1057164856983945 -255.65000750744835045 -4708.9201334514400514 7922.6758574445866543 15763
235000000 310.66658959464240297 12963.607256388633687 3186.0233307596017767 -247.05759024484802922 -4588.1396822518418048 8021.2206032562917244 15759
236000000 309.17312911612930293 12901.28760005982258 2944.927043516266167 -280.9456307949644156 -4734.6118667283826653 7960.4845410396137595 15767
237000000 306.58498921730830489 12793.28876691628102 3132.4084317966903654 -238.25992497238456735 -4534.5633221148864322 7905.2316788839607398 15765
238000000 307.62505670663375668 12836.6890774206895 3053.9321566630751477 -263.0440523486723805 -4560.7187885930870834 7877.6949976048344979 15763
239000000 309.85168252454622007 12929.602520890795859 2969.8366772743770525 -253.40939142502526238 -4609.0380392914858021 7832.2841079908876054 15759
240000000 312.63460693812214686 13045.729392367020409 2870.6401344234491262 -235.76051984232103109 -4585.0523075594783222 7691.4529618252490764 15764
241000000 306.38332025852810148 12784.873452025669394 3221.0391075411462225 -244.96080145107237058 -4564.4669654554636509 8030.4668744476821303 15760
242000000 307.30724849661572762 12823.427462057077719 2968.7578583941076431 -271.55865371871385605 -4587.1171804959922156 7827.4336926088126347 15756
243000000 307.78852734841467509 12843.510439192365084 3083.659786121601428 -253.52279136350307454 -4655.1454905607261026 7992.3280680458292409 15774
244000000 313.60367037372219556 13086.166820163929515 2931.5061812232115699 -269.1827228273681385 -4719.8161563027260854 7920.5050603533054527 15758
245000000 310.96463272769085506 12976.044107507208537 3228.7693989467352367 -251.73796071525745788 -4515.5031992224912756 7996.0105588844844533 15759
246000000 313.30174051473539976 13073.567782346606691 3110.3565067462832303 -262.55201481783399231 -4581.4114480833650305 7954.3199696474830489 15770
247000000 311.98606775177768213 13018.666915796502508 3035.2550707775926639 -237.36316315272128463 -4604.3021695521265428 7876.920403482441543 15758
248000000 307.69275899966697807 12839.514183069755745 3109.0967061921401182 -273.87924232214493259 -4592.9360209342412418 7975.9119694485270884 15752
249000000 309.53101329329774671 12916.221519803626506 3010.6225621424546262 -281.36252375316905727 -4605.4898218915477628 7897.4749077871711052 15761
250000000 310.93691197120864445 12974.887365804295769 2992.7614356868084542 -287.19457015359756724 -4729.4486796209876047 8009.4046854613934556 15772
251000000 310.10459649857705244 12940.156206220352033 2992.4642613104242628 -252.97865212682484071 -4762.7938190522017976 8008.2367324894512421 15766
252000000 311.26706836266293976 12988.664250526868273 3090.3013259468521028 -278.14476828383504881 -4671.2339193014677221 8039.6800135321545895 15759
253000000 309.61688161265328745 12919.804663936838551 3013.0231228097018175 -268.53696312054546524 -4624.1548054033000881 7905.7148913335477118 15758
254000000 312.52805635625492187 13041.283211340380149 2940.1250885925519469 -239.48930647305377306 -4680.1716307056212827 7859.7860257712272869 15759
255000000 305.41866110266749956 12744.619807598783154 3064.724354451533145 -272.06088858774865002 -4590.8648488553226343 7927.6500918946039747 15758
256000000 310.85494730884533965 12971.467114874942126 3000.6509805141895413 -248.06369320465074679 -4709.4239415960164479 7958.138615314855997 15763
257000000 308.65700617296442942 12879.75063613997736 2921.5410489141577273 -263.18869071696536821 -4639.5358956230575131 7824.2656352541807792 15768
258000000 310.87459365391225674 12972.28692463241714 3002.9108350729779886 -274.48592197158063755 -4638.7658354849581883 7916.1625925295165871 15772
259000000 314.58886040219022107 13127.277184231834326 3128.1844508163139835 -240.77758349480916422 -4606.7969459614405423 7975.758980272563349 15747
260000000 314.50035579625313176 13123.584032183372983 2892.8389136074520138 -258.85263364739239478 -4737.8142981473856707 7889.5058454022300793 15766
261000000 310.30803125427127043 12948.645204920083415 2753.0051195765004195 -272.37639173213682398 -4811.3712622423499852 7836.7527735509866034 15777
262000000 307.93445537097920806 12849.599776235967511 2974.3138694024573851 -252.42244093710698394 -4694.8096299897570134 7921.5459403293207288 15763
263000000 309.07916538611823398 12897.366647717317392 2999.0201258496135779 -288.87676310965866833 -4728.8247882386276615 8016.7216771979001351 15773
264000000 309.79773719685374544 12927.351470842462732 3154.6384162194012788 -275.00703474453155195 -4610.436387155101329 8040.0818381190329092 15768
265000000 309.74749468588447598 12925.254933262962368 2950.077992973617711 -224.07764629775573439 -4692.6517897395697219 7866.8074290109434514 15769
266000000 310.39067313230617629 12952.093714948705383 3180.3708013085833954 -233.29183148714565732 -4616.0042935017045238 8029.6669262974337471 15762
267000000 307.85440613257753739 12846.259452807025809 3057.3443344153747603 -264.46173255001747293 -4636.3317404908311801 7958.1378074562226175 15763
268000000 309.91301514484376867 12932.161830543565884 2891.961465928792677 -270.54046214212775112 -4718.9663721763736248 7881.4683002472957014 15763
269000000 311.42545903227579629 12995.273633391683688 3009.7976385776482857 -256.53882392723011208 -4670.3193814081687378 7936.6558439130476472 15762
270000000 310.71560036262752647 12965.652395353599786 3049.4128500091901515 -247.98068952368268469 -4673.1181299426771147 7970.5116694755506614 15771
271000000 311.63895963347687257 13004.182663315323225 2974.7793468178988405 -260.4183688864444548 -4651.32580423129275 7886.5235199356347948 15762
272000000 309.06459149271381648 12896.758503048340572 3016.7308604845134141 -245.98529721179511398 -4758.618097242744625 8021.3342549390536078 15767
273000000 310.01452568679263777 12936.397698970631609 2990.4437320836036633 -257.42293354121665061 -4634.7258603991440395 7882.5925260239637282 15763
274000000 311.37213427373359309 12993.048478676189916 2986.5061597306921612 -277.58973739177912421 -4713.6712293947821308 7977.7671265172521089 15774
275000000 313.91388286193216572 13099.111478514312694 2981.8551193592247728 -260.29142057925878362 -4624.6095342194448676 7866.7560741579272872 15765
276000000 311.4240873865351773 12995.216396864578201 3031.1451295180895613 -255.33628407074294842 -4678.7872876077526598 7965.2687011965845159 15773
277000000 308.14723578085323652 12858.478753756720835 3080.114901071287477 -307.91452045366236234 -4557.969473145099073 7945.9988946700495944 15760
278000000 309.99017512627875703 12935.381590017987037 3039.3571898418549608 -272.09202811509965159 -4633.8234033778171579 7945.2726213347714292 15772
279000000 306.92207157834349118 12807.35466099011137 2984.323461913886149 -230.72443565219640504 -4661.6339622033683554 7876.6818597694509663 15762
280000000 313.07026840190695793 13063.908830718015452 2951.0923348720762078 -256.28626600926088486 -4602.3943723889497051 7809.7729732702864567 15760
281000000 311.02272097063354295 12978.468034614095814 2971.665198830337431 -241.00012240954367826 -4693.3468247213804716 7906.0121459612619219 15758
282000000 310.31414059941835148 12948.900137873073618 2954.9595304531749207 -249.28726803968902459 -4705.188208954212314 7909.4350074470758045 15767
283000000 309.21507117372095763 12903.037773333531732 3232.9266643655082589 -277.9616395724431186 -4597.0662216973350951 8107.9545256352857905 15759
284000000 307.46035451990223919 12829.816325298095762 2961.183054738519786 -262.7206351370127777 -4627.4497008418211408 7851.3533907173532498 15762
285000000 308.03767980597609721 12853.907162608953513 3010.4639132944184894 -248.52137106268301636 -4693.0253049913253562 7952.0105893484278567 15759
286000000 310.31390759406218649 12948.89041494171579 3016.8181045573105621 -260.02336699860472891 -4596.294063288198231 7873.1355348441138631 15762
287000000 307.95489613396216555 12850.452735750144711 3032.0318823284414975 -233.05463021578938765 -4664.6960206518542691 7929.7825331960848416 15769
288000000 312.48633452643946384 13039.542227810574332 2952.8739473487216856 -262.65397880692194121 -4695.8012136270681367 7911.3291397827106266 15772
289000000 306.91566764459605565 12807.087435337987699 3022.531907284310364 -265.08534484974586576 -4618.8293647210730342 7906.4466168551289229 15771
290000000 310.32547779327842363 12949.373220378609403 3120.6052908146157279 -235.87336420825346295 -4661.7100669290748556 8018.188721951944899 15766
291000000 307.39439698074818352 12827.064025366818896 3063.2591452978363122 -245.68055018229881625 -4613.8135701876526582 7922.753265667787673 15757
292000000 311.24609497423472249 12987.789065426424713 3064.3438269056805439 -276.56276330009876574 -4639.0865889597771456 7979.9931791655553752 15763
293000000 310.1353776655195702 12941.440653832361932 3009.2667234143273163 -264.64412048730503102 -4658.7611283999558509 7932.6719723015885393 15765
294000000 308.35609326690206444 12867.194034100277349 3184.5864728426067813 -250.71904284637645333 -4580.6378084043917625 8015.9433240933749403 15755
295000000 311.58653314163393588 13001.994991795932947 3111.5305146202222204 -269.52076305981233872 -4590.1968793197465857 7971.2481569997808037 15749
296000000 306.79078482261519412 12801.876279998296013 2974.7041129343001558 -256.54110944429265828 -4681.1432976517180578 7912.3885200303102465 15760
297000000 311.06966571442865188 12980.426961778119221 2933.0829245198710851 -247.08702452748394762 -4796.143878058311202 7976.31382710566686 15776
298000000 312.06451843428391157 13021.940534109735381 2858.2593578528708349 -255.49410001993700803 -4764.612889845693644 7878.3663477185018564 15769
299000000 312.45954064453360388 13038.424163063556989 2898.9536546263343553 -231.58714600319484589 -4730.3422118014550506 7860.8830124309824896 15770
300000000 311.38711495922359518 12993.673598111714455 3173.3387752816279317 -256.16190851251258209 -4597.4798941621102131 8026.9805779562502721 15773
301000000 306.41765624135393864 12786.306236274200273 2946.2228379674015741 -232.44895055372580828 -4647.2845148189198881 7825.95630334004818 15764
302000000 313.23807318810685274 13070.911049227819603 3061.4219400523656986 -237.83750037881134176 -4605.8178612023621099 7905.0773016335388093 15767
303000000 309.6888500760073839 12922.807789876405877 3022.129175004458375 -277.25530109293288206 -4644.2392476474533396 7943.6237237448440283 15761
304000000 308.62370120970365406 12878.360874646910815 2899.2483183747326621 -232.19055197462475348 -4753.4750490140922921 7884.9139193634509866 15771
305000000 306.54625520089382462 12791.672459939354667 3102.5602022672082967 -255.43995126230944948 -4631.3676000782870688 7989.3677536078048433 15761
306000000 311.7567803861160769 13009.09913008395597 2971.1542938303318806 -238.1000480484591435 -4721.9822615665170815 7931.2366034453079919 15770
307000000 308.15763001586276459 12858.912488135980311 2954.8964246131208711 -247.41683033648541823 -4748.9888964834826766 7951.3021514330894206 15761
308000000 310.18142737952825883 12943.36223287134635 3037.182358415161616 -229.66382458037668357 -4580.689883966864727 7847.5360669624033108 15754
309000000 313.78401884533269595 13093.692466092896211 3030.1484639775380856 -272.95499897896871744 -4602.8526499248700929 7905.9561128813766118 15757
310000000 309.11605471353021812 12898.905978847664301 3166.2956535414241444 -239.17757905763855319 -4571.6776851450613322 7977.1509177441239444 15755
311000000 308.23248743919896242 12862.036165637386148 3231.2316260296838664 -245.70345084977248007 -4576.7568065211453359 8053.6918834006019097 15758
312000000 307.26401405564951119 12821.623359744797199 3181.5670239776100061 -246.31871484657693827 -4669.1722664554417861 8097.0580052796285599 15768
313000000 311.7984239511594069 13010.836847753185793 3178.364219308336942 -249.52844369006820102 -4598.7644199018641302 8026.6570829002703249 15764
314000000 310.53936706194349426 12958.298468758062882 3129.2065302102196256 -278.32452337277641163 -4609.7963618152825802 8017.3274153982783901 15763
315000000 309.3526884467279956 12908.780316428643346 3022.3356166502935594 -278.21664403072657024 -4757.6160614826339952 8058.1683221636540111 15769
316000000 307.61884577964946175 12836.429905624239836 3110.837932874523176 -265.68290637631662321 -4641.2833644792672203 8017.8042037301065648 15759
317000000 311.12248354085897972 12982.630963048008198 3149.8461728523116108 -266.17765496416330961 -4590.6227605254753144 8006.646588341950519 15759
318000000 308.65525031248847654 12879.677366962121596 2979.2665251540242934 -232.47996264034060232 -4720.1355901044753409 7931.8820778988401798 15775
319000000 307.17393466273705371 12817.864494418678078 2973.5197885548200247 -253.03512458380524208 -4786.7778868789400804 8013.3328000175642956 15771
320000000 311.57495830516285196 13001.511992854000709 3067.625688624877057 -242.44474336966578676 -4605.0084513493129634 7915.0788833438564325 15764
321000000 310.96580735071324852 12976.093122599420894 3016.3212000830171746 -250.9354445478666662 -4693.772320946203763 7961.028965577087547 15773
322000000 309.1333003676837734 12899.625611710720477 3129.3607026979179864 -275.93488810371769659 -4615.2761012391138138 8020.5716920407503494 15759
323000000 311.05011587850168553 12979.611179188768801 2959.9502749142511675 -283.03163648933889363 -4636.921988351955406 7879.9038997555435344 15766
324000000 310.25892684129479449 12946.596158303216725 3059.7598968285665251 -252.1118489290196294 -4704.0310353669301549 8015.9027811245168778 15766
325000000 309.53249313787631536 12916.283271290782068 2905.9269914720366614 -245.96227084062735457 -4758.5435044081368687 7910.4327667207999184 15766
326000000 304.78893440614808696 12718.342345374110664 2991.6375495838397001 -219.03073657028897969 -4651.902925137688726 7862.5712112918172352 15761
327000000 310.9357309610678044 12974.838084188106222 3100.607514838737643 -268.7693537185717787 -4674.4202431495968995 8043.7971117069064348 15765
328000000 310.14546762502391175 12941.861691293834156 2946.6899407523401351 -262.4571127721327457 -4734.8671399572103837 7944.014193481682014 15767
329000000 312.23914478991173382 13029.227405523643029 3101.720491746587868 -241.09268330467369879 -4624.775367492330588 7967.5885425435917568 15761
330000000 309.01173010447860179 12894.55268401577996 3119.7221625330994357 -251.60267299203968605 -4581.9411676033987533 7953.266003128536795 15757
331000000 308.20820415103571577 12861.022863849599162 3040.8507922244971269 -269.35943128867410223 -4725.9496704695884546 8036.1598939827599679 15775
332000000 313.25521572884417765 13071.626379337136314 3052.6379017633730655 -249.19475264978174778 -4550.1719022758479696 7852.0045566890021291 15758
333000000 310.70136209702036467 12965.058255882135199 2988.9956488697689565 -277.11217030061976629 -4667.4017695580441796 7933.5095887284323908 15759
334000000 310.9436884111667041 12975.170135529639083 2848.6298947818659144 -228.29057908501084739 -4768.0771401604333732 7844.9976140273101919 15772
335000000 313.19115402151305716 13068.953189358457166 2970.6320625261123496 -270.80734813609342382 -4745.6761291232069198 7987.1155397854126932 15780
336000000 309.45548781261652493 12913.069965364898962 2856.363629948806647 -267.78995874309538294 -4776.9715320031700685 7901.1251206950728374 15772
337000000 310.35031890441473479 12950.409799204171577 2989.5885226486980173 -232.92554711455244387 -4696.2169275817404923 7918.7309973449910103 15772
338000000 309.28924990027371678 12906.133129931304211 3212.2783948812957533 -231.3519297866872364 -4559.888357078431909 8003.5186817464154956 15763
339000000 307.14901049937276412 12816.824449959856793 2935.9950528491935984 -260.64916056255725607 -4693.5888100966913044 7890.2330235084409651 15769
340000000 311.00249271337236223 12977.623942615153283 3015.745398621428194 -268.87026402952477611 -4649.0359099270253864 7933.6515725779790955 15760
341000000 311.0248729709581994 12978.557834058125081 3060.1876158140612461 -264.45426450713540589 -4639.5952561515769048 7964.2371364727732725 15762
342000000 313.4501758107707019 13079.761743799939723 2963.5544788806109864 -215.81643873373195675 -4651.2991751590107015 7830.6700927733527351 15764
343000000 311.51131922606629132 12998.856438458395132 3195.1293468625026435 -257.8290252961677993 -4471.6627556349667429 7924.6211277936372426 15750
344000000 312.72853553359777834 13049.648878602984041 2877.5579971089046012 -256.72349430278586624 -4641.1267252633106182 7775.408216675001313 15762
345000000 312.00948605726279084 13019.644123275798847 2903.317108541133166 -262.70947154875648266 -4706.8417942588057485 7872.8683743486963067 15764
346000000 313.02798655950766715 13062.144478781567159 2920.4301383548245212 -255.13145081244971379 -4723.167386049551169 7898.7289752168253472 15764
347000000 309.44955522235869694 12912.822408103540511 3077.571564389314517 -242.10816443356958416 -4719.2496197367236164 8038.929348559607206 15768
348000000 308.146424281281611 12858.444891210545393 2951.5434141242958503 -219.6196421050437948 -4694.6245368120617059 7865.7875930414011236 15771
349000000 307.45711592062775708 12829.681183862030593 3100.6212466840324851 -248.11056094625863011 -4599.8586407373559268 7948.5904483676467862 15768
350000000 309.45901628874696598 12913.217202886731684 3003.963487413351686 -246.87177347738241906 -4598.2688507216753351 7849.1041116124079053 15764
351000000 312.68892822864034997 13047.996130727449781 3113.9430024320226948 -257.62795360987314552 -4667.2517398508261977 8038.8226958927207306 15763
352000000 308.38577862860717005 12868.432755556970733 3046.6885731107522588 -245.30307037075789367 -4655.7907695413341571 7947.7824130228436843 15759
353000000 312.80014828296515361 13052.637161181295596 3043.2831298987225637 -248.95378556034583539 -4670.7293280090707412 7962.9662434681395098 15772
354000000 310.54609083773777911 12958.579040894226637 3005.5547271296672989 -267.88077941961256556 -4620.7198467449588861 7894.1553532942389211 15766
355000000 305.93452858282284978 12766.146111466227012 3047.5747939838529419 -244.17487999500770002 -4623.7956581615871983 7915.5453321404493181 15758
356000000 306.99599977698051134 12810.439563468851702 3092.4062289984995004 -232.7208605128150225 -4622.4093182411925227 7947.5364077525082394 15756
357000000 309.02622645132544221 12895.157592794093944 2908.5429797591141323 -255.63948626040695444 -4726.8135741439100457 7890.9960401634307345 15772
358000000 308.66094058720233306 12879.914812793253077 3143.2528632136118176 -255.57880110034952281 -4618.9656982210153728 8017.7973625349759459 15763
359000000 310.10496433008836448 12940.171555226033888 2983.2309678578380954 -243.47727527962638305 -4726.2551149232467651 7952.9633580607096519 15775
360000000 310.25043351315133577 12946.241745649782388 3013.7262211795014082 -224.31671987644415367 -4769.0946181450981385 8007.1375592010444961 15768
361000000 307.64387219277330132 12837.474216797825648 3098.0173869875670789 -244.93540794013310347 -4649.594628697040207 7992.5474236247409863 15767
362000000 310.87043608305253883 12972.113436019313667 2961.1248990991089158 -259.21456429682905309 -4718.1969867465522839 7938.5364501424901391 15767
363000000 312.70172875703298132 13048.530275782999524 3114.9784510971894633 -259.87476769341776617 -4542.7068062961343458 7917.5600250867410068 15768
364000000 309.3864448882080751 12910.188917367328031 3143.4935554908042832 -234.1041824708226784 -4619.9835705850227896 7997.5813085466497796 15766
365000000 312.08262666581271105 13022.696160911938932 3069.3492144963220198 -240.34341662131288331 -4607.7841488599278819 7917.4767799775636377 15768
366000000 311.16603324528546182 12984.448220787417085 2983.413181765824902 -255.44188945395154633 -4650.968477251002696 7889.8235484707802243 15763
367000000 309.2752304498394551 12905.548121258123501 3047.282400508001956 -254.99491453686948716 -4692.0978307285495248 7994.3751457734224459 15770
368000000 308.29096293197699197 12864.476252044771172 3109.354832095797974 -276.51715882005527192 -4661.0143033244876278 8046.886294240341158 15768
369000000 310.86609528128701641 12971.932301481032482 2990.4646659920490492 -272.70167803427074205 -4652.5494642991598084 7915.7158083254780649 15773
370000000 310.2928678970359897 12948.012462892229451 3139.5461516205323278 -259.80925332206811618 -4623.4335662441708337 8022.7889711867710503 15756
371000000 313.78226986576163426 13093.619484043914781 3213.8115067076987543 -279.89960286890544694 -4573.8245317176679237 8067.5356412942728639 15760
372000000 313.14025671136869278 13066.829328083324071 3011.8201421649991971 -258.69892116078045774 -4672.5493018328370454 7943.0683651586168708 15764
373000000 310.59810994233902193 12960.749712812179496 3114.6261139867574457 -278.01416893272494235 -4618.3383027229047002 8010.9785856423859514 15751
374000000 303.7791366536397959 12676.205141341382841 2961.5935074847479882 -224.08169326389295861 -4670.0899757259940088 7855.7651764746342451 15764
375000000 310.47625671776006584 12955.664977603197258 3131.5136711365676092 -257.31681166591954479 -4646.4849553615986224 8035.315438164085208 15763
376000000 310.4701867698218507 12955.411688631118523 2951.3182973348025371 -256.4965500296697769 -4735.8913852261766806 7943.7062325906490514 15759
377000000 310.62817868233548779 12962.00443201618873 3057.8797027134114614 -270.41226517411661234 -4625.8252534316025049 7954.1172213191312039 15769
378000000 311.19395887667525358 12985.613511584204389 3164.4650936844245734 -265.8112442669969937 -4577.7555690853350825 8008.0319070367568202 15760
379000000 308.07764237468018109 12855.574735057964062 3176.3753028435162378 -259.46922025593835315 -4549.7140150922296016 7985.5585381916844199 15760
380000000 308.72292390673652562 12882.501275057949897 3016.2719790740475219 -254.62743204023237809 -4614.5683162707655356 7885.4677273850466008 15760
381000000 308.2729480717447359 12863.724521473632194 3045.7511945706223742 -249.81334123765563504 -4613.5335836550821114 7909.09811946336049 15759
382000000 306.00565712663939166 12769.114188941051907 2946.0027806862099169 -248.00799942610927928 -4674.296856845135153 7868.3076369574555429 15758
383000000 309.1468972509443347 12900.192987348798852 3003.2616255639904921 -259.93407159065213818 -4609.3791086017763519 7872.5748057564196642 15771
384000000 307.54757441878052759 12833.455868628054304 2934.9803017736694528 -256.14612713917193787 -4764.3646740127624071 7955.4911029256036272 15774
385000000 310.76447441734455879 12967.691829498113293 3142.5322851001069466 -276.47116237921989068 -4574.3722079799281346 7993.3756554592546308 15767
386000000 312.01255080858339852 13019.772010321878042 2956.9597190405343099 -257.58036303544156453 -4751.3727198596779999 7965.912801935653988 15763
387000000 308.46285130927805085 12871.648872113688412 3065.500738586236821 -261.72337521613030731 -4682.2604518460157124 8009.4845656483821585 15759
388000000 307.92987211142622073 12849.408524331871376 2994.368759641107772 -246.03206771948737241 -4687.6044781169348425 7928.0053054775298733 15778
389000000 307.21295590868516001 12819.492787012955887 3049.3812712726257814 -282.50363189246877482 -4644.9942533560479205 7976.8791565211422494 15751
390000000 309.82848618395519225 12928.634575642483469 2944.9901554036591733 -254.60757894010470181 -4730.8067116115580575 7930.4044459553224442 15776
391000000 306.87262081988558293 12805.291161944349369 2987.3178838348026147 -276.63569255386568102 -4654.4293663365997418 7918.3829427252676396 15768
392000000 307.61294479589849971 12836.183667250574217 2970.7322647671644518 -261.3280434063886446 -4738.1496939102880788 7970.2100020838406635 15762
393000000 309.72610548550750309 12924.362397011873327 2950.7655631038487627 -250.89693091039060846 -4686.9968457925424445 7888.6593398067816452 15761
394000000 308.45128344795443809 12871.166164233220115 3086.753663213404252 -254.80368333525572666 -4609.110866257791713 7950.6682128064530843 15767
395000000 310.28788673673886933 12947.804607242682323 3106.6495547182776136 -248.28527388373339591 -4572.0189808093755346 7926.9538094113859188 15767
396000000 309.99936413828760351 12935.765032418124974 3082.0567082024308547 -280.12954598135627293 -4598.1238563603228613 7960.3101105441091931 15758
397000000 315.23393341247492572 13154.195022960288043 3029.0655480314499073 -276.08952824669654547 -4620.3724740641337121 7925.527550342280847 15759
398000000 307.17089001074867838 12817.737446084767726 3003.4408281229311797 -254.1306212773547486 -4675.1963134198913394 7932.7677628201772677 15759
399000000 308.84775418740855457 12887.710237934996258 3152.9627203456830102 -237.29382398578272273 -4520.4582768110994948 7910.7148211425646878 15769
400000000 307.79579979829782133 12843.813906598370522 2917.5105506645436435 -271.87829142418479478 -4670.6604484038580267 7860.0492904925868061 15767
401000000 309.33607462507171704 12908.087048899422371 3006.8110976353136721 -240.30554270592432431 -4717.4046733868563024 7964.5213137280952651 15767
402000000 310.08523591249985429 12939.348320716842863 2900.2153447690743633 -305.02445536260813697 -4741.1298638306298017 7946.3696639623121882 15772
403000000 308.14060143690102223 12858.201913464648896 3004.6089978175104989 -251.62696470123771064 -4629.3097012058733526 7885.545663724620681 15762
404000000 308.97292544284545102 12892.933429129743672 3068.1926641371933329 -251.5257579796483185 -4597.3303944666749885 7917.0488165835158725 15764
405000000 313.16293705583387919 13067.775741659594132 2870.2737635907578806 -236.01549230288065928 -4710.1831611895377137 7816.4724170831759693 15763
406000000 307.24674176919495494 12820.902615559500191 3060.0286935241661013 -251.49498385917118526 -4737.9913207537492781 8049.5149981370868773 15769
407000000 308.81760278432028599 12886.452069335742635 3004.2244536982916543 -274.70313817865809369 -4730.4021645715756677 8009.3297564485255862 15762
408000000 309.96688225054703025 12934.409616516581082 2927.610857227698034 -273.42896809530731161 -4700.8020107855973038 7901.8418361086023651 15766
409000000 307.20205597360057936 12819.037950598969474 2840.2262881164674582 -257.73907896988913535 -4696.4680125137801951 7794.4333796001365045 15761
410000000 311.96002363207225017 13017.580137396416831 3100.4369408557695351 -257.29713097013677725 -4619.7877622475889439 7977.5218340734954836 15766
411000000 311.94798919148928462 13017.077959928697965 3233.0262372060415146 -263.88028323843815315 -4608.1350505321443052 8105.0415709766257351 15764
412000000 312.33181507764572871 13033.09438464131199 2894.2558561043078953 -254.86044941931535845 -4692.2559916766258539 7841.372297200250614 15773
413000000 308.69215790438101976 12881.217460239284264 3075.1601739221878233 -239.38887310118235519 -4634.1456462705800732 7948.694693293950877 15757
414000000 310.70175088152427634 12965.074479221833826 2967.1040938301093774 -254.47721668303424281 -4764.1087524840349943 7985.6900629971787566 15771
415000000 311.88515062686070678 13014.45580968890863 3040.9191079874149182 -258.94729732947331513 -4655.6079208079572709 7955.4743261248459021 15771
416000000 314.8004555764205179 13136.106703813093191 2960.5912001976021202 -237.62235004052411114 -4686.439569784663945 7884.6531200227900626 15764
417000000 308.8682504248386067 12888.565512306866367 3083.0699092357908739 -273.64919265424026662 -4679.8043854231327714 8036.5234873131630593 15755
418000000 311.69259257819976483 13006.420678134678383 2982.5855071499927362 -244.39067480350922779 -4708.150299858805738 7935.1264818123072473 15767
419000000 307.36684546043534283 12825.914345611690806 3140.0049767364935178 -256.64801395637516634 -4580.0910588115139035 7976.7440495043820192 15756
420000000 310.63966597417578441 12962.483777864263175 2991.3764608466517529 -264.37324333432053436 -4609.9980737127652901 7865.7477778937372932 15767
421000000 311.58763210121895781 13002.040849577002518 2986.7057550523281861 -245.5512552146463463 -4766.0378889453568263 7998.294899212331984 15779
422000000 311.16153391471175382 12984.260471101973963 3125.1041878097798872 -257.00172622244883769 -4664.301167527679354 8046.4070815599079651 15766
423000000 309.08041364091792502 12897.418735342833315 2938.3009789332791115 -252.02217964867139699 -4763.4525450637529502 7953.7757036457041977 15772
424000000 309.66775523615183374 12921.92753680709211 3137.0690255191020697 -255.14420026717513679 -4646.0714122052959283 8038.2846379915727084 15762
425000000 308.52007803646034745 12874.036849580876151 3078.1999809101225765 -270.9726539091639097 -4719.9708748641396596 8069.1435096834266005 15774
426000000 310.4029060362319683 12952.604173966221424 2998.9586957029387122 -247.51462802243378292 -4764.9778990894110393 8011.4512228147832502 15771
427000000 312.3951510284658184 13035.737289991106081 2965.6471059095847522 -253.83640261698710106 -4685.8178716059446742 7905.301380132516897 15763
428000000 310.31286768104075691 12948.84702107690282 3021.1221704848239824 -243.77272278228087998 -4628.9915169558917114 7893.8864102229963464 15771
429000000 311.18295267900288081 12985.154241006712255 2972.6139868923610265 -260.88752643267196163 -4625.3704673601969262 7858.8719806852295733 15768
430000000 309.51847998636958437 12915.698525461515601 3043.122489996270815 -264.90885059065942642 -4623.3362548762270308 7931.3675954631571585 15766
431000000 305.66907223612878397 12755.06905349630506 3116.2130814871643452 -249.60365111362156654 -4646.2243027597314722 8012.0410353605166165 15772
432000000 311.78721619626332995 13010.369166523323656 2939.3051988269498906 -276.14414464779986247 -4666.2834474764131301 7881.7327909511632242 15766
433000000 309.52909314526289108 12916.141395175385696 2947.7389348584147228 -252.97183997856004112 -4628.4165282801968715 7829.1273031171713228 15770
434000000 308.8906548821644833 12889.500413565299823 2821.4825760458265904 -275.68455087733758546 -4722.101668768995296 7819.2687956921599834 15769
435000000 306.23456375628660453 12778.666087164165219 3050.6379887411703749 -263.71373788613544775 -4623.9187390634360781 7938.2704656907426397 15777
436000000 308.55932504264495719 12875.674562779549888 3097.8710950331224012 -273.59198527935257061 -4607.2350521684675186 7978.6981324809430589 15770
437000000 308.46128859760415253 12871.583662718556297 2967.2361451493256936 -249.20139356430948396 -4670.043978420939311 7886.4815171345753697 15754
438000000 308.20360534924992635 12860.83096339362055 2993.278913950146034 -258.06892448149062602 -4642.1607613047708583 7893.508599736407632 15764
439000000 309.71579142669679641 12923.93200825389431 3030.5362932145935702 -281.29604184136042022 -4627.4380801372335554 7939.2704151931884553 15773
440000000 309.23314826516889298 12903.792100711234525 3011.1011701806128258 -263.89170991062701432 -4704.9397004231732353 7979.9325805144144397 15772
441000000 312.63724350712044497 13045.839412067056401 3010.2683971144515453 -233.21450139057353113 -4725.9537076027481817 7969.4366061077735139 15763
442000000 310.26392426418385639 12946.804692564053767 3052.6005888568570299 -247.86582442149276062 -4637.4046696243567567 7937.871082902706803 15762
443000000 309.66514190983872368 12921.818486986188873 2943.025231603069642 -232.77941600834211044 -4713.8309075182987726 7889.6355551297110651 15770
444000000 310.78345510165394217 12968.483862323932044 2965.3045388392224595 -259.30153309744542867 -4666.5121676619191931 7891.1182395985861149 15766
445000000 309.2916277584985778 12906.232354055076939 3011.652776637054103 -262.48634728098642199 -4697.670876168803261 7971.8100000868435018 15763
446000000 306.67063955884350435 12796.862815192558628 3024.8163224556287787 -271.23391956627835953 -4700.5679639652189508 7996.6182059871271122 15768
447000000 310.46798698050349685 12955.319895030761472 2904.7808390309737661 -265.90059131090924893 -4743.6222855976993742 7914.3037159395826166 15770
448000000 309.1456671795427269 12900.141658486661981 3058.971041909187079 -261.19161255308335967 -4623.8521221087767117 7944.0147765710471504 15770
449000000 310.43781345677740546 12954.060803373569797 2771.2788795170463345 -244.13939372043370213 -4799.2759202661527524 7814.6941935036338691 15772
450000000 309.1979822211515625 12902.324679370572994 3170.0342880825501197 -233.53630296156029544 -4520.9557509780261171 7924.5263420221363049 15762
451000000 311.31065078250514944 12990.482873426919468 3128.8675111809534428 -269.40557741626025745 -4666.6936258883361006 8064.9667144855502556 15765
452000000 308.18694620178638388 12860.135804492801981 2979.0699855082957583 -269.26154363470652697 -4655.2992650521937321 7903.6307941951963585 15764
453000000 308.51787885694108127 12873.945081426432807 2986.2880453240145471 -286.04556403675627507 -4774.8720545988435333 8047.2056639596139576 15770
454000000 314.0074327266715386 13103.015160937813562 2982.590719329955391 -250.76387610945187134 -4711.695387481769103 7945.0499829211767064 15773
455000000 307.17838837327633428 12818.0503404549072 3001.7951089382486316 -263.95732188320818068 -4706.0102670016276534 7971.7626978230846362 15766
456000000 309.97124163023335086 12934.591526281028564 3038.4614440610539532 -236.08709651640191396 -4698.3146344622109609 7972.8631750396671123 15765
457000000 311.11564375355038692 12982.345549941624995 2883.8517649692221312 -247.26691849171547233 -4707.4867652798875497 7838.6054487408273417 15768
458000000 311.45370418096405274 12996.45225712129286 3031.2636522109851285 -242.07711181508855702 -4633.6141026433006118 7906.9548666693735868 15770
459000000 309.62716468815460757 12920.23375981213394 3039.2870029436753612 -208.06358404525272476 -4702.8691076559107387 7950.2196946448384551 15771
460000000 311.59292470618851212 13002.261701301926223 2961.3305499440043604 -298.42995373502532175 -4734.7562764558906565 7994.5167801349198271 15769
461000000 310.88175331413765434 12972.585685510992334 2893.4025432602065848 -277.6916058269650307 -4733.725806167830342 7904.8199552550022418 15774
462000000 310.46253936209967605 12955.092574849462835 3103.4946143024781122 -252.84298829536453468 -4644.0497253191106211 8000.3873279169529269 15763
463000000 308.17536388891386423 12859.652493572899402 2957.6855061261849187 -261.68533921140317489 -4749.9419268648416619 7969.312772202429187 15766
464000000 309.77096174085056646 12926.234174978144438 2923.3752961471791423 -258.89112385312068909 -4714.7460533603107251 7897.0124733606098744 15754
465000000 311.41777203983156141 12994.952867804498965 3089.5239076372881755 -274.52548843377860521 -4643.2131979168916587 8007.2625939879580983 15760
466000000 307.8701936831004673 12846.918241397026577 2919.9812544522510507 -236.99270000467117825 -4662.5563964063876483 7819.5303508633096499 15771
467000000 308.02871751235977626 12853.533180795491717 3042.7000353461971827 -268.46691800969836095 -4678.27690789841472 7989.443861254310832 15770
468000000 312.61950962052151226 13045.099406064808136 3094.5556486056370886 -283.08419587399754391 -4670.49458498956119 8048.134429469195311 15766
469000000 313.65422155202003296 13088.276237924803354 3034.7162844965978366 -247.22290026993186984 -4673.2226865857210214 7955.161871352250273 15773
470000000 308.37293979447201764 12867.897012065612216 2924.2635947131925604 -257.87631413680071546 -4643.3698478053347571 7825.509756655327692 15759
471000000 312.10472556564320712 13023.618311757238189 2948.5835911109015797 -261.0495325560935953 -4640.4570323731722965 7850.0901560401680399 15761
472000000 307.74849856610524057 12841.840103758200712 2941.9853578422207647 -247.18425719048900646 -4691.5230779913235892 7880.6926930240333604 15765
473000000 310.91426184137378641 12973.942213034993983 2946.2651506639954277 -279.49290347616749841 -4701.5026075517980644 7927.2606616919601947 15758
474000000 308.7940175690029605 12885.46789698289831 3076.5640016849220046 -263.98673949911540149 -4670.5396765037403384 8011.0904176877775171 15758
475000000 307.50490712648615954 12831.675432499665476 2922.5610922774476421 -234.0609191981254753 -4721.4772120518091469 7878.0992235273824917 15771
476000000 308.80470137257503893 12885.913714583348337 2967.3164303080138779 -258.41396670963848692 -4582.7720478551782435 7808.5024448728290736 15772
477000000 309.49237564806389855 12914.609234238007048 2809.1591647638128961 -234.95187616822980203 -4702.7770237872855432 7746.8880647193291225 15771
478000000 309.19387814601827813 12902.153423046396711 3010.5688168987121571 -287.73648738065458019 -4682.9234541924124642 7981.2287584717778373 15776
479000000 312.4817922487695796 13039.352686013244238 2991.8871224429340145 -261.76032026432795874 -4648.3098665478892144 7901.957309255151813 15769
480000000 309.71445811659634728 12923.876371410178763 3078.5354487694999079 -299.58082204440165697 -4675.4268847675439247 8053.5431555814448075 15770
481000000 306.70317204336060968 12798.220342414602783 2939.5943040773913708 -284.91170502167466339 -4664.7800975770223886 7889.2861066760870017 15759
482000000 313.9693663245955122 13101.426712412268898 2968.9425338331102466 -269.47412814223571331 -4625.5349608731357876 7863.951622848482657 15768
483000000 310.00694169423803714 12936.081231399910394 3086.911428565001188 -276.53797159664156879 -4642.2454205819904018 8005.6948207436325902 15769
484000000 312.62154533025494629 13045.184352893196774 3100.3775608987807573 -261.80985019110090661 -4570.8460733374358824 7933.0334844273156705 15763
485000000 311.3579679080901883 12992.457339472290187 2915.5380361698435081 -265.11682726464812276 -4670.2790877187635488 7850.9339511532543838 15767
486000000 311.68749658030719729 13006.208030500618406 3030.4655558575495888 -265.36168735301663446 -4691.5727946511360642 7987.4000378617010938 15770
487000000 305.23401161677867321 12736.914687398118986 3060.3343425767761801 -218.03476699400465577 -4727.3324569394853825 8005.7015665102662751 15766
488000000 307.89488912166490309 12847.948741545083976 3077.7832835403896752 -294.50663351291666459 -4643.3792631095357137 8015.6691801628421672 15760
489000000 310.6842590228758354 12964.344572649008114 3021.5605449314039106 -246.44705545525101797 -4667.1485629324652109 7935.1561633191195142 15768
490000000 310.22529944262839763 12945.192942109502837 3003.8584089529495031 -247.90750882316240222 -4695.0502822923526764 7946.8162000684642408 15763
491000000 308.0424520045384611 12854.106298628030345 2966.5898613462959474 -268.58380779550174111 -4728.2569440898214452 7963.4306132316196454 15767
492000000 309.99539865286686791 12935.599559215350382 3221.515563982817639 -247.15164044772228635 -4537.0794288436609349 8005.7466332742005761 15759
493000000 307.61716396813375241 12836.359726388043782 2863.1392330147282337 -249.81415784406155467 -4779.0751386177335007 7892.0285294765235449 15771
494000000 309.72801283012967133 12924.441987374701057 3152.5917538216440335 -268.90255743558952872 -4572.4030051918198296 7993.897316449052596 15757
495000000 310.64214523893383557 12962.587233516349443 3076.5293321054823537 -246.94432228746788383 -4600.2703594481636173 7923.7440138411129738 15762
496000000 309.04803729565691128 12896.067723555861448 3130.9975361458446059 -257.7620832930045367 -4578.4277796449441666 7967.1873990837939346 15765
497000000 310.77028009424185484 12967.93409087308828 2970.6605658527978449 -268.32650028409216247 -4689.6572763000895065 7928.6443424369790591 15771
498000000 307.63956693515552843 12837.294565458532816 3050.6865232299242052 -246.99048112880942085 -4647.9114593377089477 7945.5884636964419769 15764
499000000 309.72591684020312641 12924.35452515272118 2908.5978731194409193 -273.56993242340303141 -4717.5467834254486661 7899.7145889682915367 15766
500000000 310.54210711023614522 12958.412806479334904 3096.3826131014825478 -269.48590245317188874 -4543.7477400631833007 7909.6162556178369414 15764
