# Fix print output for fix saveBond
1000000 126000 126002
2000000 252360 252358
3000000 378971 378976
4000000 505349 505353
5000000 631940 631938
6000000 757112 757106
7000000 882435 882458
8000000 1007919 1007906
9000000 1133901 1133909
10000000 1259844 1259853
11000000 1385497 1385483
12000000 1512107 1512097
13000000 1638110 1638111
14000000 1763442 1763461
15000000 1889224 1889217
16000000 2014500 2014499
17000000 2140642 2140654
18000000 2267412 2267410
19000000 2393542 2393541
20000000 2518749 2518753
21000000 2645291 2645281
22000000 2771615 2771592
23000000 2897550 2897536
24000000 3023732 3023725
25000000 3150013 3150008
26000000 3275682 3275674
27000000 3401955 3401961
28000000 3528324 3528296
29000000 3655122 3655099
30000000 3780579 3780574
31000000 3906674 3906666
32000000 4032205 4032205
33000000 4157995 4157981
34000000 4283514 4283505
35000000 4409475 4409489
36000000 4535697 4535704
37000000 4661680 4661653
38000000 4788529 4788508
39000000 4915064 4915058
40000000 5041727 5041715
41000000 5167999 5167975
42000000 5293549 5293569
43000000 5419360 5419336
44000000 5545256 5545249
45000000 5670893 5670881
46000000 5797665 5797679
47000000 5924022 5924012
48000000 6050048 6050062
49000000 6175936 6175945
50000000 6302023 6302054
51000000 6428272 6428273
52000000 6554109 6554116
53000000 6679995 6680002
54000000 6806189 6806183
55000000 6931898 6931893
56000000 7057598 7057602
57000000 7182724 7182723
58000000 7308900 7308931
59000000 7434642 7434640
60000000 7560769 7560763
61000000 7686935 7686932
62000000 7813382 7813407
63000000 7938679 7938705
64000000 8065101 8065108
65000000 8191259 8191261
66000000 8317413 8317406
67000000 8442939 8442942
68000000 8568607 8568594
69000000 8694657 8694639
70000000 8821293 8821290
71000000 8948029 8947994
72000000 9074725 9074710
73000000 9201111 9201094
74000000 9327430 9327417
75000000 9453695 9453685
76000000 9580193 9580162
77000000 9706011 9706012
78000000 9832387 9832351
79000000 9957971 9957975
80000000 10083509 10083506
81000000 10209622 10209618
82000000 10335678 10335684
83000000 10461367 10461377
84000000 10587058 10587045
85000000 10713006 10713020
86000000 10839065 10839066
87000000 10965570 10965563
88000000 11091934 11091937
89000000 11218389 11218365
90000000 11344768 11344769
91000000 11470861 11470858
92000000 11597199 11597186
93000000 11724307 11724314
94000000 11850344 11850325
95000000 11976032 11976002
96000000 12102174 12102162
97000000 12228224 12228207
98000000 12354408 12354399
99000000 12479986 12479984
100000000 12605725 12605719
101000000 12732009 12731998
102000000 12858727 12858704
103000000 12985237 12985242
104000000 13111196 13111184
105000000 13238174 13238141
106000000 13364594 13364588
107000000 13491512 13491510
108000000 13617876 13617868
109000000 13743893 13743890
110000000 13869388 13869386
111000000 13995482 13995493
112000000 14121275 14121246
113000000 14248049 14248037
114000000 14374502 14374498
115000000 14500430 14500410
116000000 14625957 14625955
117000000 14751825 14751802
118000000 14877983 14877975
119000000 15003576 15003575
120000000 15129948 15129945
121000000 15256324 15256298
122000000 15383009 15382987
123000000 15508814 15508789
124000000 15635109 15635125
125000000 15761531 15761517
126000000 15888501 15888450
127000000 16015167 16015149
128000000 16141502 16141492
129000000 16267588 16267580
130000000 16393391 16393406
131000000 16518847 16518852
132000000 16645370 16645385
133000000 16772001 16771974
134000000 16898015 16898000
135000000 17024682 17024683
136000000 17151062 17151061
137000000 17277859 17277848
138000000 17403552 17403525
139000000 17529625 17529637
140000000 17656106 17656085
141000000 17781828 17781854
142000000 17908038 17908030
143000000 18033691 18033688
144000000 18160218 18160190
145000000 18286823 18286809
146000000 18413367 18413350
147000000 18539690 18539700
148000000 18665407 18665393
149000000 18791797 18791791
150000000 18917412 18917392
151000000 19043323 19043329
152000000 19170282 19170270
153000000 19296962 19296969
154000000 19422785 19422791
155000000 19548996 19548996
156000000 19675784 19675780
157000000 19801710 19801712
158000000 19927659 19927639
159000000 20053509 20053473
160000000 20179331 20179333
161000000 20305739 20305740
162000000 20432464 20432476
163000000 20559129 20559099
164000000 20685731 20685722
165000000 20811880 20811860
166000000 20937930 20937925
167000000 21064344 21064342
168000000 21190200 21190204
169000000 21316179 21316177
170000000 21442906 21442889
171000000 21568720 21568712
172000000 21694212 21694220
173000000 21819351 21819340
174000000 21945395 21945397
175000000 22071528 22071527
176000000 22197320 22197319
177000000 22323019 22323014
178000000 22449278 22449267
179000000 22575965 22575944
180000000 22702606 22702620
181000000 22828240 22828236
182000000 22954338 22954329
183000000 23080365 23080351
184000000 23206412 23206413
185000000 23332326 23332323
186000000 23458469 23458445
187000000 23584652 23584627
188000000 23710386 23710366
189000000 23836301 23836303
190000000 23962670 23962651
191000000 24088572 24088576
192000000 24215201 24215186
193000000 24341200 24341196
194000000 24468001 24467963
195000000 24594197 24594193
196000000 24720504 24720515
197000000 24845946 24845954
198000000 24971132 24971127
199000000 25096568 25096554
200000000 25221754 25221729
201000000 25347797 25347790
202000000 25473427 25473426
203000000 25599018 25599029
204000000 25724469 25724485
205000000 25851097 25851094
206000000 25976570 25976558
207000000 26101546 26101523
208000000 26228049 26228044
209000000 26354162 26354165
210000000 26479353 26479362
211000000 26605220 26605210
212000000 26731351 26731353
213000000 26856991 26856972
214000000 26983431 26983434
215000000 27109465 27109469
216000000 27235655 27235661
217000000 27361763 27361705
218000000 27488357 27488335
219000000 27615705 27615693
220000000 27742845 27742831
221000000 27869381 27869364
222000000 27995468 27995445
223000000 28121769 28121778
224000000 28247853 28247846
225000000 28373844 28373821
226000000 28499722 28499701
227000000 28626436 28626424
228000000 28752358 28752345
229000000 28879581 28879549
230000000 29005040 29005031
231000000 29130780 29130768
232000000 29257342 29257333
233000000 29382928 29382918
234000000 29509086 29509085
235000000 29635577 29635569
236000000 29761431 29761463
237000000 29887103 29887091
238000000 30013165 30013169
239000000 30138845 30138836
240000000 30265181 30265181
241000000 30391310 30391314
242000000 30517775 30517768
243000000 30643911 30643892
244000000 30769955 30769953
245000000 30895383 30895393
246000000 31021560 31021560
247000000 31147295 31147294
248000000 31273382 31273391
249000000 31399312 31399320
250000000 31524744 31524739
251000000 31650749 31650755
252000000 31775918 31775914
253000000 31902528 31902514
254000000 32028514 32028490
255000000 32154725 32154708
256000000 32281474 32281471
257000000 32407376 32407377
258000000 32533530 32533507
259000000 32659669 32659662
260000000 32785817 32785813
261000000 32911549 32911522
262000000 33037314 33037308
263000000 33164132 33164127
264000000 33289917 33289908
265000000 33416093 33416063
266000000 33542311 33542295
267000000 33668982 33668983
268000000 33795291 33795272
269000000 33922051 33922044
270000000 34047767 34047756
271000000 34173403 34173397
272000000 34299267 34299280
273000000 34424504 34424492
274000000 34550227 34550222
275000000 34675985 34675992
276000000 34801578 34801583
277000000 34927794 34927789
278000000 35053307 35053321
279000000 35179094 35179100
280000000 35304452 35304458
281000000 35430195 35430182
282000000 35556613 35556601
283000000 35683124 35683115
284000000 35809603 35809595
285000000 35936019 35936000
286000000 36061442 36061435
287000000 36187802 36187766
288000000 36314295 36314276
289000000 36440760 36440775
290000000 36567249 36567239
291000000 36693476 36693473
292000000 36820026 36820030
293000000 36946015 36945989
294000000 37071895 37071876
295000000 37197332 37197325
296000000 37323329 37323309
297000000 37448594 37448599
298000000 37574915 37574909
299000000 37701220 37701212
300000000 37827810 37827808
301000000 37954300 37954306
302000000 38080564 38080546
303000000 38206561 38206548
304000000 38332850 38332835
305000000 38459088 38459085
306000000 38585172 38585151
307000000 38711068 38711050
308000000 38836944 38836923
309000000 38963461 38963455
310000000 39089221 39089206
311000000 39215129 39215127
312000000 39341884 39341865
313000000 39468286 39468265
314000000 39594312 39594322
315000000 39720176 39720187
316000000 39846967 39846963
317000000 39973039 39973051
318000000 40099456 40099456
319000000 40225601 40225580
320000000 40351542 40351555
321000000 40477142 40477140
322000000 40603256 40603246
323000000 40729522 40729512
324000000 40855105 40855122
325000000 40981898 40981874
326000000 41108668 41108657
327000000 41234923 41234940
328000000 41361025 41361014
329000000 41486581 41486579
330000000 41612358 41612355
331000000 41738563 41738560
332000000 41864263 41864269
333000000 41990706 41990683
334000000 42117176 42117173
335000000 42243809 42243806
336000000 42369688 42369676
337000000 42495901 42495897
338000000 42621130 42621127
339000000 42747115 42747103
340000000 42872913 42872899
341000000 42998747 42998728
342000000 43124071 43124058
343000000 43250151 43250159
344000000 43376192 43376168
345000000 43502382 43502362
346000000 43628430 43628413
347000000 43754503 43754529
348000000 43880551 43880550
349000000 44006468 44006453
350000000 44133347 44133339
351000000 44259820 44259811
352000000 44385558 44385526
353000000 44511900 44511904
354000000 44637314 44637319
355000000 44763312 44763309
356000000 44890243 44890239
357000000 45016666 45016652
358000000 45142842 45142836
359000000 45268568 45268554
360000000 45395325 45395330
361000000 45522227 45522212
362000000 45648102 45648115
363000000 45774813 45774823
364000000 45900710 45900723
365000000 46026087 46026085
366000000 46152457 46152446
367000000 46278366 46278351
368000000 46403772 46403765
369000000 46530268 46530260
370000000 46655818 46655830
371000000 46781437 46781445
372000000 46907065 46907047
373000000 47033023 47033026
374000000 47158459 47158456
375000000 47283339 47283365
376000000 47409216 47409194
377000000 47534892 47534879
378000000 47660430 47660441
379000000 47786459 47786467
380000000 47912024 47912028
381000000 48038267 48038267
382000000 48163435 48163431
383000000 48289426 48289390
384000000 48415162 48415142
385000000 48541443 48541445
386000000 48668315 48668311
387000000 48794505 48794482
388000000 48921236 48921207
389000000 49047529 49047515
390000000 49173897 49173883
391000000 49300129 49300100
392000000 49426104 49426097
393000000 49552932 49552950
394000000 49678683 49678694
395000000 49804787 49804770
396000000 49931143 49931141
397000000 50057070 50057070
398000000 50182600 50182598
399000000 50308900 50308895
400000000 50434219 50434194
