# Steps Temp KinEng PotEng Epair Ebond Eangle Bonds
1000000 307.83864520878006488 12845.601775306606214 3569.3890458183627743 -3726.5508259431126135 -978.45330359695685729 8274.3931753584329272 15400
2000000 309.12902505462551517 12899.447209908783407 3682.3560187993602995 -3734.7480073710867146 -955.23750795129649305 8372.3415341217441892 15404
3000000 309.88152197639794849 12930.847672276582671 3336.5554782091267043 -3789.9392781390688469 -1159.4022048962860936 8285.8969612444816448 15404
4000000 310.60243593792625916 12960.930229512925507 3411.5136028459123736 -3899.3431469732240657 -1071.8369173646158288 8382.6936671837538597 15396
5000000 311.45846314873682559 12996.650841041218882 3500.2676255728024444 -3843.928637495865587 -877.10418706507016395 8221.3004501337381953 15376
6000000 308.90555433480858483 12890.122143287397193 3445.1041401370807762 -3830.808355815840514 -999.50634084307569083 8275.4188367959959578 15414
7000000 310.76846395267057233 12967.858306263990016 3266.219756980769489 -3811.991379300911376 -1231.4830152423869549 8309.6941515240687295 15435
8000000 308.66132419919142649 12879.930820292393037 3656.4852830800673473 -3754.6812093905055008 -903.51058370810289944 8314.6770761786756339 15394
9000000 308.80780851337607373 12886.043370472922106 3271.0401983197252775 -3892.4073185717124943 -1033.80245081519206 8197.2499677066298318 15400
10000000 310.86881390486803411 12972.045745184226689 3509.7825711597793088 -3855.3975458160134622 -996.90368808336063466 8362.0838050591537467 15422
11000000 310.56652456272428253 12959.431706724355536 3305.4752624965267387 -3810.0839287931721628 -1065.7181393804655727 8181.2773306701637921 15422
12000000 310.00350665533784422 12935.937892860447391 3262.9801214910494309 -3822.8203958352337395 -1091.2889280765427884 8177.0894454028266409 15403
13000000 305.20113973932461704 12735.542997865457437 3439.8531690453819465 -3821.6433709682169138 -925.88438076310092129 8187.3809207766989857 15375
14000000 308.39593523968579802 12868.856574279321649 3518.8096855650592261 -3817.9632669448146771 -947.32378812848617144 8284.0967406383588241 15388
15000000 311.37059210582566493 12992.984126538716737 3369.6317297824307389 -3944.3553511289837843 -1063.8786066064660645 8377.8656875178803602 15400
16000000 307.93957856335856604 12849.813558651358107 3300.2904092803737512 -3815.8449789120986679 -1090.4965894016520451 8206.6319775941246917 15421
17000000 311.12209125399732557 12982.614593560665526 3248.6544729680153978 -3853.9955178391219306 -1060.3467386021222865 8162.9967294092593875 15415
18000000 308.72178897713627066 12882.453916307140389 3345.2993133407871937 -3881.4524733385678701 -1065.9997129151483932 8292.7514995945039118 15430
19000000 314.97273655311261109 13143.295706410692219 3662.3064518126302573 -3761.8564187506813141 -866.60197471259334634 8290.7648452759058273 15374
20000000 313.3002658311995674 13073.506246221300898 3577.741855596217647 -3812.6076789877461124 -912.37399305688120421 8302.7235276408464415 15375
21000000 313.31492187590919229 13074.117818929506029 3328.184530073377573 -3805.4754245710710165 -1125.5594103652197191 8259.2193650096669444 15433
22000000 310.18941637037261216 12943.695600356455543 3580.9532771022782072 -3755.3209740085267185 -976.70191910400376401 8312.9761702148098266 15405
23000000 309.05255796477337071 12896.256363663696902 3364.4201844663075462 -3776.1175543929948617 -1138.732996854498424 8279.2707357138024236 15422
24000000 311.33239083423006832 12991.390050129322844 3480.1419277718632657 -3800.9751991730308873 -996.13626121793868151 8277.2533881628332892 15413
25000000 307.10145560877606385 12814.840062370511077 3431.5870989893924161 -3897.6337911701634766 -900.14601393565055787 8229.3669040952063369 15397
26000000 305.72988839477500278 12757.606812051419183 3445.6302748161710952 -3777.0865268591051063 -1054.1853794921064491 8276.9021811673828779 15415
27000000 311.20848057930925279 12986.219478417931896 3618.8798686023815208 -3723.5255864044233931 -900.19753574539458896 8242.6029907521988207 15395
28000000 310.81569716010648108 12969.829270542633822 3415.9644007877950571 -3828.5374850230045922 -1049.0923394481537798 8293.5942252589538839 15414
29000000 316.14644792995221678 13192.272757150383768 3412.17778906434296 -3847.2842861760691449 -1066.7048478101078217 8326.1669230505212909 15415
30000000 308.88215178650682446 12889.145593329518306 3529.6628193387387 -3772.9273201298929052 -894.42749516513595154 8197.0176346337666473 15392
31000000 311.71011876064329726 13007.152016983178328 3425.8267562506534887 -3811.6371432878072483 -939.59199668884525636 8177.0558962273062207 15398
32000000 311.24527126995110393 12987.754693597635196 3469.9755763624507381 -3893.3375514501785801 -886.9620268769959921 8250.2751546896251966 15412
33000000 310.25330137638292172 12946.361416878826276 3268.779421908511722 -3794.0082663565535768 -1091.6727955012588609 8154.4604837663246144 15435
34000000 305.62159379321195729 12753.087855943256727 3501.5696259687797465 -3708.3113584728966998 -980.99402336526509316 8190.8750078069415395 15400
35000000 312.01892593066264681 13020.03803371034337 3349.5400013930775458 -3891.9322772858968165 -956.52109642863513272 8197.9933751076096087 15409
36000000 307.67536444036909415 12838.788336639245244 3492.8275632819163548 -3857.6691098333767513 -892.38054972145710053 8242.8772228367506614 15406
37000000 310.80575382976115861 12969.414351675479338 3338.7192785945626383 -3843.8130272258631521 -1145.8229082129805647 8328.3552140334068099 15426
38000000 311.52704166754864445 12999.512510154918346 3477.1728803315008918 -3871.7539705888066237 -982.61943835211832265 8331.5462892724262929 15407
39000000 313.17033511760416786 13068.084450643633318 3440.2812617174408842 -3776.0914161821856396 -861.03061630205979782 8077.4032942016856396 15387
40000000 309.52860635137261625 12916.121082064739312 3378.6866592832493552 -3808.5174387413248951 -970.71555088804439038 8157.9196489126188681 15419
41000000 314.2715221402617658 13114.035179031232474 3272.2751568457406393 -3874.3220766369718149 -966.26197691609809226 8112.859210398810319 15386
42000000 311.06799534094943738 12980.357259832428099 3346.2738313932613892 -3801.202720579653942 -1004.945247219586804 8152.4217991925015667 15408
43000000 304.60390591980120689 12710.621410105935865 3391.4584976951355202 -3807.0320122414409525 -1007.2922169339700531 8205.7827268705477763 15412
44000000 308.38553735339183959 12868.422687537953607 3314.8177116474998911 -3835.4470335532678291 -1127.4589853451529962 8277.7237305459202616 15404
45000000 310.13291798828811352 12941.338015535633531 3510.7217504437940079 -3819.1969258464869199 -965.04510433410314363 8294.9637806243845262 15399
46000000 311.42068520234289508 12995.074429298190807 3552.7901160162664382 -3780.4582995153923548 -967.35115419402279713 8300.5995697256821586 15396
47000000 311.33791870236984778 12991.620719000484314 3384.9054760079693551 -3782.5363462653976967 -992.61569985710264064 8160.0575221304698061 15415
48000000 312.63671445876957478 13045.817335747071411 3365.361105473707994 -3858.6864319033179527 -1042.1250012426153262 8266.1725386196412728 15424
49000000 308.33373774577557924 12866.261174869183378 3466.8405780900884565 -3830.4062807012783196 -979.57488734917342299 8276.8217461405401991 15402
50000000 311.21756672584365333 12986.598628410531092 3529.9907294279255439 -3764.2226806572207352 -906.65309489591675174 8200.8665049810624623 15415
51000000 307.21184091983349163 12819.446260356879066 3407.4566673428425929 -3786.4776239143770908 -1069.172010265340532 8263.1063015225590789 15416
52000000 308.48160201884093112 12872.431308470520889 3328.0484301897063233 -3885.0687095119537844 -1079.6261397191437936 8292.7432794208034466 15417
53000000 308.05059419463532322 12854.446058866684325 3564.7233195864882873 -3756.3112884158717861 -1046.2201168553351636 8367.2547248576956918 15408
54000000 311.35953692213956856 12992.522811855214968 3657.7030532630724338 -3749.1585877948505185 -851.61850990689686114 8258.4801509648186766 15383
55000000 309.23591288805050681 12903.907463889798237 3563.4610116247595215 -3800.5794135817432107 -901.12820808686251439 8265.1686332933641097 15376
56000000 307.22498148495435544 12819.99459458740057 3563.143517599462939 -3800.0458031714424578 -915.69734389886798454 8278.8866646697715623 15408
57000000 305.83018160296478527 12761.791883137279001 3531.2312621707274047 -3695.3999313521858312 -875.54296997193614516 8102.1741634948502906 15378
58000000 309.93031969941358739 12932.883921224389269 3483.7877458382081386 -3798.3567675343706469 -875.5917689462743283 8157.7362823188532275 15382
59000000 304.2564797527681435 12696.123885972794596 3464.0680863755815153 -3890.471559996058204 -1014.948311338410349 8369.4879577100509778 15397
60000000 310.44928293070751124 12954.539405709474522 3380.7052739865666808 -3929.3969760811451124 -978.5948292697053148 8288.6970793374166533 15406
61000000 309.1565471652108954 12900.595662444220579 3567.1807157389994245 -3821.0635585977893243 -970.61512297357819534 8358.8593973103670578 15404
62000000 307.01023102937477915 12811.033410290445318 3351.3803389307113321 -3874.7842141197234014 -1106.9274784026024463 8333.0920314530376345 15426
63000000 311.70773689299284115 13007.05262555264926 3633.6834798713898635 -3775.6544398844944226 -943.30337186118094905 8352.6412916170647804 15397
64000000 310.53919713769658983 12958.291378097934285 3527.2648750065823151 -3661.2722329234188692 -1057.8552942957558116 8246.3924022257579054 15411
65000000 309.93035615720214082 12932.885442548111314 3279.7618599194743183 -3820.3706383094731791 -1141.8245609161581342 8241.9570591451047221 15447
66000000 311.73489224996961866 13008.185774061517805 3413.2603405002128056 -3798.8349898737815238 -988.47826849848718211 8200.5735988724809431 15412
67000000 307.62402528417976555 12836.646037853332018 3284.9472728806003943 -3925.6996816053060684 -1122.341896210492223 8332.9888506963998225 15426
68000000 306.42862220746417279 12786.763828054588885 3375.0034746626661217 -3800.6307390042884435 -971.17470496322766849 8146.8089186301822338 15413
69000000 311.94875136628252221 13017.109764232769521 3643.3762476951287681 -3678.160112266888973 -975.61314562172674414 8297.1495055837440304 15401
70000000 309.20727181609737499 12902.712318931704431 3520.187924983953053 -3777.7333168201266744 -930.37916338101854308 8228.3004051850984979 15401
71000000 310.81806109462348786 12969.927913652914867 3514.914552256675961 -3829.7212931193444092 -973.53372898169095606 8318.1695743577110989 15413
72000000 307.00959317209481014 12811.006793552307499 3608.280741547469006 -3820.6133303144542879 -918.33976074674410484 8347.2338326086664893 15389
73000000 310.53204012765388597 12957.992727807135452 3529.8672745419153216 -3748.4837334363155605 -874.67155506298547607 8153.0225630412169266 15393
74000000 311.67843386223540847 13005.829858139337375 3419.7990154249964689 -3846.5709435008043329 -983.81567886644199916 8250.185637792244961 15390
75000000 307.61669207937444526 12836.340035244067622 3235.8158885300990733 -3842.5358036174070548 -964.29994843387476067 8042.6516405813799793 15396
76000000 309.59950811840980123 12919.079696516500917 3329.3090482277211777 -3811.4906980691202989 -1043.0238374419009233 8183.8235837387428546 15418
77000000 307.71270398316374894 12840.346454519107283 3545.0601665470599073 -3851.1551751916463218 -972.01229220819027432 8368.2276339468971855 15394
78000000 311.10344743633402231 12981.836617627488522 3543.8533529279347931 -3789.0836516056206165 -896.02972611240033984 8228.9667306459559768 15406
79000000 310.66625531344243427 12963.593307382416242 3397.1977225666500999 -3824.8298272261536113 -971.69517640738445152 8193.7227262001870258 15408
80000000 310.40993973759628943 12952.89767878810926 3464.3035314160315465 -3791.9361613526571091 -962.41089505205388832 8218.6505878207426576 15425
81000000 309.37946496807916219 12909.897656748185909 3316.7010689606863707 -3885.9602287508646441 -987.8877722545977349 8190.549069966148636 15419
82000000 309.83381704943343493 12928.857023915685204 3457.7438723400546223 -3767.9911926655481693 -919.27490662960406098 8145.0099716352069663 15376
83000000 307.71489370173742373 12840.437827883806676 3579.0501419498732503 -3842.3064326498215451 -938.76294397315439255 8360.1195185728483921 15411
84000000 310.98393623350932558 12976.849611145138624 3571.1687210347449764 -3748.595836967852847 -928.49210347663552056 8248.256661479234026 15403
85000000 313.82601304541719855 13095.444815187312997 3635.8180050866340025 -3753.8418959289733721 -932.7075375101252348 8322.3674385257327231 15404
86000000 309.45410358235034209 12913.012203706181026 3373.8185212471053092 -3889.9577882206967843 -1059.6104835913947682 8323.3867930591968616 15423
87000000 311.67120606611507583 13005.52825406161719 3505.2346074795495952 -3753.1776849618599954 -1031.0362427699099044 8289.4485352113188128 15389
88000000 309.98252318700019714 12935.062287141914567 3443.6312516949728888 -3801.9368937919180098 -1019.8919796472902135 8265.4601251341809984 15410
89000000 315.18897458065697492 13152.31896464595593 3611.5019414872072048 -3702.1685481773970423 -969.82212882052579062 8283.4926184851301514 15409
90000000 309.92317347123315585 12932.585720843020681 3337.8453379021575529 -3770.2415637080748638 -1090.4404198503270891 8198.5273214605604153 15423
91000000 307.7552845072754053 12842.123269953541239 3475.8378101610869635 -3809.5498943386337487 -902.88412215541529804 8188.271826655136465 15366
92000000 311.32465051604458495 12991.067059346416499 3511.0884667392042502 -3782.7872358509766855 -982.43450873547067204 8276.3102113256518351 15399
93000000 311.33671774528056631 12991.570605030849038 3557.241751530223155 -3824.4021225849701295 -917.45351564356133167 8299.0973897587537067 15378
94000000 308.16295003933629459 12859.134483990106673 3431.0741703995104217 -3828.0718983099636716 -999.73844490843214317 8258.8845136179061228 15423
95000000 309.85407687348742911 12929.70243314511572 3379.9468035122654328 -3805.7840281268358922 -1078.2574897685115047 8263.9883214076126023 15425
96000000 314.44004971768123369 13121.067558433172962 3466.644630204207715 -3867.9196193219140696 -930.99466476588213482 8265.5589142920034647 15397
97000000 309.11883031783349907 12899.021800262942634 3537.9206633091371259 -3789.555775219777388 -1076.6315260324190604 8404.1079645613353932 15406
98000000 310.43284355925533191 12953.853417701153376 3402.2101007570436195 -3810.1654151168891076 -1063.667572590617965 8276.0430884645502374 15416
99000000 308.72247971360980046 12882.482739607297844 3604.6566156449844129 -3750.6658128380731796 -948.75080036923964144 8304.0732288522976887 15418
100000000 309.98637522954095402 12935.22302655936619 3476.460878668443911 -3745.8425670528586124 -952.83014818726155681 8175.1335939085647624 15393
101000000 308.5611076818685774 12875.748949390626876 3422.992358789148966 -3707.983552943873292 -1021.469361107723671 8152.445272840745929 15401
102000000 310.16958486456627497 12942.868064145010067 3395.1075788805219418 -3896.9111555152217079 -995.34828696228635181 8287.3670213580298878 15392
103000000 311.52297660418565783 12999.342881727932763 3449.4137475445795644 -3848.4418723211915676 -1016.3628340993054735 8314.2184539650752413 15437
104000000 309.55862943414672372 12917.373896067743772 3534.9222063874849482 -3851.0903214577865583 -939.88533636561828644 8325.8978642108886561 15405
105000000 313.29943849361052344 13073.471722780634082 3397.4580356083652077 -3843.2623533880323521 -966.5805081833557324 8207.3008971797517006 15412
106000000 310.87415009733484794 12972.26841574392347 3461.2251561284901982 -3760.9102892831115241 -966.73048116227516857 8188.8659265738770046 15410
107000000 309.95511538982509592 12933.918604717600829 3512.1848658907488243 -3731.6933251773152733 -990.41387461410727155 8234.2920656821697776 15391
108000000 312.11964665664493168 13024.240944412509634 3584.2573844997973538 -3767.7498733350521434 -871.16690421754378804 8223.1741620523935126 15408
109000000 312.16356852660015875 13026.073732009039304 3351.6976836086550975 -3885.8700079739060129 -1025.8610246233938597 8263.4287162059536058 15412
110000000 310.52676994529571175 12957.772811741007899 3390.1950989759498043 -3791.1040384286989138 -1128.2910339962804755 8309.5901714009287389 15433
111000000 310.72001190548604654 12965.836481801670743 3347.5095482622527925 -3708.5085063622391317 -1047.5006886407736602 8103.5187432652655843 15394
112000000 308.03473303590442356 12853.784198726889372 3324.339345197120565 -3809.7633533879743482 -1101.1313003941161242 8235.2339989792108099 15414
113000000 311.05036480054980075 12979.621566297577374 3487.6385133656958715 -3852.6603712078403987 -987.58271666421342161 8327.8816012377501465 15399
114000000 311.93617901863166253 13016.585140785331532 3569.6055066092230845 -3750.2039847583091614 -1000.8155030863192678 8320.6249944538521959 15403
115000000 313.79807667752828593 13094.279076374024953 3389.3821664830484224 -3774.179446832139547 -984.52133965890266154 8148.0829529740904036 15382
116000000 309.33284017533782162 12907.952080616880266 3501.4421595391563642 -3797.3580629001694433 -982.95018263098711486 8281.7504050703137182 15399
117000000 311.95873014122378208 13017.526162144778937 3384.7641708974160792 -3872.8302076231639148 -1005.3863578271768802 8262.9807363477593753 15397
118000000 311.8181000422807756 13011.65789876472445 3459.0398982237711607 -3845.8179427365489573 -969.03149275865143863 8273.8893337189729209 15407
119000000 308.9258596764171898 12890.969451889728589 3308.5864787715468083 -3882.6591227319831887 -1049.056238767141167 8240.301840270669345 15417
120000000 309.18250141229708561 12901.678690607306635 3174.0168343718642063 -3882.9299020331627617 -1033.092749820363224 8090.0394862253906467 15409
121000000 311.77019750865133574 13009.659004601795459 3434.7619340737137463 -3795.9392311727342531 -1030.0045742489919576 8260.7057394954408664 15404
122000000 309.54370681706859614 12916.751199731806992 3411.0715730698630068 -3772.5003717767367561 -1078.4112999744575063 8261.9832448210581788 15429
123000000 309.66273841677633527 12921.718193162689204 3551.1919420548747439 -3829.6681702119917645 -941.56333603699681589 8322.4234483038635517 15399
124000000 311.44121969879222434 12995.931300156187717 3597.1333661285916605 -3813.5136776825684137 -866.99790829309233686 8277.6449521042522974 15405
125000000 309.7628590727779283 12925.896063928741569 3614.9063097297930653 -3815.8644354774323801 -861.87293714159568481 8292.6436823488220398 15393
126000000 312.83675712360485477 13054.164788058662452 3394.1453447267649608 -3851.3813686081584819 -964.68690829421780109 8210.213621629141926 15421
127000000 312.66292655796087274 13046.911123655596384 3573.2932331070196597 -3806.5268925165009932 -895.46962619554847151 8275.2897518190675328 15389
128000000 313.19807363534994238 13069.241933494942714 3640.6274694201365492 -3747.1986237566497948 -938.82151140621022023 8326.6476045829967916 15403
129000000 306.56042065909485927 12792.263561277173721 3622.178226639458444 -3772.5404506542968193 -960.17039337633832474 8354.8890706700949522 15403
130000000 311.78767725133394606 13010.38840559523851 3557.21706459731422 -3820.9235830528068618 -945.04736855224552983 8323.1880162023662706 15403
131000000 309.99517195966978989 12935.590099680037383 3394.5318724326575648 -3829.2193956178443841 -978.9435144848858954 8202.6947825353872759 15408
132000000 309.00175400326759245 12894.136397674148611 3419.2241073098766719 -3854.7265982809785783 -1031.0322278632527286 8304.9829334541063872 15400
133000000 312.15972911444447391 13025.913519636842466 3565.5318305184719065 -3903.6275895998182932 -879.94249381000599897 8349.1019139282961987 15394
134000000 306.26737305378719611 12780.035165338007573 3652.9846211876183588 -3784.0217034406059611 -872.99486906100969463 8310.0011936892333324 15391
135000000 310.46375052997865396 12955.143114898604836 3413.3356587714015404 -3772.0213698429261058 -1066.7449564421344803 8252.1019850564607623 15416
136000000 313.16694159829518185 13067.942844648614482 3431.2908079558892496 -3810.7268874860283177 -1037.3596707241058539 8279.3773661660234211 15423
137000000 308.48603740647058657 12872.616389921782684 3238.9619931162087596 -3758.1463714172391519 -1120.5958904160656857 8117.7042549495135972 15422
138000000 307.82252998857836701 12844.92931359832437 3414.701483401385758 -3791.1770477675572693 -1048.6585541525521421 8254.5370853214953968 15423
139000000 308.29259847515646698 12864.54450057917893 3418.3182821964546747 -3828.2834412884817539 -981.81706444523922528 8228.4187879301753128 15400
140000000 308.96660620393959107 12892.669737654448909 3526.3781174235236904 -3793.6232103084985283 -965.89916877441828547 8285.9004965064395947 15412
141000000 309.81876944868668033 12928.229112216244175 3258.2251978160143153 -3818.8845630003797851 -1121.012342905225978 8198.1221037216200784 15432
142000000 310.55674894674956477 12959.023786302816006 3692.9484386796234503 -3745.4182596533737524 -884.18253503536607241 8322.5492333683650941 15384
143000000 311.83806238961057034 13012.490894778351503 3636.1648102427111553 -3792.6821461990648459 -932.64648596855033702 8361.4934424103266792 15405
144000000 309.05311394513040568 12896.279563812126071 3389.2020901707574012 -3760.3264456352744673 -1101.0075969209019604 8250.5361327269329195 15419
145000000 311.53827525696101475 12999.981269416774012 3307.3701387946825889 -3858.8223425583460084 -1076.22731068637313 8242.4197920394017274 15404
146000000 308.99806397065924557 12893.9824186654605 3343.2471007273015857 -3835.9497382210793148 -1045.7336463813971932 8224.9304853297762747 15428
147000000 307.43547017625576245 12828.777942450789851 3490.2086571664958683 -3792.9156500905610301 -915.61924246079206569 8198.7435497178485093 15404
148000000 304.08718405234304782 12689.059454057634866 3359.0451119801327877 -3792.3946535889790539 -987.14248702110251088 8138.5822525902140114 15400
149000000 313.06080964111299636 13063.514132143491224 3541.1919424456423258 -3782.7508876203587533 -1001.1613627000999713 8325.1041927661026421 15397
150000000 309.38351853071600317 12910.066805268732423 3441.2068310548693262 -3797.3790327047208848 -1052.2086332015612697 8290.7944969611507986 15411
151000000 309.60329298314474045 12919.237632714295614 3471.640310028861677 -3806.236838690697823 -1091.9326397432053 8369.8097884627641179 15415
152000000 307.15581111755687971 12817.108228602917734 3695.3610390387475491 -3662.8608395097480752 -895.80951101883943011 8254.0313895673352818 15376
153000000 309.35971911469454199 12909.073694671817066 3403.428141656277603 -3825.1129633540931536 -1082.358580992175348 8310.8996860025454225 15413
154000000 312.54440091618766928 13041.965243019496484 3482.744585780023499 -3812.4621012324773801 -936.34051378865979132 8231.5472008011602156 15409
155000000 309.83016837302176327 12928.704770633255976 3329.73476413735807 -3869.8381798883438023 -1108.0461280966883351 8307.6190721223902074 15423
156000000 310.86424709914365394 12971.855179871410655 3275.9526712159022281 -3872.9404554908392129 -1110.4222709693376601 8259.3153976760804653 15432
157000000 308.25556757397043839 12862.999261807439325 3488.9492953513267821 -3795.8246171447117376 -914.19539567187348439 8198.9693081679106399 15390
158000000 311.89237036953619508 13014.757077709584337 3342.5940043135851738 -3837.7345635081114779 -1155.7731571654435356 8336.1017249871401873 15427
159000000 308.74252818447234858 12883.319329414693129 3695.1376554510193273 -3704.4015009317854492 -840.89671530210398487 8240.4358716849092161 15382
160000000 309.1971567890701067 12902.29023544361371 3453.1932623648490335 -3761.334674120053478 -1063.5367402067440707 8278.0646766916470369 15404
161000000 312.51032036382758861 13040.543117465367686 3366.9741659290830285 -3863.4186028654166876 -1088.9830176008924809 8319.3757863953906053 15418
162000000 309.65735630195410977 12921.493606338417521 3454.5022157268513183 -3740.6698985190428175 -1042.8846148665654709 8238.0567291124607436 15410
163000000 311.60118598722880279 13002.606431010328379 3269.9178979436128429 -3794.8721853589518105 -1080.9096015947275191 8145.6996848972921725 15409
164000000 306.82275576320313348 12803.210374913171108 3224.8731060290151618 -3891.6717665798778398 -1099.6085088925431137 8216.1533815014354332 15421
165000000 311.45535397091475716 12996.521100150099301 3439.4023418658089213 -3791.0948433111270788 -1024.1327176505515126 8254.6299028274879674 15416
166000000 307.57280758536273879 12834.508807284359136 3489.9361546504433136 -3833.0773053318871462 -938.24506881417289605 8261.2585287965048337 15383
167000000 310.36652779279626202 12951.086169531970882 3532.4415427554272355 -3821.6681156797958465 -829.57252325755894162 8183.682181692782251 15379
168000000 309.02870848297544626 12895.261163904044224 3547.4989772361282121 -3779.3652659540680361 -995.06808900208375235 8321.9323321922784089 15437
169000000 310.63533406021724659 12962.303014199587778 3485.5843034205063304 -3837.4987021900569744 -910.95818869850427291 8234.0411943090675777 15415
170000000 307.78669707106001852 12843.434064720211609 3254.7246701814556218 -3825.9148075675502696 -1127.6136331528409755 8208.2531109018491406 15428
171000000 307.75918110417626394 12842.285868551365638 3389.8519097802136457 -3826.7203459794422997 -1033.0858153959986794 8249.6580711556543974 15400
172000000 309.68432025144227282 12922.618767726713486 3444.1599956719969668 -3868.2254838597350499 -978.27189979047227553 8290.6573793222050881 15408
173000000 308.49383008591564703 12872.941565654173246 3510.0920544177670308 -3789.6581334665024769 -998.01056809157171301 8297.7607559758416755 15394
174000000 311.56758765724288196 13001.20442780497433 3414.4312021630039453 -3848.2977111052073269 -1067.9713136058501277 8330.7002268740616273 15426
175000000 309.81885601703942257 12928.232724571622384 3383.0828983109063302 -3817.5284606595378136 -1114.1868378422793739 8314.7981968127223809 15428
176000000 306.12463521256302101 12774.07894932949057 3401.3441655142560194 -3767.4819927971793732 -1013.7667999209592153 8182.5929582323951763 15402
177000000 308.51351849363146584 12873.763130616998751 3389.0178898580843452 -3811.7073543173810322 -1064.4991511113898923 8265.2243952868557244 15385
178000000 305.50864894105507119 12748.374852504737646 3492.6288915992299735 -3802.043810888920234 -894.69479638358973261 8189.3674988717402812 15394
179000000 312.91741942001755206 13057.530693392920512 3268.602799520966073 -3843.2594341358872043 -1077.6465527580139678 8189.5087864148672452 15424
180000000 309.61716865472163818 12919.816641731569689 3389.0890952201466462 -3916.9838452870631045 -982.05424945515051149 8288.1271899623607169 15409
181000000 311.42812771982318054 12995.384993346095143 3429.1178334220003308 -3813.1210735465060679 -952.37429314332939612 8194.6132001118348853 15393
182000000 308.80197873772743833 12885.800103496578231 3239.383048511225752 -3865.4027269490125036 -1072.5515080234929428 8177.3372834837309711 15434
183000000 307.75788418733384333 12842.23175033861844 3380.2468955577887755 -3840.9844044183460028 -1009.8714432851594438 8231.1027432612936536 15405
184000000 308.04499891977900461 12854.21257722379778 3301.5382734588174571 -3869.7986540392139432 -999.01682913353306503 8170.3537566315644654 15429
185000000 310.61971187890873125 12961.651126195680263 3303.4661440656354898 -3826.5854233076852324 -1006.6369699860060791 8136.6885373593277109 15385
186000000 305.7492326571589274 12758.414016393981001 3397.1111907058084398 -3869.2823854070693415 -889.46986472467256135 8155.8634408375501152 15379
187000000 311.8593317709820667 13013.378431178856772 3383.8165010998427533 -3879.238162262793594 -977.69157856168862963 8240.7462419243256591 15402
188000000 309.83424462613714923 12928.874865990257604 3246.4978219361728407 -3914.7104891825129016 -955.31405032761358598 8116.5223614462984187 15406
189000000 308.66627739346176895 12880.137508965510278 3475.3262058461950801 -3809.5122667360788 -967.36529527663037697 8252.2037678589040297 15389
190000000 309.78575238300402361 12926.851364216927323 3208.2548288825792042 -3959.2593895866934872 -1069.0769670966019476 8236.5911855658741842 15437
191000000 307.21083051549641141 12819.404097841068506 3316.1117967316276918 -3917.6508323892689987 -1018.8711536036931875 8252.6337827245897643 15396
192000000 306.59789593817612285 12793.827343209652099 3299.5072897289155662 -3897.6445867237353013 -1088.4618338343855157 8285.6137102870361559 15398
193000000 309.80112150924196612 12927.492692647778313 3617.532336638394554 -3850.6533709044770148 -830.26093754678151981 8298.4466450896543392 15368
194000000 308.45093288789462349 12871.151535936880464 3196.575204033132195 -3850.2568563974014069 -1076.1156313317442255 8122.9476917622778274 15430
195000000 310.19463900085702335 12943.913532160882824 3476.8463937695109962 -3787.9045567256375762 -1019.3851531146700609 8284.1361036098169279 15413
196000000 308.16909356757531668 12859.39084334745894 3291.9063864390082017 -3805.8403351457500321 -1096.7116043107712358 8194.4583258955299243 15434
197000000 308.37983514174180755 12868.184743598052592 3665.6784734746829599 -3754.306901917351297 -886.54630625793834042 8306.5316816499725974 15382
198000000 311.04743583101264903 12979.499345202624681 3398.6001890612756142 -3887.5527235400186328 -887.05059671776257346 8173.2035093190570478 15398
199000000 307.83342529587770287 12845.383956902422142 3248.1811170147675512 -3833.1184677993655896 -1141.5371592101732858 8222.8367440243055171 15412
200000000 311.41446530813851723 12994.81488331435321 3457.1962160518642122 -3811.8649364150483052 -943.82266855849320564 8212.8838210254052683 15402
201000000 311.55894929529466708 13000.843963128740143 3468.6328022688494457 -3859.8436029324057017 -921.86986119461505496 8250.3462663958707708 15400
202000000 314.84131623587410331 13137.811752116112984 3439.5846486883838224 -3818.1965327794277982 -906.33015508767687152 8164.1113365554883785 15395
203000000 308.98892719680810615 12893.601156077967971 3564.658711044260599 -3703.2490394800543072 -1006.2993133959276975 8274.2070639202429447 15391
204000000 306.58002060674044742 12793.081434946352601 3559.2745169620916386 -3829.7360504134321673 -875.86938693990896354 8264.8799543154327694 15393
205000000 313.3412146696271634 13075.21497408828327 3285.0357417735090166 -3874.9485420628307111 -1072.1740257018664124 8232.1583095382065949 15411
206000000 309.36833458932886742 12909.433204297982229 3561.1516776505068265 -3774.727552225099771 -957.42780485229377518 8293.3070347279008274 15404
207000000 311.70252105677428744 13006.834977261794847 3434.1016981191201012 -3769.2117877573004989 -985.53514774703421608 8188.8486336234545888 15415
208000000 309.55590071121611118 12917.26003093525469 3523.7976027926861207 -3809.9636274462641268 -908.31002668678377177 8242.0712569257339055 15403
209000000 308.30531800271558041 12865.075265602796208 3201.6888837414080626 -3929.3981090742809101 -967.42457730579394592 8098.5115701214826913 15399
210000000 315.10007597230196552 13148.609371522803485 3300.5068256552599451 -3876.6922033032888066 -953.90391775127000074 8131.1029467098196619 15406
211000000 308.6227430914713068 12878.320893944493946 3360.5328471646998878 -3863.5906460183550735 -1087.9196972665304202 8312.0431904495853814 15413
212000000 312.50701866318593147 13040.405342912743436 3327.6233179980017667 -3881.1283434548190598 -1069.8168085136337595 8278.5684699664543587 15418
213000000 311.78090251004977063 13010.105706752772676 3437.6324916966818819 -3909.4902404306826611 -935.933815915941409 8283.0565480433069752 15391
214000000 306.92255579577306435 12807.374866589278099 3307.1376734879609103 -3812.2343594333156034 -992.55267527521209558 8111.9247081964886092 15399
215000000 311.26463557163469886 12988.562734147304582 3536.6327382110466715 -3772.251527493456706 -936.50450942588940961 8245.3887751303918776 15395
216000000 309.17595680750906695 12901.405594983374613 3369.3620023748308085 -3948.4151807450498382 -906.2211543205705766 8223.9983374404509959 15412
217000000 310.01313805456703676 12936.339795353726004 3174.1911843328407485 -3842.8306117197807907 -1127.9437575956726505 8144.9655536482932803 15412
218000000 306.65144546570246575 12796.061877166208433 3504.2767420209465854 -3809.544717462553308 -921.21996383381190299 8235.0414233173123648 15404
219000000 314.22688244400103486 13112.172437720286325 3533.051027470333338 -3753.3376486287766056 -906.10011263663523096 8192.4887887357454019 15365
220000000 308.20967905532597797 12861.084409186627454 3408.5231470520111543 -3830.1394160353538609 -975.8558477868002683 8214.5184108741650562 15410
221000000 313.0317462055913893 13062.301362646407142 3479.8626485830554884 -3725.1999556904584097 -999.64897036143850073 8204.7115746349536494 15384
222000000 307.94103909175129274 12849.874504105759115 3343.4851033391487363 -3797.0828367782110035 -974.83928396788633108 8115.4072240852456162 15403
223000000 312.17757042535714618 13026.658008279513524 3415.6496433645811521 -3768.3518274076755006 -1065.9422350891718452 8249.9437058614275884 15395
224000000 308.23539237974705429 12862.157384042036938 3607.6412377237420515 -3831.5004439549115887 -831.80037289032691206 8270.9420545689790742 15362
225000000 310.7746121251718705 12968.114859418790729 3402.5307251833564806 -3867.262491237285758 -992.24641975664724214 8262.0396361772891396 15405
226000000 311.74873615438843899 13008.763457487388223 3519.1792045538691127 -3779.6990107210467613 -969.71669119966691142 8268.594906474581876 15399
227000000 307.3152957471187392 12823.763260622190501 3322.0287346000050093 -3890.6565816620345686 -989.10764748430790405 8201.7929637463475956 15403
228000000 309.21835752307458733 12903.174907302083739 3434.1026717524628111 -3884.5370533783943756 -1023.0281388316071798 8341.6678639624642528 15416
229000000 307.07307014299937009 12813.655583438938265 3407.3231365365609236 -3816.63096005811758 -999.97380341615030375 8223.9279000108290347 15401
230000000 309.18274826130556221 12901.688991211571192 3332.4938723303966981 -3844.9610845860670452 -1030.6955650786408114 8208.1505219951050094 15409
231000000 311.53365928444031852 12999.788652454188195 3455.4596368524207719 -3813.3338982650334401 -1003.3449039838644694 8272.1384391013198183 15388
232000000 310.98260190734072239 12976.793931902564509 3591.8547605700077838 -3705.0549751003750316 -931.41496028747337732 8228.3246959578555106 15384
233000000 308.345939640575466 12866.770339926732049 3403.9428665789901061 -3874.2406172687415165 -974.3356888210029183 8252.5191726687353366 15425
234000000 308.58656418895640172 12876.811207679929794 3522.5639994325510997 -3781.5891523914428944 -945.23502810143827446 8249.3881799254322686 15393
235000000 309.86984921777366253 12930.360587203800605 3513.6709256308758995 -3836.2324464868452196 -873.31204154069621381 8223.215413658417674 15374
236000000 307.17849847940959762 12818.054935003261562 3767.1336675101038054 -3762.8053115493253244 -800.98204619592604558 8330.9210252553548344 15379
237000000 310.86955690062995927 12972.076749178775572 3683.7301508894652216 -3763.5531361375137749 -960.83410998783472223 8408.1173970148138324 15413
238000000 310.20626841977235699 12944.398808738691514 3453.5491111841838574 -3923.3840758730625566 -926.05026325983180868 8302.9834503170786775 15401
239000000 308.76444092169674605 12884.233711999766456 3288.4992666333232592 -3903.7818444987005932 -987.8620937411532168 8180.1432048731767281 15410
240000000 310.03820795545448163 12937.385921200362645 3382.9925295334105613 -3829.8254289564611099 -975.91035632825412449 8188.7283148181259094 15402
241000000 311.25798889003351633 12988.285379025377551 3398.6310445830604294 -3846.2078175345759519 -1023.5877321495722754 8268.4265942672100209 15414
242000000 313.49897124572248686 13081.797897270595058 3403.3369821812393639 -3804.9920880369945735 -955.54099337515060597 8163.8700635933837475 15399
243000000 308.92766418674494844 12891.044751146111594 3491.543540782544369 -3778.7046695009066752 -993.9015728667689018 8264.1497831502201734 15415
244000000 315.02207358174013052 13145.354459697162383 3414.0962497542695928 -3793.9812454941625219 -1040.4748643092279963 8248.5523595576596563 15411
245000000 310.44073551699869995 12954.182736154105442 3455.625657679390315 -3859.7808212355871547 -1054.1049353328330653 8369.511414247812354 15424
246000000 309.07987076553240513 12897.39608204337128 3635.7052134111345367 -3658.1355610429336593 -955.70993749067838507 8249.5507119447465811 15396
247000000 309.19853910943061237 12902.347917405100816 3513.224908327450521 -3790.5919435499390602 -974.74060464583919838 8278.5574565232291206 15409
248000000 308.96012812459116503 12892.399418028002401 3333.437360777649701 -3839.0236381771774177 -1053.0596362787091493 8225.5206352335353586 15413
249000000 311.91000616082772012 13015.492990355540314 3375.3148326004561568 -3763.075769675763695 -1090.3227497933112318 8228.7133520695315383 15415
250000000 312.67795293779062149 13047.538149840975166 3335.6463368173644994 -3831.8981192150954485 -985.83910935957464972 8153.3835653920341429 15402
251000000 309.08597000175467429 12897.650593167509214 3462.3396474459614183 -3799.3797395145097653 -924.62659480774925669 8186.3459817682196444 15381
252000000 310.63790543651782627 12962.4103135152709 3762.8624660213290554 -3673.7206923011281106 -897.43149453010869365 8334.0146528525656322 15384
253000000 310.25212649093782602 12946.312390836143095 3462.7143092716551109 -3828.0453266466693094 -1063.7129844478140512 8354.4726203661375621 15403
254000000 305.72403543060897846 12757.362577456276995 3463.9050506483167737 -3724.0984434553847677 -1001.8723577140444831 8189.8758518177464794 15405
255000000 304.6466066942448947 12712.403243389500858 3492.5813432106815526 -3828.4652425031035818 -960.48760171796470786 8281.5341874317491602 15383
256000000 310.08953743281608695 12939.527816104671729 3308.2653447540651541 -3860.9310942468873691 -999.08203605354424326 8168.2784750544979033 15383
257000000 311.58514567165047993 13001.937094949127641 3526.040482101973339 -3850.0604822700406658 -953.55789324067291091 8329.6588576126869157 15397
258000000 308.43102489641819375 12870.320808103866511 3343.7594609835405208 -3941.5304703940464606 -1029.2360756545101594 8314.5260070320982777 15418
259000000 308.63555803833293112 12878.855640659106939 3464.9670767273782985 -3826.5629862129871981 -987.90977315147642912 8279.4398360918421531 15396
260000000 309.56797514309596409 12917.763877174204026 3214.4378209862197764 -3837.207898437482072 -1072.6425377532277707 8124.2882571769296192 15414
261000000 309.33317319897821562 12907.965977147197918 3549.9115635079656386 -3752.9729502907393908 -991.23973145160289278 8294.1242452503083769 15405
262000000 309.4051727542321828 12910.970400500753385 3361.5489157713368513 -3760.1868018008995023 -1102.020944682031768 8223.7566622542690311 15409
263000000 311.07439811365412652 12980.624437036141899 3582.8898503517143581 -3826.8266219998645283 -969.25035511760393092 8378.9668274691830447 15384
264000000 310.8798958115505684 12972.508174974542271 3544.9851161386827698 -3699.8277676654015522 -959.03960439850527564 8203.8524882025885745 15408
265000000 311.61175123476004956 13003.047301461638199 3301.0251884123722448 -3896.0237270742172768 -1047.3939660814912713 8244.4428815680821572 15421
266000000 311.16483904872887933 12984.398388923726088 3338.825106459212293 -3855.4116611806389301 -1132.8774418480031727 8327.1142094878541684 15432
267000000 312.85016396314165377 13054.72423348384109 3364.5982188280481751 -3749.7724031162815663 -1060.7109363823783497 8175.0815583267067268 15408
268000000 307.64294860337230375 12837.435676926910674 3616.0453380741864748 -3734.0881206928465872 -905.76770780556410045 8255.9011665725975035 15396
269000000 310.16002144704611965 12942.468998416950853 3561.8463443848841052 -3742.8137271715950192 -969.7685610481483991 8274.4286326046276372 15396
270000000 308.74363876372655113 12883.365672065498075 3319.8462764885603065 -3861.3839582748523753 -1020.5390132550955968 8201.7692480185069144 15403
271000000 309.92154033997888973 12932.517572954295247 3567.6492858061883453 -3803.9203449262495269 -949.37872172493086964 8320.948352457367946 15418
272000000 307.5431507083274596 12833.27127444621874 3437.9928503977698711 -3789.3694113897440729 -951.9733310720149575 8179.3355928595283331 15406
273000000 308.82533606727503184 12886.77476655000828 3661.7357265444989025 -3761.9062385332649683 -899.13706773591411547 8322.7790328136779863 15385
274000000 311.41985137296381936 12995.039634965773075 3223.7467617356155642 -3953.1571840143251393 -992.3593382559758993 8169.2632840059168302 15429
275000000 310.60435144228176796 12961.010160368043216 3379.9525382912479472 -3774.4193825372431093 -911.80680578827525551 8066.178726616766653 15400
276000000 307.13251660003891175 12816.136186592466402 3494.6068929907587517 -3792.1135322262898626 -957.50917086417314295 8244.229596081222553 15410
277000000 310.66513596789610574 12963.54659892861855 3449.9996611772085089 -3876.8113980779817211 -982.40381810228859649 8309.2148773574790539 15402
278000000 306.94570859010440245 12808.340994723594122 3560.2611448284696962 -3731.1417764639318193 -1003.505226974606785 8294.9081482670080732 15381
279000000 309.02847412713981612 12895.251384619392411 3409.1236787381558315 -3871.4393471683547432 -936.52907924692931374 8217.0921051534387516 15409
280000000 313.69533387986848538 13089.991787937176923 3300.0131849712652183 -3803.7496620837350747 -1084.3358055678254459 8188.0986526228261937 15419
281000000 309.92491185188589498 12932.658260616524785 3557.5567273650412972 -3742.757027463805116 -994.31784351125679677 8294.6315983401036647 15407
282000000 311.31133309032844636 12990.511345013324899 3352.2834555255371924 -3836.7341850058751334 -991.90990233838260792 8180.9275428697947063 15415
283000000 310.57141059265353533 12959.635592739676213 3515.3791479055144009 -3797.0057139988148265 -885.51830157351378148 8197.9031634778420994 15405
284000000 307.51665954503107514 12832.165841650285074 3358.7343489996774224 -3834.2072493328460041 -930.2309132264716709 8123.1725115589952111 15407
285000000 312.79874828917422747 13052.578741736544544 3274.164631121047023 -3862.4668404977883256 -1144.880204441098158 8281.5116760599339614 15431
286000000 310.21434600620057154 12944.735873172210631 3235.9450099376513208 -3877.5597739044355876 -993.81225318195754426 8107.3170370240441116 15400
287000000 310.31105155449932909 12948.771237094975731 3416.8383821424349662 -3787.3273729675279355 -1073.7393036399482753 8277.9050587499114044 15417
288000000 310.73572918747072436 12966.492338200818267 3291.7223179103657458 -3816.4998305735925896 -1056.6332497150328891 8164.8553981989916792 15424
289000000 310.25466262135836359 12946.418219399060035 3441.7930535977925501 -3815.688938729858819 -1028.2492590151009608 8285.7312513427532394 15410
290000000 310.03374334973415216 12937.199620526098442 3575.7976574885578884 -3759.1712799005681518 -957.22437233482071406 8292.1933097239452763 15399
291000000 307.37932652749469753 12826.435160069753692 3495.0936440838122508 -3791.9770349558757516 -962.15742099605256499 8249.2281000357397716 15408
292000000 307.4996457385876738 12831.455883411916147 3585.9844071635006912 -3754.8286829294311246 -979.21024315520492109 8320.0233332481366233 15397
293000000 308.14821397078435439 12858.519572018207327 3587.9539135135319157 -3767.1798241832830172 -877.73526040620242838 8232.8689981030183844 15380
294000000 309.42296270139570424 12911.712745818414987 3316.8513979196168293 -3873.2888857897251 -1095.8863566605039068 8286.0266403698460635 15414
295000000 309.17398213530407247 12901.323195150940592 3450.6156852186436481 -3819.5608341773363463 -1053.8430332772206839 8324.019552673200451 15408
296000000 308.71674632171772146 12882.243494567033849 3411.6289245952602869 -3883.2936699621704975 -1026.8986553651006943 8321.8212499225319334 15400
297000000 311.79142209829547028 13010.544671916983134 3512.0353084519001641 -3856.9257372924712399 -881.43925009058079922 8250.4002958349519758 15404
298000000 312.24927215094476196 13029.650003689564983 3336.7871433801255989 -3955.4251903956583192 -1011.0988011889753579 8303.3111349647588213 15397
299000000 311.23741304193259793 12987.426782630780508 3200.2384968737169402 -3851.4799794779082731 -1042.5219754711838505 8094.240451822808609 15405
300000000 309.95980063568157448 12934.114112342873341 3312.3253232933939216 -3838.7107540330566735 -1005.4725562428925514 8156.508633569342237 15404
301000000 311.40409335299261784 12994.382078637261657 3593.3516066227584815 -3793.2879218103266794 -909.53612128117947577 8296.1756497142650915 15393
302000000 309.3719552438477649 12909.584288272782942 3715.3205877878126557 -3729.0390685053134803 -797.34014402517436793 8241.6998003183016408 15365
303000000 310.65255590414159315 12963.021653500831235 3349.9142815816476286 -3826.628583984413126 -1040.0293134872072187 8216.5721790532679734 15405
304000000 311.72919363383817881 13007.9479801567104 3414.0214118882895491 -3869.2570130892231646 -1028.2602921948810035 8311.5387171723923529 15423
305000000 306.89167130301700581 12806.086107360533788 3255.490403940777469 -3862.4837731243374037 -1099.5215365271269548 8217.4957135922413727 15414
306000000 310.48305998225174562 12955.948866672333679 3517.6703064368293781 -3864.2261439856838479 -893.33678589713929341 8275.2332363196528604 15382
307000000 307.99073813336741523 12851.948363600502489 3538.1899626327322039 -3789.6231851414349876 -968.43249354105830662 8296.2456413152249297 15415
308000000 312.20149326089216402 13027.656268970307792 3411.5049776570403992 -3881.1571929267820451 -1018.0499357714176085 8310.7121063552403939 15411
309000000 310.29849861864323657 12948.247423669898126 3576.1621809750704415 -3800.5772737323377441 -908.32505613061493932 8285.064510838023125 15402
310000000 311.14939021614247849 12983.753734477681064 3479.7254945578088154 -3861.413986552456663 -980.06903755069265571 8321.2085186609583616 15398
311000000 310.37185628618283317 12951.308518821677353 3504.8832086263228121 -3814.3728388118424846 -944.52672964322312055 8263.782777081387394 15393
312000000 308.87724129716224297 12888.940686662912412 3380.6347949160190183 -3779.9580905770253594 -953.13863446165873938 8113.7315199547037992 15373
313000000 310.21611379729148439 12944.809640195062457 3615.1889013128893566 -3759.1184248021245367 -858.25592229338280958 8232.5632484083962481 15384
314000000 307.59018518620723626 12835.233946066422504 3556.4831341125654944 -3768.9136122697759674 -926.7393335519309403 8252.1360799342728569 15413
315000000 310.48311876304620682 12955.951319498479279 3250.7918388469279307 -3833.755140780270267 -1071.5581288085002143 8156.1051084356986394 15428
316000000 310.22612778568174008 12945.227507506544498 3584.9913698628897691 -3764.0570658860351614 -987.24825332725390581 8336.2966890761781542 15400
317000000 309.67774953547240102 12922.344582525987789 3667.1339146331679331 -3701.7610851324116084 -888.09088233026170656 8256.985882095841589 15374
318000000 307.89256817830147384 12847.851892385131578 3365.79020163625637 -3845.3524906010525228 -1115.5720936478924159 8326.7147858852003992 15418
319000000 311.41908169345401802 12995.007517502188421 3456.6980991286054632 -3837.7859088297736889 -1014.0703702167567144 8308.5543781751366623 15391
320000000 308.44034888969406438 12870.70988305089304 3567.2341546333263977 -3829.2511739523733922 -1063.7201631912826088 8460.205491776981944 15403
321000000 308.8502246630874879 12887.813326833225801 3384.2405633655998827 -3722.2097499005394639 -1070.1674382708174562 8176.617751536956348 15411
322000000 309.95019598688207907 12933.713326101151324 3630.8100509852993127 -3768.4237734631446983 -961.58839654495795912 8360.8222209934028797 15399
323000000 313.20460465486371504 13069.514462227662079 3524.7882778133789543 -3769.4715500762968077 -977.96595209501924728 8272.2257799846956914 15402
324000000 312.3227658484624385 13032.716775149225214 3337.1949960104020647 -3829.856748833178699 -1089.3393233731640066 8256.3910682167443156 15438
325000000 307.94807898000556179 12850.168267096418276 3394.1541368868056452 -3856.3230486712955098 -1079.1622170932555491 8329.6394026513571589 15414
326000000 310.59925895967427323 12960.797659421064964 3517.491898372646574 -3787.3234336198929668 -1016.1375103998702798 8320.9528423924093659 15426
327000000 309.66826894224277567 12921.948972919732114 3651.6491521425255087 -3711.0736503439675289 -917.47951995541450287 8280.2023224419081089 15412
328000000 304.30410775569436055 12698.111324419738594 3378.2490206719203343 -3795.6743485824317759 -1006.3032232903200338 8180.2265925446718029 15402
329000000 309.98588592919935536 12935.202608858618987 3452.4630935806421803 -3869.9466791407421624 -958.90535429439387372 8281.3151270157777617 15416
330000000 312.91234528776004709 13057.318958175950684 3492.0722959502481899 -3793.5009914377233144 -1003.8454783763297655 8289.4187657643014973 15411
331000000 311.62466004089714033 13003.585964769876227 3187.5849744545671456 -3819.395759701912084 -1128.973218829620464 8135.9539529860994662 15419
332000000 311.58480170536154219 13001.922741800031872 3417.0695176678004827 -3853.8589493361155291 -934.92974073995867457 8205.8582077438750275 15393
333000000 309.5047542366398261 12915.125772437033447 3401.4784569710313917 -3746.239562672253669 -1025.194860346120322 8172.9128799894060649 15391
334000000 310.34544708035764415 12950.206505976595508 3496.1578210835104983 -3768.7661844585863946 -998.11292452911106921 8263.0369300712081895 15402
335000000 309.42484589901869185 12911.791328566570883 3297.6165442663841532 -3931.7480209110767646 -994.52280470429275283 8223.8873698817533295 15414
336000000 310.29862454973385866 12948.252678567769181 3415.3695030322242019 -3814.1138371343522522 -998.66893754058617105 8228.1522777071622841 15401
337000000 307.30220987042366687 12823.217208449983445 3412.8373610634607758 -3757.2556463705154783 -1078.9690766381413596 8249.0620840721167042 15426
338000000 309.43475382513628347 12912.204770073369218 3475.8383816992391075 -3849.8977267079117155 -890.77044726253279805 8216.5065556696845306 15404
339000000 309.27159317819774742 12905.39634387804108 3620.5791130634538604 -3765.0189063556945257 -901.62623714501739869 8287.2242565641645342 15393
340000000 310.41362007741935258 12953.051253332763736 3450.90534048360405 -3806.2681322984772123 -1006.4036449262259794 8263.5771177083079237 15413
341000000 309.34181545451355078 12908.326604296438745 3312.7373604598992642 -3847.8561417753098794 -976.46730001156004164 8137.0608022467695264 15390
342000000 312.60536521196860349 13044.50918309428198 3493.8652564605395128 -3888.0977182972596893 -875.60491742134161086 8257.5678921791404719 15388
343000000 308.16290434302084122 12859.132577157808555 3509.0216102862859771 -3855.8607598729372512 -917.07298880865675983 8281.9553589678798744 15408
344000000 309.75721952183920394 12925.660734717552259 3431.2861441177810775 -3816.3336969723927723 -1070.0625320465837831 8317.6823731367585424 15406
345000000 311.32143897357343576 12990.933046946378454 3266.964767059913811 -3848.2980577117650682 -1101.4839215892102402 8216.7467463608882099 15423
346000000 311.93399676942357246 13016.494079105006676 3419.8339164111525861 -3863.0261104384321698 -956.84339354450980863 8239.7034203940947918 15407
347000000 309.05697581784500017 12896.440713426609364 3344.6766260514914393 -3895.2973353817933457 -967.71974335296317804 8207.6937047862484178 15401
348000000 311.58045791578518902 13001.741482585304766 3402.303090030336989 -3834.8948234193567259 -1079.8942407324291253 8317.0921541821226128 15403
349000000 306.26443626488861582 12779.912617953925292 3510.0305456820988184 -3874.589029930601555 -980.44226003526728164 8365.0618356479681097 15405
350000000 307.53757955590327811 12833.03879939286162 3316.3134196401438203 -3896.5624362390635724 -1050.02753842830748 8262.9033943075155548 15422
351000000 309.06977396516145973 12896.974759123755575 3664.203193418902174 -3794.4701851849395098 -862.28543476111758537 8320.9588133649594965 15391
352000000 308.00407771213099295 12852.505002343928936 3499.7036147143171547 -3755.041018294737114 -977.82221703251002509 8232.566850041563157 15393
353000000 311.76818507932131297 13009.575029226460174 3275.5793675059030647 -3821.991133068140698 -1143.0187482684923452 8240.589248842536108 15417
354000000 304.92390359741926886 12723.974388361530146 3375.4197491679215091 -3918.9517328151841866 -994.0666403059269669 8288.4381222890333447 15424
355000000 309.32468090498770152 12907.61160764727174 3526.0143001529845606 -3837.0010003114484789 -933.73166296664351194 8296.7469634310764377 15406
356000000 308.98965975901035108 12893.631724697184836 3529.8217434892576421 -3758.1662399333417852 -882.86055811476273902 8170.8485415373615979 15368
357000000 311.12409841410868694 12982.698349060148757 3458.48863202289931 -3838.7505828698203914 -973.19710771996858512 8270.4363226126897644 15395
358000000 305.06067490177048285 12729.681630572114955 3532.3471278231281758 -3911.1657701843760151 -949.41707132088845356 8392.9299693283937813 15420
359000000 307.77106694691036637 12842.781845274570514 3582.2848281014162239 -3725.2401528358586802 -986.53427742799385669 8294.0592583652687608 15418
360000000 311.13149323390064183 12983.006922761749593 3577.4878592284871957 -3820.7690645443899484 -914.67522714442475262 8312.9321509173023514 15418
361000000 309.27042681261929147 12905.347673355419829 3457.5910080605299299 -3800.5998100129609156 -1068.0124711413247951 8326.2032892148145038 15426
362000000 308.14234771529072532 12858.274782797763692 3549.249647294166607 -3825.9461939574584903 -868.60762488475711507 8243.8034661363817577 15372
363000000 312.83703420034362352 13054.176350016534343 3380.3324454174703533 -3828.5312038184583798 -1019.3616342388245357 8228.2252834747541783 15405
364000000 312.0294921524792926 13020.478944816984949 3544.9967104714314701 -3857.6481533774722266 -936.47960569896508787 8339.1244695478690119 15397
365000000 310.03142234145786915 12937.102768657437991 3636.7035049805258495 -3726.9831166964650038 -964.10222718866236846 8327.7888488656535628 15399
366000000 314.40676804448651183 13119.678768796364238 3614.320421023750896 -3872.6699745672763129 -870.97520058171517121 8357.9655961727439717 15375
367000000 311.83091606968588394 13012.192690568645048 3479.3508434993700575 -3793.5058199539521411 -1065.5036839918748228 8338.3603474451956572 15423
368000000 312.57265497189422376 13043.144238424370997 3258.0152881354242709 -3897.8304121122241668 -1065.4691009524271976 8221.3148012000747258 15419
369000000 312.43533456343232046 13037.414082999837774 3706.924124163956094 -3781.7946887415237143 -856.34956521946787689 8345.0683781249463209 15390
370000000 310.29167534990591548 12947.962699856401741 3445.089445450614221 -3818.098588291573833 -968.65591368668924588 8231.8439474288770725 15412
371000000 310.87556911766478152 12972.327629134941162 3558.8905647518786282 -3753.4425250999429409 -904.87363703803725912 8217.2067268898590555 15394
372000000 307.8104034305258665 12844.42329221968248 3603.6916668098251648 -3756.6201440573204309 -947.00113848589876397 8307.3129493530450418 15397
373000000 308.35762473330629518 12867.257939681552671 3199.5565762570367951 -3811.9367613156350671 -1163.7775311530967883 8175.2708687257691054 15437
374000000 306.64433377764038369 12795.765118087329029 3442.2541942295065382 -3922.8965625084174462 -1017.4249171925895325 8382.5756739305143128 15420
375000000 308.023979913789276 12853.335488577327851 3331.8853928667222135 -3774.7996167638875704 -1019.1559033817520685 8125.840913012360943 15404
376000000 309.36365767679455985 12909.238044408575661 3429.0750200607881197 -3850.174535898452632 -965.93043455873964831 8245.1799905179796042 15410
377000000 309.47203447930809261 12913.760430627582537 3398.2931406284169498 -3838.4507920973169348 -965.81615730462340252 8202.5600900303561502 15402
378000000 308.54032972788041889 12874.881919448833287 3299.8689835324530577 -3925.7008250764110926 -976.13357476215526276 8201.7033833710192994 15406
379000000 306.56660512336571855 12792.521628827993482 3404.7821822764717581 -3807.41425142294338 -1025.2744119062308528 8237.4708456056450814 15406
380000000 309.30673481432285143 12906.86274671739011 3433.5379360298848042 -3869.7648094843207218 -996.59402601803435573 8299.8967715322396543 15402
381000000 310.34856201999872383 12950.336487298975044 3515.619167307598218 -3726.9220965889662693 -1069.489917273700712 8312.031181170263153 15427
382000000 310.03201094810071936 12937.12733024726549 3543.6564825170171389 -3775.3832969032405344 -1012.5310270647592006 8331.5708064850168739 15413
383000000 309.47404800726133089 12913.844451846664015 3426.1692605380508212 -3809.8637923751621202 -1032.0562499233717517 8268.0893028365844657 15426
384000000 311.1157038806034052 12982.348058944931836 3498.8543341633094315 -3754.24868124731438 -991.49782058394544038 8244.600835994569934 15406
385000000 309.60721841480875582 12919.401434539495312 3419.1170199402040453 -3819.8179326707340806 -1042.1832377585567428 8281.1181903694960056 15417
386000000 311.06312818971969136 12980.154161594273319 3358.8036480439691331 -3785.1259637455941629 -1036.3037359470006322 8180.2333477365637009 15423
387000000 311.99856894728759471 13019.188570181795512 3325.2231130915488393 -3802.1801517063254323 -1076.1531702511390449 8203.5564350490130892 15404
388000000 308.76466287750963602 12884.2429738518058 3365.7562174418344512 -3897.9250924310044866 -991.85051492354477887 8255.5318247963841713 15416
389000000 313.90869108358788253 13098.894834119093503 3450.0397932358937396 -3849.8192762357271022 -984.14753953426190947 8284.0066090058826376 15387
390000000 309.10757193067502158 12898.552006231813721 3528.3233891306581427 -3760.5669218516404726 -1071.2142333734234398 8360.104544355721373 15402
391000000 303.56971687913141977 12667.466397622625664 3528.2582124543391728 -3780.9260409699581942 -937.19096811569204419 8246.3752215399890702 15393
392000000 310.36559789311399982 12951.047366343367685 3455.652994993163702 -3873.2096353301822091 -972.25953222564157841 8301.1221625489870348 15410
393000000 308.91130158140441608 12890.361966461723569 3505.1429396227663347 -3761.798580749222765 -935.72220754015233979 8202.66372791214053 15379
394000000 311.67564683856221563 13005.713560212479933 3445.671889415716123 -3866.738127463622277 -984.143330912565375 8296.553347791903434 15407
395000000 306.36050708185479152 12783.921495579212205 3465.6959123357769386 -3730.4502286580536747 -1029.1317028111145646 8225.2778438049463148 15401
396000000 310.04233706037035745 12937.558221976316418 3550.0644595040239437 -3859.5348727443761163 -963.32738496503179704 8372.9267172134314023 15417
397000000 309.39274519099757299 12910.451818669544082 3553.9155932552525883 -3755.4087330256352288 -910.22673124173911674 8219.5510575226271612 15378
398000000 310.2618098878259616 12946.716463106449737 3384.9427077540567552 -3845.218421682702683 -1086.9808766928524619 8317.1420061296121276 15420
399000000 313.82197624746879683 13095.276366229718406 3326.4231721663863937 -3910.7020548827736093 -1094.0921247821379438 8331.217351831299311 15408
400000000 312.42836979931968244 13037.123454816397498 3320.1567575192107142 -3911.228543905332117 -1031.5568669823596792 8262.9421684069020557 15438
