# Steps Temp KinEng PotEng Epair Ebond Eangle Bonds
1000000 311.7303142605795756 13007.994742072676672 9873.1413335454399203 -1508.0810487331391414 2848.8641921704274864 8532.3581901081506658 14388
2000000 310.59868499791929253 12960.773708938389973 9438.7840242733218474 -1700.4111403802558016 2648.4718353002012918 8490.7233293533754477 14473
3000000 309.09500371115126427 12898.027555044351175 9253.1067749683625152 -1775.8394008973223208 2602.7285855268191881 8426.2175903388670122 14499
4000000 309.67113486304583603 12922.068563094419005 9033.6294489647480077 -1901.3899861541992777 2534.9038877725161001 8400.1155473464295937 14547
5000000 312.58672720984975513 13043.731449834236628 8910.7312328215011803 -2020.7488148589945922 2522.0119218352256212 8409.4681258452710608 14601
6000000 311.85689643000097249 13013.276808393944521 8621.9178115315407922 -2072.9170781061020534 2249.0750384170773941 8445.7598512205659063 14612
7000000 313.65161755874680694 13088.167577556347169 8880.7297443045172258 -2033.3398456418767637 2414.8789286284859372 8499.1906613179071428 14581
8000000 312.33445326319628066 13033.204471797422229 8646.065875777248948 -2142.2657925294229244 2282.6512800046584744 8505.6803883020147623 14648
9000000 310.78258608927575324 12968.44759986266763 8617.723452465608716 -2224.4129469356471418 2279.9016512651510311 8562.2347481361030077 14681
10000000 310.3538155914205845 12950.555710217973683 8606.6525252863411879 -2149.9353778674048954 2317.7564900649636002 8438.8314130887829378 14635
11000000 310.42824534271755965 12953.66154166661363 8571.8188663136043033 -2167.4998392580973814 2225.4299751561670746 8513.8887304155359743 14649
12000000 311.66853884000789776 13005.416955090708143 8365.0816088705669245 -2351.6680070801576221 2198.9486247152408396 8517.8009912354846165 14701
13000000 307.85839254082412708 12846.425799085007384 8168.7390018677870103 -2378.3402655884674459 2100.8061243673191711 8446.2731430889361945 14745
14000000 312.82058886653885565 13053.49011320901991 8453.2298003032956331 -2342.1779269397002281 2187.0761391797600481 8608.3315880632362678 14700
15000000 311.82513798360599822 13011.951580513228691 8157.5675899071629829 -2356.8187089445027596 2159.3540454695335029 8355.0322533821326942 14681
16000000 309.40050348839355365 12910.775559695415723 8002.2867737011110876 -2423.1836309557857021 2037.8291416051076794 8387.6412630517879734 14745
17000000 310.54303120265933558 12958.451367340541765 8101.977277011787919 -2453.8690047282379965 2158.5906148910157754 8397.2556668490105949 14726
18000000 306.15255294276732911 12775.243910422765111 8096.6409169965827459 -2494.8409796684486537 2151.6013459165715176 8439.8805507484612463 14737
19000000 306.32324306631710442 12782.36652932791003 7953.7847750063683634 -2489.6654782913556119 1989.7706165367667381 8453.6796367609567824 14763
20000000 308.57451595307395564 12876.308454556987272 7987.3145985361388739 -2465.5516560960227253 2109.1233320275450751 8343.7429226046169788 14724
21000000 312.01912993602212509 13020.046546519402909 7963.3605774145644318 -2547.8155288052453216 2059.141797741096525 8452.0343084787127736 14739
22000000 310.09212786766937597 12939.63591070250186 7810.6392684210386506 -2660.7631791161156798 2031.7498521862460166 8439.6525953509080864 14797
23000000 310.57008710543300367 12959.580365788628114 7822.1648791034158421 -2540.2468434687107219 2046.0299932119928599 8316.3817293601332494 14746
24000000 310.86575444514681976 12971.918078947910544 7661.3342499260306795 -2644.3268238614964503 1955.0672427044291908 8350.5938310830988485 14759
25000000 309.48297911088582168 12914.217132152922204 7856.737940449236703 -2714.754734786217341 2045.1262347816586953 8526.3664404537958035 14764
26000000 306.10573132997313905 12773.290121313462805 7740.5363576139297948 -2698.4422597305110685 1977.8330714550745597 8461.1455458893669856 14788
27000000 311.07028557794654944 12980.452827666076701 7598.2074741399355844 -2799.3615019279104672 1905.1812917052016019 8492.387684362643995 14824
28000000 314.3150671523389974 13115.852240966603858 7602.1464051012735581 -2706.4202575496719874 2011.820143748225064 8296.7465189027207089 14787
29000000 308.87651852798768459 12888.910526690679035 7590.0746021154936898 -2660.2641180585583243 1978.2087664721530018 8272.1299537018985575 14811
30000000 308.3162834416339706 12865.532835384334248 7687.0612430884921196 -2703.388916099949256 1996.0070784091763016 8394.443080779263255 14790
31000000 309.82766187102868116 12928.600178416023482 7506.6731386380506592 -2661.5084747831979257 1896.2579617362841873 8271.9236516849650798 14795
32000000 307.3041286738485951 12823.297276969857194 7617.2661265565320718 -2762.5846051833796082 2042.3685697548121425 8337.4821619851009018 14814
33000000 307.62437831908869157 12836.660769421065197 7459.7822353873316388 -2854.8015298034142688 1958.3517589524024061 8356.2320062383441837 14820
34000000 309.81303559040435402 12927.989847714281495 7712.1359490366230602 -2748.9291262344768256 2017.609157670076911 8443.4559176010225201 14778
35000000 307.15422242499528238 12817.041935067953091 7626.0073888421629817 -2748.8094864614477046 1948.9044285840836892 8425.9124467195288162 14801
36000000 306.17153190699622201 12776.03587147244798 7766.8677961077764849 -2720.3925813379510146 1977.4619228236588242 8509.7984546220686752 14805
37000000 309.09466572882990931 12898.013451596409141 7642.6985454667219528 -2796.095578023422604 2008.0834979236694835 8430.710625566476665 14816
38000000 311.05843766737854139 12979.958433789950504 7549.8402339089498128 -2781.0779977116053487 1925.4078147179113785 8405.5104169026435557 14816
39000000 308.15132741738858613 12858.649491038608176 7787.092953486380793 -2788.9754492688284699 2085.5786109843147642 8490.4897917708949535 14803
40000000 308.80208241118430124 12885.804429619896837 7535.4000110153356218 -2801.6218981576917031 1983.1275559124771917 8353.8943532605499058 14848
41000000 309.09429128411488819 12897.997826632581564 7582.6882818381636753 -2750.9490581956633832 1956.1966174972203589 8377.4407225366048806 14794
42000000 310.03425842786282374 12937.221113891622736 7505.8723073754781581 -2782.4251040753479174 1879.9116488023905731 8408.3857626484350476 14832
43000000 303.86420479130401873 12679.754895205003777 7421.6784526669434854 -2886.0795664157330975 1833.5570334469935005 8474.2009856356853561 14867
44000000 307.19136747629642059 12818.591937136778142 7398.8401991265436664 -2839.6320584856466667 1764.0163145576502757 8474.4559430545396026 14834
45000000 312.42864669764378505 13037.135009329318564 7649.1061170184930234 -2704.0404078491546898 1973.9477963293745688 8379.1987285382729169 14785
46000000 308.56839508003520223 12876.053040563985633 7453.8258625386461063 -2885.0416236178853069 1945.6975085631358979 8393.1699775933957426 14818
47000000 305.52826892101165868 12749.193562089400075 7428.7438584758283469 -2813.093509653658657 1879.2262123760469876 8362.611155753440471 14848
48000000 312.41074286383644676 13036.38791170879631 7345.7895915207445796 -2848.6217499844578924 1812.3500049170384045 8382.0613365881636128 14865
49000000 306.51074576802812999 12790.190709545246136 7298.0318229365248044 -2970.385668802339751 1869.4686146547635417 8398.9488770841016958 14864
50000000 310.66676109631708869 12963.614412872237153 7391.8334613910856206 -2868.3430400525830919 1941.8305100500342633 8318.3459913936349039 14826
51000000 311.8882939062663695 13014.586973583182044 7369.5772981897607679 -2816.6486927075088715 1886.048034133262945 8300.1779567640078312 14818
52000000 309.5739180033157254 12918.011862984229083 7427.9601998899006503 -2776.324794873326482 1882.4922923446004006 8321.7927024186265044 14816
53000000 309.59301007155022489 12918.808543678562273 7512.2081174962286241 -2830.1786872170882816 2030.3546441720420717 8312.0321605412736972 14796
54000000 310.97533528282764337 12976.49070757969821 7591.6170273518200702 -2925.7943134518386614 2122.0206320263250745 8395.3907087773332023 14814
55000000 310.95471096196735061 12975.630088496352982 7049.7081008554378059 -3003.0335241840657545 1772.5976710534623635 8280.1439539860402874 14883
56000000 309.33473325060782599 12908.031075543045517 7265.3236773692387942 -2966.8135580756488707 1960.3925358113378934 8271.7446996335493168 14856
57000000 310.70028557332449282 12965.013334313924133 7286.5287042755862785 -2928.1472724927534728 1845.4073568295075347 8369.2686199388335808 14850
58000000 307.3905766323329658 12826.904608493245178 7560.91869860564384 -2811.0029781136777274 2021.7588910577735533 8350.1627856615486962 14798
59000000 308.53087910810631911 12874.487560585715983 7208.2453188520721596 -2954.7121877449681051 1862.4870801584042965 8300.470426438636423 14857
60000000 309.1432257872480136 12900.039783190355593 7238.713036457371345 -2904.1081259808133836 1836.8343476480599747 8305.9868147901252087 14829
61000000 312.19637983247906732 13027.442893989215008 7507.8359415815029934 -2761.7484156547620842 1986.5418295738472807 8283.0425276624173421 14787
62000000 314.55298214867735851 13125.780043557026147 7245.9607568467145029 -2977.781181443474452 1811.0821238391549741 8412.659814451035345 14857
63000000 308.59434398321758408 12877.135845734728719 7166.1030039417837543 -2965.1587122496512166 1845.9935761686592741 8285.2681400227756967 14845
64000000 312.46440824955743665 13038.627280237793457 7441.0138497310126695 -2843.9385547051538197 1860.1671917080082039 8424.7852127281585126 14844
65000000 310.2695456325643022 12947.039263046906854 7281.8770131702158324 -2906.4085804061514864 1863.4935971366812737 8324.7919964396860451 14836
66000000 309.553329091859041 12917.152721477223167 7314.4101670173658931 -2944.623404315899279 1923.1210992370024542 8335.912472096262718 14815
67000000 310.95995090498138325 12975.848742724245312 7631.6437713178611375 -2812.8728862582465808 1984.5023955351084624 8460.0142620410006202 14800
68000000 305.30517452211108775 12739.884198722644214 7339.1708164749397838 -2899.2510462206882949 1944.7364813247586426 8293.6853813708694361 14807
69000000 310.28216498329283013 12947.565847855685206 7155.5046759922406636 -2927.5619019168179875 1793.6665107393864673 8289.4000671696721838 14844
70000000 305.37034075785118148 12742.603478860281029 7105.3283305360564555 -2941.2645698185679066 1859.6338866710693765 8186.9590136835540761 14848
71000000 312.48516754171214416 13039.493531451886156 7180.5059890075481235 -2990.833382911015633 1929.6364474609772515 8241.7029244575860503 14853
72000000 308.84098642401028201 12887.427830268263278 7308.6476814748466495 -2984.0068308481377244 1935.013799539533693 8357.6407127834518178 14842
73000000 311.02562408187617393 12978.589176684828999 7400.5169477934396127 -2887.6423479852151104 2006.3008290812504129 8281.8584666974056745 14851
74000000 313.08801059147964452 13064.649183189740143 7394.969323842445192 -2873.0663119286955407 1899.1516682052372289 8368.8839675659037312 14817
75000000 311.56869465387984519 13001.250620959039225 7411.0964255695362226 -2868.58517318258464 1868.171666323274394 8411.5099324288476055 14846
76000000 312.00892075102154877 13019.620533973515194 7482.9895566556533595 -2870.6791476697790131 2006.1481725731046026 8347.5205317523286794 14817
77000000 310.16617026014603198 12942.725578302879512 7248.1107018987277115 -2906.2722129368412425 1932.112376853711794 8222.2705379818562506 14830
78000000 309.87042775380871262 12930.384728563680255 7154.2896423464535474 -3030.8129794069345735 1816.5147979927630786 8368.5878237606248149 14866
79000000 309.39763116808757104 12910.655702479969477 7079.0809640215848049 -2974.7739657074416755 1779.3049512217735355 8274.5499785072533996 14893
80000000 307.00911214253665094 12810.986720977787627 7241.3408752617251594 -2925.6445189678265706 1806.8082456620043104 8360.1771485675471922 14852
81000000 313.93438002986840729 13099.966791714681676 6947.0652585668622123 -3078.0918879150094654 1760.6212116954168323 8264.5359347864541633 14872
82000000 307.4911647535414545 12831.10198581568693 7306.8233616733277813 -3016.3549776330469285 1853.1439977406871549 8470.0343415656861907 14878
83000000 312.41631676866762746 13036.620501615583635 7108.2893283183520907 -2981.6031211520312354 1852.1937898697005949 8237.6986596006809123 14861
84000000 311.16838812256145275 12984.546485953887895 7108.8145542211195789 -3016.2325140256016311 1782.789231871496213 8342.2578363752254518 14852
85000000 313.86771881529205075 13097.185128562137834 7121.2704056577094889 -3025.4867613976261964 1872.6011927206000109 8274.1559743347352196 14867
86000000 306.76641603207553999 12800.85941033657582 7307.8060298143664113 -2834.8077480895240114 1887.2693613427327364 8255.3444165611581411 14844
87000000 308.08979957385275839 12856.082035040291885 7523.7918713799608668 -2809.9374794300688336 1913.361138467480032 8420.3682123425496684 14809
88000000 311.41170789602324476 12994.69982102924223 7379.6511175716950675 -2928.6129801166553079 1921.6994532920357415 8386.5646443963159982 14817
89000000 308.04825358077374631 12854.348388889105991 7356.062861141990652 -2879.1758577462346693 1831.985175403219273 8403.2535434850069578 14824
90000000 309.20171848380942947 12902.480587483405543 7264.4506346756043058 -2912.2610070261703186 1874.8677208196959327 8301.8439208820782369 14842
91000000 309.45037329255472969 12912.856544831094652 7485.0134276171284 -2897.8953270590773172 1936.2427163527740959 8446.6660383234320761 14847
92000000 311.6731291329537612 13005.608500486754565 7296.3138362146646614 -2864.8162560021919489 1824.9893553189649538 8336.1407368978907471 14848
93000000 311.72165071828931104 13007.633226662066591 7310.4040814121372023 -3007.0490227942204911 1898.6714028860317285 8418.7817013203257375 14842
94000000 309.81382990972377911 12928.022993356709776 7431.6764043286366359 -2872.5050960875623787 1969.058988954159986 8335.122511462039256 14827
95000000 311.29295375563970083 12989.74440552089618 7240.2362686848418889 -3003.1792536421853583 1792.7597450111602484 8450.6557773158674536 14856
96000000 307.3572762173031947 12825.515036790397062 7139.7702911281521665 -2880.075405111125292 1826.2436798084775091 8193.6020164307992673 14836
97000000 310.85245946280349472 12971.363301139957912 7294.7055114602235335 -2951.5363529807132181 1903.0490285101154768 8343.1928359308203653 14844
98000000 311.95740763600855416 13017.470976171200164 7155.2108083804769194 -2939.0369137858933755 1794.6395883985123874 8299.608133767858817 14862
99000000 309.34261422595750446 12908.359935718721317 7237.3274301950959853 -2983.0421481518765177 1825.9579727468735655 8394.4116056001003017 14855
100000000 312.08357144729183119 13022.73558509351642 7158.1235230993261212 -3015.4764638444557932 1804.3810744430909381 8369.2189125006916584 14866
101000000 309.10322941012009323 12898.370799971267843 7190.10727238283107 -2916.7373522369671264 1878.355936669933044 8228.4886879498662893 14821
102000000 305.45495067273401446 12746.134111838769968 7391.3178241068699208 -3032.4602824188254999 1895.0859296670880667 8528.6921768586071266 14869
103000000 308.27865178664495716 12863.962528141697476 7405.3894160562977049 -2832.4692110801606759 1863.3278426688107174 8374.5307844676481182 14821
104000000 307.07708897756850774 12813.823282814177219 7265.600025469193497 -2899.6753826986714557 1822.3858759302390808 8342.889532237626554 14879
105000000 307.85512128008150512 12846.289294739444813 7114.6164111149410019 -2887.4577186807700855 1697.6690077340253993 8304.4051220616838691 14886
106000000 311.25821363165937328 12988.294757124822354 7253.3314671269745304 -2931.0887294631320401 1787.4605350121328229 8396.9596615779737476 14868
107000000 310.87850262915259236 12972.450039758046842 6940.8200851015917578 -3012.964817931791913 1629.7066778748385332 8324.0782251585442282 14881
108000000 307.90609364958919514 12848.416288118705779 7198.6757551553655503 -2920.326755479241001 1774.8483179030899919 8344.1541927315174689 14845
109000000 310.61918422372656323 12961.629108010341952 7392.3367214354148018 -2881.1967063288889221 1939.7215205391103154 8333.8119072251938633 14829
110000000 304.37640931538931 12701.128349923294081 7284.555465370710408 -2916.3921806691969323 1880.5111238985377895 8320.4365221413718245 14833
111000000 306.15952032952174022 12775.534648044746064 7394.6252600022226034 -2881.0273924255789098 1980.1810338726422742 8295.4716185551587841 14804
112000000 308.7335599470788452 12882.945099577158544 7286.4464684368340386 -2901.7513381660464802 1823.0362882116628498 8365.1615183912181237 14862
113000000 309.55989804644036667 12917.426833178093148 7286.1077579363463883 -2915.9281182443082798 1844.1237421448695386 8357.9121340357851295 14855
114000000 308.0223602910556906 12853.267904377014929 7160.1995031948399628 -2946.4853181454500373 1801.6822977233923666 8305.002523616898543 14847
115000000 307.63680934686107094 12837.179495821752425 7245.2230089713902998 -2943.0900920874928488 1806.7732428702172456 8381.5398581886656757 14853
116000000 309.09325932414952831 12897.954764635755055 7294.0255815327836899 -2975.8453835652871931 1909.1913771223339609 8360.6795879757373768 14856
117000000 308.15321880772080476 12858.728415655083154 7238.9758391769582886 -2970.8448845520633768 1903.0654149632030112 8306.755308765817972 14856
118000000 310.56720015682253688 12959.459898158027499 7366.3619419954893601 -2912.0320902025423493 1905.0319591960721937 8373.3620730019611074 14837
119000000 310.55634809729713197 12959.007059512603519 7378.0967587882732914 -2910.161297263141023 1987.1031563665569593 8301.1548996848578099 14817
120000000 306.14684871906297303 12775.005882523137188 7162.7409992975535715 -2895.7694230380102454 1765.9112925710703621 8292.5991297644923179 14864
121000000 311.92658524669724329 13016.184808417350723 7344.1532642416841554 -2861.4113272900285665 1801.8593514254694128 8403.7052401062428544 14858
122000000 311.73811746312429705 13008.320356916758101 7439.2651155986968661 -2833.1130205958770603 1938.8810086086764386 8333.497127585895214 14805
123000000 308.64916022928537132 12879.423237778462862 7275.0787302472908777 -2923.4120165179233481 1883.1645697785843367 8315.3261769866294344 14835
124000000 309.77632114252708107 12926.45781402009743 7387.4041372352103281 -2960.9409577305450512 1964.7701170793945948 8383.5749778863591928 14818
125000000 307.52444702900430684 12832.490800584157114 7274.1142140846659458 -2995.4807406522186284 1843.8235069584711709 8425.771447778413858 14857
126000000 309.68770601279834409 12922.760049995082227 7138.8636662770459225 -3023.8190846812271957 1867.0930292975692737 8295.5897216607027076 14848
127000000 306.8864253387329768 12805.867201874920283 7044.2850662556729731 -3031.075941914586565 1827.5806069399595799 8247.7804012303004129 14880
128000000 312.02960566337344517 13020.483681440427972 7053.8230795479794324 -3081.7245628498039878 1780.0815217411545746 8355.4661206566270266 14911
129000000 310.67336574080383116 12963.890013854324934 7433.3437348568377274 -2883.7573639039251248 1965.3497497410585311 8351.7513490197052306 14818
130000000 308.08542255759692807 12855.899389330725171 7326.9101177566863043 -2879.8850668409186255 1833.7194813264777622 8373.0757032711262582 14856
131000000 308.79312026903841115 12885.430454127048506 7376.9315624862774712 -2875.8210132380881987 1911.5061077674022272 8341.2464679569638974 14865
132000000 306.69708121863129691 12797.966182288271739 7278.6030592197021178 -2921.1192634675853697 1770.5948981780459235 8429.1274245092427009 14863
133000000 310.3316337393804929 12949.630097913019199 7479.0752250075183838 -2866.1269993299592898 1955.894878481663909 8389.3073458558137645 14831
134000000 310.56480736431177547 12959.360050850995322 7112.1948479219754518 -2942.3897185154510225 1778.3639531343576436 8276.2206133030704223 14868
135000000 310.36408864619670567 12950.984387944839909 7426.0479307274508756 -2913.2539690064331808 1874.5947744947752653 8464.70712523911061 14835
136000000 310.89778191729834589 12973.254532832213954 7123.9492033275655558 -3021.912465199718099 1796.9406005678238216 8348.9210679594598332 14881
137000000 305.98675559945831992 12768.325459212370333 7186.1641651670188367 -3052.5375133935212943 1898.6807243182508955 8340.0209542422890081 14864
138000000 310.8389754316273752 12970.800634634273592 7145.9158726960822605 -3052.1694245697749466 1881.9442379382508079 8316.1410593276050349 14876
139000000 305.58816100140444405 12751.692760374588033 7104.558631338084524 -3045.1792500361189013 1855.6532905036563079 8294.0845908705468901 14885
140000000 310.3041959011468407 12948.485161924601925 7048.4515104682031961 -2976.6807916244197258 1777.102586418369583 8248.0297156742526568 14874
141000000 310.24340091039402978 12945.94828667096408 7097.0988438399108418 -3060.3244150207233361 1851.2324278378696363 8306.1908310227663605 14874
142000000 306.54088994804209278 12791.448576737457188 7184.9137370794633171 -2964.4150849885927528 1767.4488950713607665 8381.8799269966948486 14890
143000000 308.87521404147065596 12888.856092607824394 7197.9709709292928892 -2971.4188055968925255 1796.2156844219425693 8373.1740921042437549 14854
144000000 311.2135985276057113 12986.433042006345204 7357.3926594121912785 -2999.5546891309522834 1964.4439458788192496 8392.5034026643261313 14841
145000000 312.68489023279124694 13047.827631783424295 7115.3371854617844292 -2912.2608144303562767 1802.9813203191374669 8224.6166795730023296 14847
146000000 310.02020948097327846 12936.634874379742541 7189.4578408114593913 -2949.7834376639348193 1810.7420533794625044 8328.4992250959312514 14858
147000000 310.48746582176227093 12956.132715129046119 7099.1639633476515883 -3070.7280412256086493 1786.9458583133839511 8382.9461462598774233 14880
148000000 312.88708171108379474 13056.264750556296349 7165.8191287563786318 -3043.0605056315489492 1915.9287399725412797 8292.9508944153858465 14857
149000000 310.26173650433872808 12946.713400933884259 7054.5880783937136584 -3020.5679743441055507 1754.7203236889638447 8320.4357290488551371 14888
150000000 308.02394127379756128 12853.333876193848482 7062.080337020942352 -3075.2141161679614925 1722.1460761190201083 8415.1483770698832814 14901
151000000 314.35721315319887026 13117.610924458405862 7125.4823204627628002 -3000.8854232717253581 1841.8793618121180771 8284.4883819223687169 14857
152000000 310.36705852705199504 12951.108316202000424 6766.9073987728197608 -3149.915131665543413 1686.3056285214022409 8230.5169019169607054 14905
153000000 309.807353868873804 12927.752758793460089 6986.4021239861203867 -3124.6886431053462729 1780.5382377432001704 8330.5525293482660345 14884
154000000 310.40449339084051417 12952.670411670598696 7001.4788307855433231 -3063.2369287687761243 1878.0579514752830619 8186.6578080790359309 14875
155000000 307.6587452796755997 12838.094846320758734 7042.9956334480666555 -3109.4415838625363904 1791.482475183363249 8360.9547421272400243 14875
156000000 307.39514083011073353 12827.095064980723691 6902.9818804066435405 -3127.2589014072609643 1680.767541986406286 8349.4732398274991283 14911
157000000 312.648377857248704 13046.304030236347899 7056.6744344334219932 -3174.1753439265066845 1816.207407142387865 8414.6423712175419496 14894
158000000 310.59419392427497542 12960.586303801068425 6945.3843869304619147 -3067.9614416494841862 1774.5967041510616582 8238.7491244288830785 14890
159000000 309.51397562099879224 12915.510565682247034 6932.6776660196428566 -3153.1473823753631223 1788.2316480068889177 8297.5934003881175158 14892
160000000 309.18490092176898543 12901.778818202108596 6958.9322785233698596 -3079.4755613849720248 1681.9004656128718125 8356.507374295470072 14907
161000000 310.42072833629890738 12953.347869317480217 7033.8795523967692134 -3043.1862897172304656 1890.864421514945434 8186.2014205990544724 14862
162000000 305.21875112788478646 12736.277892225458345 6974.0303978363872375 -3175.2082061940727726 1773.0140339925751505 8376.2245700378844049 14894
163000000 310.98290230521348576 12976.806467013109796 7041.1211089421349243 -3128.2935307412035399 1826.2710136132329808 8343.1436260701048013 14864
164000000 308.77004968678301111 12884.467756567824836 7160.5473283177434496 -3191.4619636556744808 1903.035701916434391 8448.9735900569830847 14899
165000000 306.30847745049214836 12781.750384396769732 6974.8191969591371162 -3140.8597196308696766 1778.5754009462743852 8337.1035156437319529 14914
166000000 308.9216282266566509 12890.792880431265075 6921.8150818703652476 -3149.0668714174767047 1794.7706217248387475 8276.11133156300275 14879
167000000 309.72364408476187236 12924.259686795727248 6970.215746705127458 -3070.3985379461464618 1766.3237939665473277 8274.2904906847270468 14885
168000000 314.10268721300656125 13106.9899744247341 7131.4207836808000138 -3172.0439088117027495 1889.1758130329592404 8414.2888794595437503 14855
169000000 310.46772873624524891 12955.309118921413756 7106.7786952499354811 -3023.5742342438575179 1754.1571149499036437 8376.1958145438893553 14858
170000000 313.43044744595778184 13078.938511492986436 6794.301091613355311 -3160.8114676214354404 1750.2811239509967436 8204.8314352837951446 14905
171000000 309.66072743504219034 12921.634278193154387 7068.0010316487305317 -3074.8741719897934672 1802.4480142725278711 8340.4271893659952184 14874
172000000 306.94234962874111261 12808.20083077496929 7129.6582258766575251 -3061.6637797067896827 1803.803387504516877 8387.5186180789314676 14867
173000000 310.35960284062861092 12950.797202635698341 7261.5009772369830898 -3075.9707862318491607 1854.2691384688876042 8483.2026249999453285 14885
174000000 310.27936691061319152 12947.449088871910135 7027.951703265181095 -3081.3027591479549301 1800.8569989151997106 8308.3974634979349503 14878
175000000 312.58978512153527163 13043.859051473560612 6965.6509649415820604 -3097.0006696085883959 1716.4779699632986194 8346.1736645868732012 14901
176000000 311.51188207950497144 12998.879925409250063 7059.12923229235912 -3010.096301664749717 1821.4106285208149529 8247.8149054362947936 14887
177000000 311.20568536389293968 12986.102838663069633 7151.3450947988130793 -3069.8893122320268958 1927.4134390067799814 8293.8209680240597663 14868
178000000 307.60955441615328709 12836.04219226440182 6982.5410199316493163 -3084.5110651067043364 1765.1501768139564774 8301.90190822439763 14911
179000000 313.74610700855816958 13092.110467323878765 6770.8922574194975823 -3178.1768520635041568 1749.1265544635518836 8199.9425550194500829 14908
180000000 309.77372515560659849 12926.349487743609643 6961.7181047690046398 -3076.1030650659154162 1721.8417039319040214 8315.9794659030158073 14878
181000000 308.37882565314777139 12868.142619294694668 6978.3552144826790027 -3129.5645517811058198 1783.3089019774606641 8324.6108642863237037 14881
182000000 308.30644055313860008 12865.122107790843074 6866.3112249311325286 -3192.865910195737797 1741.8418254489538413 8317.3353096779155749 14897
183000000 310.31000751843271246 12948.72767118225056 7122.0520890746511213 -3105.8549418474799495 1902.46110015381214 8325.4459307683173392 14877
184000000 309.88441955216057977 12930.968583360814591 6883.8892521454345115 -3131.2952123544846472 1766.0220142449702507 8249.1624502549493627 14906
185000000 310.18198069468951417 12943.385321805526473 6826.8047812698696362 -3177.5785424877522019 1699.7600242039047771 8304.6232995537175157 14879
186000000 307.32567930497515363 12824.196549461361428 7018.7159024194443191 -3081.3401978657811924 1755.7353560281044338 8344.3207442571219872 14885
187000000 307.00990923221303319 12811.01998222266775 6874.9799067314834247 -3067.0125719313718946 1640.0499577043392492 8301.9425209585151606 14909
188000000 306.5641958572956014 12792.42109410635021 7023.2893998518065928 -3147.6202781547021914 1823.5247128296205119 8347.384965176888727 14883
189000000 310.79362077842193912 12968.908059342633351 6920.5480046874035907 -3195.9422911216770444 1793.8401399053288969 8322.6501559037496918 14871
190000000 309.51387674120377369 12915.50643959057561 7007.9484397765463655 -3137.9517502971875729 1736.3709880281994629 8409.5292020455344755 14921
191000000 310.850808891840245 12971.294425520778532 6835.9521488067593964 -3161.8303056287022628 1704.2994587640573627 8293.4829956714038417 14907
192000000 308.11247381225848585 12857.028193820717206 6942.6018222046168376 -3069.0364259066545856 1800.1967289371341394 8211.4415191741354647 14913
193000000 307.92099640141339023 12849.038155510175784 6861.4799373857076716 -3159.0658621027391746 1711.3951352082017365 8309.1506642802451097 14907
194000000 308.07667290995851772 12855.534280885158296 6989.9282263743389194 -3031.3139250375566007 1764.1486897578665776 8257.0934616540289426 14903
195000000 313.02314844709741237 13061.942592285724459 7179.3169399721846275 -3076.168666007205502 1800.6317097333007951 8454.8538962460879702 14871
196000000 306.58767051777260804 12793.400653187029093 6968.0122944456670666 -3087.3160939554450124 1746.9223958344045968 8308.4059925667079369 14893
197000000 308.71480558716655196 12882.162510897233005 6957.3362899860658217 -3173.6449508495652481 1773.8991996535792168 8357.0820411820513982 14892
198000000 313.3190475207886152 13074.289975323812541 6911.8243212588749884 -3119.7883639194578791 1769.2954129932604701 8262.3172721850714879 14910
199000000 315.22079841630352348 13153.646921112893324 7080.2563390449977305 -3085.0041268584741374 1806.5009847887531578 8358.7594811147191649 14884
200000000 311.90575121970647388 13015.315438641122455 6858.0644038034397454 -3047.9604166939379866 1650.2724815100827982 8255.7523389872949338 14899
201000000 310.52320760488413498 12957.624161118263146 6817.959643936044813 -3090.3246582522715471 1724.8341271899071216 8183.4501749984092385 14863
202000000 308.32153726262436066 12865.752068717418297 6626.599241077699844 -3333.0691392261205692 1647.769771780658175 8311.898608523162693 14925
203000000 310.46694487174528376 12955.276409541453177 7059.280520728596457 -3069.4750929178844672 1796.5663696479603004 8332.1892439985203964 14879
204000000 314.29470334598192949 13115.002492726205674 7022.0881437097486923 -3155.0482283799283323 1758.7837746274681194 8418.3525974622098147 14915
205000000 310.22432166542114373 12945.152141070306243 6938.0878117436113826 -3039.8425759827778165 1784.8501317368643413 8193.0802559895255399 14870
206000000 307.80724879662750482 12844.291654521051896 6729.5369825213247168 -3282.7966975571362127 1717.0300233338514317 8295.3036567446106346 14920
207000000 306.75742772870671615 12800.484343178801282 6850.889297132684078 -3115.5814817427444723 1698.4178429243042956 8268.0529359511237999 14922
208000000 311.89799055292922958 13014.991598744856674 7120.3690924631864618 -3040.9334532627667613 1835.4681744056740627 8325.8343713202775689 14900
209000000 307.76079994621363767 12842.353420174507846 6952.8799562261265237 -3177.0804099743281768 1724.6216677988968513 8405.3386984015578491 14899
210000000 309.74505262174233167 12925.15302993156547 7221.2739184912516066 -3114.3726882999089867 1990.9422644493324697 8344.7043423418290331 14864
211000000 311.27961188492599831 12989.187671138148289 6927.8558837288846917 -3087.4745561758995791 1748.2375863157474214 8267.0928535890361673 14867
212000000 308.95175519311305834 12892.050029329950121 7133.1310658597240035 -3053.7110476921416193 1752.5943752177420265 8434.2477383341247332 14890
213000000 306.96062677081471293 12808.963505937175796 7133.7056803892483003 -3018.6268735296775958 1843.2770461696461552 8309.0555077492790588 14884
214000000 306.99645090044890594 12810.45838811129579 7071.1482082959118998 -3022.0222169307926379 1718.0875296244803394 8375.0828956022251077 14899
215000000 312.8796317829356326 13055.953877273375838 6881.0868236594160408 -3057.5186474529928091 1683.7401789913556058 8254.8652921210523346 14891
216000000 305.09180451772493825 12730.980618389899973 6925.7894119037209748 -3207.6739432407975983 1761.9510390859586551 8371.5123160585608275 14889
217000000 309.22245980568561663 12903.346088827247513 7218.0668984122185066 -3043.2726355896265886 1861.668832313405801 8399.6707016884411132 14874
218000000 308.85511327865680187 12888.017320743065284 7065.993814066197956 -3079.3073157957596777 1750.9197480847742554 8394.3813817771842878 14888
219000000 311.04368229989194106 12979.342716505161661 6969.1857097930169402 -3123.3547485788421909 1756.2221350597528726 8336.318323312105349 14889
220000000 311.95173270695528345 13017.23417068931667 7063.6468241052753001 -3094.4432102436912828 1759.5948371864606088 8398.4951971625050646 14924
221000000 314.0684128945312068 13105.559763328410554 6960.4100830257821144 -3065.6200078837946421 1774.329601352729469 8251.7004895568479697 14878
222000000 312.82663968343899796 13053.742603874256019 6889.6413980404768154 -3123.6265159701770244 1789.5232178646783723 8223.7446961459736485 14932
223000000 307.63780171919671602 12837.220905891719667 6740.3901492349305045 -3151.8155201371027943 1712.5413168587119799 8179.6643525133213188 14932
224000000 307.07628382823816082 12813.789685253155767 6804.7121999943074115 -3252.6233043228603492 1742.8166152159692501 8314.5188891011985106 14931
225000000 311.65581165483035875 13004.885870527234147 6825.7988165232181927 -3132.174006292141712 1701.1316221990962276 8256.8412006162652688 14922
226000000 312.32895784340178125 13032.975156942491594 7006.0789661087674176 -3170.9968323271632471 1874.4066682168781881 8302.6691302190520219 14893
227000000 309.06176102040598153 12896.640392081220853 6848.5319707048593045 -3179.8001019635967168 1668.9925759306702275 8359.3394967377844296 14899
228000000 312.18329076968120717 13026.896708866162953 6795.7019821428611976 -3243.649816288427246 1643.8936731904534554 8395.4581252408352157 14934
229000000 310.94560157642473541 12975.249968778054608 6652.7936430120162186 -3244.4172596148928278 1724.1962287595031285 8173.0146738674066 14928
230000000 309.30950790212989432 12906.978463123408801 6663.7529877602210036 -3167.4963942778022101 1616.487769800734668 8214.7616122372892278 14913
231000000 311.59503274406688433 13002.349666265177802 7029.3274745193284616 -3122.3714174117203584 1812.7034277278601166 8338.9954642031880212 14883
232000000 310.04151084790152026 12937.523745485072141 7041.431854770058635 -3162.7264396087002751 1882.0876173254921468 8322.0706770532669907 14886
233000000 307.59068633864984577 12835.254858335907556 6995.4955613261254257 -3106.5092745906686105 1850.5645536397009892 8251.4402822770935018 14862
234000000 310.82142560070263926 12970.068308973437524 6703.4064361280024968 -3213.1424397252840208 1694.89786898075522 8221.6510068725328892 14914
235000000 307.93316295827577278 12849.545845973550968 6865.0880471735454194 -3180.855153442916162 1804.3782284987310049 8241.5649721177305764 14876
236000000 311.76667946503823714 13009.51220241179908 6931.2341972811536834 -3154.1403664431572906 1811.2266360393814466 8274.1479276849295275 14879
237000000 309.04119737785475763 12895.782305004195223 6699.6986689857667443 -3298.3842037248914494 1714.734924159881075 8283.3479485507778008 14930
238000000 309.44077335953323882 12912.455955371055097 6975.4380370365815907 -3188.434056241414055 1808.0556583547504488 8355.8164349232465611 14876
239000000 310.19119182072807916 12943.769686987856403 6829.8436351330246907 -3135.0544664858070973 1639.1415752020811851 8325.7565264167496935 14913
240000000 312.15461498934297424 13025.700115584084415 6910.4117614670249168 -3136.8491752263098533 1810.8072747867815906 8236.4536619065529521 14896
241000000 306.14008720362591021 12774.723735573577869 6855.3497131638814608 -3164.2387789741542292 1737.3410543966369914 8282.2474377413982438 14882
242000000 314.88837091244892008 13139.775266594731875 6951.1186039992480801 -3119.4131698340634102 1789.9887503981094596 8280.5430234352024854 14883
243000000 310.90060487503370723 12973.37233022854889 6896.014496245283226 -3138.3590075193756093 1699.4646104056403146 8334.9088933590173838 14889
244000000 308.350764739039505 12866.971683371944891 6945.640336953167207 -3164.9446202997114597 1689.1147557177109775 8421.4702015351667796 14916
245000000 314.49749327222042439 13123.464583750343081 6878.0625979989172265 -3072.8179321140542015 1747.6802627017175382 8203.2002674112554814 14897
246000000 312.99653978091771478 13060.832256287185373 6997.925964668062079 -3116.9143668170581805 1726.2988480051526494 8388.5414834799667005 14923
247000000 307.57617283147970966 12834.64923348544653 6894.3872514282247721 -3176.2932956526683483 1719.421156298437154 8351.2593907824557391 14914
248000000 309.62965276766391298 12920.337583289332542 6837.2491424669869957 -3212.7233992183996634 1718.5575283268979092 8331.4150133584880678 14886
249000000 306.69370367841872849 12797.825243074737955 7175.339062111081148 -3186.7629993049149562 1872.6986851617755292 8489.4033762542203476 14897
250000000 310.68266035067580333 12964.277862680099133 7003.819484754711084 -3115.8351790527453886 1778.8971778087620805 8340.757485998692573 14887
251000000 310.92952301494483436 12974.579036778108275 6703.4944381997274832 -3207.2483137763492778 1731.0606105893766653 8179.6821413867000956 14907
252000000 311.29532878326244827 12989.843511528286399 6914.2911742101287018 -3271.5885051068662506 1774.5093583460225091 8411.3703209709710791 14927
253000000 307.24698870642498605 12820.912919845104625 6931.6749665340475985 -3211.4511901582100108 1729.2002538690380788 8413.9259028232190758 14897
254000000 307.2500126550722257 12821.039104262545152 6891.8952073924847355 -3169.5428875176039583 1793.2876309404232416 8268.1504639696649974 14896
255000000 309.82597777420755847 12928.529903817781815 6781.3719327745457122 -3292.9536000343632622 1708.1314964765626883 8366.1940363323465135 14916
256000000 312.53473801927015074 13041.562026179342865 6931.4985127757245209 -3118.905631971746061 1742.9416893006357441 8307.46245544683552 14900
257000000 307.1282041004325265 12815.95623305686604 6865.7355391114797385 -3124.503900313567101 1770.1126046180374942 8220.1268348070098 14884
258000000 306.13357392676556401 12774.451947212686719 6882.3935587816040425 -3194.0735880244128566 1816.8508893447706214 8259.6162574612462777 14882
259000000 310.09731996172212121 12939.852568271717246 6955.525401983750271 -3102.7550763259978339 1726.7590661264166556 8331.5214121833305398 14903
260000000 308.94688309601491483 12891.846724708821057 6819.2968745068774297 -3169.9040814767017764 1770.1342570564049765 8219.0666989271740022 14915
261000000 308.43108112129283427 12870.323154275671186 6863.7677928154207621 -3198.9551211228044849 1742.3031578732670823 8320.4197560649590741 14900
262000000 310.15427457568722502 12942.229190900645335 6919.3287691426903621 -3137.6995653141084404 1727.8904355624374602 8329.1378988943597506 14917
263000000 312.55647291307889191 13042.468987650365307 7008.6721480386804615 -3117.7853088738502265 1777.7711019568287156 8348.6863549557019724 14882
264000000 307.59589788429707369 12835.472327588257031 7060.6148763874098222 -3055.0156326419819379 1756.8529561529212515 8358.7775528764705086 14877
265000000 307.04057738786264053 12812.299714058775862 6924.7993723719846457 -3145.7967936389431998 1704.2292500072862822 8366.3669160036424728 14907
266000000 314.47416555212652156 13122.491156250851418 7005.9510930205633485 -3122.7142142987654552 1723.6398249944472809 8405.0254823248815228 14898
267000000 309.34380982775428492 12908.409826220782634 7005.2260498602554435 -3095.1793715421990782 1796.3734306795347493 8304.0319907229204546 14890
268000000 312.4009356589277786 13035.978673132853146 6919.5086907325494394 -3138.8194346625850812 1781.7495985070013376 8276.5785268881336378 14899
269000000 307.84919669894435401 12846.042071685556948 6975.1704072125976381 -3115.2410853537289768 1755.3458271703348146 8335.0656653959904361 14909
270000000 310.27587513043414447 12947.303382611942652 6970.2360196073168481 -3128.637138271992626 1793.5636747479488804 8305.3094831313610484 14893
271000000 310.24872652789912308 12946.170515954852817 6969.6531260449355614 -3091.4068930787425415 1755.8794038676103355 8305.18061525606754 14901
272000000 312.92655752600927599 13057.912011568456364 6699.8322829274402466 -3221.5755031687162955 1653.4610300430958887 8267.9467560530611081 14940
273000000 306.74685569416072894 12800.043189516496568 6923.0967746408732637 -3125.4958219010136418 1807.4328515211541344 8241.1597450207318616 14899
274000000 307.86876461043789277 12846.858608538654153 7226.6583272103471245 -3016.9416615243899287 1837.0792996172283438 8406.5206891175075725 14873
275000000 308.29622108717086348 12864.695666237057594 7147.1335295587414294 -3109.4198963169164927 1851.5340803396170486 8405.0193455360404187 14874
276000000 308.63840560112095091 12878.974464783934309 6995.5738707449454523 -3072.2790261461996124 1825.2840508500303258 8242.5688460411147389 14864
277000000 308.80554711698260917 12885.949006110362461 6896.4192907046999608 -3161.0720059390987444 1788.2490269267414078 8269.2422697170586616 14897
278000000 307.39981695847882293 12827.290192148158894 6829.4108666560823622 -3252.3763433106705634 1739.3080092212869658 8342.4792007454652776 14913
279000000 310.15190655455819524 12942.130377262747061 7031.0190761065196057 -3038.2393002662133767 1752.3963580748363711 8316.8620182978957018 14907
280000000 309.48144297187621987 12914.153031591487888 7133.2164519139696495 -3037.1214053273579339 1815.3104371692138557 8355.0274200721123634 14889
281000000 309.28747156670766572 12906.05892298825529 6855.1293001884678233 -3160.1707007140403221 1676.9772868118950555 8338.3227140906128625 14915
282000000 315.11503466819476671 13149.233573368501311 7048.8940062256906458 -3025.9771893012721193 1771.7173622608784171 8303.1538332660838932 14885
283000000 310.64315405723135655 12962.629329849331043 6856.6039043179143846 -3154.3990615139041438 1675.9191716792868192 8335.0837941525314818 14877
284000000 311.72194905063201986 13007.645675581430623 6981.6301142816319043 -3060.09813933750047 1708.3322422392930093 8333.3960113798384555 14904
285000000 307.03312489302277299 12811.988733672020317 7004.6358272921206662 -3096.9360865247526817 1763.7807528448106495 8337.7911609720649722 14894
286000000 307.41498246381496529 12827.923023812738393 7051.6851893554376147 -3090.0739700174890459 1778.6709700225237611 8363.0881893504010804 14890
287000000 308.92159084590201701 12890.79132059368203 6918.8436011185758616 -3120.4137960149537321 1798.6186902946224109 8240.6387068389085471 14873
288000000 312.80890725616825421 13053.002658767380126 6764.1424688095494275 -3163.1981084182448285 1585.6261341064750923 8341.7144431213182543 14934
289000000 309.21360100486833744 12902.976425598550122 7223.1742035053684958 -3022.4402957634374616 1854.2242855923952902 8391.390213676411804 14868
290000000 313.33643995004109684 13075.0157328710211 6968.5639225555087251 -3124.7573357835944989 1719.4734204564010724 8373.8478378827021515 14895
291000000 311.61111383151023801 13003.020703669435534 6923.567197448672232 -3137.0082938275122615 1665.1901146280965804 8395.3853766480879131 14933
292000000 305.52709524632382454 12749.144586569631429 6875.4785363603987207 -3105.5055027414882716 1769.2274448251373542 8211.7565942767505476 14885
293000000 306.53565012344449769 12791.229927450887772 6952.9251967458858417 -3109.1029825800987965 1712.9236600676792932 8349.104519258306027 14900
294000000 306.80660921459821111 12802.536605922003218 6785.3817404385317786 -3195.4370139201860184 1717.7525665443372418 8263.0661878143801005 14905
295000000 308.41618270697580328 12869.701467881259305 6910.5000803693164926 -3141.5934874232548282 1716.553580956996484 8335.539986835574382 14909
296000000 312.86870093715646135 13055.497751006801991 7001.8548782460311486 -3118.9537339776438785 1778.3031047750237121 8342.5055074486499507 14917
297000000 313.21190290563833969 13069.819006262552648 6895.6013344011571462 -3138.1616629631371325 1680.907703164596569 8352.8552941996986192 14900
298000000 305.39866770782373351 12743.78551602331936 6922.2006690176403936 -3109.0349272527128051 1744.2796610533764579 8286.955935216976286 14897
299000000 308.72094848618769447 12882.418843998353623 6913.0579119919066216 -3162.8200741369273601 1785.2180530307227855 8290.6599330981098319 14883
300000000 311.03410916540076414 12978.943245303838921 6980.1207680365951092 -3070.171142806555963 1820.4321022191331849 8229.8598086240162957 14902
301000000 313.74203845277463643 13091.940693163911419 6900.7225870957990992 -3172.7418234892693363 1767.4508206482187234 8306.0135899368506216 14880
302000000 303.63184413329025801 12670.058866043138551 7041.1853019474328903 -3112.8360092652037565 1803.3994937246425252 8350.6218174879941216 14906
303000000 307.04412517614434819 12812.447757445008392 6888.4307053301827182 -3199.0709288279376779 1682.7576655992857013 8404.74396855883424 14936
304000000 309.39071442722257643 12910.367078227889579 7004.9712645861145575 -3055.9877998039564773 1792.580203800019035 8268.3788605900535913 14906
305000000 309.80710829184397426 12927.74251126677882 6962.0442468685077984 -3166.0077712550378237 1840.2258886460756457 8287.8261294774711132 14907
306000000 308.17122435996253671 12859.479757819042788 6946.1850589440855401 -3120.2718166932518216 1755.6065463027218811 8310.8503293346166174 14890
307000000 313.62050983130353643 13086.86950311023611 7011.491545385551035 -3108.1863808000171048 1846.1951130977895446 8273.4828130877795047 14880
308000000 307.39195007003462479 12826.961919795945505 6885.502023410926995 -3180.4705995364124647 1854.7639589387622436 8211.2086640085763065 14880
309000000 308.28363900346164428 12864.170636519873369 7002.5292466422588404 -3132.9767558269313668 1790.2463328370968156 8345.2596696320943011 14881
310000000 309.70625804064371778 12923.534195689700937 6871.6058113723265706 -3123.0030907380260032 1744.1692232086597869 8250.4396789016918774 14900
311000000 309.94990467354898556 12933.701170073547473 7163.6231586124295063 -3032.8219504181515731 1878.4190500818206147 8318.0260589487588732 14886
312000000 308.3644316397055718 12867.541980721518485 6963.3047330305926153 -3112.3516769612479038 1773.1078906984375863 8302.5485192934029328 14881
313000000 310.12961506487272345 12941.200189958668489 7101.3639111298234639 -3076.1165884725155593 1828.5709809814702567 8348.9095186208687664 14847
314000000 309.47244166897218065 12913.777421984428656 6912.5708127693906135 -3065.0022403445145756 1817.3414217287850079 8160.2316313851197265 14905
315000000 310.21820807393925179 12944.897030924728824 6908.4447125248934753 -3114.0350459340679663 1726.056549480648755 8296.4232089783126867 14872
316000000 307.19151362155866991 12818.598035538878321 6884.9075619628565619 -3115.2886473991393359 1674.4932650347989238 8325.7029443271967466 14900
317000000 307.55898237496683123 12833.931903929404143 6635.874338603911383 -3236.2802261935707975 1661.513306277151969 8210.6412585203288472 14932
318000000 308.15410938967897891 12858.765578179545628 6660.529049692218905 -3230.0765411706356645 1736.8416799679757787 8153.7639108948778812 14908
319000000 309.40656521053404049 12911.028505418447821 6983.7182413626169364 -3114.8190365359969292 1787.5563879857015763 8310.9808899129129713 14889
320000000 311.73915261067486426 13008.363551926286164 6683.674922750920814 -3243.3964063179819277 1675.3468701271926875 8251.7244589417077805 14902
321000000 305.93005067859508017 12765.959255867057436 6770.1014674025736895 -3216.6416456064780505 1728.7884974611158668 8257.9546155479365552 14919
322000000 308.9725575517775269 12892.918077638860268 6727.3656630775622034 -3163.0307759252391406 1690.1124697245891184 8200.2839692782126804 14887
323000000 305.58150563813563849 12751.415042980908765 6665.500377358208425 -3264.9393166921263401 1661.5100381693837335 8268.9296558809510316 14930
324000000 310.38061547552786124 12951.674025427011657 6888.7658173224235725 -3161.6225229737474365 1733.4895517358204415 8316.8987885603510222 14892
325000000 309.3862695631971178 12910.181601342172144 6944.8531441868844922 -3179.0226866467728541 1747.1004877912168922 8376.7753430424399994 14906
326000000 312.9950520429343328 13060.770175421193926 6845.7379915045330563 -3154.3452329285692031 1672.5493579877820594 8327.5338664453192905 14927
327000000 309.20736469022608617 12902.716194416771032 6916.4340260994031269 -3119.978740049843509 1762.7692842756380287 8273.6434818736088346 14901
328000000 311.57229092233131951 13001.40068734324268 6818.3923908138158367 -3240.8382595734515235 1717.5234955733276365 8341.7071548139392689 14906
329000000 310.35683323732342842 12950.681631632227436 6861.1325703630482167 -3184.3477016720535175 1750.5335256282787668 8294.9467464068238769 14901
330000000 309.83410456766586094 12928.869021579961554 6936.1711927175983874 -3154.8843043094739187 1773.5635776583985717 8317.4919193686728249 14890
331000000 314.69960128699028701 13131.898219727303513 6862.8605797835407429 -3160.1163524552789568 1751.3373867376199087 8271.6395455011988815 14877
332000000 310.36776070142303752 12951.137616786860235 6763.6808748269322678 -3220.0380764741603343 1721.0925192122217595 8262.6264320888731163 14915
333000000 314.72166608916649011 13132.818947733412642 6813.4864558769713767 -3203.3420413510184517 1721.6920361698248598 8295.1364610581658781 14906
334000000 311.84394740420026437 13012.736466785107041 6986.645585485999618 -3033.5317225204339593 1738.675790368763046 8281.501517637669167 14882
335000000 308.45022009619623304 12871.121792308364093 7098.238389697868115 -3070.6796066038223216 1817.6740577565833519 8351.2439385451070848 14865
336000000 309.00048466509804257 12894.083430274187776 6892.9067784734761517 -3129.6092241864243988 1690.737119426026311 8331.7788832338737848 14903
337000000 308.19842848588416473 12860.614941375992203 6950.8691946404214832 -3192.6269270025336482 1804.0596276491492063 8339.4364939938059251 14905
338000000 312.76916655777409915 13051.344344602512137 6984.7010854408918021 -3063.0175071674007086 1848.387299396972594 8199.3312932113185525 14868
339000000 310.20606182379077609 12944.390187827220871 7148.886929773083466 -2993.3086064866020024 1849.5474819313308217 8292.648054328352373 14862
340000000 308.98430565357136857 12893.408306658539004 7024.4765076899511769 -3183.1181633091009644 1818.3815718287150958 8389.213099170337955 14903
341000000 309.80273814293957457 12927.560152120522616 7019.8294462359162935 -2991.2541429618722759 1831.7173053117967356 8179.3662838859909243 14861
342000000 310.23896939016776741 12945.763366600102017 7043.5350058873664238 -3099.8440591522239629 1746.8574818174238317 8396.5215832221656456 14897
343000000 307.54532260314704217 12833.361904054894694 6829.3663655968357489 -3162.5790775888822282 1738.6537060928053506 8253.2917370929117169 14931
344000000 312.87975482973359931 13055.959011814444239 7068.8599532586158602 -3035.3721092809305446 1788.0138986627091526 8316.2181638768379344 14877
345000000 310.33195764820465001 12949.643614097005411 7022.4062809398301397 -3093.4603483163691635 1830.2235317282284086 8285.6430975279690756 14873
346000000 308.71273448297722553 12882.076087116251074 6941.4980782279653795 -3173.289349810296244 1756.0864036127481995 8358.7010244255125144 14886
347000000 308.73518478363661188 12883.012901341802717 6817.4535354296876903 -3240.5390221910006403 1783.5317133567848487 8274.4608442639037094 14913
348000000 311.9619144028558253 13017.659036160144751 7027.2077913589928357 -3071.587627362243893 1834.8514425783710067 8263.9439761428657221 14879
349000000 308.74409459897964325 12883.384693322990643 6910.7974553945932712 -3206.1370114600003944 1665.5943696977928994 8451.3400971568007662 14895
350000000 308.59299516384936624 12877.07956171470687 6987.1846799904615182 -3074.5239817151386887 1826.8644417318571413 8234.8442199737437477 14872
351000000 309.03618665932896192 12895.573215938244175 6790.8560469239928352 -3248.1504685129098107 1711.763408774288564 8327.2431066626122629 14918
352000000 309.09548895314202355 12898.047803396773816 6831.1719068230040648 -3164.5612631263666117 1779.5551744753947787 8216.1779954739758978 14895
353000000 308.95492711009859477 12892.182388223463931 6818.7293895763032197 -3140.1803812658031347 1686.7055490875013675 8272.2042217546058964 14903
354000000 305.03636921924072567 12728.667394304142363 6905.6813549088992659 -3191.8902159703879988 1740.9583074356555699 8356.6132634436326043 14916
355000000 311.37511779739054418 12993.172976225087041 7069.4754466826170756 -3102.8986105078092805 1834.1718190804872393 8338.2022381099377526 14865
356000000 309.49795331995477454 12914.841981338018741 7121.8124132612610993 -3040.0230438386097376 1854.6916489793020446 8307.1438081205669732 14864
357000000 314.13511804796178239 13108.34325997727683 7111.7262014695224934 -3095.23756934546509 1863.5665110940058184 8343.3972597209831292 14869
358000000 305.47169358975156683 12746.832766305686164 6878.5710774170947843 -3151.4488142181608055 1753.2746752888963329 8276.7452163463603938 14893
359000000 309.26588896807442097 12905.158316545126581 6689.7068864250759361 -3201.8888592758503364 1658.8894595272327024 8232.7062861736940249 14921
360000000 309.64955377284462656 12921.168019595685109 7003.9869619626788335 -3174.4472985004363181 1887.4905726560505173 8290.9436878070646344 14871
361000000 311.38081771362340078 12993.410824380995109 6928.7627622086893098 -3138.91734044423265 1761.6999394301956272 8305.9801632227263326 14912
362000000 311.61345317476241235 13003.118320626568675 7127.2962621426659098 -3160.7355888301799496 1859.2124480259956272 8428.8194029468504596 14886
363000000 313.55514493967842782 13084.141933388335019 7081.833222221658616 -3104.3552280365984188 1850.3261479206507829 8335.8623023376057972 14858
364000000 310.42337288682711005 12953.458222073668367 6824.4235831910154957 -3158.9766724231640183 1725.0426074114857329 8258.3576482026928716 14887
365000000 309.49243306097031336 12914.611629984428873 6993.4948931376820838 -3237.0951093467620012 1806.1791354264908023 8424.4108670579535101 14901
366000000 311.89418297512406753 13014.832714767893776 7129.5212586507059314 -3066.7720005528999536 1850.36890869765557 8345.9243505059512245 14902
367000000 310.44272300387888208 12954.265670721917559 6936.8813240318086173 -3065.1780879827774697 1780.5746463152820525 8221.484765699302443 14890
368000000 312.09324586943534996 13023.139282862448454 7090.756150117589641 -2923.2855680966704313 1758.5018589858175346 8255.5398592284436745 14856
369000000 312.28995293512156195 13031.347546092300036 7112.3951467274519018 -3017.0348312689684462 1759.0568510769317072 8370.3731269194886409 14878
370000000 307.7569324980090073 12842.192037903969322 7042.755006459589822 -3130.0630790223399345 1732.0060882816308094 8440.8119972002987197 14902
371000000 305.71716172990340965 12757.075749199459096 6971.3493732688193631 -3067.4293403332994785 1841.6152498185988406 8197.1634637835195463 14861
372000000 311.18519569227964894 12985.247838271963701 6648.987361920211697 -3198.2894516974911312 1617.2311108742128454 8230.0457027434895281 14917
373000000 310.08981272388302841 12939.539303549387114 6842.9903541182384288 -3175.447471785246762 1663.0563154529431813 8355.3815104505411 14914
374000000 310.41053202829999691 12952.922394107752552 7095.8647608592600591 -3078.2316406023101081 1836.3246228108496325 8337.7717786507200799 14884
375000000 305.26927671721836077 12738.38624220082238 6810.5899682981571459 -3193.7590366523299963 1729.0500529037071828 8275.2989520467799593 14903
376000000 310.91790133250856343 12974.094083030880938 6876.1621084834168869 -3175.8584986490686788 1755.1250219397213641 8296.8955851927639742 14882
377000000 305.91047868240053731 12765.142548566087498 6860.7598384790917407 -3116.0794644145285019 1730.7757223294095184 8246.063580564210497 14895
378000000 308.65041897452192643 12879.475763152702712 6898.0394521991847796 -3138.6742749726331567 1714.1121003558560005 8322.6016268159619358 14888
379000000 313.9078145745470465 13098.858258834390654 7021.4912071456974445 -3211.1442414317589282 1782.6899749914200584 8449.9454735860363144 14889
380000000 305.53241041880880857 12749.366379999963101 7030.3787462136524482 -3077.9053149001292695 1822.4418632667775455 8285.8421978470050817 14882
381000000 311.92301774401994408 13016.035942381724453 6843.7242323891732667 -3226.999673939870263 1682.5836465882639459 8388.1402597407795838 14902
382000000 306.98161521833407051 12809.839319428796443 6794.2379046185578773 -3148.0516107421608467 1778.6636835001986583 8163.6258318605187014 14900
383000000 311.5463122592902323 13000.316640342403844 6876.3694483774270338 -3208.4760164532326598 1776.6651617905358762 8308.1803030401242722 14883
384000000 307.77982625831498353 12843.147356973249771 6872.3087780476553235 -3152.6646865550073926 1755.975064950901924 8268.9983996517621563 14901
385000000 310.06379393513367404 12938.453582168553112 6912.1907945415459835 -3192.6780590398852837 1800.4104255139593533 8304.4584280674716865 14919
386000000 309.41957776970616578 12911.571498170671475 6919.6234647944083918 -3153.9030743395564969 1802.6520066357734322 8270.8745324981900922 14898
387000000 307.59803007370879868 12835.561300355384446 7012.5192456959193805 -3145.412334011846724 1747.2422078027323096 8410.6893719050349318 14917
388000000 311.2814245858479012 12989.263312174591192 6812.1909656336874832 -3187.2550626688434932 1752.1311837432558605 8247.3148445592742064 14899
389000000 309.64612626445477872 12921.024995292067615 6709.5934795149914862 -3230.0208707133188 1626.591723604771687 8313.0226266235385992 14935
390000000 313.08575165027536968 13064.554921278197071 6894.8390697122295023 -3144.0335358397669552 1728.0168810022094021 8310.855724549786828 14888
391000000 308.88343213267927467 12889.199020075386215 7037.0692160107901145 -3104.1287061788684696 1865.3031913238346533 8275.8947308658243855 14872
392000000 308.761679291800192 12884.118473713560888 6633.5733543347159866 -3241.2233767430789158 1627.6906491132076553 8247.1060819645863376 14948
393000000 306.92494630302320502 12807.474618536130947 7040.2202534222806207 -3079.5763405062148195 1808.2010710671770539 8311.5955228613183863 14892
394000000 311.74211118930367093 13008.487008560072354 6900.2278969883700483 -3145.4464503437448002 1740.2106490436217427 8305.4636982884949248 14918
395000000 307.0212965482725167 12811.495156245378894 7027.3463188258992886 -3040.5625286447775579 1795.4680012582794006 8272.4408462123992649 14874
396000000 310.87680684858128188 12972.379277616071704 7067.387076775148671 -3184.8921560349094761 1818.9699632165347793 8433.3092695935229131 14880
397000000 307.77794818539064181 12843.068988070364867 7013.0803954123693984 -3058.5364503019118274 1826.9292280106283215 8244.6876177036538138 14872
398000000 313.72381428497743627 13091.180228531375178 6751.3996022544197331 -3180.5575239662148306 1679.5520945406080955 8252.405031680025786 14928
399000000 308.36365776114951132 12867.50968803862088 7027.35143107687054 -3109.1345400645354857 1864.9455397124334013 8271.5404314289735339 14880
400000000 309.71888410118276624 12924.061060487867508 6820.4075907376727628 -3220.1370249340425289 1721.4056850493468573 8319.138930622368207 14922
401000000 308.39113907546817472 12868.656438212758076 7104.9705447449441635 -3091.0959235287000411 1858.3244506129112779 8337.7420176607338362 14890
402000000 311.00942792612374888 12977.913337668756867 6986.0049834918345368 -3131.6075851695627534 1783.8301602480939891 8333.782408413302619 14895
403000000 308.98601500350491733 12893.479635027742916 6828.4943825104819553 -3187.5505265165747915 1691.9415883755425511 8324.1033206515148777 14923
404000000 308.22414538046018606 12861.688065208112675 6911.2364689796213497 -3123.582888426613863 1782.6286018780911036 8252.1907555281431996 14893
405000000 312.70961413404148743 13048.859319632678307 6920.3715673331835205 -3083.2275865051683468 1756.0457097031105604 8247.5534441352428985 14877
406000000 308.37176923640390669 12867.84816659727403 7014.7454233834387196 -3076.9917199367218927 1769.5343758128692571 8322.2027675072895363 14914
407000000 311.51534075803408541 12999.024250391656096 7002.8025048685594811 -3108.0152953616102423 1755.1351487708307104 8355.6826514593394677 14887
408000000 309.82586716499662316 12928.525288276821811 6886.0989837666529638 -3152.5978724918468288 1680.5216199535873329 8358.1752363049108681 14917
409000000 310.62778143873356385 12961.987855692204903 6774.1938086963664318 -3233.5602698353341111 1716.5086258249189086 8291.2454527067820891 14917
410000000 310.78908245134829258 12968.718682397206067 6958.1114669567377859 -3114.3491670627840904 1717.0543152203731552 8355.4063187991487212 14894
411000000 310.0707827218913053 12938.745212777570487 7070.9675890573762445 -3144.3643043319134449 1815.5896997892139098 8399.7421936000755522 14895
412000000 311.18812464350878599 12985.370058602953577 7249.5676212187045167 -3018.4681939454280837 1974.8149990333727146 8293.2208161307607952 14839
413000000 310.54742175703779594 12958.634577973762134 7135.173570074573945 -3051.9401651032039808 1842.4030834876384688 8344.7106516901385476 14863
414000000 308.0373383691410254 12853.892915009821081 6847.1706128030264153 -3263.3311863966787314 1754.0138664778764905 8356.4879327218277467 14905
415000000 314.40311626642852616 13119.526386087321953 7011.0354430810157282 -3188.02453132323717 1822.2460872429453502 8376.8138871613082301 14887
416000000 311.86183591388095238 13013.482924954958435 7092.1950284196709617 -3085.5643358384504609 1741.6083190100603133 8436.1510452480615641 14896
417000000 312.39585910018973891 13035.766836662829519 7122.8326705792405846 -2942.3543177103456401 1793.6031101109283554 8271.5838781786587788 14877
418000000 309.81948467851043461 12928.258957583733718 6931.9947755866423904 -3136.6291939621019083 1761.0787744090996512 8307.5451951396444201 14910
419000000 310.70654885864945527 12965.274690938058484 6793.2300430635013981 -3188.1756395774773409 1666.6874873094097893 8314.718195331568495 14909
420000000 310.77385370388611818 12968.083211742430649 6878.0253062827960093 -3105.3890862898019805 1758.328980204649497 8225.0854123679491749 14869
421000000 306.14937962490728296 12775.111493073056408 6866.2756343432283757 -3167.6116266534145325 1740.4692894085135322 8293.4179715881291486 14915
422000000 311.53922993544256315 13000.021106584032168 7135.5160011048465094 -3113.7518363970566497 1814.4557382473053622 8434.8120992545991612 14884
423000000 308.8676033457243193 12888.538510756709002 6803.6245675491491056 -3173.6821595293549763 1729.9835399629628228 8247.3231871155421686 14907
424000000 310.26145045201565154 12946.701464439598567 6965.4398976924821909 -3100.4821220178218937 1812.9750287067536192 8252.9469910035495559 14917
425000000 307.09592673618061553 12814.609351585062541 6891.5057190323777832 -3153.0477539185312708 1751.5754477354907976 8292.9780252154196205 14890
426000000 313.07479131228666347 13064.097564350089669 6984.9483278567968227 -3065.8338406764733008 1812.2690556730867684 8238.5131128601824457 14884
427000000 310.87037497926058904 12972.110886258293249 7020.4589077138716675 -3142.0339614335566694 1749.6835484781336163 8412.8093206692938111 14900
428000000 307.15626109327223503 12817.127005351510888 6952.3726045235634956 -3191.5592080513242763 1730.743066317559169 8413.188746257328603 14904
429000000 306.88020611257809378 12805.607683767691924 7051.1928520583878708 -3122.6178467317081413 1786.1942584785181225 8387.616440311576298 14881
430000000 309.69934567455919705 12923.245753990035155 7053.7362152598188914 -3161.9669700514614306 1784.8994284197426623 8430.8037568915369775 14868
431000000 309.82440322207844474 12928.464200339873059 6830.5913499996640894 -3191.5968693327235997 1648.3447657654535305 8373.8434535669348406 14919
432000000 307.21847656316765551 12819.723154870029248 6904.9163396433523303 -3191.3290418478031825 1750.9036075646299651 8345.3417739265278215 14905
433000000 311.61566550125513686 13003.21063738265002 7028.5575516328908634 -3073.0906503266287473 1823.0956520635018023 8278.5525498960178084 14858
434000000 309.3808280667005306 12909.954536618022757 6982.3254614161551217 -3114.609545632732079 1772.4866781888329115 8324.4483288600531523 14854
435000000 307.63177471355362513 12836.969408831186229 7120.5571950255289266 -3058.943925152245356 1803.836660929244772 8375.6644592485299654 14863
436000000 311.56476058522736139 13001.08645872647503 6746.7144640703081677 -3239.9453758597092019 1699.8079767883320983 8286.8518631416845892 14917
437000000 311.69411388398987128 13006.484159730189276 6742.8133124241167025 -3173.3734227027421184 1699.3623187560726819 8216.8244163707859116 14902
438000000 313.95275247355942838 13100.733443657078169 6958.0516095616430903 -3125.5531718350152914 1782.1195035442951848 8301.4852778523636516 14893
439000000 310.62835381045067606 12962.011739825207769 7134.3732884211422061 -3150.8181295395334018 1902.4372710633040242 8382.7541468973704468 14872
440000000 308.28370643864485601 12864.173450479467647 6880.5055309333793048 -3154.0968279115859332 1814.2483447930833336 8220.354014051881677 14896
441000000 308.98761376426750758 12893.546348692221727 7007.2730753561681922 -3124.434076214194647 1838.8464521385283206 8292.8606994318342913 14900
442000000 309.37686211046212748 12909.789043768800184 7010.4011195952389244 -3105.8603932293526668 1853.5982221841964019 8262.663290640395644 14899
443000000 309.96646897754311567 12934.392371311940224 6925.9433279613613195 -3149.7044751493840522 1800.6205113226069443 8275.0272917881375179 14895
444000000 309.24163977018451988 12904.146437288534798 6772.0657044383424363 -3235.4815280932816677 1614.7113803090412603 8392.8358522225826164 14952
445000000 308.88869213933435276 12889.418511526113434 6861.1540253834027681 -3211.6245489836774141 1769.313284750108096 8303.4652896169718588 14913
446000000 310.38269815347030089 12951.760932161727396 6844.7698770203987806 -3161.0745904729219546 1792.3679929149973304 8213.4764745783231774 14897
447000000 307.39974115109117747 12827.2870288302056 6727.8723469457690953 -3250.3210365006952998 1667.3470102353983293 8310.8463732110667479 14933
448000000 307.171089262838791 12817.745760547693862 7031.6290456618307871 -3073.2533941140563911 1807.9438958986038415 8296.9385438772842463 14882
449000000 305.57905859295715345 12751.312931799033322 6885.1178708758961875 -3148.308183127473967 1752.1616763352144517 8281.2643776681543386 14902
450000000 310.57759909158716027 12959.893828650356227 6882.4305510336707812 -3175.61736632434895 1705.3747426738987087 8352.6731746841196582 14876
451000000 308.24477268989215872 12862.548808999650646 6880.1617011543203262 -3169.4579653271894131 1716.1429973587801214 8333.4766691227305273 14911
452000000 306.34900305563382972 12783.441451432880058 7072.5813431102178583 -3223.1996502805081946 1839.1571994902189999 8456.6237939005077351 14876
453000000 307.38933249349685184 12826.852692620137532 7130.790884002225539 -3102.8706031719702878 1802.2039674399400155 8431.4575197342564934 14879
454000000 309.87094045607250337 12930.4061227882612 6938.8067024532138021 -3153.9700331744320465 1817.6914528385907488 8275.0852827890557819 14888
455000000 305.93719814184191819 12766.257507785721828 6872.8085096218201215 -3141.8469404591896819 1766.7463954252448275 8247.9090546557636117 14900
456000000 310.34879903222616804 12950.34637743050007 6970.2457783444688175 -3165.4748869124050543 1673.8003003906610502 8461.9203648662132764 14914
457000000 307.77825154471315727 12843.081646757349517 7194.564912108480712 -3035.5611312739065397 1829.4374057379250189 8400.6886376444617781 14882
458000000 314.13071459433587052 13108.159511079615186 7075.1062249648030047 -3009.4163933403769988 1806.8986075355981029 8277.6240107695812185 14900
459000000 310.60859017357108769 12961.18703567276134 7097.5482838529223955 -3152.141924164151078 1854.1330537878279756 8395.5571542292454978 14903
460000000 309.52792696494032043 12916.092732383189286 7051.5450874631678744 -3073.1549479331638395 1862.2344571592134344 8262.465578237119189 14882
461000000 311.03514567231906085 12978.986497037552908 6777.3414084772921342 -3207.8181309390788556 1800.0703746700664851 8185.0891647463040499 14883
462000000 307.48136103702546507 12830.692892804647272 6796.7003456731654296 -3173.5283147491636555 1661.4029400779800199 8308.8257203443481558 14912
463000000 309.15041245444251672 12900.339671025458301 6846.1913627993271803 -3231.6258864134842952 1762.5519832379286527 8315.2652659748819133 14904
464000000 307.87018879739866861 12846.918037524703323 6579.8889124640354567 -3223.7203944310158477 1616.9859925286618818 8186.6233143663894225 14937
465000000 307.50579615679799872 12831.712530276470716 6900.7957475942948804 -3201.378623710701504 1778.9384173166531582 8323.235953988343681 14889
466000000 308.15037044217694984 12858.609558032570931 6801.5802426699365242 -3177.6705292096712583 1801.9663182089541351 8177.2844536706525105 14880
467000000 309.93728335640082605 12933.174503209304021 6848.0667390009912197 -3189.6818643532478745 1787.6008560660175135 8250.1477472882233997 14884
468000000 315.83852045428517386 13179.42344862574646 6948.5925984233590498 -3161.4373468991734626 1843.0203225741724964 8267.0096227483591065 14906
469000000 311.48628696200245258 12997.811883134678283 6970.6003644959555459 -3071.20409855832213 1801.4316228548477739 8240.3728401994303567 14902
470000000 310.32254738217284284 12949.250939129369726 6879.2172772646517842 -3111.7964104209659126 1754.721775978824553 8236.2919117067940533 14896
471000000 311.75598594877391179 13009.065979516632069 6777.7763901643720601 -3187.9466924502207803 1710.2598858223313982 8255.4631967922614422 14905
472000000 310.14107042308847895 12941.678203268962534 6798.5936115317135773 -3152.1300804000757125 1703.7282821396465806 8246.9954097921417997 14897
473000000 309.76691655466112252 12926.065375993010093 7007.7868325543813626 -3185.9253784976808674 1816.9248174892163661 8376.7873935628449544 14893
474000000 309.85000270732905392 12929.532424873408672 6763.1766544716792851 -3275.6496065849046317 1680.9653633943141813 8357.8608976622708724 14938
475000000 309.8871462562546526 12931.082364250565661 6955.0003355690423632 -3193.3115230775183591 1826.0823939196106949 8322.2294647269482084 14889
476000000 310.07870023441427065 12939.075597589562676 6841.25869208649965 -3186.9443737793340006 1741.5930369120592331 8286.610028953773508 14898
477000000 310.26021343971171973 12946.649845944992194 6864.2834854588636517 -3246.5696977510046963 1865.3218158609656712 8245.5313673489017674 14878
478000000 308.45157466967128812 12871.178316437828471 6904.9889807669169386 -3194.9845974793288406 1754.6826030050024201 8345.2909752412433591 14892
479000000 310.01726437077837772 12936.511979761613475 6951.6364627877865132 -3167.2829412049645725 1783.5090772304370148 8335.4103267623140709 14895
480000000 309.87008180525509715 12930.370292697931291 7045.9956449126038933 -3135.2893040874205326 1800.5574766411932615 8380.7274723588307097 14873
481000000 306.44132672968032693 12787.293966929855742 6873.6555971559428144 -3125.9265119352808142 1726.6103038444280173 8272.9718052467942471 14882
482000000 307.12184774866256021 12815.690992922620353 6951.6593808318084484 -3155.6169807523037889 1770.3532483780345501 8336.9231132060776872 14902
483000000 307.04439339620563487 12812.458949828254845 7034.2299442335670392 -3131.7031361278304757 1764.5235217173235469 8401.4095586440744228 14903
484000000 309.96696934350870833 12934.413250763029282 6916.570237860164525 -3133.7689802673094164 1702.2287095088327078 8348.1105086186416884 14909
485000000 307.49169641144902698 12831.124171028191995 6835.5509507950155239 -3098.1911850863416475 1702.7180940684618236 8231.024041812894211 14896
486000000 306.16605532385489141 12775.807342640158822 6928.9324862643452434 -3050.9238818776334483 1729.8791196398672128 8249.9772485021112516 14873
487000000 308.14239695411089315 12858.276837452971449 7312.4792277483738872 -3012.2848245322702496 1966.0850115357802679 8358.6790407448625047 14852
488000000 312.14174630509995723 13025.163126496681798 6929.3499687570765673 -3131.8253640925340733 1783.9579677025556066 8277.2173651470548066 14900
489000000 308.79871652213512334 12885.663976590303719 6873.2551987194001413 -3159.2174349007646015 1674.3679500738337538 8358.1046835463293974 14928
490000000 308.93678901319646002 12891.425515188213467 6951.4137991527386475 -3166.0293022939586081 1744.4868072903068423 8372.956294156390868 14896
491000000 311.60962054371418617 13002.958391218862744 6808.4378580429547583 -3161.3522352506511197 1646.9170332750695707 8322.8730600185353978 14903
492000000 308.33095858553656399 12866.145205070537486 7085.2551177004261262 -3138.2888964536869025 1744.2047365794946927 8479.3392775746178813 14919
493000000 310.24021418023727392 12945.815309648109178 7152.9426096257066092 -3142.2417922864751745 1809.8227836789556022 8485.3616182332261815 14890
494000000 306.19172788687598086 12776.878616589199737 7298.8726219200734704 -2984.0700650189387488 1881.6421790297567895 8401.3005079092545202 14860
495000000 308.29636094841498561 12864.701502417387019 6889.2208937699324451 -3083.6886063625979659 1672.7897687186468829 8300.1197314138844376 14908
496000000 311.75051619024048932 13008.837735464039724 7036.9139078810458159 -3116.0769710198810571 1734.0045127366222459 8418.9863661643030355 14874
497000000 311.21781441672550272 12986.608964144790662 7006.5915487686470442 -3154.7379426289598996 1884.779124837550853 8276.5503665600554086 14879
498000000 311.18190791463416645 12985.110644703134312 7009.5916284007007562 -3068.0982941402594406 1766.4059397499154329 8311.2839827910429449 14885
