# Steps Temp KinEng PotEng Epair Ebond Eangle Bonds
1000000 307.48811696298764673 12830.974806514586817 10000.299833847710033 -1435.5607947562957634 2866.2481179387223165 8569.6125106652834802 14408
2000000 310.02070855284523532 12936.655699830425874 9649.7736853334463376 -1587.3588694196898814 2715.7937944547611551 8521.3387602983766556 14438
3000000 310.1905658361396263 12943.743565677663355 9365.791412172924538 -1695.8718528204158247 2628.2264949956011151 8433.4367699977392476 14491
4000000 307.46881518536150679 12830.16937499128835 9061.0708293613388378 -1791.5891641260541292 2505.8195472051220349 8346.840446282270932 14525
5000000 309.95099425564865214 12933.746636547532034 9235.1835073330184969 -1823.5436480867683713 2586.6153376149177348 8472.1118178048673144 14563
6000000 312.57785107137300429 13043.361063133444986 9013.7214812538732076 -1927.4853357119236534 2470.1734096252544077 8471.0334073405410891 14556
7000000 311.41195369437735962 12994.710077791422009 8963.6625641147693386 -1997.3638402174469775 2428.0361284215277919 8532.9902759106880694 14577
8000000 310.7525450648813603 12967.194037185274283 9008.3420332848018006 -1968.9322412980709487 2434.0113851898026951 8543.262889393070509 14594
9000000 310.43596387029032257 12953.983623162990625 8593.1671322226975462 -2072.1709192452631214 2216.5698314220107932 8448.7682200459494197 14646
10000000 309.98286287793968086 12935.07646188768922 8589.0069901600472804 -2193.465474487069514 2301.0137003511872535 8481.4587642959304503 14668
11000000 312.30799545809037454 13032.100430984064587 8570.291034601174033 -2179.9011902762031241 2341.821341185741403 8408.3708836916357541 14655
12000000 307.62380625844008364 12836.636898268439836 8578.0550999135757593 -2164.0821057950188333 2267.1095305994040245 8475.0276751091914775 14657
13000000 310.47402158958919927 12955.571709370484314 8487.9304247990330623 -2320.9596315941898865 2248.8004336661019806 8560.0896227271186945 14691
14000000 311.51717161444599924 12999.1006490269192 8392.8006788341954234 -2293.4201849291462167 2236.312221273185969 8449.9086424901561259 14668
15000000 313.85936487020865115 13096.836532135195739 8227.8138296742581588 -2362.3281918683610456 2229.8800497236866249 8360.2619718189325795 14675
16000000 308.05390755201921138 12854.584319836043505 8048.8058040947726113 -2453.1613349295384978 2161.6275435007446504 8340.3395955235664587 14730
17000000 307.5265839799025116 12832.57997204030471 8046.1973288427143416 -2430.3715612715459429 2053.9648426004932844 8422.6040475137670001 14734
18000000 310.32434191830503778 12949.325822178929229 8031.459259380817457 -2485.9215477564598586 2033.9321009017930919 8483.448706235483769 14737
19000000 309.05128779595133892 12896.203361601968936 8135.5887846204177549 -2413.2212979592304691 2137.1464528404385419 8411.6636297392087727 14724
20000000 309.87046503342980941 12930.38628418112603 7850.2464884442524635 -2542.8768630398926689 1962.4350325770658401 8430.6883189070795197 14757
21000000 309.17086699040072517 12901.193205263303753 8043.8394873885563356 -2621.4690009835267119 2200.3421263650584478 8464.966362007024145 14759
22000000 312.13593354285950454 13024.920569461957712 7827.8231928761570089 -2630.5095159624252119 2024.435965218696083 8433.8967436198872747 14751
23000000 306.79035121426937849 12801.8581862331921 7930.5139909052913936 -2690.1104344931472951 2166.5754635559660528 8454.0489618424726359 14750
24000000 309.06342040090584078 12896.709635307914141 7866.5757806296369381 -2581.7736336172520168 2058.7794674562151158 8389.5699467906742939 14762
25000000 310.18627847612202686 12943.564661175871151 7904.3991451606634655 -2580.2594404068522635 2067.203781027684272 8417.4548045398314571 14762
26000000 309.62905861542873254 12920.312790291032798 7977.6832408915524866 -2632.8610795295962816 2162.084011422806725 8448.4603089983429527 14726
27000000 310.37030721396718036 12951.24387857876718 7651.9372353776689124 -2789.8019206188337193 1898.2884376745739701 8543.4507183219284343 14813
28000000 306.23606987469389651 12778.728935015102252 7851.2159353255810856 -2657.7085836497899436 2023.3431861746296363 8485.5813328007425298 14762
29000000 307.2049840923215811 12819.160136190759658 7698.7611595777125331 -2710.7329730460996871 1948.5222263999958159 8460.9719062238145852 14776
30000000 308.9865586399099584 12893.502320083302038 7788.0404565998715043 -2646.6002900862945353 2015.658504257407003 8418.9822424287594913 14746
31000000 308.08061922040758418 12855.698953947814516 7668.1151753761405416 -2849.4278992494164413 2099.4308452244185901 8418.1122294011365739 14819
32000000 310.61048636638548714 12961.266160688941454 7494.8627656822409335 -2795.255901928626372 1945.5034833045974665 8344.6151843062707485 14816
33000000 309.78232526838240801 12926.708356344612184 7720.6768985341923326 -2690.640330486975472 2036.7008230249809912 8374.616405996186586 14789
34000000 310.19876717179710113 12944.08579396355708 7743.7415745121215878 -2650.0420596829426358 1916.8351196975827406 8476.9485144974823925 14818
35000000 309.45108167620696804 12912.886104519075161 7621.6606792101929386 -2658.178516457405749 1952.8604430478455924 8326.978752619752413 14768
36000000 308.72442359543339307 12882.563854607615212 7457.8783935458377528 -2747.341832991708543 1869.5502406286500445 8335.6699859088985249 14821
37000000 309.63221558627321883 12920.4445255065948 7584.0499303265769413 -2801.7389063073078432 1947.2388856759018836 8438.5499509579822188 14808
38000000 310.65750400424388999 12963.228129602672198 7534.5577529698157377 -2781.1320777393088974 1948.3525681227565656 8367.3372625863667054 14786
39000000 310.58222665707040733 12960.086929368255369 7509.7806441623561113 -2749.2993196331276522 1978.562827726132582 8280.5171360693511815 14800
40000000 309.59003734896208471 12918.684496840551219 7506.4898278718528672 -2831.2003706871605573 1938.5144499045470639 8399.1757486544665881 14797
41000000 311.81980009890696692 13011.72883933945559 7452.8113368752719907 -2830.4606259007086919 1968.3549977535162725 8314.9169650224630459 14805
42000000 311.32754643383913162 12991.187901246359615 7425.5509411351558811 -2860.2201401191009609 1877.5653460905064094 8408.2057351637504325 14808
43000000 312.18719185170311903 13027.059494620732949 7397.1519425996721111 -2838.5447982075002074 1958.6654400056729628 8277.0313008015000378 14815
44000000 302.80844587703899151 12635.699807273529586 7408.4506377877460181 -2893.7326588317810092 1952.6737751899379418 8349.5095214295870392 14856
45000000 308.15889240767387491 12858.965165675796015 7433.4245302166655165 -2934.5975438800642223 1952.0071963736711496 8416.0148777230569976 14818
46000000 308.52037694272058843 12874.04932244887641 7244.8043164269438421 -3008.4046853390109391 1820.0928219323441226 8433.1161798336106585 14893
47000000 312.73561036204779384 13049.944099590706173 7401.9972427297598188 -2939.143643864292244 1906.1196900043344158 8435.0211965897178743 14822
48000000 310.35466353780600457 12950.591093629911484 7325.7854783915026928 -2796.289251313420209 1916.9983356675916184 8205.0763940373308287 14793
49000000 311.36499401883122573 12992.750527549918843 7461.0896025347565228 -2800.887084713573131 1910.9698925382601828 8351.0067947100706078 14794
50000000 305.15671685752357689 12733.689303866314731 7307.7105114520854841 -2912.1105801806434101 1824.4593999189851274 8395.3616917137442215 14836
51000000 310.39591384373807159 12952.3124012414155 7394.5880819673948281 -2886.2116687975358218 1934.7758661351724641 8346.0238846297579585 14817
52000000 303.63264527468300003 12670.092296359498505 7203.3121252194223416 -2844.6363100805469912 1825.5483938456341093 8222.4000414543352235 14831
53000000 309.61409279544648143 12919.688291168766227 7451.847165727470383 -2797.8036695936380056 1911.9644552827141979 8337.6863800383944181 14806
54000000 310.6170965324467943 12961.541992077280156 7338.8882662252835871 -2940.7015902592929706 1878.9451363327264062 8400.6447201518512884 14828
55000000 307.63555343320041402 12837.12708860452949 7412.702754413702678 -2928.7751275232476473 1922.8828057099344733 8418.5950762270167615 14842
56000000 309.20701815634890863 12902.701734126430893 7290.2378771011535719 -2903.5869576358118138 1808.8699686949726129 8384.9548660419932276 14852
57000000 306.52247885004027239 12790.680311814066954 7126.7982237761007127 -2907.2762037380443871 1733.3886280819315289 8300.6857994322144805 14853
58000000 312.83091771776571477 13053.921119230262775 7336.9398049518758853 -3018.6960463152386183 1979.3556352015393713 8376.280216065573768 14830
59000000 312.53987014497698738 13041.776181367838944 7137.0223125881720989 -3044.9990890660747027 1837.2843239370881747 8344.7370777171599912 14835
60000000 311.40129626267633967 12994.265360645900728 7256.2729927659729583 -2972.294474282671672 1929.2967917323553593 8299.270675316289271 14839
61000000 308.65703580159140529 12879.751872493987321 7201.2032166821045394 -2980.6135446783041516 1879.3979590377853128 8302.4188023226233781 14855
62000000 310.86300314600293859 12971.80327174706872 7228.0552840574455331 -2955.8315988984181786 1877.2228786329624199 8306.6640043228999275 14838
63000000 310.40644831950316984 12952.75198763739354 7152.7017081564754335 -3035.6616617676754686 1821.3796513020899965 8366.9837186220611329 14852
64000000 307.66257807676026914 12838.25478265689344 7362.8195140977350093 -2845.6062438357439532 1876.2377533995036174 8332.1880045339748904 14830
65000000 311.38689541012712425 12993.664436688004571 7029.2113852737948037 -3031.5502952755368824 1740.818117962096494 8319.9435625872356468 14866
66000000 310.03808051735910567 12937.380603417655948 7344.0729560120198585 -2959.5809257168066324 1933.2063850014903892 8370.4474967273363291 14850
67000000 308.7754787866418269 12884.694304000611737 7277.5179843622427143 -2993.2962106021868749 1837.0055367294369262 8433.8086582349915261 14861
68000000 311.16007996885923603 12984.199800326179684 7053.6508745013879889 -3065.9419458507663876 1703.611279828121269 8415.9815405240333348 14900
69000000 308.18326267894479997 12859.982097126005101 7178.7690839443093864 -2885.1474661849765653 1802.9833832189874556 8260.9331669102975866 14855
70000000 311.37656551721494225 12993.233387198939454 7108.3042282568976589 -3019.7351177781902152 1747.9733708546170874 8380.0659751804723783 14891
71000000 310.1759530631245525 12943.133798626300631 7353.7627719614865782 -2916.8764529597219735 1928.2924633415368589 8342.3467615796744212 14829
72000000 305.11510733262196027 12731.953006636371356 7102.0128624018707342 -3016.4677706862130435 1838.6536827411400736 8279.8269503469455231 14874
73000000 315.77947356976687843 13176.959518978186679 7030.8783105599904957 -2998.050050899285452 1754.9110315991335938 8274.0173298601439456 14886
74000000 313.41741987688806148 13078.394892402353435 7237.3397027466853615 -3047.2930664261234597 1900.2547996688545027 8384.3779695039556827 14837
75000000 304.04535486311561954 12687.313990595648647 7229.6955933246035784 -3016.2682142320390994 1796.7326224396956604 8449.2311851169470174 14893
76000000 308.30919446307314047 12865.237023935695106 7129.6531854542918154 -2969.8910654600845191 1711.9735062039437707 8387.5707447104323364 14860
77000000 308.81039495653749327 12886.151298503997168 7138.9053433698227309 -3059.4610707528363491 1874.4132053014716348 8323.9532088211890368 14840
78000000 308.97922684142861272 12893.196376157631676 7275.7739409412279201 -2959.1701120548641484 1863.6648061775367751 8371.2792468185543839 14833
79000000 307.91067457040963973 12848.607442431328309 7226.0306279766900843 -3023.9457267039229009 1896.3469408414839563 8353.6294138391276647 14854
80000000 306.83469619450772825 12803.70862952788957 7282.1756841911974334 -3023.5846750038585924 1935.330585074095552 8370.4297741209611559 14847
81000000 311.38518931510100174 12993.593244140747629 7420.2515915636295176 -2918.6724664388125348 1928.5323903757209791 8410.3916676267199364 14812
82000000 307.30549443250487229 12823.354267838589294 7327.5780499285156111 -2945.4786077302505873 1892.7264607038007398 8380.3301969549665955 14836
83000000 305.81583571202583016 12761.193252637236583 7056.9980091682982675 -2973.6068011021370694 1733.6817928067737284 8296.923017463661381 14877
84000000 312.05194184661996815 13021.415733733505476 7315.9791787024387304 -2915.5255517794184925 1846.2832497193248855 8385.2214807625332469 14846
85000000 310.09920242292224657 12939.931120290153558 7242.1289744748219164 -3068.2839976421846586 1891.3953366775244831 8419.0176354394825466 14855
86000000 309.34660990835402572 12908.526668991769839 7031.4793859605924808 -3002.036818159658651 1685.6462371770128357 8347.8699669432389783 14886
87000000 314.37580781976470234 13118.386849396898469 7196.8651020914749097 -2945.2138172146533179 1846.5622373068511024 8295.5166819992773526 14874
88000000 307.89431011559548779 12847.924580571441766 7041.8563465061497482 -3035.6768940181573271 1853.9042806104703232 8223.6289599138381163 14875
89000000 311.72612034491504573 13007.819736850478876 7194.9278917821966388 -3000.7855320022899832 1846.2466794611111709 8349.4667443233756785 14868
90000000 308.57339163071151233 12876.261538428814674 7140.7485894792953331 -3018.6129433900937329 1810.9239318126101352 8348.4376010567793855 14861
91000000 303.76650766799644998 12675.678154483412072 7166.6852115238543774 -3046.7967845345792739 1793.2201832494979499 8420.2618128089361562 14864
92000000 309.27605898124642181 12905.582694514852847 7011.2027634617061267 -3111.2749916677989859 1870.1878342564937157 8252.2899208730123064 14882
93000000 308.60920774747324913 12877.75608623890912 7242.3786431337548493 -3024.9626304163994064 1873.7887282551944281 8393.5525452949605096 14851
94000000 310.88749855663144217 12972.82542505742822 7169.6013704348870306 -2949.6776613311926667 1866.0125935416740504 8253.2664382244056469 14866
95000000 307.89774069937465129 12848.067733206011326 7336.0010539069635342 -2975.771409601195046 1967.6612620992223128 8344.1112014089376316 14853
96000000 310.51312034493622605 12957.203236304854727 7344.8253880708080032 -2870.7219308029534659 1815.6171743376444283 8399.9301445361161313 14839
97000000 313.0372435946237033 13062.530759674402361 7508.0473705208141837 -2835.8595514482180988 2027.2606543203548881 8316.646267648678986 14807
98000000 310.53056156274487876 12957.931029718492937 7331.3174096765678769 -2890.1483630765942507 1784.3123989899481785 8437.1533737632144039 14850
99000000 307.83174315615298156 12845.313763970603759 7255.6304622537927571 -2956.3804207009984566 1911.5096796265293051 8300.5012033282619086 14852
100000000 311.2530723578442462 12988.080220200772601 7433.2901951260437272 -2952.6974024487185488 1909.6484397443125545 8476.3391578304508585 14841
101000000 309.08735811137444216 12897.708516705288275 7355.2777701921768312 -2895.0660817239418066 1896.1253850073553622 8354.2184669087637303 14842
102000000 310.48397316183496741 12955.986972158625576 7356.6518296727099369 -2928.1012638318488825 1994.5803900878747754 8290.1727034166833619 14815
103000000 308.00746473048531016 12852.646337064772524 7169.2852003377774963 -2974.2069126129881624 1768.0864699768217179 8375.4056429739430314 14852
104000000 306.66346930450140462 12796.563612238869609 7343.1844553392656962 -2889.2251528952510853 1859.1570290177123752 8373.2525792168053158 14847
105000000 308.63609221790204629 12878.877931096412794 7251.2137720364116831 -2945.1643260266246216 1857.5322232795049331 8338.8458747835302347 14856
106000000 310.00835069835119384 12936.140026830631541 7283.7634129466750892 -2931.6980171737609453 1882.6907992151318467 8332.7706309053046425 14855
107000000 311.83829121068140466 13012.500443106346211 7305.848724102930646 -3007.7714472356587976 1942.0004904601357794 8371.6196808784534369 14832
108000000 309.42204609286511641 12911.674497247771797 7192.4890483541985304 -2971.1287393182119558 1811.2940562565102027 8352.3237314159014204 14825
109000000 308.98667887837910939 12893.507337437415117 7102.1317552890541265 -3021.882111343368706 1859.1430740765717928 8264.8707925558519491 14868
110000000 310.77547734509818156 12968.150963627260353 7183.5489662952932122 -3123.5924822102406324 1895.1869029419890467 8411.9545455635452527 14890
111000000 313.16202235619931571 13067.737572744052159 7124.2956840711212863 -2973.670013747703706 1760.3210182698144308 8337.6446795490119257 14871
112000000 309.97238358858879792 12934.639178330264258 6998.2786468627755312 -3040.9106572659834455 1748.0742369452395906 8291.1150671835184767 14886
113000000 311.52361700046463966 12999.36960441433439 7196.1592329786217306 -3043.4258552805008549 1878.4898428854373833 8361.09524537368452 14870
114000000 306.87035080031699863 12805.196437750833866 7083.930539375744047 -3033.2828270761174281 1809.2087872932918344 8308.0045791585689585 14866
115000000 311.10589586581119192 12981.938786573877223 7008.1928630392694686 -3084.3389364169520377 1751.8427371069653873 8340.6890623492545274 14890
116000000 309.15190508783967971 12900.401956169038385 7156.3152097569200123 -3002.8027533063623196 1871.5989938567527133 8287.518969206528709 14836
117000000 307.9068933583615717 12848.449658654166342 7098.0886410411994802 -3118.2789912470025229 1829.4546516263517333 8386.9129806618511793 14849
118000000 309.08524023657804491 12897.620141263583719 7056.3648458081934223 -3091.0514138217208711 1822.84904384528636 8324.5672157846274786 14907
119000000 312.049678314239884 13021.321280239728367 7279.2092695177216228 -2995.24634409764667 1886.5787349887993969 8387.8768786265682138 14820
120000000 309.48767274772774272 12914.412989920254404 7076.9029380736074017 -3063.4467703304885617 1820.154003098272824 8320.1957053058231395 14869
121000000 311.3343512253852623 12991.471854036972218 7243.2448034228909819 -2991.6165611220594656 1929.6907657011161064 8305.1705988438334316 14845
122000000 309.24385328834654274 12904.238803771022503 7316.1787226705737339 -2872.8629273946262401 1910.0764633946105278 8278.965186670589901 14816
123000000 310.70865198893960724 12965.362451115701333 7032.43281763691175 -3073.2460880689441183 1769.1056159935390042 8336.573289712316182 14873
124000000 313.21040880785466243 13069.756660012524662 7074.7221726060051878 -2961.7949987417641751 1724.6366854648210847 8311.8804858829498698 14891
125000000 307.35850362799163804 12825.566254625337024 6898.5721058175840881 -3035.8275532746397403 1727.9292748052416755 8206.4703842869803339 14889
126000000 311.687580176641859 13006.211518838556003 7117.8291673884432385 -3021.5048489959490325 1816.7882213675766252 8322.5457950168165553 14866
127000000 307.91204753086174151 12848.664733819188768 7133.9368025053754536 -3005.7809762889405647 1758.5556570477231162 8381.1621217465944937 14872
128000000 309.55213697488682101 12917.102976391175616 7068.6478109670479171 -3067.1420444002901604 1852.6590164737690429 8283.1308388935685798 14875
129000000 309.43539297107957964 12912.231440585312157 7124.9000051969433116 -3039.4878888910839123 1803.1319813610739402 8361.2559127269523742 14868
130000000 307.67889519009190735 12838.935669034361126 7047.2090101233570749 -3100.5090896271372003 1776.949478947978605 8370.7686208025152155 14886
131000000 306.70868752200095742 12798.450494292272197 7142.1309669389574992 -3044.5184652785105754 1785.01870625985066 8401.6307259576169599 14847
132000000 309.83187142528481672 12928.775836210999842 7068.9006648245958786 -3043.1577790410560738 1864.9122125114292885 8247.146231354221527 14871
133000000 308.81514327082339832 12886.349437871389455 7074.6503634784494352 -2966.2934743330433776 1809.5055469293013175 8231.4382908821917226 14855
134000000 310.00966681273553149 12936.194946125317074 6958.0056447451888744 -3125.380171060091925 1676.7561302264816732 8406.6296855787986715 14876
135000000 310.48649867158968618 12956.092357538576834 7409.2420965352548592 -2933.4427625621410698 1854.2319088037320398 8488.4529502936657082 14854
136000000 312.95913496001043086 13059.27141445874804 7338.4338414170269971 -2959.9177345592879647 1853.4659522467313764 8444.8856237295804021 14850
137000000 313.51697057866402929 13082.548979913357471 7137.2867682749383675 -2980.8605796815982103 1810.2615886770740872 8307.8857592794629454 14831
138000000 313.64065101924518331 13087.709961849275714 7024.4225388761478825 -3051.0407413258571978 1737.1109965129528518 8338.3522836890515464 14878
139000000 310.28880230042466337 12947.842812213664729 7237.2721454883567276 -3004.133737411108541 1881.7844449578205968 8359.6214379416451266 14875
140000000 311.25125819834323693 12988.00451830021666 7103.9348136400349176 -3093.1892599018055989 1858.9295565952088509 8338.1945169466325751 14840
141000000 311.03183599889314337 12978.848389793718525 7151.1912517234286497 -2978.2041395755472877 1815.8456417523848359 8313.5497495465897373 14855
142000000 311.17986186333672549 12985.025266338241636 7373.5043363067106839 -2942.0335426498268134 1941.8202578263321811 8373.7176211302066804 14832
143000000 310.47663088471983883 12955.680590976753592 7222.0802729769202415 -2977.8367846903320242 1807.3928294111717605 8392.5242282560830063 14856
144000000 310.58222450817589788 12960.086839698413314 7166.368316838615101 -2986.1391919895750107 1884.1825831093628949 8268.3249257188290358 14854
145000000 307.52593507281733309 12832.552894211918101 6801.0931347850264501 -3149.2683102175433305 1713.2818424607844463 8237.0796025417857891 14915
146000000 310.93339907493515284 12974.740778404340745 7013.775358210311424 -3078.5422440655497667 1788.4186660510804359 8303.8989362247812096 14863
147000000 304.67411696514284358 12713.55120187420107 7080.6087482695274957 -3053.9187763233526312 1845.8021855069200683 8288.7253390859605133 14863
148000000 311.66613417455459967 13005.316612345259273 6995.4940005443204427 -3041.4125653443370538 1767.1329220403069939 8269.7736438483498205 14896
149000000 308.24628234177288277 12862.611804296639093 7393.4449316371510577 -2924.9821860282263515 1935.7531881246281955 8382.6739295407496684 14850
150000000 305.94108087602143087 12766.419527914920764 7089.7997725063323742 -2998.3014915499879862 1771.6048263688346651 8316.4964376874850132 14877
151000000 309.41447770057942535 12911.358680650686438 7288.1625101786576124 -2950.9762979859151528 1884.0338451615943995 8355.1049630029774562 14850
152000000 309.85616978589553128 12929.78976694730045 6943.7447445300767868 -3061.4977052964577524 1702.1359625139343734 8303.106487312599711 14882
153000000 314.96966172343934431 13143.167398811485327 7119.4154034919738478 -3004.4905555635118617 1790.3810277720190243 8333.5249312834675948 14875
154000000 307.4838536617015734 12830.7969059442039 6928.1564872441540501 -2995.9180738743830261 1661.3076660640037971 8262.7668950545321422 14878
155000000 308.49716196305337235 12873.080599422484738 7104.3940516328566446 -3057.029521038677558 1839.8290293642421602 8321.5945433072902233 14854
156000000 309.0300888854698087 12895.318765836122111 7260.2325433162477566 -2910.627940015344393 1791.2685375717842362 8379.5919457598101872 14866
157000000 308.80446945204772646 12885.904036920117505 7084.8599360840871668 -2994.4718876568795167 1788.5945075590752822 8290.7373161818923109 14901
158000000 310.67861952035235618 12964.109245458108489 7029.6241455592971761 -3066.1054257883724858 1816.9978091584366666 8278.7317621892325405 14890
159000000 307.93486461781435537 12849.616853435187295 7011.3623065213096197 -3104.4445840674052306 1877.0398299438061258 8238.7670606449064508 14868
160000000 312.19626071345436458 13027.437923347681135 6971.6267425362893846 -3026.4951967593274276 1679.5604083694743167 8318.5615309261411312 14907
161000000 311.18793050200758898 12985.361957396520665 7147.0904810713209372 -3063.7269344278611243 1854.6382228106540424 8356.1791926885271096 14874
162000000 312.34126949678159235 13033.488902045564828 7206.1191279710055824 -2912.6023277557023903 1777.8738966681894453 8340.8475590585185273 14856
163000000 309.85211372093891669 12929.620514009053295 7116.5605487182428988 -3010.5208877983859566 1788.7770120228460655 8338.3044244937809708 14869
164000000 307.73128781326835224 12841.121927269845401 7062.6721934572797181 -3148.9692515864062443 1875.3402747645823183 8336.3011702791045536 14865
165000000 309.88823347315104684 12931.127732028497121 7176.4571433456867453 -3054.2108907325618929 1899.3288886694767825 8331.3391454087723105 14844
166000000 308.01791985464086565 12853.082612248228543 7020.5307875057933416 -3049.5981741036353014 1765.9555105876438574 8304.1734510217847856 14897
167000000 311.19535721335694234 12985.671861880506185 7122.6151512717715377 -2981.0366309143928447 1858.4417810523145818 8245.2100011338498007 14895
168000000 306.89760750986562243 12806.333815536294424 7298.9540878671359678 -2970.4288505200775035 1833.8427962912942348 8435.5401420959187817 14847
169000000 306.7208617975813354 12798.958506845090596 7302.3822327811358264 -2969.7230461242952515 1897.6656356185558252 8374.4396432868761622 14841
170000000 311.70555386713795087 13006.961531464128711 6911.0461440625877003 -3094.3818452239911494 1743.9666966273437083 8261.4612926592344593 14880
171000000 308.89195962931029271 12889.554858523766598 7304.3504790166316525 -3034.4270327090043793 1893.8370963888226015 8444.9404153368141124 14846
172000000 307.27269732981829975 12821.985698534335825 7174.9510055852315418 -3022.4474236624846526 1884.2681280113908997 8313.1303012363241578 14882
173000000 309.11303809386316743 12898.780100256546575 7090.2889764384553928 -3123.9460504654516626 1759.6555003788450904 8454.5795265250635566 14870
174000000 310.52089755707623908 12957.527766611972766 6995.2702609144671442 -3101.915699051496631 1767.539037114153416 8329.6469228518108139 14892
175000000 306.41147754380676815 12786.048409359300422 7082.6921547352721973 -3029.3491376888905506 1853.6680077020089357 8258.3732847221544944 14873
176000000 309.73636053491856046 12924.790323404387891 6908.1343637312002102 -3116.5495106415064583 1719.6596962467806406 8305.0241781259246636 14890
177000000 308.96813992132769044 12892.733737165590355 7105.0705309923387176 -3047.3563704105613397 1811.3117371808116332 8341.1151642220884241 14900
178000000 308.05801963101720276 12854.755910148367548 7389.2810272032693319 -2982.360473354727219 1967.3528230424408321 8404.2886775155566284 14861
179000000 309.34706219428403529 12908.545542141830083 7104.0235080549146005 -3000.1053686824870965 1831.2507738903959762 8272.8781028470057208 14869
180000000 305.75360475397525306 12758.596456823406697 7179.173482975474144 -3015.4362649013833106 1798.6912616735082793 8395.918486203348948 14860
181000000 311.79664355315782132 13010.762554664628624 7343.5948758159365752 -2930.7068890101804755 1927.9009684476868642 8346.4007963784297317 14841
182000000 307.74625809898941498 12841.746612740069395 7261.1064791828830494 -2966.6956187249870709 1882.6761074631899646 8345.1259904446797009 14844
183000000 311.63041693001986232 13003.826190311036044 7079.9416867310119414 -3045.8602663914202822 1783.4822937587903198 8342.3196593636421312 14839
184000000 308.92373763117007002 12890.880902421953579 7254.1961001796935307 -3016.6251331800285698 1889.158952880672814 8381.6622804790495138 14859
185000000 311.51914220039259362 12999.182878346491634 7052.6392961955361898 -3096.7913277442598883 1792.0045911766671907 8357.4260327631291148 14879
186000000 306.34192919183345793 12783.146270698405715 7005.2676738431755439 -3049.4519644793372208 1754.2796819903319374 8300.4399563321803726 14901
187000000 307.26588312779711032 12821.701353060032488 6937.6738000122368248 -3097.6061410931911269 1769.1445315948185453 8266.1354095106107707 14853
188000000 309.88866423712755704 12931.145707102736196 7171.7170688421756495 -2953.2257218620129606 1879.6551841006537416 8245.2876066035350959 14882
189000000 308.78822513020406859 12885.226188012058628 7062.7247305910277646 -3063.7498986850096117 1786.2075334835340072 8340.2670957925038238 14872
190000000 311.46121023339145495 12996.765472378336199 7233.2570915957639954 -2980.1773654139360588 1916.8426693011913358 8296.5917877085084911 14836
191000000 311.56526747384793907 13001.107610357259546 7129.462106854405647 -3021.5134540272269987 1769.9765230976563544 8380.9990377839767461 14865
192000000 308.93126070626385626 12891.194828006946409 7174.3937994972420711 -2999.6773938103474393 1836.1859365400368915 8337.8852567675530736 14870
193000000 305.5555126417737597 12750.330397874102346 7007.2042398340954605 -3030.3480272363185577 1688.9505447373987863 8348.6017223330145498 14871
194000000 312.82842924070752133 13053.817279164000865 7026.9218310183778158 -3112.5483395768010269 1760.528188015361593 8378.9419825798177044 14860
195000000 309.12584805407942667 12899.314638886626199 7128.0000964616556303 -3105.5552492024257845 1860.143208697150385 8373.4121369669301203 14854
196000000 310.25500557702048354 12946.432530376354407 6828.6690186725581952 -3193.3070341720076613 1736.5634874964923711 8285.4125653480732581 14908
197000000 311.9145987674501157 13015.684632297512508 7061.3586778823591885 -3123.7388975406397549 1825.4968020929545673 8359.6007733300448308 14899
198000000 311.04911850504186077 12979.569560430092679 6922.8678321604056691 -3138.5096015501421789 1762.8747428363612926 8298.5026908741874649 14918
199000000 312.92300986346862146 13057.763973429191537 7181.8306676910415263 -3079.5925812069599488 1861.6261453637471277 8399.7971035342525283 14858
200000000 310.1248665783192564 12941.002043402831987 7091.9622010730136026 -3076.7304778601101134 1879.9765134190342906 8288.7161655140898802 14872
201000000 311.18569742495134278 12985.268774753456455 7039.506610918539991 -3044.557719498993265 1820.6624564309954621 8263.4018739865368843 14888
202000000 306.40718347291704049 12785.869224823822151 7034.8574207628425938 -3018.6969207229949461 1734.6446230086717151 8318.9097184771671891 14876
203000000 309.62616153555035226 12920.191899899238706 6963.3725868440878912 -3124.8179123333820826 1826.6181477704935787 8261.5723514069759403 14885
204000000 312.09167405360705061 13023.07369356588606 7146.2382324292429985 -3131.5103157353778442 1824.3118071105177478 8453.4367410541017307 14879
205000000 311.21346282039132802 12986.427379166862011 7180.3440021988226363 -3096.9890255889076798 1832.482544132954672 8444.8504836547763261 14862
206000000 308.75473625211850504 12883.828752054992947 7028.3727860671151575 -3083.4535037768255279 1832.3417307701322443 8279.484559073807759 14861
207000000 311.05592209539224768 12979.853463096776977 6751.8661787419014217 -3226.3577250206722056 1686.2231361216227015 8292.0007676409513806 14903
208000000 304.67596711843918911 12713.628405736802961 6932.5013813137938996 -3053.9578650903931702 1788.0000755931237109 8198.4591708110638137 14867
209000000 311.73209458791075122 13008.069032212273669 6777.423712513067585 -3026.1901542725991021 1691.4312854997876912 8112.182581285879678 14909
210000000 308.00282344797659562 12852.452663957898039 6874.9190572036086451 -3210.3238863082306125 1739.9870440356849031 8345.2558994761548092 14914
211000000 310.99083088947691067 12977.137313830671701 7035.6771769240840513 -3085.7179595455945673 1871.6932667462954214 8249.7018697233816056 14859
212000000 313.49358358616427722 13081.573079073585177 6971.2903127852141552 -3082.5470524453576218 1735.5519824444381811 8318.2853827861326863 14907
213000000 309.22711809209329203 12903.540471478938343 6791.3493914316895825 -3226.4122652063642818 1788.9710706079113152 8228.7905860301416396 14907
214000000 309.11852600563452143 12899.009101813984671 6825.9840355364576681 -3204.4500687354816364 1715.4238968952240612 8315.010207376715698 14907
215000000 311.42635315485239289 12995.310943660346311 6837.1430486051558546 -3157.16418079829009 1669.9464542736236581 8324.3607751298222865 14914
216000000 305.70180057340621715 12756.434753332818218 6851.0835189780573273 -3069.6633290908462186 1756.9657105161115851 8163.7811375527917335 14895
217000000 314.64827965147497935 13129.756652050378761 6941.3451466867054478 -3191.579990408831236 1815.3201540925761037 8317.6049830029605801 14875
218000000 311.60364189336468144 13002.708911945421278 6765.1030877788653015 -3117.5852783716759404 1724.2168079034463517 8158.4715582470944355 14893
219000000 309.60945732392929131 12919.494860545037227 7045.1983854431546206 -3128.684565698440565 1825.4584037585589158 8348.4245473830360424 14871
220000000 310.88850547930735502 12972.867442289229075 6807.1278066567265341 -3205.0934001017608352 1743.5563607025778765 8268.6648460559099476 14892
221000000 309.3405690695432213 12908.274594695834821 7008.716020459955871 -3147.9068704633582456 1813.8394181218450285 8342.7834728014677239 14873
222000000 310.06971627504793787 12938.700711699886597 6724.0378229912621464 -3222.7228097875263302 1674.4211310888199478 8272.3395016899685288 14936
223000000 305.56319341665198408 12750.650904012454703 6940.4676660925542819 -3123.8930241454099814 1759.6280879624105182 8304.7326022755532904 14895
224000000 310.5277592872513992 12957.814095358189661 6903.4655021435601157 -3129.7897776467875701 1735.5050128341931668 8297.7502669561527 14913
225000000 307.26219754009889584 12821.547559530155922 6887.0125086845819169 -3173.9188674278229882 1716.3491945884688903 8344.5821815239360149 14909
226000000 311.47902069597614627 12997.508673770877067 6707.350308727052834 -3246.5173339784469135 1783.4546726702451451 8170.4129700352532382 14897
227000000 310.09065725433549687 12939.57454442004564 6940.8947792333719917 -3212.3857982734230063 1809.6997293529309445 8343.5808481538624619 14925
228000000 312.50778655358169544 13040.437385719533268 6772.353007341558623 -3281.3434795539328661 1758.6966702978902504 8294.9998165976030577 14915
229000000 308.80336745560691725 12885.858052416038845 7019.2393562593788374 -3053.4048562308953478 1802.4003791778895902 8270.243833312386414 14890
230000000 308.62116813262707637 12878.255173495030249 7252.8233893263450227 -2995.5526435382707859 1839.2161164114136227 8409.1599164532017312 14850
231000000 310.58928564687261087 12960.38148943518172 7065.4880468629917232 -3055.0870169082968459 1887.273830312534983 8233.301233458754723 14860
232000000 311.59420283417443898 13002.31503548650835 6917.4957603430302697 -3106.8780641914408989 1801.4809308835738193 8222.8928936508964398 14879
233000000 311.76888152212353589 13009.604090642353185 6985.1239221320765864 -3104.1980481998634787 1773.1844053133468151 8316.1375650185927952 14882
234000000 311.22946620190828071 12987.095174030258931 6929.036190651859215 -3029.0103962730900093 1707.446065776350224 8250.6005211485971813 14885
235000000 308.18534551094001017 12860.069010289091239 6979.5781315731201175 -3187.4643491702731808 1791.8006424844545563 8375.2418382589385146 14876
236000000 308.41819682040045336 12869.785513531101969 6861.7191323503666354 -3126.1805983761532843 1784.0317077545964821 8203.8680229719229828 14918
237000000 310.632844830337433 12962.199142719315205 6885.4750435319811004 -3127.5444545849859423 1784.3817832112854376 8228.6377149056825147 14865
238000000 310.9228144176523756 12974.299098015932032 6816.7721559043311572 -3117.5811578777374962 1687.3157372054281495 8247.0375765766402765 14905
239000000 309.61798949465929809 12919.850894035900637 6932.0218445079790399 -3163.7983409472349194 1862.2068965748517257 8233.6132888803622336 14907
240000000 312.95899743855915176 13059.2656759141355 6931.8033140812258353 -3219.4979192084247188 1742.9607605541318662 8408.3404727355191426 14909
241000000 310.43023036236365897 12953.744373280793297 6997.3496679415875406 -3117.0801187991937695 1862.2389802163440891 8252.1908065244369936 14909
242000000 307.81967367662434754 12844.810124385148811 6916.7904119706636266 -3161.8394428568499279 1751.1977596718879795 8327.432095155625575 14900
243000000 307.91332347197328545 12848.717976749088848 6874.6704081168836638 -3209.3943402426257308 1750.1217519170559171 8333.9429964424543869 14903
244000000 310.11403563674116413 12940.55008597471533 7040.0338877721942481 -3012.2513890518766857 1752.821274104565191 8299.4640027195055154 14904
245000000 307.75910771773862962 12842.2828062556855 6873.4764460656670053 -3190.9431368670202573 1715.316253684969297 8349.1033292477186478 14895
246000000 309.50609236188739715 12915.181610208941493 6970.4050889578584247 -3198.6613325320968215 1818.5896288300209562 8350.47679265993429 14883
247000000 312.41110592133594537 13036.403061502795026 6970.6165024867532338 -3068.7223475858313577 1795.9935324597877297 8243.3453176127968618 14880
248000000 310.66498995349559209 12963.540505987164579 7226.812707529965337 -2982.9695154861669835 1814.4985831826436424 8395.2836398334893602 14871
249000000 308.99949654192249682 12894.042197514701911 6914.2104160137641884 -3156.6704085367450716 1791.0528657651291269 8279.82795878538127 14876
250000000 313.51470373606036901 13082.454388289379494 7089.0740398498410286 -3021.8406058810505783 1800.3846352925183965 8310.5300104383732105 14853
251000000 310.36560545265848532 12951.047681790761999 7080.1635031685464128 -3102.8757913561930764 1839.5337063465240135 8343.5055881782154756 14873
252000000 313.43629389241510808 13079.182474114833894 6901.1575711417317507 -3134.7209045484969465 1712.0633714217158285 8323.815104268513096 14915
253000000 312.67402303567268973 13047.374161471067055 6967.0019700319207914 -3136.7132889413683188 1804.7510308623047877 8298.9642281109845499 14876
254000000 309.31497906807999243 12907.206765905193606 6863.2088871249179647 -3167.6913871614165146 1774.6578723309214638 8256.2424019554127881 14908
255000000 309.60970786964799117 12919.50531540695556 6674.7645155054851784 -3269.9023346589442554 1746.4671593480411502 8198.1996908163873741 14912
256000000 310.57915818816269393 12959.958887193364717 6776.4509517529177174 -3289.0711873781783652 1815.6377044048231255 8249.8844347262729571 14905
257000000 310.35579593293755352 12950.638346621499295 6875.4442077888461426 -3155.9984653270084891 1742.2562298654183905 8289.1864432504371507 14885
258000000 310.95460118823888251 12975.625507818705955 6907.9434163368505324 -3170.0086342445938499 1772.3354491795321337 8305.6166014019127033 14910
259000000 309.87067020796075667 12930.394845777793307 6685.57821300125579 -3121.5339241063229565 1590.1662393568681182 8216.9458977507110831 14936
260000000 307.98552450971516237 12851.730807636409736 6811.4290433394508 -3221.666447857782714 1686.4411652976964433 8346.6543258995370707 14934
261000000 308.50545075035097398 12873.426476921889844 6836.3855086685616698 -3210.0029303180417628 1819.2178807798800335 8227.1705582067224896 14898
262000000 311.73476002297161358 13008.18025644575755 6789.4060669772279653 -3196.3470426745789155 1700.6295553168024526 8285.1235543350048829 14873
263000000 308.07324032887987642 12855.391044906556999 6962.6569260604064766 -3170.8380730213184506 1755.6387598687183527 8377.8562392130079388 14903
264000000 304.66549602610388092 12713.191464227393226 6753.8489091642823041 -3246.2359624058090048 1693.5764221514809833 8306.5084494186103257 14914
265000000 307.7147505910355676 12840.431856108936699 6768.7971271043170418 -3200.3364838231887006 1741.9304398751710323 8227.2031710523351649 14878
266000000 310.67383135531127891 12963.909443184062184 6683.9587362859920177 -3231.8628222368770366 1692.0303945234286402 8223.7911639994399593 14914
267000000 308.75759560601761677 12883.948068203548246 6876.4379965521184204 -3196.432721265672626 1758.5037563604541901 8314.366961457337311 14902
268000000 314.85402725883784569 13138.34216225691307 6728.6620189660688993 -3217.9856958493210186 1686.6588412611968124 8259.9888735541917413 14928
269000000 311.38366205799951558 12993.529514206771637 6957.7725939304891654 -3168.6801983199975439 1810.1347896513416345 8316.3180025991441653 14921
270000000 311.29600713306115267 12989.871817952818674 7049.0565143943713338 -3049.9588907084325911 1792.352648022565063 8306.6627570802374976 14890
271000000 310.0400644637344385 12937.463390246008203 6866.9575372379113105 -3159.174566835688438 1660.7946396591887606 8365.3374644144096237 14921
272000000 311.20663529654825652 12986.142477794781371 6785.0722675239294404 -3195.5991220704545412 1656.6345849325248309 8324.0368046618586959 14917
273000000 310.45797888145312982 12954.902273471772787 6751.0819650874182116 -3249.4300351859983493 1700.0285847281277256 8300.4834155452881532 14926
274000000 308.79817392184310165 12885.641334770041794 6846.4019563235633541 -3200.939129365421195 1688.1669704036185067 8359.1741152853664971 14925
275000000 309.26021783898374906 12904.921669629447933 6572.3502737774069828 -3305.3785975648947897 1647.2445312025347448 8230.484340139766573 14946
276000000 307.90497344130665169 12848.369543664341109 6657.9740134224493886 -3251.1794059259091227 1650.1456931028242252 8259.0077262455342861 14948
277000000 308.05950658370647943 12854.817958245324917 6862.6091825319999771 -3155.3220549344373467 1727.3754974557805326 8290.5557400106572459 14913
278000000 311.32760374153349403 12991.190292602454065 6753.0156747993823956 -3207.3104310710236859 1673.5166947053608055 8286.8094111650443665 14920
279000000 312.79846326822206493 13052.566848279675469 6904.116146988932087 -3223.3177142523445582 1846.7142289675102802 8280.7196322737654555 14899
280000000 307.76947192183240531 12842.715287494083896 6679.4774240233646196 -3259.9278732193974975 1647.1121430339246672 8292.2931542088372225 14918
281000000 312.25379697752879338 13029.838817281703086 6850.9339406243234407 -3179.1710096615770453 1699.7587393193689422 8330.3462109665306343 14923
282000000 310.40934527967726808 12952.872873034124495 6873.1000012521453755 -3186.8674457430142866 1787.6126993417703943 8272.3547476533894951 14926
283000000 309.82719403633217325 12928.580656441439714 6698.6642200186379341 -3230.335217457015915 1643.1353892918011752 8285.8640481838538108 14924
284000000 311.55613290928795323 13000.726439959862546 6728.612531573783599 -3238.1415015694301474 1526.9138759920895154 8439.8401571511240036 14955
285000000 311.37553332781465087 12993.190315628169628 6813.5650763725043362 -3198.7909815209141016 1631.6920910049611848 8380.6639668884563434 14957
286000000 310.69809907188800935 12964.922095195082875 6718.9149828911749864 -3242.264802970078108 1678.656150823455846 8282.523635037796339 14911
287000000 308.24517204561936978 12862.565473459160785 6850.1037149532712647 -3237.3842178102272555 1721.7536342674338812 8365.7342984960669128 14927
288000000 310.33882233802302153 12949.930066344279112 6696.2290225733704574 -3264.8772680680658596 1618.2939234242624025 8342.8123672171750513 14934
289000000 307.73491441521713341 12841.273259421142939 6850.5194487240496528 -3175.2247708382751625 1718.9150370115066835 8306.8291825508167676 14931
290000000 307.67726713707151021 12838.86773305200586 6902.964739675855526 -3275.6858357037153837 1797.6898963057387846 8380.9606790738325799 14920
291000000 313.33527389653045248 13074.967075370477687 6782.1472336564320358 -3269.2574595374435376 1678.6240926770099122 8372.7806005168640695 14920
292000000 311.02718502797495148 12978.654312405406017 6749.8358541787547438 -3387.387265023978216 1636.174472791824428 8501.0486464109089866 14936
293000000 311.32727313046967765 12991.176496744999895 6729.6464114434647854 -3241.358603879486509 1704.5849919267925543 8266.4200233961582853 14946
294000000 311.2905801144586917 12989.645357367444376 6650.7653570334841788 -3308.8312374349020502 1667.1204125113690679 8292.4761819570176158 14915
295000000 310.93559196423115054 12974.832284078082012 6647.7373907378278091 -3296.1121988459581189 1703.2626668571065238 8240.5869227266794041 14912
296000000 310.12757827938679611 12941.115198240891914 6760.8295538562742877 -3285.0608988334715832 1778.9815736218843085 8266.9088790678615624 14940
297000000 308.64917213367471049 12879.423734529103967 6798.2738409874109493 -3216.305390807958247 1697.5325284032501258 8317.0467033921195252 14926
298000000 310.93639281825153375 12974.865702402863462 6839.6535756806897552 -3252.0013661575835613 1705.3341500370452195 8386.3207918012285518 14934
299000000 309.43101120679625637 12912.048596748345517 6865.7739132441383845 -3233.3959052988348049 1657.6341443143833203 8441.5356742285894143 14921
300000000 309.56439519817047312 12917.614491943966641 6861.419796767497246 -3191.6031879990114248 1694.0401775902892041 8358.9828071762203763 14946
301000000 307.18811313282770925 12818.456138721310708 6849.4295436552456522 -3232.3760393575053058 1730.1752319433480807 8351.6303510694051511 14909
302000000 308.37000165106013583 12867.774408159912127 6777.8033049005625799 -3265.1723222828854887 1627.6654767273814741 8415.3101504560672765 14927
303000000 310.08950855986853412 12939.526611283925376 6708.0311118654135498 -3177.6431492817323488 1716.6386275827462669 8169.035633564400996 14888
304000000 311.94786849363930514 13017.072923405376059 7038.3272671704226013 -3195.5318258367169619 1825.823428101418358 8408.0356649057230243 14913
305000000 308.96396712806512141 12892.55961334658241 6853.8259594979572285 -3251.6836849339051696 1739.9714176047255023 8365.5382268271387147 14946
306000000 307.82558751192226509 12845.05689903279017 6835.2080221110045386 -3240.871831726585242 1778.51205967886699 8297.5677941587237001 14883
307000000 308.52056483244427909 12874.057162778886777 6738.590332079993459 -3277.1850922678586358 1744.3236495459234447 8271.4517748019279679 14932
308000000 311.00832226396994429 12977.867200200485968 6726.4234076522607211 -3220.7215787173008721 1768.7036328631193101 8178.4413535064431926 14902
309000000 307.12332942552956183 12815.752820868168783 6728.8981143092933053 -3219.0179138586081535 1629.8628277555508248 8318.053200412350634 14910
310000000 311.08411114368431072 12981.029745848863968 7028.7371344688699537 -3174.4891135186599058 1782.1001743312774579 8421.126073656252629 14880
311000000 309.79261045821868947 12927.137540447636638 6646.0521444794740091 -3287.5317406622398266 1596.3734850600012578 8337.210400081712578 14923
312000000 309.26091044475333547 12904.950570932263872 6787.7865443825958209 -3230.145011887815599 1726.7794179706509112 8291.1521382997598266 14907
313000000 310.95231871505149002 12975.530263956103227 6933.7263135050579876 -3216.0773582548645209 1752.2456057062800028 8397.5580660536434152 14920
314000000 311.51706117896310388 12999.096040735343195 6699.5047482567642874 -3268.7466318819647313 1702.3344620568450409 8265.9169180818844325 14916
315000000 311.25062546144715725 12987.978115227300805 6757.7949901344272803 -3304.2017371834608639 1667.625952651840862 8394.3707746660475095 14945
316000000 308.3672248922011363 12867.658538566916832 6555.4217720061533328 -3358.6511326096651828 1682.2457363243593136 8231.8271682914601115 14925
317000000 312.70441186572941206 13048.642237508307517 6681.0932948507215769 -3293.6297711115576021 1793.672339927873054 8181.0507260344065799 14911
318000000 311.91070141715709951 13015.522002261868693 6809.3324225868973372 -3187.6558720914854348 1743.0049681838956985 8253.9833264944882103 14907
319000000 307.39307546062502752 12827.008880499519364 6767.2786734899682415 -3191.708037594819416 1739.3943896530797701 8219.5923214317081147 14898
320000000 308.35102145228103154 12866.982395594475747 6736.2410503501441781 -3298.8154366607391239 1769.6306477621340036 8265.4258392487499805 14907
321000000 311.74746979727399321 13008.710614481966331 6904.3239558595687413 -3192.5771273139616824 1811.9538728233787879 8284.9472103501520905 14888
322000000 311.83851040874048977 13012.509589881841748 6795.3401012806880317 -3238.1019214875350372 1775.7792759909495999 8257.6627467772741511 14916
323000000 309.68956901528599701 12922.837790033361671 6754.2502550592325861 -3273.451068072587077 1731.0255451066338992 8296.675778025186446 14932
324000000 310.36189339777223495 12950.892783828536267 6827.0237881029052005 -3216.7390596416175867 1691.4428131124223 8352.320034632099123 14911
325000000 306.96465730430702479 12809.131693489292957 6667.5076681647233272 -3281.7848004095353645 1711.1939866467587308 8238.0984819274999609 14918
326000000 308.79769335082113457 12885.621281329484191 6777.7615605891514861 -3198.3166146620205836 1703.3146807698551584 8272.7634944813180482 14912
327000000 312.84097046373392459 13054.340603831906265 6666.4855988810995768 -3234.9566380710484736 1680.1656720729288281 8221.2765648792192223 14927
328000000 314.75086582404287583 13134.037404779024655 6720.2014217038331481 -3311.2114023693384297 1675.4411835845885435 8355.9716404885821248 14939
329000000 312.33898576881563258 13033.393605823110192 6797.7302275603260568 -3337.718639514082497 1774.9269392175194753 8360.521927856891125 14942
330000000 309.65941121133522529 12921.579354336614415 6568.7364421356051025 -3344.2997429978122454 1605.2416075291409925 8307.7945776042761281 14932
331000000 310.36347932369676528 12950.958961916274347 6827.4110585155094668 -3267.3593508777053103 1690.8946885861496412 8403.8757208070637716 14951
332000000 308.50083555495791643 12873.233892387566812 6752.699349001301016 -3238.8974119793283535 1722.1306532379112468 8269.4661077427190321 14904
333000000 310.52760022009613294 12957.807457746688669 6662.5540036846468865 -3284.4285412718868429 1741.3897476353060938 8205.5927973212274082 14937
334000000 310.54171925476157412 12958.39662190650597 6701.3610946328462887 -3297.2145209092991536 1742.4901194004537501 8256.0854961416916922 14940
335000000 312.39851403772001959 13035.877622851578053 6616.7570276809838106 -3276.0149693427292732 1642.1351228352255021 8250.636874188487127 14925
336000000 313.25264686033870021 13071.519184667629816 6531.3185739014443243 -3300.037844075412977 1585.0499994737695033 8246.3064185030871158 14931
337000000 306.89224863437306112 12806.110198451135147 6646.1522342389271216 -3292.4330007051848952 1626.8881672309189526 8311.6970677131939738 14930
338000000 313.29742327948008551 13073.387631200144824 6567.5108243103077257 -3367.8981315418277518 1686.6932209322990275 8248.7157349198369047 14927
339000000 309.7117502089605523 12923.763374865802689 6593.420923079152999 -3404.2876186933444842 1650.2182810717040411 8347.4902607007934421 14948
340000000 308.25960111688823417 12863.167574937944664 6654.3646467067719641 -3360.9590883463533828 1689.1916343007101204 8326.1321007524165907 14937
341000000 309.90564374437258266 12931.854234091810213 6847.4408395441660105 -3233.700372459294158 1672.9080458493708647 8408.2331661540920322 14910
342000000 310.79339642900185936 12968.898697609291048 6691.4880394853480539 -3341.0217762876563938 1678.2559546331594902 8354.2538611398449575 14940
343000000 307.59059303247971684 12835.250964822460446 6633.4369238733343082 -3365.6408913205918907 1699.4789161857729596 8299.5988990081532393 14939
344000000 310.09219222022414897 12939.638596029066321 6728.3592713789075788 -3236.3885352554548263 1806.953271278991906 8157.7945353553695895 14898
345000000 308.50114771044735562 12873.246918124172225 6521.7115659503297138 -3475.5729766675040082 1668.8695154777622065 8328.4150271400721977 14944
346000000 309.49870754171104181 12914.873453774900554 6404.8821129270581878 -3348.4368156168025052 1547.2141328477887328 8206.1047956960719603 14970
347000000 312.46796086109691259 13038.775524890663291 6731.5026156705898757 -3320.9822715080222224 1733.3285900144796869 8319.1562971641324111 14923
348000000 310.81362641543847758 12969.742861763887049 6661.8804775654389232 -3359.9336483537454114 1738.8117119470221041 8283.0024139721626852 14937
349000000 308.65741514571465132 12879.767701902084809 6509.7282289837821736 -3336.5393510070343837 1618.4932285672275611 8227.7743514235899056 14978
350000000 312.17836592403398299 13026.691203134592797 6782.6362040831118065 -3178.473930700883102 1684.0230181294791691 8277.0871166545148299 14922
351000000 309.78670969209639452 12926.891311155259245 6687.7663993174683128 -3264.5089274627907798 1686.5550988988629797 8265.7202278813965677 14927
352000000 308.09236051771011944 12856.188899027229127 6820.6415688110555493 -3232.7169093315160353 1714.5459282595622881 8338.8125498830104334 14896
353000000 309.65504699483994955 12921.397242740062211 6940.8329007811116753 -3160.1072062991752318 1749.8385523037491112 8351.1015547765382507 14927
354000000 306.71565766787512075 12798.741347047794989 6430.926883331803765 -3375.8215692356998261 1567.239037956770062 8239.5094146107330744 14968
355000000 308.05084197669128798 12854.456398405489381 6577.9676293093516506 -3361.8284076933741744 1594.9177967523194184 8344.8782402504057245 14967
356000000 307.67052148718624949 12838.586248145902573 6748.4080285590007406 -3224.5723233648695896 1754.1908746615545169 8218.7894772623167228 14935
357000000 310.09843679474698774 12939.899171882114388 6907.2392906052709804 -3188.9744296381068125 1811.3682127723282065 8284.8455074710491317 14919
358000000 310.49376785310272453 12956.395688560858616 6770.4628408337457586 -3221.9336166676671382 1722.2644777526538746 8270.1319797487594769 14916
359000000 307.28424143825691317 12822.467415245871962 6684.1474871569334937 -3227.3178194103338683 1701.5622403314869189 8209.9030662357799883 14936
360000000 306.77399351685369311 12801.175606348459041 6939.6381336695858408 -3195.6706416544620879 1852.4878988932828179 8282.8208764307637466 14878
361000000 313.22743019811593967 13070.466934711173963 6591.966620141644853 -3354.3502718771160289 1581.1608248204445317 8365.1560671983170323 14955
362000000 306.82964900180337509 12803.498018454289195 6728.4315109345479868 -3345.3856427890841587 1724.5752819339377311 8349.2418717896944145 14951
363000000 315.69101230263350999 13173.268175386923758 6623.4307614550289145 -3232.3337301310375551 1570.6868338575332018 8285.0776577285323583 14959
364000000 310.52506606061132288 12957.701711427687769 6686.4908089955424657 -3341.9785942305934441 1709.0486498856598701 8319.4207533404751302 14955
365000000 307.5178450355580253 12832.215310225639769 6718.6044479679021606 -3311.6200032632532384 1663.7952681046140242 8366.4291831265418296 14959
366000000 308.02455625556865471 12853.359538374517797 6761.2962000537463609 -3270.3173291154917024 1772.7808822236586366 8258.8326469455787446 14910
367000000 311.53177211059477258 12999.709903784787457 6793.0755184807885598 -3238.4335012930191624 1735.0868993774397495 8296.4221203963679727 14911
368000000 309.68760112868005763 12922.755673352847225 6690.4636887240867509 -3347.3360510103320848 1658.5998776881310732 8379.1998620462873077 14941
369000000 308.22356471759979968 12861.663835099299831 6696.929706936232833 -3335.9615834809405897 1665.644221925486363 8367.2470684916879691 14946
370000000 309.7899877599905949 12927.028099552093408 6488.3477065592578583 -3339.0427861644093355 1587.6667299238724809 8239.7237627997965319 14964
371000000 310.07296644614956449 12938.836336009318984 6668.2554107523119455 -3293.6934121213334947 1592.7870997923860159 8369.1617230812589696 14942
372000000 313.21888060447821545 13070.110174190946054 6780.3259803633227421 -3326.7765825786509595 1737.7004026866127333 8369.4021602553621051 14917
373000000 310.32210502112178574 12949.232480128230236 6678.8217783462332591 -3338.5318740803613764 1651.5224771814478117 8365.83117524514455 14926
374000000 307.51320128602384329 12832.021534173838518 6766.5307430739403571 -3296.0484964348888752 1726.0560405254814214 8336.5231989833482658 14914
375000000 305.08462276026125437 12730.680935429812962 6737.3097944591081614 -3181.2820160881738047 1643.3220764534594309 8275.26973409382299 14945
376000000 313.06920027365202941 13063.864259477784799 6574.9398721674451735 -3284.2224453745793653 1593.7101743411851658 8265.45214320084051 14944
377000000 311.58760870700808709 13002.03987337495164 6452.7058429818061995 -3388.0060089847816016 1556.6900400773688489 8284.0218118892189523 14955
378000000 307.99090039972810473 12851.955134709600316 6719.3737852547455986 -3243.9726522886539897 1657.8438112509434177 8305.5026262924566254 14930
379000000 309.94859733284698677 12933.646616890235236 6766.0696216302631001 -3281.2068425777133598 1756.9518085101344695 8290.3246556978410808 14921
380000000 306.91069512225391236 12806.879940136133882 6654.4115567061126058 -3299.7863019772003099 1619.5480367588252193 8334.6498219244876964 14943
381000000 309.68471233708032742 12922.635128817326404 6923.6075729920776212 -3164.3540922682605014 1675.6737564018426383 8412.2879088584941201 14940
382000000 306.25411687514400683 12779.482006744818136 6622.06318399499105 -3299.6045032950296445 1654.3167000385378742 8267.3509872514841845 14944
383000000 309.81390375426985884 12928.026074768504259 6701.3277038014493883 -3270.1391390671324189 1693.7338998651207476 8277.7329430034624238 14969
384000000 309.22905505279152294 12903.62129767204533 6793.8830686878691267 -3204.8717689996183253 1754.288480691188397 8244.4663569962976908 14885
385000000 310.77902470917001665 12968.298989311910191 6828.0851224972539057 -3287.8592302446877511 1738.2759516527553387 8377.6684010891858634 14923
386000000 308.82716635942523453 12886.851141639555863 6494.0409368422024272 -3352.1369832782875164 1616.1359398433955903 8230.0419802770938986 14954
387000000 308.43219875623714188 12870.369791348852232 6547.6280304604624689 -3293.3065192596359338 1673.3967494965127116 8167.5378002235856911 14960
388000000 309.6165188249896687 12919.789525402647996 6750.9212420420572016 -3228.4795157995522459 1726.7083160079785102 8252.6924418336311646 14924
389000000 306.84124764559538789 12803.982010836676636 6619.0723460904082458 -3350.3283954230982999 1661.0874898091151408 8308.3132517043923144 14958
390000000 312.68035230522605161 13047.638271508829348 6783.6013423476488242 -3299.0226262015821703 1705.4373279692063079 8377.1866405800246866 14950
391000000 312.9073282036321757 13057.109603483864703 6718.2108605223929771 -3309.4262793596431038 1749.1789558571520047 8278.4581840248829394 14924
392000000 311.4878343532496956 12997.876453233533539 6815.4771101039059431 -3199.0473873153641762 1752.9937901911193876 8261.5307072281502769 14921
393000000 308.6085474870325811 12877.728534653619135 6899.2441566586194313 -3200.1489080735182142 1813.2117678638367124 8286.1812968683007057 14915
394000000 311.41503436703499119 12994.838629208783459 6787.0981154950532073 -3204.8218830482128396 1654.0174966233696523 8337.9025019198961672 14943
395000000 308.59424666799367287 12877.131784930043068 7001.4054061811166321 -3159.3947407530795317 1838.2509189043009883 8322.5492280298949481 14870
396000000 310.61240613063858973 12961.346269302599467 6694.6114451034500235 -3329.1664827212971431 1671.7802622664944465 8351.9976655582522653 14930
397000000 307.204305204032039 12819.131807295887484 6892.5100860437532901 -3095.9752594057918031 1754.1897017616608991 8234.2956436878848763 14889
398000000 310.61458379746079572 12961.437139767476765 6865.9514089939830228 -3221.5167183525309156 1776.3915672151092622 8311.076560131405131 14893
399000000 306.96938355477988125 12809.328912169954492 6746.4181109246947017 -3302.9323138360123266 1772.6169533065642554 8276.7334714541430003 14896
400000000 310.3004378717336067 12948.328345520771109 6581.3151505526311666 -3331.1102884175106738 1637.7880814098041355 8274.6373575603392965 14932
401000000 307.74764661349200878 12841.804553172945816 6723.6555312252912699 -3359.528066788673641 1742.8474461492101 8340.3361518647543562 14923
402000000 310.82522180651170629 12970.226718415655341 6582.4402475497954583 -3373.4963026527411785 1676.4742967073837008 8279.4622534951522539 14929
403000000 310.46967976059426064 12955.390531967603238 6566.566861530355709 -3298.2917658011019739 1597.3927888136545334 8267.4658385178045137 14929
404000000 307.80193342553042157 12844.069852802964306 6550.7661774228017748 -3359.3788010172252143 1594.9849606966376996 8315.160017743390199 14935
405000000 310.39604570103648484 12952.317903430217484 6678.3127211775754404 -3373.8644603937191278 1705.6702776272277333 8346.5069039440659253 14946
406000000 311.27861512049838666 12989.146077793388031 6576.1505286903120577 -3247.8298073628393468 1697.5575336516067182 8126.4228024015437768 14913
407000000 312.85865795888048524 13055.078673994934434 6684.891482178237311 -3207.8289012337863824 1678.3354930106106622 8214.3848904014121217 14926
408000000 310.59022394039055825 12960.420642884781046 6599.4800056596886861 -3377.5589988246802022 1743.0526308471735319 8233.9863736371953564 14952
409000000 309.78949342091328845 12927.007471593167793 6497.2311311156499869 -3384.1281888270796117 1652.7075896761052718 8228.6517302666234173 14938
410000000 306.12818627597295063 12774.227129381451959 6545.1985316531208809 -3375.5861523119201593 1643.8715280633034581 8276.9131559017369 14934
411000000 310.63345939630090697 12962.224787549013854 6740.4932919627917727 -3280.2990161414854811 1707.010480817390544 8313.781827286886255 14923
412000000 311.83762761996649715 13012.472752554174804 6552.1173931356170215 -3316.9472380100119153 1634.8358438466261759 8234.2287872990018514 14938
413000000 310.86675340912012189 12971.959764076105785 6657.2763422707266727 -3285.3000833639716802 1589.5040424473966141 8353.0723831873037852 14925
414000000 308.22703674530225726 12861.808717120815345 6573.0537180969540714 -3335.7924441070758803 1632.624061917400013 8276.2221002866299386 14934
415000000 311.79243198500790868 13010.586812833167642 6611.74819760398168 -3289.5308720704970256 1542.3586636501338489 8358.9204060243446293 14966
416000000 308.094681349210191 12856.285743519309108 6729.6860248150605912 -3304.3250587937409364 1708.4168987749733333 8325.5941848338297859 14923
417000000 310.51354690948267034 12957.22103614376465 6741.8761508423449413 -3343.7722878824952204 1766.1263970021932437 8319.5220417226446443 14910
418000000 309.4310135339532053 12912.048693856788304 6729.2219850845322071 -3235.9429619371812805 1789.5303298701758195 8175.6346171515378956 14883
419000000 308.69862935100445611 12881.487503092996121 6858.2086717693855462 -3185.0729886575923047 1739.7001195480647766 8303.5815408789130743 14899
420000000 305.33227293495519916 12741.014971046250139 6750.0515971980048562 -3245.1784727988019768 1722.3984864851879593 8272.831583511619101 14932
421000000 308.50240086507307069 12873.299210211391255 6773.0978385306716518 -3276.4522643532741313 1778.4651886773194747 8271.0849142066272179 14919
422000000 310.29868217385654816 12948.255083127898615 6722.4536187054391121 -3260.5419731007059454 1684.6225390936510848 8298.3730527124953369 14945
423000000 303.99973386673809728 12685.410301240268382 6872.0996073041551426 -3281.4311367374612018 1769.1914181458128041 8384.3393258958039951 14943
424000000 309.99723627566658024 12935.676240200878965 6665.5263247099064756 -3314.9657033482717452 1651.6281660904132877 8328.8638619677640236 14951
425000000 308.33422737363753185 12866.281606236820153 6588.8161550715994963 -3348.6341424792026373 1701.8625537665777756 8235.5877437842245854 14934
426000000 308.07427636384863945 12855.434276946592945 6673.3621107254184608 -3308.5274351323860174 1664.4025044518280083 8317.4870414059769246 14939
427000000 308.1072535170275728 12856.810359462589986 6526.1912272942236086 -3305.8200906942338406 1656.5621817446458408 8175.4491362438129727 14940
428000000 305.61291324107412493 12752.725630739607368 6901.2374264144582412 -3225.5440460814975268 1763.4247820168966427 8363.3566904790604895 14926
429000000 310.48839114706709097 12956.171327436381034 6679.7415779129996736 -3243.2308264232992769 1693.9670011196953965 8229.0054032166044635 14925
430000000 312.96504034086524371 13059.517836316344983 6572.0834770483179454 -3340.1258055402481659 1645.0232030402362398 8267.1860795483298716 14918
431000000 308.57972907700650467 12876.525989668596594 6545.0520578456998919 -3247.658455341073477 1632.5178252860373505 8160.192687900735109 14947
432000000 311.67545906706408232 13005.705724815828944 6591.5294610570954319 -3369.9137556765599584 1665.7325702714178988 8295.7106464622374915 14958
433000000 309.8729476840493362 12930.489881119658094 6706.1535811406502035 -3333.3893202294084404 1684.1827470009425269 8355.3601543691165716 14918
434000000 304.71697779993746735 12715.339714213694606 6654.3481443708169536 -3262.920034843976282 1647.262302310683026 8270.0058769041097548 14943
435000000 310.49619771269880175 12956.497082616564512 6609.1487106957138167 -3315.2687721438524022 1691.3392578043026333 8233.0782250352640403 14905
436000000 310.19098769933793847 12943.761169337027241 6624.6441176841144625 -3325.8617064046593441 1645.3063268719492953 8305.199497216824966 14928
437000000 304.10768733919945817 12689.915022590505032 6626.618927027537211 -3321.6302665841431008 1642.2679163851921658 8305.9812772264886007 14938
438000000 311.39076830020269426 12993.826046038891945 6783.1658780877187382 -3296.0150176297565849 1721.4526130774931971 8357.7282826399823534 14921
439000000 310.67939831128802552 12964.141743126550864 6607.0552322417752293 -3320.1085356987819068 1666.272373679226348 8260.8913942613307881 14947
440000000 310.90615843156837173 12973.604071034296794 6704.1945382482554123 -3269.4058605968803022 1687.4859780604997468 8286.114420784637332 14963
441000000 309.39883564024148654 12910.705963127486029 6634.8668802432166558 -3390.1908907491633727 1680.73922656227478 8344.3185444301052485 14931
442000000 310.00608949679735815 12936.045670598408833 6506.6709038758463066 -3382.5540707948907766 1587.1664878789429167 8302.058486791795076 14949
443000000 311.36792155325520071 12992.872688759951416 6653.912449881883731 -3337.5536074323981666 1715.7541582302446841 8275.7118990840372135 14950
444000000 308.03298210025315029 12853.711135053888938 6591.2499275522932294 -3370.5348543420113856 1645.7884203382809574 8315.9963615560245671 14950
445000000 308.41546469297924205 12869.671506334805599 6545.1107602108222636 -3416.4491800517976117 1724.475353602570749 8237.0845866600484442 14944
446000000 307.19629049218985983 12818.797366515724207 6881.1617106727189821 -3253.4503924498608285 1774.991884543521337 8359.6202185790589283 14922
447000000 312.74096602362413932 13050.167582564412442 6767.8550650156576012 -3211.464417264927306 1755.8862122353966697 8223.4332700451886922 14917
448000000 312.21716018333592046 13028.310023948408343 6637.8929945753525317 -3246.8988831686929188 1561.626082815250129 8323.1657949287946394 14938
449000000 307.5574503725056843 12833.867975979354014 6771.8559485501464223 -3186.3572837527508455 1662.7886457735778549 8295.4245865293196402 14945
450000000 312.42646815787816195 13037.044102437943366 6846.1810391313501896 -3171.3266737940562052 1664.7092902330202833 8352.7984226923872484 14911
451000000 306.9394657391101191 12808.080490790563999 6528.6670752896352496 -3287.4115688119545666 1615.3286569963170223 8200.7499871052732487 14946
452000000 310.71047361832233946 12965.438464722168646 6645.3200046525635116 -3349.0776121612943825 1779.7614983547323391 8214.6361184591260098 14911
453000000 309.96564438996512081 12934.357962624724678 6679.6931648400413906 -3254.5994692753106392 1644.1020765639432284 8290.1905575514101656 14946
454000000 308.73379159685521245 12882.95476594239517 6692.3737049450764971 -3266.0316142217534434 1662.8301370626113567 8295.5751821042194933 14926
455000000 305.54342697330969258 12749.826082750922069 6634.9201632583244646 -3320.3327422964803191 1626.3565393340390983 8328.89636622076614 14945
456000000 312.06264818931703076 13021.862491854673863 6444.1449101753960349 -3402.3651985239762325 1623.3090294815824564 8223.2010792177898111 14958
457000000 309.19547878251108841 12902.220214982022298 6772.1225727972769164 -3235.64669242093305 1738.1428599239150117 8269.6264052942933631 14946
458000000 309.59090652452039194 12918.720766111056946 6819.9695439821807668 -3295.9084857427969837 1773.0500502786837842 8342.8279794462941936 14917
459000000 311.28817106578725316 12989.544831717490524 6762.623630337888244 -3296.3930562260902661 1724.3171828625856961 8334.6995037013948604 14913
460000000 310.01437498119241809 12936.391410273108704 6495.4148991041529371 -3283.1756357712692989 1608.0846745602989358 8170.5058603151237548 14945
461000000 307.81631003503935062 12844.669765138549337 6694.5402254681102931 -3327.8812805221664348 1701.3248721000998103 8321.0966338901762356 14926
462000000 309.25881155769042152 12904.862987817534304 6539.1783585637949727 -3313.6933529260722935 1551.9025724489420099 8300.9691390409243468 14984
463000000 309.20726130599501857 12902.711880362370721 6376.4098623761237832 -3467.6199875853203594 1605.8160988523682136 8238.2137511090750195 14948
464000000 308.14644889380400627 12858.445918250738032 6836.8164044406803441 -3257.3102537150471107 1847.5267937073263056 8246.5998644484006945 14915
465000000 308.90901036343200303 12890.266357693584723 6994.5742728800905752 -3119.9945859123567971 1822.8147672264808534 8291.7540915659665188 14849
466000000 310.19404358812323608 12943.888686564043383 6570.7442350629944485 -3333.2763057832603408 1685.7568852871970648 8218.2636555590579519 14919
467000000 309.51165222863869531 12915.413614329680058 6834.4869961487074761 -3301.1300360274699415 1839.9573833047775224 8295.6596488714003499 14872
468000000 309.55864491432959085 12917.374542030385783 6754.8143947483795273 -3197.7687434509480227 1691.3929053800843576 8261.1902328192445566 14907
469000000 304.75034419283747411 12716.732039064856508 6648.1147579474218219 -3325.6081497964523805 1633.496302983153555 8340.2266047607190558 14931
470000000 309.69637170811029137 12923.121655247754461 6939.1912694578149967 -3139.0587478492179798 1725.6003866212161029 8352.649630685817101 14923
471000000 312.66276353542372135 13046.90432099249665 6595.6314498836109124 -3281.1328394721235782 1674.1493928294962643 8202.6148965262364072 14903
472000000 311.82813219473882782 13012.076524032965608 6700.9502739822437434 -3268.380387049390265 1686.52073199603592 8282.8099290355985431 14905
473000000 308.90240743678191393 12889.990828394002165 6526.6747126111094985 -3375.1112653652203335 1689.2735527001364062 8212.5124252761943353 14972
474000000 312.32343471437661719 13032.744685826810382 6635.7474938607501826 -3236.3789954278054211 1595.7487338963592265 8276.3777553921954677 14959
475000000 306.79106488482256054 12801.887966534877705 6753.7269383989514608 -3251.5923337651215661 1628.8816647572803049 8376.4376074067913578 14929
476000000 312.37556025264467507 13034.919799047116612 6824.9290659713806235 -3246.0448933774823672 1632.6851244250140098 8438.2888349238492083 14937
477000000 313.56704069105671806 13084.638323583010788 6927.373369337827171 -3161.8158480606393823 1794.2339264688489493 8294.9552909296180587 14890
478000000 307.09655789679072768 12814.635688882150134 6621.9826460915701318 -3305.564968903897352 1745.1664776201023415 8182.3811373753651424 14913
479000000 309.35473017023457487 12908.865514201921542 6571.9579179133907019 -3327.804524788366507 1682.651961317605128 8217.1104813841520809 14944
480000000 311.58165023996264154 13001.791236317687435 6665.1628615634945163 -3289.231158029200742 1711.582575254130461 8242.8114443385638879 14947
481000000 307.08268972055049062 12814.056992632980837 6641.0942327774455407 -3330.2061983978205717 1675.4755570615702709 8295.8248741136958415 14919
482000000 307.92684516197112998 12849.282214695640505 6708.1020817593507672 -3350.9530353471332091 1810.2294634397096615 8248.8256536667722685 14936
483000000 310.16315849893089762 12942.599902446992928 6823.5912782915911521 -3314.2826905267752409 1763.6999090192871336 8374.1740597990792594 14932
                                                                                                                                                   486000000 312.30963693505287893 13032.168927125507253 6633.5289135604689363 -3230.8563819185496868 1653.2935542814484506 8211.0917411975697178 14938
487000000 307.96270608908116628 12850.778632368075705 6661.1354155450189864 -3245.2886648733219772 1703.5191341315094178 8202.9049462868315459 14893
488000000 310.26186293972898511 12946.718676875350866 6867.4100882745669878 -3276.3005400402835221 1809.296938418381842 8334.4136898964698048 14910
489000000 309.13191000425410948 12899.567594125150208 6707.4189820268056792 -3336.0169832018636953 1621.0697153663440986 8422.3662498623252759 14947
490000000 313.46922597943870414 13080.556676094081922 6779.0105729524930211 -3220.275497332762825 1704.524513443021533 8294.7615568422334036 14932
491000000 311.59878191159839389 13002.506112877219493 6780.4333569801310659 -3210.0476626832360125 1747.3143719503814282 8243.1666477129856503 14905
492000000 309.99551409401129831 12935.604376384970237 6696.3198358256277061 -3325.9300449424949875 1654.1632990234279532 8368.0865817446938308 14924
493000000 310.35749519520510376 12950.709254048946605 6685.7256928406495717 -3335.0895201095095217 1722.5016109933133066 8298.31360195684465 14965
494000000 309.46735407991280908 12913.565125237188113 6679.9443906084734408 -3344.9805810885700339 1686.2622304388289649 8338.6627412582129182 14920
495000000 310.31503994647607669 12948.937666150764926 6570.2923366918857937 -3330.2692539231484261 1623.1168074568240627 8277.4447831582110666 14925
496000000 309.95234289582629117 12933.802913090226866 6478.7035442140586383 -3478.7713201749174914 1658.0734967693178987 8299.4013676196591405 14963
497000000 309.50569665822473553 12915.165098144096191 6554.9746406626927637 -3327.5880305748560204 1666.7301721763758451 8215.8324990611727117 14929
498000000 311.88782262056605532 13014.567307603869267 6602.9543549078098295 -3391.6879399193512654 1595.3052913499793704 8399.3370034771833161 14960
499000000 311.66583668996054257 13005.304198801055463 6799.0360169175219198 -3264.2130523492078282 1713.6139398089148926 8349.6351294578144007 14895
500000000 308.62895657590240717 12878.580172459005553 6487.4720401753938859 -3306.6011699715727445 1613.6029146333969493 8180.4702955135699085 14936
