# Steps Temp KinEng PotEng Epair Ebond Eangle Bonds
1000000 309.88963264145041876 12931.186117026840293 9897.4724466556035622 -1449.9809987017592903 2934.8318616292126535 8412.6215837281488348 14353
2000000 310.34082720586417281 12950.01372619108588 9617.3318878094905813 -1603.2449874836233903 2706.4019868415944075 8514.1748884515218379 14463
3000000 310.04638433373969519 12937.727108056045836 9257.9747300025919685 -1688.7336434876701787 2532.4047457499736993 8414.3036277402898122 14492
4000000 310.0557556979604783 12938.11815971490978 9058.9378690557132359 -1761.7278260140524253 2497.2783267215254455 8323.387368348239761 14510
5000000 308.64346149775860795 12879.185439058397606 9070.2411415588976524 -1905.4130321302932316 2510.1921252346792244 8465.4620484545121144 14554
6000000 311.25547140755793407 12988.180328610618744 8971.6759392004023539 -1918.4405088432242792 2418.6743985727116524 8471.4420494709156628 14603
7000000 311.2596953316865438 12988.356586036805311 8643.7001936987580848 -2028.5531803506837605 2314.3900053497923182 8357.8633686996508914 14594
8000000 308.753700229767162 12883.785520541461665 8737.4363079532504344 -2025.2115523990676138 2307.2304500676432326 8455.4174102846754977 14629
9000000 311.38392058817896668 12993.5403022471437 8563.9548364614165621 -2105.842170639111373 2267.758510378259416 8402.0384967222689738 14643
10000000 313.05805204438098599 13063.399062154627245 8490.5946669338845822 -2229.7119046991269897 2211.4961524374575674 8508.8104191955535498 14678
11000000 309.98077890407967061 12934.9895010764576 8499.5920650175521587 -2324.3244392454180343 2222.3107082572778381 8601.6057960056914453 14679
12000000 310.55773872980159922 12959.065088326224213 8309.3233944145922578 -2293.0306006033069934 2162.9511998915713775 8439.4027951263269642 14681
13000000 309.42101782113161335 12911.6315891548129 8144.7480599613936647 -2455.8465431755798818 2156.3128270530551163 8444.281776083917066 14735
14000000 309.33516914005423359 12908.049264494737145 8159.9391198262001126 -2365.0831895275568968 2090.4529283998817846 8434.5693809538752248 14727
15000000 305.87738012546122945 12763.761400070285163 8200.9445763268467999 -2470.5676266856662551 2140.298383654997906 8531.2138193575156038 14717
16000000 310.0899084499007472 12939.543298039105139 7786.0679908748425078 -2542.6307139224049934 2066.3267580976507816 8262.3719466995971743 14735
17000000 310.80631112121619708 12969.437606533878352 7849.0020734667377837 -2516.4266207040354857 1940.0163193205160042 8425.4123748502552189 14756
18000000 308.17960114435459218 12859.829307292875455 7640.8507181054446846 -2600.9229629571295845 1938.9413250662510109 8302.8323559963228035 14824
19000000 310.33648261645100774 12949.832433600478907 7953.107060378359165 -2579.8414806959926864 2085.7081077596135401 8447.2404333147387661 14755
20000000 310.51576214427700506 12957.313474258502538 7778.6216353146865004 -2584.8614489415904245 2020.1841061389254719 8343.2989781173528172 14735
21000000 308.57297178787018765 12876.244019075635151 7824.8304907618103243 -2658.1619709989422518 2029.4767813996559198 8453.515680361097111 14765
22000000 305.93346894946517978 12766.101894704126607 7800.328319319862203 -2669.8879972156837539 1985.6239852151277319 8484.5923313204184524 14782
23000000 311.35449893373993291 12992.312584862153017 7789.9748692239918455 -2600.7323155094036338 1993.3136780298973463 8397.393506703498133 14775
24000000 309.36432233649247792 12909.265779567655045 7503.2291791554398515 -2737.5582185535549797 1936.5333125495374134 8304.2540851594567357 14809
25000000 308.90977077117463523 12890.29808826153203 7386.0915646190078405 -2783.7364218319453357 1889.1955455856639219 8280.632440865289027 14813
26000000 310.39131077767393663 12952.120322844093607 7488.3773680078556936 -2769.9231921543491808 1962.6419306659267932 8295.6586294962799002 14791
27000000 308.82504348321322141 12886.762557496978843 7631.3430906153262185 -2793.0164576349598065 2018.9470760153371884 8405.4124722349497461 14791
28000000 310.3350495776265916 12949.772635240677118 7573.1055367426615703 -2805.4355865968364014 1913.8281859443368376 8464.7129373951611342 14803
29000000 310.42259395559813129 12953.425718551015962 7482.8505392188781116 -2815.4886750343384847 1866.4161860829567559 8431.9230281702602952 14827
30000000 310.95875389165092884 12975.798793321200719 7608.2209600052237874 -2843.5163100659210613 1959.7401399413643048 8491.9971301297809987 14803
31000000 307.03334214793767387 12811.997799363296508 7460.8864831381233671 -2811.223670976638914 1899.9516675485265296 8372.1584865662371158 14826
32000000 311.81842281388640004 13011.671367494447622 7398.9683595373744538 -2839.3167217071586492 1936.4580815607437216 8301.8269996837898361 14802
33000000 311.8764958499004365 13014.094660041142561 7688.9613993384700734 -2657.6185786067107983 1987.7321194939268025 8358.8478584512558882 14790
34000000 308.38756850383913388 12868.507444114808095 7628.3518878224131186 -2705.3028792358441024 1892.9340132180682303 8440.7207538401889906 14801
35000000 311.91585171108016539 13015.736915580229834 7632.4917433529626578 -2689.5060268905344856 1903.7460395868847627 8418.2517306566114712 14833
36000000 305.32292934394712347 12740.625078318000305 7643.5052366452819115 -2840.0996241637712956 2010.5609365199275089 8473.0439242891261529 14788
37000000 313.07738565934891994 13064.205822197982343 7419.6147532620943821 -2818.0120133967629954 1927.7701725160400201 8309.8565941428169026 14813
38000000 310.61414634134013113 12961.418885441036764 7438.122787947731922 -2894.445917705447755 1944.3833476563677323 8388.1853579968119448 14823
39000000 310.15312771331554131 12942.181334214856179 7346.5014596219170926 -2915.9082220572258848 1867.9363258777323153 8394.4733558014104347 14815
40000000 313.27742901433106226 13072.553303308270188 7534.2579398886928175 -2823.7876512644334071 2000.7881236386278943 8357.257467514498785 14791
41000000 307.39517142920124115 12827.096341830585516 7307.5951965658832705 -2960.8571778102909775 1802.3132864876706662 8466.139087888503127 14843
42000000 309.31010333942475654 12907.003309745141451 7558.8290258732376969 -2769.5744899633091336 1885.7243114379334656 8442.6792043986133649 14817
43000000 308.18586249480017614 12860.090583177665394 7535.3174801101995399 -2868.1646168698885049 1955.7531482285432958 8447.7289487515445217 14832
44000000 313.89670474656628585 13098.394663934093842 7235.895193323291096 -2911.9548836681728972 1849.4266481131539877 8298.4234288783100055 14851
45000000 311.08769676193088571 12981.179367817485399 7352.2643657974213056 -2896.5976865877510136 1937.8521803600840485 8311.0098720250898623 14849
46000000 307.81135591069357815 12844.463037654910295 7398.5222529009224672 -2833.8278132089981227 1881.3305566828414612 8351.0195094270784466 14826
47000000 308.12962958746294362 12857.744076182640129 7363.8683672138358816 -2859.0984326792213324 1871.6220919070815398 8351.3447079859761288 14861
48000000 309.95655967992530577 12933.978872574687557 7438.0721775740139492 -2804.7754218427676278 1954.8465228945019589 8288.0010765222796181 14794
49000000 309.4481014652048998 12912.761745201833037 7209.4536193741741954 -2875.7137400752744725 1879.1818720855569609 8205.9854873638923891 14870
50000000 309.8282448159071123 12928.624503749706491 7463.5700762233536807 -2883.4272440633194492 1891.3286027342546731 8455.6687175524184568 14845
51000000 308.30530394521349535 12865.074679006289443 7303.9574938249188563 -2799.9107898603820104 1846.9369321795315955 8256.9313515057692712 14818
52000000 309.04628893514620813 12895.994767339252576 7363.4604359246632157 -2955.871027007749035 1931.9520327439709035 8387.3794301884408924 14828
53000000 309.1876824888956321 12901.894888436228939 7226.8290859822427592 -2916.8534777947506882 1892.2540398161709163 8251.4285239608216216 14823
54000000 308.70111570960960989 12881.591254759687217 7417.1344199027862487 -2881.6077039416468324 1986.0575552466643785 8312.6845685977696121 14836
55000000 310.04326877229806314 12937.59710078695025 7517.8000132208890136 -2851.0934974271003739 2014.6062710011899526 8354.2872396468010265 14797
56000000 307.6901574116404845 12839.405623068299974 7322.2854179072801344 -2951.4045844003439925 1855.2443097851287348 8418.4456925224949373 14830
57000000 307.8128371474892333 12844.524847237000358 7315.0022856763498567 -2960.7272284366531494 1992.3557808435075458 8283.3737332694945508 14833
58000000 311.92931228697312918 13016.298603335417283 7506.5012610665435204 -2821.3412674200008041 1927.8441736497029524 8399.9983548368418269 14825
59000000 310.67741476056528427 12964.058972808132239 7155.8368201619750835 -2957.022835724316792 1820.0251399783926445 8292.8345159078999131 14867
60000000 308.90172393840379073 12889.962307127696477 7063.2103284499953588 -3022.4139428461867283 1837.6217230778665908 8248.0025482183154963 14875
61000000 312.16383039416069778 13026.084659312849908 7128.5838906032158775 -3034.391481683683196 1790.2194833586781897 8372.7558889282190648 14878
62000000 308.83285951426768179 12887.088707653731035 7321.9840855407110212 -2925.2198441282644126 1878.0550575544405092 8369.1488721145342424 14845
63000000 308.06746549029713833 12855.150070363870327 7064.3286675949711935 -3047.4074909187902449 1767.3452134951489825 8344.3909450186129106 14872
64000000 309.07374876682143849 12897.140621077915057 7092.4061903082892968 -3137.3941034365252563 1818.7283349325521158 8411.071958812261073 14872
65000000 307.81704775008660135 12844.700548777536824 7201.9107083473845705 -3048.911747151261352 1824.5486546287133933 8426.2738008699325292 14857
66000000 308.12205648607823605 12857.428063082574226 7205.1368953829332895 -3013.0451321917289533 1851.4375290421301088 8366.7444985325328162 14883
67000000 308.72662682938073431 12882.655791946692261 7304.2567189080955359 -2998.0947640029371541 1843.9046271605279799 8458.4468557505060744 14842
68000000 309.78740591331734322 12926.920363324930804 6909.5638240178686829 -3036.3778506539279078 1649.0974397903196405 8296.8442348814751313 14929
69000000 306.81372132797662289 12802.833382748636723 7089.1771085691771077 -3038.9943358992486537 1908.9397230756428598 8219.2317213927817647 14861
70000000 308.19683394818008537 12860.548403932818474 7133.8456200544333115 -3024.7810537968398421 1857.9107875996551229 8300.7158862516153022 14897
71000000 308.47062773333254881 12871.973369535291567 7144.3756840450041636 -2966.7007900549056103 1790.8397980900138009 8320.2366760098957457 14868
72000000 310.2990951487557254 12948.272315893116684 7258.0505211138388404 -2989.1736337048214409 1845.5720565984445329 8401.6520982202164305 14841
73000000 311.34627684732515718 12991.969490681191019 7253.2309374089800258 -2904.8715773005096707 1884.6846320664653831 8273.4178826430252229 14851
74000000 311.13071374598666807 12982.974396009545671 7154.1173896026284638 -2975.5405313108449263 1845.4907839797219822 8284.1671369337527722 14872
75000000 311.48259955370588159 12997.65801363421815 7014.7282295821778462 -3023.4479033688635354 1741.8778554372440794 8296.2982775137970748 14897
76000000 307.8827309728631576 12847.441401936288457 7076.3382631751992449 -3013.03068009792878 1840.2390120074642255 8249.1299312656647089 14861
77000000 309.31728883801565644 12907.303148816330577 6992.2552476246555671 -3076.2044380901033946 1748.1996137534454192 8320.2600719613128604 14893
78000000 309.35441136783583715 12908.852211100693239 7166.3059401739392342 -2976.1227915138206299 1742.5919174643154292 8399.8368142234448896 14900
79000000 308.26931030111370546 12863.572723271543509 7030.2211070395187562 -3007.2003452165158706 1690.4459827650948682 8346.975469490938849 14885
80000000 310.07217258820634243 12938.80320961936377 7064.2664535873482237 -3125.1310703511576321 1810.4934382181695582 8378.9040857203362975 14893
81000000 308.9889258505228895 12893.601099899693509 6994.8936391163952067 -3145.7776088809405337 1807.1205336752864241 8333.5507143220493163 14916
82000000 309.63128053119760352 12920.405507191882862 7083.6487797203753871 -3120.9245958242263441 1831.7833853989509407 8372.7899901456512453 14871
83000000 312.3207453646535896 13032.632463673697202 7206.8081186232848268 -2963.3060680658759338 1878.2046941357098149 8291.9094925534518552 14849
84000000 307.50752340393609074 12831.784605466667927 6964.9304199414218601 -3068.2764496693862384 1741.5362985628989918 8291.6705710479072877 14905
85000000 310.42281508473632812 12953.434945907276415 7034.27095123001709 -3037.6101992711983257 1823.7242255189230491 8248.1569249822932761 14826
86000000 308.4970929987395607 12873.077721654779452 6698.4491149535024306 -3200.4544440946174291 1609.8416804029370724 8289.061878645183242 14892
87000000 310.05141430436481187 12937.937000480525967 6837.6487247067661883 -3143.3731268688670752 1715.7305681331285996 8265.2912834425042092 14921
88000000 308.22317030769249868 12861.647377020743079 6942.0911400218665221 -3131.6945994839775267 1734.2764810249886978 8339.5092584808553511 14900
89000000 309.26746731402192836 12905.224178332855445 7044.8453907271905337 -3100.8347565612871222 1868.3250679594607391 8277.3550793290160073 14872
90000000 307.71907887749534893 12840.612468404036917 6918.3011699677790602 -3009.3906475807407332 1717.8847088592469845 8209.8071086892741732 14888
91000000 311.02238235865149818 12978.453904891444836 6942.6357692192359536 -3134.0376560599761433 1771.0399242644073183 8305.633501014806825 14878
92000000 311.69062819734040204 13006.338707743218038 7193.4332465453808254 -3018.0622153436588633 1865.6050357185940811 8345.8904261704446981 14872
93000000 309.42726687754571913 12911.892352029832182 6960.2966900275951048 -3129.0174751158610889 1728.9257685052193665 8360.3883966382363724 14896
94000000 306.88015975892420784 12805.605749505741187 7090.1494937430015852 -3057.6455039705888339 1811.7850339400702069 8336.0099637735183933 14843
95000000 307.65931910801168669 12838.118791236081961 7123.1940433626068625 -3044.7545513123072851 1861.4910901730684145 8306.4575045018464152 14857
96000000 309.67947169715284872 12922.416445508379184 7014.4945988613571899 -3118.1545590482219268 1822.7166104167056346 8309.9325474928737094 14877
97000000 306.93895868034707064 12808.05933206001464 7045.078010451150476 -3087.5570604334661766 1811.5080672033298015 8321.1270036812875333 14891
98000000 306.77949563516955322 12801.405200721699657 7228.5772400755286071 -2945.689880789603194 1869.6560252290184962 8304.6110956361117132 14872
99000000 310.06806142419225125 12938.631657487816483 7090.0524962554918602 -3060.5468640134722591 1804.5570340773583666 8346.0423261916057527 14881
100000000 307.62258589390324914 12836.58597445785017 6727.6825274920120137 -3228.0098136310125483 1718.0431663205861241 8237.6491748024382105 14917
101000000 308.70169520669895746 12881.615436222786229 6963.3318111385215161 -3081.970562907294152 1732.8654298019891939 8312.4369442438255646 14890
102000000 310.63288439120526618 12962.200793529444127 7018.6031764265417223 -3100.9488100443677467 1728.6144961464574408 8390.9374903244533925 14904
103000000 312.34472119253183564 13033.632935648060084 7175.0172412003112186 -3044.3237591115321266 1834.1497467285621497 8385.1912535832816502 14859
104000000 312.07946190409990095 13022.564100596220669 6970.2235630493423741 -3101.9666119637349766 1729.7636950447149502 8342.4264799683624005 14874
105000000 308.82136937645566377 12886.609243047925702 6879.5504875261949564 -3126.3097733585573224 1775.7457609321004384 8230.1144999526532047 14870
106000000 314.58993230709751288 13127.321913065572517 7147.6862049490846402 -3027.6863474437868717 1910.227523839717378 8265.1450285531536792 14882
107000000 308.31951561317134747 12865.667708601471531 6953.2625427391376434 -3089.872954643560206 1719.7799140036581775 8323.3555833790396719 14892
108000000 309.4469630900350694 12912.714242673057015 7011.282758279272457 -3088.7418248009121271 1798.9167986716852283 8301.1077844084993558 14872
109000000 308.34605490484580059 12866.775149715687803 7067.3604920004163432 -3073.7312212646343141 1784.9193240283393607 8356.1723892367117514 14885
110000000 308.52816998903557533 12874.374513490147365 6965.5571101901623479 -3054.9949890908719681 1818.3673161394760882 8202.1847831415580004 14874
111000000 309.14763689619860543 12900.223851532160552 6918.1773451678036508 -3209.0923395861345853 1801.8632681707686061 8325.40641658316963 14891
112000000 311.01274979805833709 12978.05195393635222 7024.5977801345470652 -3089.2256787976421037 1718.2941662983032529 8395.5292926338843245 14877
113000000 309.6290060864129714 12920.310598341358855 6871.5594707584714342 -3176.385346443193157 1745.3381561538953974 8302.6066610477682843 14906
114000000 309.54396986108537249 12916.762176127205748 7082.4242916265557142 -3131.9692448215109835 1873.1331047143676187 8341.2604317336990789 14892
115000000 308.61504722601603135 12877.999758101112093 6845.4716477296133235 -3209.6899143137438841 1737.2599937430363752 8317.9015683003199229 14925
116000000 304.71062148456536534 12715.074475598274148 6974.6162328625468945 -3053.2594471278152923 1712.5287731338471531 8315.3469068565136695 14894
117000000 309.59282183692369017 12918.800688956322119 7155.5438404219867152 -3043.3062176968369386 1834.4085093536371005 8364.4415487651858712 14889
118000000 310.73427999762139962 12966.43186588523713 7070.834207888686251 -3094.7308709364369861 1839.1002387479959452 8326.4648400771275192 14892
119000000 307.42212705703144593 12828.22115596974254 6922.2076813607509393 -3145.4536451253966334 1760.217092018276162 8307.4442344678718655 14883
120000000 306.93488261842941256 12807.88924468138066 7122.1751606399811863 -3142.4630607840072116 1806.9893860027586925 8457.6488354212306149 14874
121000000 308.94928970564859583 12891.94714858172847 6910.1472845764155863 -3106.6533308727512122 1768.535300465029195 8248.2653149841389677 14887
122000000 311.72529273801762884 13007.785202172017307 7022.1863482485141503 -3052.9135416341373457 1824.0402790133625786 8251.059610869288008 14859
123000000 311.00246512459267478 12977.62279138062695 7067.8873261579537939 -3125.2018875164117162 1834.967502493714619 8358.121711180650891 14860
124000000 310.99029791352205621 12977.11507361821532 7214.1167238708085279 -3031.6021691296891731 1860.0275577712782251 8385.6913352292194759 14863
125000000 308.51405208071014385 12873.785396330649746 7001.0395540475337839 -3094.1975949852921985 1773.7053930999463773 8321.5317559328796051 14856
126000000 303.49000009743440387 12664.139947066703826 6913.1606217485332309 -3078.9092361461207474 1742.2548349619291912 8249.8150229327256966 14893
127000000 313.10478881479986057 13065.349310930760112 6933.5781996473369873 -3136.3245555907856215 1732.0324528947978706 8337.8703023433245107 14894
128000000 308.45712799046833652 12871.410047406632657 6921.7631973450770602 -3217.9454108542877293 1797.5815601104736743 8342.1270480888906604 14903
129000000 307.9066104903786254 12848.437855037172994 6985.1230918040382676 -3163.3988088893893291 1778.8497578846288434 8369.6721428087985259 14909
130000000 307.51438312698144273 12832.070850458649147 7166.2932882659952156 -3021.2653835036576311 1876.3175491314630108 8311.2411226381882443 14869
131000000 310.60742434176148663 12961.138387423439781 7149.5944748783440446 -3052.5503812966012447 1863.2487666943011391 8338.8960894806441502 14877
132000000 308.74583124144356816 12883.4571605647252 6885.7722423879404232 -3207.7982461839601456 1753.8873247207293389 8339.6831638511721394 14905
133000000 308.70815088038915519 12881.884820897863392 6933.8468792556004701 -3076.4288454201805507 1714.4188279029481237 8295.8568967728333519 14900
134000000 309.0838317484219715 12897.561367362905003 6963.3112834769326582 -3139.1354787639547794 1726.5861169799031813 8375.8606452609856206 14912
135000000 311.22721014770382908 12987.001032588483213 6676.7767588951010111 -3273.5470027267606383 1704.7957542911335622 8245.5280073307276325 14903
136000000 308.20323005541962402 12860.815302997603794 6849.7749219245670247 -3256.8982679195596575 1773.8953065666805742 8332.7778832774456532 14955
137000000 310.24710843307934738 12946.102995511875633 6758.1823138080162607 -3267.7201725936729417 1692.5469410109258206 8333.3555453907629271 14909
138000000 311.39029246427895714 12993.806190186218373 6783.191739682674779 -3218.1536293168769589 1785.9383156009050708 8215.4070533986468945 14891
139000000 313.52589565704943197 13082.921408796270043 6983.6546457203303362 -3094.1008907403065677 1827.9296692725745288 8249.8258671880612383 14903
140000000 310.75888210769630859 12967.45847158849574 6803.9781733626132336 -3260.4159460685987142 1691.5763316796164872 8372.8177877515954606 14930
141000000 311.0638335450984755 12980.183594917371011 6877.7398873428210209 -3183.2203819033011314 1772.4785969027807369 8288.4816723433414154 14882
142000000 313.86071597361899421 13096.892911464552526 7006.5831825538734847 -3091.073779340845249 1774.9949383775028764 8322.6620235172158573 14900
143000000 311.62769004306943543 13003.712401790990043 6698.9507609846741616 -3200.1446104076776464 1671.8522306787058369 8227.2431407136464259 14926
144000000 312.58475381764895928 13043.649103414278215 6947.7758542179544747 -3122.9426809001033689 1759.5878825756865353 8311.1306525423715357 14902
145000000 308.07292882157474878 12855.378046217620067 6863.7385041479165011 -3165.7564235850059049 1747.0063927927922123 8282.4885349401301937 14897
146000000 308.69544608681019326 12881.354670699072813 7059.4971410868656676 -3206.6213063640725522 1842.2569059084164564 8423.8615415425229003 14893
147000000 309.56793833375519398 12917.76234118078537 6726.8003221580966056 -3226.9849668018459852 1659.9208284595360965 8293.8644605004083132 14950
148000000 311.14207176029054835 12983.448347318051674 7049.9637938400574058 -3214.3320301947283042 1840.2787182785041296 8424.0171057562820351 14895
149000000 310.39675767530644634 12952.347612948786264 6974.0585784021595828 -3120.7517265700171265 1860.8086299983988283 8234.0016749737787904 14889
150000000 310.78450705796586817 12968.527758735504904 6746.4545792751941917 -3267.6149905599932026 1720.0262957758568518 8294.043274059331452 14910
151000000 305.53229395291504034 12749.361520069232938 7014.1323638251560624 -3148.2015222647651171 1753.0443337176893692 8409.2895523722327198 14882
152000000 307.84789905292200274 12845.98792304532617 6925.6485698737633356 -3182.1678610004673828 1732.2609747586491267 8375.5554561155804549 14915
153000000 312.93055694576253245 13058.078900795271693 7078.4143214919677121 -3041.2093944112521058 1768.6782609121787573 8350.9454549910406058 14892
154000000 306.87139603834316404 12805.240053819359673 6811.3453975662605444 -3196.271915676950357 1730.640774725538904 8276.9765385176724521 14920
155000000 313.23542169378691824 13070.800406718592058 6857.6849518870521933 -3150.7585123671933616 1747.3455429393184204 8261.0979213149257703 14906
156000000 310.92578976426045756 12974.423254349992931 6954.7282262205972074 -3133.9577421871936167 1752.4331478568569764 8336.252820550933393 14876
157000000 306.09707130679447573 12772.928752749607156 6769.1586777097454615 -3223.9502150530042854 1685.7874954718852223 8307.3213972908633878 14914
158000000 305.91064950910663356 12765.149676884357177 6751.6699945421314624 -3263.2257481300416657 1627.0928342373813393 8387.8029084347908793 14915
159000000 308.99999681963021203 12894.063073282934056 6921.2146769012197183 -3103.9835763284963832 1796.326329577242177 8228.8719236524739244 14901
160000000 307.23372821041078851 12820.359581095104659 6715.0711733322950749 -3218.8381289459493928 1697.9302927565381651 8235.9790095217067574 14914
161000000 309.05187838623504604 12896.228005965875127 6979.6697360116850177 -3087.1017618150649469 1773.1518164135441111 8293.6196814132053987 14865
162000000 310.2257968595236548 12945.213698500723694 6858.174007103758413 -3208.257671559589653 1739.8242180398651726 8326.6074606234833482 14881
163000000 309.29137795270929701 12906.221930069199516 6912.8368390733739943 -3171.6576558903516343 1806.5376182732520647 8277.9568766904740187 14869
164000000 307.44840286569831278 12829.317602370194436 6930.5062104066382744 -3212.7715607279419601 1822.7022172890069669 8320.5755538455723581 14880
165000000 310.20205171640020581 12944.222852622830032 6983.5332413107416869 -3143.976463658749708 1811.4954179349153947 8316.0142870345753181 14871
166000000 307.73064824250440097 12841.09523903083209 7058.8707200453500263 -3103.9270906482743158 1852.8357840175565343 8309.9620266760684899 14847
167000000 306.70438417889062066 12798.270922842233631 6967.0708658227931664 -3149.3896109865577273 1754.5089217024064965 8361.9515551069453068 14907
168000000 311.4938420318894714 12998.12714380991747 6647.3932575743519919 -3204.2624091500038048 1688.7383103568795377 8162.9173563674758043 14919
169000000 308.56569295038212886 12875.940285125352602 7057.800554382511109 -3030.4666319975685838 1814.3456523573320283 8273.9215340227492561 14873
170000000 310.93766679215451632 12974.918863244378372 6860.3580789043062396 -3137.7387675876234425 1702.4220775982353189 8295.6747688936939085 14905
171000000 309.57116950917452414 12917.897172831550051 6967.3856727787097043 -3185.6716709731445007 1821.47226352024677 8331.5850802316090267 14896
172000000 307.24557672335021152 12820.8540001072015 6905.1237704127233883 -3205.8261420300950704 1724.3961642501108145 8386.5537481927094632 14918
173000000 310.16511591041495421 12942.681582017850815 6923.2629151153259954 -3090.7876036026646034 1684.9107747048881265 8329.1397440131040639 14882
174000000 307.66158000104468329 12838.21313459423618 6949.7281344127241027 -3138.0295307217688787 1765.3664842291696004 8322.3911809053206525 14912
175000000 311.23413691860571362 12987.290075377552057 7015.0366768641761155 -3112.2453595272936582 1818.1503602852717449 8309.1316761061971192 14870
176000000 310.21968822414117994 12944.958795165046467 7091.0214252073474199 -3086.3491145840953322 1824.9289901044935505 8352.4415496869478375 14886
177000000 308.41760284198335285 12869.760727785947893 6988.4554221985381446 -3153.2853693445485987 1749.4784064962354933 8392.2623850468517048 14921
178000000 307.35318890930119551 12825.344480131108867 6926.362331437908324 -3126.0279116132805939 1826.1032535283598008 8226.2869895228286623 14883
179000000 308.77092964098392258 12884.504475613406612 6888.6988513468459132 -3197.4451873355978933 1759.7930024738102475 8326.3510362086326495 14885
180000000 308.34447482721338929 12866.709215667588069 6803.7691603969342395 -3164.1457061419459933 1736.9220427868831393 8230.992823751998003 14913
181000000 311.45615197865129176 12996.55439970412408 6898.1553105511884496 -3172.7771312566369488 1782.8291725152428171 8288.1032692925818992 14913
182000000 307.83032876589169291 12845.254743784757011 6789.8715317640708236 -3102.7216157838620347 1655.8776816109880201 8236.7154659369443834 14900
183000000 308.89756586113492176 12889.788797382971097 6832.0252489688846254 -3202.397578185320981 1700.6923016622033629 8333.7305254920029256 14932
184000000 307.0118861275918789 12811.102474824501769 7041.0675992590477108 -3080.5883850378195348 1850.4263634283602187 8271.2296208685074816 14894
185000000 311.62798709742435221 13003.724797382017641 6714.9992253810542024 -3239.3746118514345653 1638.5372032179343478 8315.8366340145548747 14936
186000000 315.08289797920679121 13147.892562044740771 6835.6560535123617228 -3164.061069903144471 1671.4357941587772984 8328.2813292567298049 14929
187000000 307.61499025766147497 12836.269021015161343 6767.1948868379695341 -3189.7787839664943021 1589.1256332880700484 8367.84803751639447 14942
188000000 310.61499375451978722 12961.454246603172578 6987.3221391460920131 -3138.7498684532697553 1760.662853053250501 8365.4091545461105852 14910
189000000 311.37170651348583306 12993.030628942624389 6981.1645654199965065 -3006.0803091773263986 1676.6131273144344505 8310.6317472828886821 14897
190000000 311.66394722427827446 13005.225354497066292 6938.7276917424987914 -3111.4919412172384909 1819.6167418996344622 8230.6028910601035022 14883
191000000 305.54720783884528146 12749.983852068688066 6977.7957537241700265 -3103.3773775538675181 1796.8753908725243491 8284.2977404055127408 14893
192000000 308.65022207032791357 12879.467546663630856 6943.3479985011344979 -3101.2185765865142457 1706.797599564381926 8337.7689755232677271 14877
193000000 307.38555925237801603 12826.695241456780423 7097.136400805622543 -3069.0861085591259325 1784.6684939379406387 8381.554015426805563 14888
194000000 309.13985392173327682 12899.899080772656816 6764.9929354226896976 -3234.3635915334471065 1714.5445873140527056 8284.8119396420843259 14909
195000000 309.28959570307961258 12906.147559715238458 6764.9690037599148127 -3191.0959640148325889 1673.326337931227954 8282.7386298435194476 14915
196000000 313.79849815968617577 13094.296664133196828 6792.9374910917904344 -3224.4011349941920344 1725.8977292569427391 8291.4408968290390476 14911
197000000 309.75662039417454707 12925.63573410274148 6885.8138815571910527 -3139.803010212893696 1709.5016071534516868 8316.1152846166332893 14935
198000000 309.45902698651218543 12913.217649286929372 6844.1186868072272773 -3153.8394531838198418 1759.7471417266424396 8238.2109982644033153 14899
199000000 308.57574536346226068 12876.359755836123441 6956.2827928528640768 -3200.8967084256632916 1787.6510224214780465 8369.5284788570497767 14930
200000000 309.75030017935222304 12925.372001904053832 6659.4778373080698657 -3222.7895425342808267 1603.6140386661759294 8278.6533411761738535 14927
201000000 308.27339944528773685 12863.743356551278339 7028.4337092244713858 -3043.8310939098546442 1838.6722105723940786 8233.5925925619303598 14875
202000000 306.79594332598571782 12802.091535883435427 6921.3615939855990291 -3126.76421217211373 1783.5229656764975061 8264.6028404812168446 14892
203000000 308.69910430482593711 12881.507322136989387 6870.5168707466882552 -3253.2909731437130176 1692.563654105407295 8431.2441897849930683 14916
204000000 312.05187889434859017 13021.413106838470412 6836.4086479877478268 -3189.4308715749011753 1672.5266376836448217 8353.3128818790046353 14897
205000000 312.64755712642636354 13046.269782485220276 6903.2572095204432117 -3143.6911395544784682 1800.7778212243729286 8246.1705278505505703 14893
206000000 308.50306403764756169 12873.326883315248779 6908.9913701042496541 -3164.4747663274429215 1712.7343525598375891 8360.7317838718536223 14916
207000000 307.45924263951968669 12829.7699283533384 6982.508224191440604 -3114.0699340412902529 1755.8713046476377713 8340.7068535850921762 14875
208000000 310.25873264903913196 12946.588054978885339 7011.7570216875710685 -3074.838489873749495 1792.5757443946235981 8294.0197671666974202 14872
209000000 311.6324392136489223 13003.910576890108132 6828.8501309194653004 -3149.5632633979221282 1672.858533399017233 8305.5548609183697408 14899
210000000 308.66165289187858889 12879.944536099135803 7005.7193994718163594 -3095.7785369412558794 1752.0120593755148093 8349.4858770375576569 14881
211000000 314.62083278145564691 13128.611339180359209 6911.5582648583858827 -3153.7265583238822728 1798.0484770046389258 8267.2363461776294571 14888
212000000 311.13650877068499767 12983.216212885727145 6883.6750416992763348 -3038.4450660974298444 1738.9231284313796095 8183.1969793653261149 14888
213000000 312.69878705870354452 13048.40752353642165 7056.032422495787614 -3048.6928003675693617 1839.5848459785406703 8265.1403768848158506 14903
214000000 307.73497335370768724 12841.275718827688252 7073.9270476173323914 -3098.4980414465667309 1758.5320120278652212 8413.8930770360348106 14897
215000000 310.69976446099389022 12964.991589151049993 6875.3983365835001678 -3172.1611674240880347 1732.4362822493108069 8315.1232217582764861 14892
216000000 311.25645969058052742 12988.221568040258717 6903.4222118909347046 -3113.1117461835656286 1738.0798219470484582 8278.4541361274532392 14906
217000000 309.61643313619094897 12919.785949749615611 6789.1702652101121203 -3186.7608423728947855 1655.5071118646201285 8320.423995718387232 14916
218000000 306.8352214567683518 12803.730547860537627 6971.3541935020430174 -3081.9194021153389258 1746.2140132517361053 8307.0595823656458379 14899
219000000 309.27932957732593877 12905.719171125114372 6957.3664651775670791 -3071.8728203978153033 1771.1418873936081582 8258.0973981817751337 14874
220000000 307.96619640144342611 12850.924277378455372 6819.8391556745182243 -3157.5072874553029578 1747.2625515317058671 8230.0838915981148602 14907
221000000 308.52288015448158376 12874.153777370120224 6950.3364067909187725 -3230.0524966338603008 1804.8838462779967813 8375.5050571467818372 14896
222000000 311.10647550070598299 12981.962973787371084 6873.6687613194908408 -3279.2382037205779852 1814.2050105767052628 8338.701954463364018 14900
223000000 309.47357555237039151 12913.824737078943144 6786.8990517251859274 -3230.6450908879646704 1755.1866678667056476 8262.3574747464444954 14911
224000000 305.52296882854631122 12748.972397923555036 7007.8837592928848608 -3115.0468913844551935 1878.3603972686237285 8244.570253408715871 14876
225000000 312.37930875667143482 13035.076217972195082 6733.057789678874542 -3187.7418372980760068 1724.3335316447764853 8196.4660953321726993 14890
226000000 312.617122194817739 13044.999782705830512 6884.6961985593443387 -3205.7763371232504142 1767.1342852450973169 8323.3382504374967539 14895
227000000 308.43430876643986949 12870.457838613963759 6922.8805891295687616 -3172.4726047623016711 1752.5067113800589595 8342.8464825118117005 14919
228000000 312.40641692677382935 13036.207397450185454 6997.1139012380217537 -3115.396398983149993 1834.3557851831201333 8278.1545150380516134 14872
229000000 311.90595280394416022 13015.3238504207402 7121.0592192561089178 -3066.7680000707337058 1832.859379337837936 8354.9678399890053697 14909
230000000 309.68653553655383348 12922.711207941107205 7149.2321657390748442 -3118.3783501551961308 1874.0514645657092387 8393.5590513285624183 14896
231000000 309.32251265029128717 12907.521129934966666 7050.6293882703212148 -3045.5389138345763058 1768.9803181931681593 8327.1879839117282245 14897
232000000 309.2275350368700515 12903.557869900636433 7013.1471168419102469 -3208.3322019955376163 1789.4425536640285372 8432.0367651734195533 14906
233000000 308.75572616485737854 12883.870059490020139 6814.7285726128857277 -3240.0606699843601746 1689.4407488101878698 8365.3484937870580325 14914
234000000 309.94779486272250324 12933.613131128080568 6862.4526868030825426 -3100.4335742612311151 1666.1251781642924925 8296.7610829000204831 14915
235000000 309.2396246379294098 12904.062349124567845 6870.2706182540769078 -3052.8828218140361059 1696.5564062506293794 8226.5970338174829521 14899
236000000 308.33853603626437234 12866.461399661557152 6919.9463419446337866 -3161.2665045326566542 1798.4025021818806636 8282.8103442954106868 14910
237000000 312.42111813993869873 13036.820854963947568 6714.6387311930184296 -3154.0588636838851926 1681.941431520561764 8186.7561633563418582 14917
238000000 306.1094497002522985 12773.445282806675095 6887.1099259118363989 -3073.4838096528292226 1748.1753580447939385 8212.4183775198707735 14900
239000000 309.63524999830389106 12920.571146543865325 6888.8538951844384428 -3212.9805904714262397 1707.9530744318085453 8393.8814112240579561 14890
240000000 306.14269896987190123 12774.832720295438776 6854.7499332800689444 -3192.9296294884479721 1667.5553283487165572 8380.1242344197999046 14910
241000000 306.60143233225386439 12793.974911134440845 6861.9222175877057452 -3158.2912611642796037 1797.3169098493699494 8222.8965689026153996 14899
242000000 310.99943053457928954 12977.496162916429967 7245.3062755602677498 -3098.9249455685721841 1911.819920669663361 8432.4113004591763456 14863
243000000 307.72715464088344106 12840.949456765081777 6931.7028707357540043 -3051.1911744638919117 1793.2618083621623555 8189.6322368374840153 14870
244000000 309.2507503948700105 12904.52660871423177 7037.0390444911954546 -3162.2927544584945281 1829.0589609721087072 8370.2728379775817302 14885
245000000 306.29043051146709331 12780.99731523022092 6948.05691857255988 -3124.157808624727295 1767.2067958636816911 8305.0079313336063933 14896
246000000 311.30152028313887058 12990.101872663388349 6874.5238568392032903 -3256.1300733566786221 1771.71688787318908 8358.9370423226937419 14926
247000000 309.5716585445347846 12917.917579475062666 6959.9657192337162996 -3214.0469557364222055 1806.5839890810284487 8367.4286858891100565 14889
248000000 313.47641896721404464 13080.856827676656394 6718.088655211963669 -3149.252297799354892 1693.7941157403747638 8173.5468372709437972 14903
249000000 310.45876415702815621 12954.935041733580874 6789.4097497243619728 -3255.033382441160029 1676.2602303001531254 8368.1829018653697858 14947
250000000 312.63514469812486141 13045.751832209947679 6993.7421289800759041 -3105.6285657357771015 1719.1430452048552979 8380.2276495109981624 14897
251000000 309.31669657139474339 12907.278434501622542 6910.7256750057713361 -3144.1542747092930767 1765.4762760384573994 8289.4036736766083777 14891
252000000 307.08619137031575974 12814.203110734593793 6924.9395270411750971 -3081.1877247581919619 1695.7816913477822709 8310.3455604515838786 14917
253000000 307.90373651292753721 12848.317928671778645 6843.4657156970879441 -3143.7619833854419085 1659.6053874711587923 8327.6223116113706055 14902
254000000 313.05357654608860685 13063.212306951196297 7035.2925382604962579 -3019.5820147465565242 1698.9754574509433951 8355.899095556109387 14903
255000000 308.89444908208804463 12889.658739305205017 7169.2804429675998108 -3096.4878428991114561 1874.7431835607562789 8391.0251023059554427 14880
256000000 310.53046006356646558 12957.926794324246657 7000.7847167117870413 -3100.8990316009576418 1747.0210326609167168 8354.6627156518261472 14878
257000000 310.74744293419468022 12966.98113363977609 7017.5471821241117141 -3075.0630371515494517 1780.2438416015361327 8312.3663776741268521 14886
258000000 310.13824085795062047 12941.560130156558444 6968.2505061125948487 -3028.9369523312943784 1773.3568804351339168 8223.830578008755765 14875
259000000 315.45275101702077336 13163.325922713032924 6793.8999256435545249 -3208.6662194189025286 1767.354121744674103 8235.2120233177847695 14918
260000000 311.93335387709834094 13016.467252262689726 6913.1840713445371875 -3104.465091996314186 1833.3311446557142972 8184.3180186851368489 14883
261000000 311.34789739422694765 12992.037113445527211 6945.4136224937974475 -3151.5155596083986893 1735.4139320221916023 8361.5152500800031703 14904
262000000 310.79433812857553221 12968.937993188008477 6789.5679894675613468 -3131.5607304167065195 1681.7218974675829486 8239.4068224166840082 14899
263000000 312.74761887158848594 13050.445194998563238 6941.3805144306807051 -3116.1274506940585525 1838.0994997723273627 8219.4084653524114401 14882
264000000 310.69085476719408234 12964.61980224166291 6779.2342521435184608 -3270.6537482270514374 1739.213797386682927 8310.6742029838860617 14931
265000000 306.37694093682847551 12784.607253393933206 6907.2282122156975674 -3177.923380329641077 1778.9572439272340034 8306.1943486181044136 14886
266000000 310.17068247649211798 12942.913865690470629 7085.822909594842713 -3108.0662858789082748 1789.561311417196066 8404.327884056554467 14896
267000000 309.94322209603802776 12933.422317074177045 6835.3979032200404617 -3182.642784052481602 1644.2833969611269822 8373.757290311394172 14910
268000000 308.32639650341826609 12865.954836866058031 6815.3579020340512216 -3104.5299487890924865 1776.7097800623573676 8143.1780707607867953 14912
269000000 312.29624691435293471 13031.610183522805528 6680.4968143391333797 -3150.1171494723621436 1723.8308204514723911 8106.7831433600231321 14912
270000000 310.38843803702098967 12952.000448088258054 6860.0869970592648315 -3171.8680111810299422 1770.5380707374047233 8261.4169375028905051 14898
271000000 308.19425603861765239 12860.440831994832479 6826.1926315042783244 -3211.1721815401406275 1739.505256356940663 8297.8595566874773795 14899
272000000 312.22936457016413669 13028.819292994212447 6950.6810376804660336 -3195.2295610819683134 1777.247041401809156 8368.6635573606254184 14897
273000000 308.77431225252036029 12884.645626444968002 7000.8074299263225839 -3188.4194781618548404 1813.6364610067857939 8375.5904470813911757 14887
274000000 306.41794421796100778 12786.318253065699537 7127.7471054559819095 -3092.0584436802009805 1836.9377674626734915 8382.8677816735089436 14844
275000000 308.72386603838504016 12882.540588666443 6832.6076120311645354 -3219.7830521302289526 1765.9851931570469787 8286.4054710043455998 14904
276000000 309.32879657961842668 12907.783347999451507 6709.9590369488869328 -3248.6117291098303212 1711.4365739585127812 8247.1341921002021991 14910
277000000 310.8215820598156256 12970.074837755611952 6874.5085721403029311 -3179.045696899462655 1752.5945178296110498 8300.9597512101536267 14916
278000000 309.5215390695249198 12915.826175984355359 6841.120496878405902 -3112.5991998352587871 1738.6364552751815609 8215.0832414384822187 14910
279000000 307.98538767237886304 12851.725097638794978 6847.6456376487067246 -3180.6165545613603172 1738.3937629069660034 8289.8684293031001289 14910
280000000 306.07794903163579647 12772.130811569872094 7098.3469695454823523 -3118.9730322313289435 1804.0943424612719355 8413.225659315539815 14877
281000000 308.05247478363145319 12854.524532761121009 6910.9420379881667031 -3117.9604348266620946 1732.582863280368656 8296.3196095344610512 14893
282000000 308.24018120339314919 12862.357213798590237 7167.5525361219361002 -3029.0251873961069577 1829.2488826974476979 8367.3288408205953601 14880
283000000 312.84792267417287803 13054.630708171134756 6909.2368987152649424 -3104.1551945976571005 1744.5811673698494815 8268.8109259430730162 14908
284000000 306.70156456116779964 12798.153264819144169 6717.0997675006719874 -3154.1711634787998264 1752.0843135821887699 8119.1866173972839533 14886
285000000 311.81846552496983804 13011.673149757907595 6904.2066848866234068 -3173.9953358495613429 1735.5268596608168536 8342.6751610753672139 14911
286000000 311.7913043816535037 13010.539759794581187 6849.8889897395456501 -3160.0957848826019472 1805.8002240605292172 8204.18455056161838 14904
287000000 307.87040968297054633 12846.927254717342294 6906.6291635167444838 -3114.5697300377587453 1862.3729659136465671 8158.8259276408562073 14873
288000000 311.64153360319056674 13004.290070849881886 6737.6657387017630754 -3199.610514607280038 1670.4526594883072903 8266.8235938207362778 14911
289000000 308.12695870389245556 12857.632624591786225 6906.8951189639828954 -3144.927628416117841 1763.891538278680855 8287.9312091014180623 14902
290000000 310.58204258608219561 12960.079248387814005 6705.8632066846521411 -3189.0335222506259925 1714.7583694653803832 8180.1383594698963861 14902
291000000 309.42488121564309722 12911.792802271384062 6748.9624937562839477 -3199.3339899101210904 1779.2117647354280052 8169.0847189309788519 14887
292000000 310.94723065152226127 12975.317947410012493 6917.8913553907977985 -3157.100485851535268 1738.2642049800924724 8336.7276362622396846 14901
293000000 309.88362504660358354 12930.935429946997829 6826.5469533713730925 -3226.8350232337152192 1680.3806851414390167 8373.0012914636499772 14897
294000000 311.87682394686976295 13014.108350989557948 6823.9056510151549446 -3175.6430038950406924 1674.2478138326739554 8325.300841077521909 14866
295000000 306.97246548295947832 12809.457515978187075 6899.5035693888485184 -3202.6241041035204944 1788.5867039790441595 8313.5409695133239438 14903
296000000 307.69621320783886631 12839.658321511486065 6838.7900693216761283 -3140.6798885705143221 1725.7428158320021794 8253.72714206019009 14888
297000000 309.78587101764793488 12926.856314646043757 6864.9727089144034835 -3158.5271091914705721 1870.4917518361260136 8153.0080662697464504 14899
298000000 308.19781094726050696 12860.589172502057409 7109.2436612373894604 -3082.9261845137025375 1892.5409265743246578 8299.6289191767664306 14882
299000000 306.54827319002288277 12791.756667315985396 6978.5366799957382682 -3171.3724621281535292 1861.0395188991737996 8288.8696232247166336 14903
300000000 305.61658015817232581 12752.878645175966085 6850.0033524046575621 -3193.588887186597276 1846.3185409594191242 8197.2736986318359413 14869
301000000 309.58481829243396533 12918.466714171459898 6954.0659977594568772 -3162.4000080445093772 1833.0563035469212991 8283.4097022570458648 14909
302000000 308.01878505646345729 12853.118715701259134 6910.1978650748078508 -3133.8934078506299556 1755.8489024002301448 8288.2423705252076616 14882
303000000 310.29776680943655265 12948.216886471949692 7035.1551807829191603 -3116.6376277778472286 1711.8690277391704058 8439.9237808215966652 14902
304000000 310.86507746942100994 12971.889829861187536 6663.1545521501893745 -3225.428183178602012 1691.7021757320408142 8196.8805595967496629 14900
305000000 307.61469120824915535 12836.25654217365809 6795.5652621637727862 -3235.931348845580942 1744.2602194392463844 8287.2363915701080259 14913
306000000 307.35042539422289565 12825.229163179359603 6895.3058949338392267 -3188.7936084720640793 1749.3054220535223067 8334.7940813523800898 14932
307000000 313.93413997555256856 13099.956774641796073 6809.1397102690561951 -3160.0870673322506264 1674.8610402804888508 8294.3657373208170611 14906
308000000 307.72550987187429428 12840.880823251931361 6846.5887596597494849 -3126.9073035808673922 1727.5914399805492394 8245.9046232600667281 14911
309000000 308.01464365062844308 12852.945901628125284 6799.7902241561141636 -3173.7909771545473632 1644.3889968273879276 8329.1922044832754182 14905
310000000 308.44602894505140966 12870.946902445039086 6931.5181072683262755 -3063.8940982613280539 1669.038329676646299 8326.3738758530071209 14896
311000000 307.50711957135007424 12831.767754195183443 7266.30969425837975 -3083.4602296141010811 2007.8707926380736808 8341.8991312344078324 14858
312000000 311.4621334120201368 12996.80399510839743 6912.8427634015861258 -3150.6399205652801356 1708.5410883144322725 8354.9415956524335343 14917
313000000 311.30276438288592544 12990.153786905371817 6958.1593741556298482 -3162.7773050064479321 1820.2702863313245416 8300.6663928307534661 14901
314000000 309.80317293902311349 12927.578295447974597 6725.5153884029614346 -3186.9271301540620698 1681.2797063272532796 8231.1628122297697701 14880
315000000 313.64133162774822949 13087.738362525835328 7118.2615554294534377 -3087.167136962796576 1841.4237188648826304 8364.004973527367838 14880
316000000 310.95879714543156069 12975.800598230523974 6986.4714369133880609 -3079.7223045195605664 1777.2163189539346604 8288.9774224790144217 14905
317000000 307.40287589811072166 12827.417836682001507 7284.2050969970805454 -2994.4273101329895326 1948.8732135805539656 8329.7591935495147482 14878
318000000 310.6167176354493904 12961.526181327011727 7110.8100692559219169 -3075.2060840645317512 1867.9035068998912266 8318.1126464205626689 14876
319000000 309.69999628214856102 12923.272902777671334 7198.5295813563116099 -3026.6439971930526553 1886.0345768746115027 8339.139001674753672 14894
320000000 312.21783839495088841 13028.338324606758761 7019.9989225594808886 -3165.5321780983395001 1767.5608777758666292 8417.9702228819551237 14905
321000000 311.62097701525971161 13003.432278150594357 6874.9261127323952678 -3185.889461705532085 1760.9801909096113377 8299.8353835283160151 14909
322000000 311.58515133601099478 13001.937331313602044 7116.6915873714897316 -3095.2958689730094193 1866.8585995260791606 8345.1288568184208998 14910
323000000 311.71073395538815021 13007.177688050893266 6911.3015459923353774 -3133.9247982724000394 1748.3837806253668532 8296.8425636393676541 14902
324000000 310.22904993449520816 12945.349443983885067 6927.4183619928844564 -3186.5722935229860013 1867.9211755124526917 8246.0694800034179934 14872
325000000 309.33734319944551316 12908.13998442744014 6908.7494575548298599 -3208.3610420103277647 1820.526437626001325 8296.5840619391565269 14899
326000000 309.88908322258043881 12931.16319067850236 6782.1226026727272256 -3199.2164043422640134 1696.4555975927087275 8284.8834094222838758 14933
327000000 309.98522606757410358 12935.175073915243047 6848.6164286670627916 -3287.0647449134162343 1790.7742552329307273 8344.9069183475476166 14911
328000000 306.53722800407143723 12791.295769821552312 6768.9216525519323113 -3210.7647716790243066 1678.6184433876733237 8301.0679808432832942 14926
329000000 309.16817061794495203 12901.080690063072325 6889.2823820745716148 -3164.4592180235335945 1735.5954377345797184 8318.1461623635259457 14894
330000000 311.35548455826631198 12992.353713357106244 6823.9305763634374671 -3195.0991308338261661 1690.7129946224438299 8328.3167125748204853 14934
331000000 311.05636831747239057 12979.872083212329017 6822.7142184291706144 -3220.690153931484474 1677.1855803877087965 8366.2187919729476562 14938
332000000 309.81048516342536914 12927.883422579428952 7080.0929770163138528 -3115.1469402333605103 1877.3461265139810621 8317.8937907356921642 14880
333000000 311.39496874948520144 12994.00132389825194 6851.8228404018882429 -3154.2341342205113506 1777.8391731724821057 8228.2178014499168057 14884
334000000 310.44441190813205367 12954.336145926414247 7030.267728355397594 -3102.0184161935894736 1775.0751340567724128 8357.2110104922139726 14902
335000000 306.61067255508919516 12794.36049047837696 6875.51224140492468 -3140.9500161767987265 1754.3597363560461417 8262.1025212256772647 14910
336000000 311.40115870736082115 12994.259620688189898 6554.2928993332025129 -3230.2874138213892365 1659.6944965165866961 8124.8858166380041439 14927
337000000 309.11677647311267947 12898.936096691275452 6970.5262695398396318 -3200.9472430624764456 1780.2089994661275796 8391.2645131361878157 14902
338000000 312.74562127136567824 13050.361838417549734 6927.7969265390511282 -3057.8515195815571133 1816.7147437432902279 8168.9337023773168767 14855
339000000 310.17521130576119504 12943.102846308091102 6757.8818235030266806 -3208.8782078895546874 1712.8258904532235647 8253.934140939356439 14942
340000000 311.57686198842696967 13001.591430434362337 6819.8759369379113195 -3168.5056454605869476 1741.7766247582744654 8246.6049576402219827 14899
341000000 309.26921356458836954 12905.297046504949321 6931.7978193618437217 -3166.0088280973532164 1832.7888733198064983 8265.0177741393890756 14887
342000000 312.03427552810620682 13020.678547236633676 6851.6124430359705002 -3180.0486265412732791 1743.4475303808569606 8288.2135391963856819 14908
343000000 305.88368845164541199 12764.0246361756017 6669.1731712713526576 -3320.3385065715178825 1681.522302655122985 8307.9893751877461909 14919
344000000 311.78086476518518566 13010.104131721478552 6799.0855806504550856 -3198.7749207073948128 1694.6803288427624921 8303.1801725150871789 14920
345000000 308.65327648852735365 12879.595002525511518 7005.8967680903006112 -3089.6279145878115742 1708.4647741558806047 8387.059908522231126 14895
346000000 306.60591608128316921 12794.162010627591371 6816.3423014778618381 -3246.3275440849583902 1747.1329824501399344 8315.5368631126784749 14914
347000000 314.2880857689314098 13114.726352089443026 6962.5152804744129753 -3137.4563729237670486 1815.0155020857644104 8284.9561513124153862 14904
348000000 311.04807507440074232 12979.526019780780189 6955.4907325322474207 -3140.0401080616438776 1730.2120664187009424 8365.3187741751899011 14911
349000000 310.94592124287521528 12975.263307934745171 6856.3461262804603393 -3203.7392365349151078 1741.0489724832491447 8319.0363903321267571 14938
350000000 311.37980358996230734 12993.368506663891822 6881.18459489072211 -3224.6231819961253677 1721.804449936493711 8384.0033269503546762 14924
351000000 310.74193977115936605 12966.751495672104284 6832.234823838376542 -3144.8651536921361185 1695.0444381714821702 8282.0555393590311724 14896
352000000 308.98237355937214943 12893.327683536452241 7045.7031851778383498 -3170.157784169453862 1800.9125285130821794 8414.9484408342104871 14915
353000000 306.10223151046551493 12773.144079585497821 6815.1635788337098347 -3338.3153376061200106 1760.3419155892295294 8393.1370008506000886 14919
354000000 309.64308981142011135 12920.898289087048397 6914.6312541326624341 -3108.5712441795885752 1736.5718621342700771 8286.6306361779807048 14880
355000000 308.50850350489167795 12873.553863362019911 6988.0929195256567255 -3169.1655321215403092 1808.9597484760436146 8348.2987031711527379 14905
356000000 308.89834699165442089 12889.82139267841012 6799.1188347485986014 -3210.1869999224122694 1721.200729398877229 8288.1051052721340966 14889
357000000 312.12917791317028104 13024.638668115001565 7003.7015919368068353 -3153.4202470802601965 1800.3870417721891499 8356.7347972448787914 14865
358000000 313.15691460591636996 13067.52443470201797 6812.1155570841110602 -3194.2258556812148527 1806.8343894868855841 8199.5070232784401014 14886
359000000 308.88025409681046085 12889.066405850910087 6703.2282559174418566 -3271.7799449669118985 1736.8386821397775748 8238.1695187445766351 14919
360000000 308.54752970062736495 12875.182362502815522 7049.6871056570307701 -3207.9254001420868008 1770.7054079209078736 8486.9070978782074235 14918
361000000 311.04074846937231769 12979.220292569381854 6841.1662475523244211 -3223.1642756086730515 1729.0561401960030707 8335.2743829649934924 14909
362000000 309.65528737240020973 12921.407273301405439 6785.5597938124592474 -3258.0755280412336106 1721.0114986940488961 8322.6238231596435071 14921
363000000 312.58092984796724068 13043.489535431190234 6678.3037732078064437 -3246.7215381284445357 1731.1212420388110331 8193.9040692974376725 14913
364000000 311.08928915970540174 12981.245815964908616 6698.3922917987001711 -3318.5924529640724359 1666.3479012840771247 8350.6368434786963917 14927
365000000 309.79450862288570079 12927.216747745993416 6858.6632371918212812 -3221.3982273437318327 1744.0374896381233611 8336.0239748974290706 14888
366000000 311.37086506251182527 12992.995516573551868 6984.0709212042474974 -3197.0019139775231451 1772.8225720415989599 8408.2502631401730468 14897
367000000 310.08985195241223209 12939.540940491571746 6873.4646696224726838 -3156.4994201156227973 1701.3516494806335686 8328.6124402574605483 14933
368000000 312.41116681725537774 13036.405602589637056 6632.8416771333559154 -3263.5812853336542503 1641.3241898152859903 8255.0987726517269039 14923
369000000 308.33393717113580124 12866.269496562386848 6689.0872094544956781 -3325.0946465502756837 1663.2303821899765808 8350.9514738147954631 14922
370000000 313.48995686210696476 13081.421741826899961 6695.9915821865379257 -3275.0927157971914312 1762.1448610223396827 8208.9394369613910385 14934
371000000 311.63401395453217901 13003.976288244419266 6795.9323229474784966 -3229.7687095819924252 1700.869370148922826 8324.8316623805494601 14939
372000000 308.43709159674278908 12870.573961558355222 6878.8893316481808142 -3188.96104608052201 1711.6917952506905749 8356.1585824780122493 14886
373000000 306.60861157538511179 12794.274489175559211 6747.1406905499006825 -3228.0884772741615052 1726.3629288299819109 8248.8662389940800495 14909
374000000 309.03285446025495276 12895.434168736059291 6717.3724789551570211 -3222.4135714796020693 1781.868534016811509 8157.9175164179487183 14905
375000000 308.46322111389770271 12871.664303453946559 6786.5287059582242364 -3241.8282386799855885 1731.7296477716440677 8296.6272968665653025 14907
376000000 309.39276811037154857 12910.45277505742888 6866.7718179158764542 -3136.1494081721120892 1733.4845665649404509 8269.4366595230494568 14931
377000000 308.72340384095224408 12882.521301925627995 6854.9003121087935142 -3119.5103471556708428 1715.8837445952633516 8258.526914669200778 14904
378000000 309.47645677226603311 12913.944965659669833 6754.9505852311276612 -3272.1445453533888212 1664.6644812087160972 8362.4306493757994758 14894
379000000 305.5258585799894604 12749.092982511767332 6798.2117330614946695 -3249.7202996796772823 1714.6023342253565716 8333.329698515815835 14929
380000000 307.74777939159213247 12841.810093785294157 6626.5116120626689735 -3265.6932473635374663 1594.1229435902146179 8298.081915835991822 14933
381000000 308.2387836269298873 12862.29889522495796 6849.9403134875265096 -3183.0266586874881796 1743.1094760282064726 8289.8574961468075344 14899
382000000 310.6046807148775315 12961.023900373422293 6611.3562985383696287 -3320.6599321166049776 1682.4650527458927627 8249.5511779090811615 14927
383000000 308.57813243915074963 12876.459364589536563 6883.705433894014277 -3222.5378919349864191 1826.647313789740565 8279.5960120392592216 14925
384000000 311.46702502999306716 12997.008114303615002 6789.0626437516884835 -3121.0047482743466389 1607.7529794549293456 8302.3144125711041852 14915
385000000 312.87386469040404791 13055.713225960698765 6619.4055853151248812 -3272.6007248798769069 1639.8230474165929991 8252.1832627784096985 14959
386000000 310.50546940392882789 12956.883975085000202 6627.2171748704258789 -3292.8588280918747841 1655.7513436338574593 8264.3246593284420669 14924
387000000 311.70611529737158207 13006.984959026969591 6628.8080776329106811 -3318.2270261321395992 1662.1884060281840902 8284.8466977368661901 14916
388000000 310.29806637014718262 12948.229386649092703 6606.2509193639016303 -3281.2074134645436061 1591.7859484885850634 8295.6723843398613099 14936
389000000 303.86608924771826423 12679.833530480453192 6921.1961830687232577 -3118.8463120374681239 1799.9443926693334106 8240.0981024368575163 14907
390000000 309.70790455242342887 12923.602901925809419 6769.9017343907971735 -3249.195430571523957 1784.546448516654209 8234.5507164456685132 14906
391000000 309.03520700943596466 12895.532336754942662 6717.691693558183033 -3277.7008274321156023 1757.1800719876218864 8238.2124490026762942 14925
392000000 311.08635171341001069 12981.12324114873627 6740.6032743033574661 -3336.5536078247705518 1779.7035081812341559 8297.4533739468952263 14934
393000000 313.80678452662527889 13094.642440635012463 6796.302968031054661 -3108.6123564325635016 1719.4418649929784806 8185.4734594706387725 14901
394000000 308.53834125863630788 12874.798943888583381 7126.9281254132920367 -3125.9174368941521607 1843.0553231185547247 8409.7902391888892453 14876
395000000 311.69303943097281717 13006.439324568009397 6796.2887211239312819 -3295.1576002207839338 1795.8948959532176559 8295.551425391497105 14895
396000000 308.52451644841750067 12874.222057232364023 6758.1420654883650059 -3206.7730318149178856 1702.6388937515889666 8262.2762035516934702 14921
397000000 308.41510179557985794 12869.656363221520223 6698.5750789089943282 -3246.2474123064121159 1717.7332887412380842 8227.0892024741679052 14935
398000000 308.43257431815908376 12870.385462931892107 6876.3012133428055677 -3185.1210612072081858 1620.8269079059259639 8440.5953666440873349 14917
399000000 308.76636644111277974 12884.314060766933835 6719.2606113607816951 -3227.1869176937748307 1695.0998399860870904 8251.3476890684687532 14916
400000000 314.48798832190152552 13123.067957762699734 6954.3840179534654453 -3118.1880433021324279 1763.3807183580643141 8309.1913428975349234 14905
401000000 305.92820206068159905 12765.882116073464204 6924.5943567380609238 -3134.5319823277104661 1736.4805899520874846 8322.6457491136825411 14893
402000000 311.31912049423874578 12990.836300606302757 6582.9371812549561582 -3252.5733471570656548 1646.7252407286762264 8188.785287683345814 14924
403000000 311.66049783673787488 13005.081417212380984 6824.7265225202281727 -3249.0425507129111793 1737.2262172961138731 8336.5428559370266157 14926
404000000 306.59134614757869031 12793.554031190398746 6587.7551023809119215 -3170.3557100403468212 1549.4517822887030434 8208.6590301325559267 14948
405000000 311.04592978802617154 12979.43650049887583 6863.0570719898205425 -3184.46821913075064 1801.8837134179398163 8245.6415777026322758 14925
406000000 309.09052089115306217 12897.840494318143101 6813.4030290490272819 -3175.7422759313394636 1726.7414731936923999 8262.4038317866743455 14900
407000000 309.87667683261736329 12930.645492373188972 6720.9724532587679278 -3204.7264933785208996 1628.4806533452574513 8297.218293292033195 14931
408000000 308.32502016575244852 12865.89740455260835 6837.0670969203147251 -3174.0367859318566843 1723.8128081666300204 8287.291074685541389 14921
409000000 312.59436528606045158 13044.050174227222669 6796.3757639988070878 -3278.7179892901608582 1763.3103938142407969 8311.7833594747280586 14912
410000000 307.28071846188692007 12822.32040722002057 6684.6254151157145316 -3331.8437938338829554 1658.7991461887222613 8357.6700627608770446 14937
411000000 309.42974501665798925 12911.995760710566174 6866.7713546970016978 -3215.7851272774933022 1774.7660174357902179 8307.7904645387061464 14906
412000000 311.57277630894247977 13001.420941730439154 6915.7078301569908945 -3240.159848797487939 1787.6277124322018608 8368.2399665222765179 14878
413000000 308.24165621820560546 12862.418763747527919 6697.236299626231812 -3250.1838368524022371 1677.546233311058586 8269.8739031675759179 14917
414000000 311.80821189725338627 13011.245282690379099 6744.2955369364181024 -3319.7450070145123391 1692.0889382076527454 8371.9516057432774687 14911
415000000 311.1040000092025366 12981.859675587011225 6660.3558403471442944 -3313.0302284052268078 1749.4444522189237432 8223.9416165334478137 14924
416000000 305.64946727916839109 12754.250970796634647 6781.5734485787988888 -3299.6153325756367849 1748.9924453739090495 8332.1963357805252599 14909
417000000 309.47721588477543264 12913.976642179659393 6564.471141302075921 -3327.4316958836143385 1683.3375917636433314 8208.5652454220471554 14910
418000000 309.74205047300029037 12925.027755188413721 6607.5976452133054408 -3265.1743619822709661 1663.1498478572289059 8209.6221593383470463 14942
419000000 306.75340177117311669 12800.316346573938063 6691.5737565953932062 -3246.4238516786117543 1674.4532909387271502 8263.5443173352759914 14932
420000000 310.71442959584692289 12965.603541176031285 6828.3620519558553497 -3228.9912259707562043 1709.2390178121006556 8348.1142601145111257 14919
421000000 312.68843424018120913 13047.975517399245291 6706.3884510859370494 -3289.5769213406392737 1655.0307191044316824 8340.9346533221450954 14920
422000000 308.94051385796109344 12891.580946851085173 6794.6613351855585279 -3175.3218903111974214 1761.6625884358195435 8208.3206370609368605 14898
423000000 309.77696783281538728 12926.484799345184001 6832.6116658335404281 -3287.5076909519993933 1723.5360521493666965 8396.5833046361731249 14925
424000000 307.2482492624270094 12820.9655207796186 6608.1546864566371369 -3273.0563457981807005 1624.4961593001435176 8256.7148729546734103 14926
425000000 310.39894266367190312 12952.438788929655857 6722.9527795426893135 -3172.090917574487321 1688.1001768465998794 8206.9435202705772099 14951
426000000 307.56039987273675251 12833.991053786490738 6532.5627141380509784 -3341.2257973223622685 1706.7439732299149 8167.0445382304978921 14959
427000000 309.29682239189043003 12906.449117586749708 6816.9704217204034649 -3277.9324994180115027 1675.960687908865566 8418.9422332295489468 14932
428000000 309.53610968554875171 12916.434183893616137 6451.6345895299800759 -3395.6661442368686039 1527.8982865064895122 8319.4024472603596223 14971
429000000 311.81655105388495031 13011.593262019478061 6452.5909349015701082 -3395.0495723332533089 1626.8213813198481148 8220.8191259149753023 14952
430000000 311.10516459342619555 12981.908271776617767 6593.9584060550787399 -3217.3286736160462169 1653.3649285077324294 8157.9221511633913906 14921
431000000 309.98520351970836373 12935.17413302978639 6596.0952388845325913 -3296.108374491757786 1666.1747271408089546 8226.028886235480968 14956
                                                                                                                                                    434000000 312.36455431214841383 13034.460539201161737 6852.7571509467907163 -3188.9377585681349956 1771.2087197891657979 8270.4861897257578676 14895
435000000 308.57619530995020796 12876.378531365104209 6617.7000746349340261 -3316.3821272501272688 1671.4779113931310803 8262.6042904919304419 14955
436000000 306.7302401167669359 12799.349848723230025 6596.4758555019034247 -3215.4780272739226348 1689.4362203740831774 8122.5176624017431095 14907
437000000 308.24730468792421334 12862.654465124773196 6704.2738377633068012 -3242.0527377708035601 1612.8159260896393334 8333.51064944447171 14953
438000000 308.44154314411360929 12870.759717329112391 6655.6606440090963588 -3317.3841405293505886 1635.0767435087509512 8337.9680410296950868 14934
439000000 310.59256357551299743 12960.518272021181474 6585.1628502183721139 -3330.6756712687474646 1660.2678372418938579 8255.5706842452254932 14928
440000000 310.77659751532564769 12968.197706493649093 6632.861458335613861 -3324.1772022854952411 1755.5244867005376364 8201.5141739205701015 14911
441000000 309.21913664160268809 12903.207418640422475 6825.1434480558473297 -3256.4863616002107847 1680.3568117580002763 8401.2729978980587475 14952
442000000 305.18890665275881702 12735.032531226675928 6573.7230302666857824 -3299.9958602657488882 1616.0650886198668559 8257.653801912569179 14958
443000000 312.01697415121145696 13019.956589154977337 6859.8064153009063375 -3148.375217529692236 1773.8693568008156944 8234.312276029782879 14879
444000000 308.26677227641778245 12863.466815663621674 6868.5139085390601394 -3203.5105276389249411 1713.3405338407287672 8358.6839023372558586 14917
445000000 309.62979933739745775 12920.343699403922074 6537.7549487350925119 -3276.2806387756972981 1625.7287678971945297 8188.3068196135955077 14947
446000000 306.10525470228679978 12773.270232421833498 6602.1202373636469929 -3387.1932966387948909 1699.810950129073035 8289.5025838733672572 14929
447000000 308.91734493128535632 12890.614145540495883 6630.6493383435008582 -3289.3714590772669908 1625.6831683766706647 8294.3376290440974117 14937
448000000 308.52721758568475252 12874.334771260364505 6555.4272221327682928 -3376.430948018808067 1661.197064578244408 8270.6611055733319517 14946
449000000 309.13500664647534677 12899.696811926207374 6486.0419736048834238 -3474.4272202434412975 1604.3893789997966906 8356.0798148485264392 14964
450000000 309.3783947249833659 12909.852997259115 6727.2840899880848156 -3290.656554372032133 1757.1819894055311124 8260.7586549545867456 14929
451000000 309.06367712123977753 12896.72034782640003 6613.5986465002206387 -3320.5862322490102088 1607.7963197990413846 8326.3885589501896902 14967
452000000 308.58139826496619662 12876.595642144502563 6867.1071526429150254 -3194.869148862968359 1686.755032314977143 8375.2212691909080604 14915
453000000 308.12681859587263489 12857.626778113910404 6817.3212703433637216 -3146.1947540144633422 1732.3318362852794507 8231.1841880725478404 14939
454000000 311.27579693170730479 12989.028479397276897 6708.1136175432084201 -3197.9629529263911536 1690.166723375485617 8215.909847094113502 14913
455000000 307.8946154998167799 12847.937323754131285 6741.0442784392280373 -3337.1643487017972802 1730.7389438201923895 8347.4696833208327007 14933
456000000 309.57520805966839816 12918.065694919992893 6493.251251324221812 -3413.5616807944998072 1657.6468470317734045 8249.166085086948442 14937
457000000 309.41602772075492567 12911.423360450406108 6304.881946215107746 -3429.9131307497309535 1557.8085092154456106 8176.9865677493926341 14941
458000000 310.11321258228434772 12940.515741262131996 6502.0509461429919611 -3406.3315991603135444 1652.8132319318074224 8255.5693133714958094 14958
459000000 308.65486095715715464 12879.661119802731264 6471.6654978196038428 -3314.5790366966721194 1615.4917548458072361 8170.7527796704689536 14957
460000000 309.67863856039184611 12922.381680077778583 6628.691769134160495 -3364.7581876672934413 1659.6634061433064744 8333.7865506581474619 14958
461000000 311.17615719729860757 12984.870676700531476 6667.9752771561161353 -3258.3822367807842966 1659.6318479291348922 8266.7256660077655397 14932
462000000 308.71901517475060928 12882.338170082928627 6628.714545635547438 -3340.5092646040284308 1609.2908400014416657 8359.9329702381346578 14952
463000000 312.03724814945547905 13020.802589850112781 6970.6884213978864864 -3169.4033740542326996 1800.8936508435890573 8339.1981446085301286 14904
464000000 308.21594742615042151 12861.345978020313851 6745.5057411678608332 -3215.879019919097118 1732.8418676894514192 8228.5428933975053951 14929
465000000 309.86104274532766567 12929.993107552212678 6607.0226792372905038 -3307.8838550516293253 1617.9053022485302336 8297.0012320403911872 14946
466000000 309.91219782015099327 12932.127724924637732 6790.9068544047186151 -3169.9033231213943509 1805.0396549129955019 8155.7705226131183736 14895
467000000 311.88449339874529187 13014.428384637578347 6871.9587080503179095 -3235.8932838251221256 1733.7466716843553058 8374.1053201910835924 14909
468000000 309.68451669047641417 12922.626964805427633 6770.3233351637854867 -3293.499123446984413 1668.2909284890940853 8395.5315301216760417 14918
469000000 311.00682182912680673 12977.804589515360931 6675.4514644094742835 -3258.3292530683020232 1730.2948058277936525 8203.4859116499828815 14919
470000000 311.45593074827280589 12996.545168123271651 6798.5771175254358241 -3269.2968725582700245 1767.514002000995788 8300.3599880827096058 14898
471000000 313.50997722949620083 13082.257158922446251 6728.4053343256528024 -3236.0239918761180888 1739.8202759831365256 8224.6090502186343656 14909
472000000 306.42577428172705822 12786.644988784491943 6831.0147290579516266 -3184.6893763871303236 1697.6614900950694391 8318.0426153500120563 14926
473000000 311.52956301820415774 12999.617721982480361 6829.0368459788587643 -3170.6682530134648914 1711.0777801085253031 8288.6273188837985799 14895
474000000 309.5488419709952268 12916.965481282948531 6762.5820096052739245 -3278.0100261194907034 1744.0103807855916784 8296.5816549391747685 14920
475000000 311.8209035189165661 13011.774883246725949 6691.3300599554113433 -3206.352268249745066 1632.150671519515754 8265.5316566856417921 14941
476000000 306.51137329869186487 12790.216895370624115 6597.7635916331100816 -3290.586988565818956 1706.1900544069198986 8182.16052579200732 14920
477000000 309.34536358776966836 12908.474662077886023 6687.2683449566238778 -3325.7530736789672119 1619.10595977799926 8393.9154588575911475 14944
478000000 312.15114616309625717 13025.555367154065607 6795.6791123538423562 -3204.3660146234906279 1735.454091045142377 8264.5910359321915166 14933
479000000 307.66160963114958804 12838.214371009917159 6590.5677923691355318 -3291.469271327644492 1664.0585857212417977 8217.9784779755373165 14953
480000000 308.53190048938932932 12874.530181151478246 6648.1024660893326654 -3222.8434473370757587 1687.1772823104874988 8183.7686311159213801 14865
481000000 309.52593882579293449 12916.009770597334864 6868.269104002883978 -3190.4929828698277561 1728.3230686443509967 8330.43901822836051 14885
482000000 308.90372421784394419 12890.045775508055158 6629.340327157394313 -3297.3752971872399939 1515.8511733654827367 8410.864450979152025 14946
483000000 309.64456118615714786 12920.959687141608811 6650.5032512751567992 -3301.5138248834336991 1626.6345410792532675 8325.3825350793376856 14928
484000000 310.42671625810294245 12953.59773547351142 6781.7718987746739003 -3330.7990140308329501 1740.4457642486108853 8372.1251485568973294 14942
485000000 305.55255117496915318 12750.206820721477925 6652.6446267688015723 -3331.3058967043325538 1593.0640926990222397 8390.8864307741114317 14949
486000000 310.36067022668146365 12950.841742905053252 6671.5670675276587644 -3319.2337132371162625 1708.6380262921757094 8282.1627544725997723 14929
487000000 307.63766783602380883 12837.215319166496556 6605.2368062332270711 -3361.8920659523928407 1666.1786010531600368 8300.9502711324603297 14954
488000000 305.58039923939418259 12751.368874776044322 6667.8873350052008391 -3280.4786777644972062 1687.0828618478012686 8261.2831509218958672 14957
489000000 308.33967499020519654 12866.508926341497499 6649.2132023336635029 -3264.8853423616251348 1672.9181433120627389 8241.1804013832261262 14930
490000000 311.43263080589639458 12995.57289974237392 6630.4921361298702323 -3326.1177729828082192 1610.6788228058180721 8345.9310863068603794 14958
491000000 311.71592095935244515 13007.394133219066134 6671.3239649557763187 -3360.2691448832529204 1638.5464236783275283 8393.0466861607001192 14931
492000000 308.82915994097652401 12886.9343305279981 6593.6394031091522265 -3278.3934639359972607 1695.0058413134725015 8177.0270257316769857 14923
493000000 310.70383624714480675 12965.161498108949672 6743.6615038352847478 -3340.2236334315930435 1722.2899306622121003 8361.5952066046666005 14937
494000000 309.58219928491041628 12918.357427282962817 6924.2634602937414456 -3243.2190369720037779 1903.3952414781922471 8264.0872557875518396 14903
495000000 310.24035735015263526 12945.821283893863438 6975.1758741843514144 -3222.9561220088990012 1808.336710100256596 8389.7952860929945018 14930
496000000 313.63310254585621806 13087.394976435081844 6702.9177112048819254 -3317.4519273557893939 1767.012350134742519 8253.3572884259283455 14903
497000000 308.2897336014668781 12864.424954098820308 6617.386272453566562 -3346.2224828575999709 1696.9037298667540199 8266.7050254444129678 14922
498000000 310.61281185278556904 12961.363199422363323 6515.4696925777825527 -3326.3529188490206252 1549.7474265051730526 8292.0751849216303526 14969
499000000 310.5490604095793401 12958.70295625674953 6668.9125944102925132 -3289.4049068198091845 1728.9366335003924178 8229.38086772970928 14906
500000000 313.36147308427507596 13076.060324505509925 6461.7598253750620643 -3382.6936153418432696 1608.7461988695956734 8235.7072418473089783 14955
