# Steps Temp KinEng PotEng Epair Ebond Eangle Bonds
1000000 309.49745347092044767 12914.821123457622889 8149.2739614653582976 -279.33359602055440973 378.6649437310875328 8049.9426137548252882 14914
2000000 310.68762855795847599 12964.485177821597972 7642.7467173802742764 -288.13336351527686929 -103.65087605280301375 8034.5309569483542873 15050
3000000 309.63556839079882366 12920.584432540479611 7569.9780427313553446 -285.52927371819129121 -178.84873331106587102 8034.3560497606122226 15106
4000000 309.50716591674881784 12915.226407892560019 7384.2422690049543235 -272.05315914217612772 -441.80444400678095462 8098.0998721539108374 15193
5000000 312.6180774182076334 13045.039642611218369 7081.4869230134027021 -241.47335419003636048 -662.19907630518139285 7985.1593535086203701 15248
6000000 312.83227700803831794 13053.977840183953958 7161.8969034392193862 -274.23081166580107038 -620.73417296687557609 8056.8618880718950095 15261
7000000 308.89392375678437475 12889.636818341874459 6941.0588952865691681 -270.05877244725024866 -828.83528232403750735 8039.9529500578555599 15305
8000000 309.05753346888366195 12896.463983289844691 6839.7071520463941852 -282.90050376388683162 -863.00000191294270735 7985.6076577232233831 15331
9000000 308.93712231104774446 12891.439423160902152 6780.690338378000888 -278.1864754542231708 -985.30218623765028951 8044.1790000698738368 15349
10000000 310.8098607835051439 12969.585728119358464 6683.1814070549735334 -276.15518626877263841 -1085.3902490541370298 8044.7268423778832585 15364
11000000 308.90843209676057768 12890.242227573806304 6801.684215217424935 -271.83811700986939286 -943.48558956467468306 8017.0079217919683288 15361
12000000 307.72347776290058619 12840.796026677340706 6707.3345968454696049 -274.21643645020549229 -1092.6020806163496673 8074.1531139120252192 15378
13000000 309.79915261203251475 12927.410533796435629 6535.875672006413879 -306.98447018387980734 -1073.4021692726464607 7916.2623114629404881 15394
14000000 308.30890625438172492 12865.224997459696169 6732.2666055400695768 -259.1499212654878761 -1010.424458579488828 8001.8409853850471336 15397
15000000 312.19652436737618473 13027.448925193417381 6712.4932273478143543 -271.80244653129386734 -1055.6688587927983463 8039.9645326719073637 15402
16000000 310.28179902052153238 12947.550576829456986 6644.194055758965078 -247.93056128215874878 -1061.6784730824813323 7953.8030901236052159 15376
17000000 307.63327033327738036 12837.031818589277464 6472.8920766755500154 -238.01296953259941347 -1220.5363165508215388 7931.4413627589710813 15420
18000000 308.54190382834951834 12874.9476040797108 6540.4651372574007837 -263.21834082748131323 -1220.9086953469284254 8024.5921734318108065 15437
19000000 305.21990971854921781 12736.326238313669819 6547.0843362826817611 -265.09431848946110222 -1205.8683350086494102 8018.0469897807925008 15436
20000000 306.90253082290638531 12806.539257314710994 6427.4522529459281941 -289.37346204773865566 -1319.416435462248046 8036.2421504559151799 15453
21000000 306.11865575227204772 12773.829436258520218 6493.0203388529034783 -264.08196025240749805 -1304.8999097153277944 8062.0022088206396802 15447
22000000 311.61443859060500472 13003.159440413488483 6449.9883922227199946 -226.51718149612429443 -1364.2138194159142586 8040.7193931347592297 15455
23000000 309.88874984029342841 12931.149279182449391 6582.4958909359502286 -246.54455226220795794 -1226.6314322461339543 8055.6718754442936188 15455
24000000 315.03266923404265754 13145.796598889710367 6375.6185736318439012 -257.07650877045227844 -1478.7303388844015899 8111.4254212866990201 15485
25000000 306.70184003584273569 12798.164759925521139 6456.3965921819217328 -272.92869510422588064 -1316.4574891430752359 8045.7827764292233041 15479
26000000 309.06481493391271442 12896.767826883102316 6276.8107715243058919 -243.84773395408768693 -1516.2268870116763537 8036.8853924900704442 15508
27000000 311.80995788507834732 13011.318139898701702 6218.3525216822145012 -263.63017779615324798 -1514.2107152456610493 7996.1934147240281163 15510
28000000 309.84522306694748295 12929.332978319422182 6375.5038660599429932 -254.11305079280754171 -1374.4589498405830454 8004.0758666933343193 15501
29000000 311.69983889970689006 13006.723055246406147 6401.6557183426339179 -239.59338473274974035 -1397.5619245824752852 8038.8110276578599951 15513
30000000 314.37237882653988663 13118.243763133554239 6358.9041659837894258 -262.94605408006958669 -1387.3723772259736506 8009.2225972898322652 15504
31000000 309.25305132586373702 12904.622622790820969 6015.1079840936763503 -262.77951740912635614 -1637.8493231782028943 7915.7368246810056007 15541
32000000 310.35426280086926454 12950.574371534794409 6118.8345233822828959 -262.9421903523804076 -1601.9055156464025913 7983.6822293810655538 15534
33000000 306.07540924484214884 12772.024830432501403 5934.7244937188288532 -271.62317992223501051 -1642.9804662155424921 7849.3281398566068674 15543
34000000 311.13712429217150657 12983.241897587837229 6102.1299875268359756 -288.23781544667514254 -1558.7727768441511671 7949.140579817660182 15541
35000000 309.15657060960899116 12900.596640740503062 6137.1191310458625594 -280.70906906693636529 -1542.1670837019642022 7959.9952838147619332 15545
36000000 306.69044583139418592 12797.689298461631552 6102.7281054103623319 -287.89795388571570811 -1582.7652068808558852 7973.39126617693546 15545
37000000 308.57811432927729811 12876.458608894219651 6290.8770423781561476 -248.04922274949626626 -1506.2902522647941623 8045.2165173924468036 15541
38000000 310.04481783205505963 12937.661740509980518 5967.331611352422442 -260.71228591739327385 -1657.0074629939535953 7885.0513602637693111 15548
39000000 311.69178579615487479 13006.387012443155982 6233.2695715097534048 -283.46169499860366159 -1460.0897340627541325 7976.8210005711116537 15502
40000000 311.10624232789393773 12981.953243868354548 6085.1051060219306237 -254.89785479025508153 -1575.4317746743781754 7915.4347354865640227 15539
41000000 311.24176019695664763 12987.608182280122492 6195.0671600857613157 -253.95737474743776829 -1490.0625279422522453 7939.0870627754511588 15526
42000000 310.26182091597547696 12946.716923293040963 6258.3255166008839296 -251.52896644968211604 -1557.0029317791634185 8066.85741482973026 15542
43000000 308.00402013136675805 12852.502599593077321 6356.1998797952610403 -261.2796673206316882 -1433.3635049211247861 8050.8430520370175145 15510
44000000 308.44768561765943105 12871.016032675846873 6390.2187919113803218 -241.86827854821041228 -1458.5509394834230079 8090.6380099430134578 15537
45000000 307.46565258277991006 12830.037404772574519 6102.2781207694242767 -248.58214257697088101 -1589.6529563779674845 7940.5132197243619885 15548
46000000 310.49594402274499316 12956.486496550873198 6213.4983650664707966 -297.9250491736217441 -1510.5007985231841303 8021.9242127632769552 15542
47000000 310.90677322839297858 12973.629725497454274 5915.9549986674628599 -264.4619766602890536 -1760.4710423604124117 7940.8880176881639272 15577
48000000 312.91526270443961266 13057.440697189103957 6047.7408300855895504 -234.82765573890179667 -1589.400440516511253 7871.9689263410036801 15542
49000000 311.69000725618184333 13006.312796887083095 6068.475162871937755 -251.92085637563869227 -1636.4521708485463023 7956.8481900961214706 15574
50000000 309.22074183983397688 12903.27440092991128 6266.9478583014697506 -253.39290464316491125 -1498.2595756018436077 8018.6003385464782696 15540
51000000 309.2644467486889539 12905.098135095569887 6233.5121230656150146 -265.57949984285511391 -1524.9806718545187323 8024.0722947629883492 15539
52000000 310.99862320042115016 12977.46247418612802 6156.5606009348539374 -271.3444499860763699 -1626.2313318079518467 8054.1363827288814718 15547
53000000 311.64789199749299087 13004.555396215655492 6198.4053726652127807 -231.25188930801593301 -1494.2909618853418579 7923.9482238585715095 15556
54000000 312.53804920553108104 13041.700196551302724 6017.907360867891839 -307.60468122492255816 -1682.1276765618692934 8007.6397186546837474 15562
55000000 307.65968126317392262 12838.133903377027309 6246.5054011146066841 -264.38634613118279049 -1530.2683751540980666 8041.1601223998877686 15549
56000000 309.99936543661374344 12935.765086595145476 6060.3461395479152998 -269.32752240650944486 -1650.8044452764570451 7980.4781072308815055 15556
57000000 307.78067390558356919 12843.182727903533305 6324.2413988765611066 -270.31387381649523149 -1437.911299487206179 8032.4665721802621192 15537
58000000 312.26217121999263782 13030.188260685039495 5993.1560661538678687 -288.38877090976689033 -1656.0404729988042618 7937.5853100624399303 15556
59000000 307.70832566947569831 12840.163754669822083 6198.4254169040259512 -252.60360593794837314 -1531.044411327783564 7982.0734341697580021 15537
60000000 310.5848140729857505 12960.194897990757454 6248.1130218295502345 -255.08233404537602951 -1606.6318804859088232 8109.8272363608339219 15557
61000000 307.9351020654335116 12849.626761734894899 6104.4750680575907609 -293.72425376171020162 -1500.4243261727822301 7898.6236479920835336 15561
62000000 312.77695957384986514 13051.669534381948324 6073.7276229698036332 -263.56543843454699072 -1613.5103899817245292 7950.803451386074812 15552
63000000 312.73079657399483722 13049.743228110399286 5922.4212235216728004 -255.5947271512069392 -1693.3751521026113096 7871.3911027754911629 15577
64000000 308.07454633346094397 12855.44554233573399 6085.7072046925204631 -249.55006271384598904 -1707.5476179700756347 8042.8048853764430532 15563
65000000 310.90144963512148024 12973.407580681512627 6190.4506422376252885 -263.9826716609256323 -1600.1742651999411464 8054.6075790984923515 15552
66000000 307.68397678222140712 12839.147715539555065 6156.3158152095275 -276.41254325840810679 -1642.5025862765073725 8075.2309447444440593 15562
67000000 305.89553996234559463 12764.519180279339707 6039.3065504906771821 -255.64413852630795532 -1686.4119338837222131 7981.3626229007086295 15531
68000000 312.52280770727440995 13041.064193826785413 6123.1480790364494169 -259.64637502580808359 -1677.4507233066610752 8060.2451773689190304 15555
69000000 310.79230128016627077 12968.852998844546164 6159.3779527523929573 -261.65481378999714934 -1629.6325607334158576 8050.6653272758057938 15537
70000000 310.84310767929036956 12970.973066551909142 6031.4746903733412182 -279.02703175589635975 -1613.6468811195516082 7924.1486032487891862 15554
71000000 310.68863309352468605 12964.527095443227154 6026.9339776423448711 -292.82258465086647448 -1776.7028801932142414 8096.4594424864253597 15556
72000000 309.58661985265774774 12918.541890324841006 6315.2511825367892015 -286.94634281772448503 -1485.0398717262839909 8087.2373970807966543 15539
73000000 309.43038211577146512 12912.022345811659761 6089.8489831564957058 -276.02584308847673356 -1612.7903946439387255 7978.6652208889117901 15540
74000000 309.45109109812818815 12912.886497680396133 6051.5127968687647808 -302.18324747543374542 -1595.1470350983627213 7948.8430794425621571 15550
75000000 307.42785211153164937 12828.460053104317922 6079.6382263764471645 -300.80269908211909069 -1589.045599179488363 7969.4865246380541066 15553
76000000 313.68219686829337434 13089.443601990293246 6197.7673536615620833 -269.96651011253283059 -1567.4217905224045353 8035.1556542964999608 15556
77000000 312.59893541901072922 13044.240878379718197 6214.9493659619402024 -235.20966551330485572 -1607.6059899461733949 8057.7650214214190783 15551
78000000 314.01360516116301369 13103.272726505671017 6013.6503503249095957 -271.2995456105750236 -1717.827708125631716 8002.7776040611161079 15555
79000000 312.64891856197721154 13046.326592957853791 5953.6433804334574234 -265.26780519221802024 -1711.7784038681343191 7930.6895894938097626 15553
80000000 311.80889041659088434 13011.273596189485033 6036.6905808089359198 -273.30827886518682135 -1539.4513682992414942 7849.4502279733633259 15555
81000000 310.76899452987743189 12967.8804463806282 6026.375430341306128 -282.75667603875342593 -1794.4584260246019767 8103.5905324046616443 15579
82000000 306.2642954371457904 12779.906741443190185 6141.0287244456312692 -257.51852386134885364 -1644.5151312121145111 8043.062379519094975 15576
83000000 308.53645115028444934 12874.720072767046076 6214.4362400203172001 -263.63977302296643757 -1588.7139801384350903 8066.7899931817191828 15563
84000000 307.4516145605189763 12829.451621127527687 6061.4922026522572196 -278.69425767470693245 -1579.9306597592128583 7920.1171200861763282 15542
85000000 307.48067955830600795 12830.664455815385736 6222.7036484137624939 -240.90099616021626616 -1551.0290709029204663 8014.6337154768989421 15535
86000000 314.01156935405168724 13103.187775613861959 5959.011253311397013 -253.00055032454707771 -1755.5677314911322355 7967.5795351270753599 15578
87000000 306.43785702898765066 12787.149182010640288 6003.8537287305925929 -239.74637382056775436 -1675.0949100770435507 7918.6950126282035853 15557
88000000 310.78091084632831098 12968.377694722052183 5997.4415922339894678 -271.93418170559255032 -1644.8674235969451729 7914.2431975365270773 15571
89000000 313.14605911726437171 13067.07145296476665 6033.2194654693712437 -248.88113937782159724 -1756.8393580759961878 8038.9399629231902509 15566
90000000 309.81815927388106502 12928.203650622359419 6079.262502797484558 -243.41453363856544456 -1566.5465388773577615 7889.2235753134073093 15553
91000000 312.15692411047649557 13025.796471421772367 6105.7613439672504683 -268.93758899812269192 -1699.3113862892982979 8074.0103192546721402 15564
92000000 308.37264949295951055 12867.884898259620968 6156.4862876038441755 -270.86830456250254429 -1726.8094799618766046 8154.1640721282228697 15579
93000000 310.36790891294612038 12951.143801410635206 6037.761141206643515 -240.14165744630656718 -1657.9019905789243694 7935.8047892318736558 15551
94000000 307.0944476706754358 12814.547632607362175 5990.8498260821415897 -229.4305027094717957 -1657.9345285325871373 7878.214857324201148 15572
95000000 311.51202007122765281 12998.88568357751501 6067.6163053893387769 -282.333773816828284 -1618.5692719398211921 7968.5193511459883666 15576
96000000 310.32393554630425569 12949.308864941831416 6088.5109587268707401 -236.94067994242558939 -1670.574690667230243 7996.0263293365260324 15565
97000000 311.48828534838401083 12997.895272520807339 6110.6393313309390578 -236.01842796678857894 -1670.4318628980745416 8017.0896221958018941 15567
98000000 311.63967613226685671 13004.212561634692975 6067.4367951010062825 -235.85613227271323922 -1539.1854885188529352 7842.4784158925722295 15556
99000000 306.685470061546539 12797.481667746700623 5993.7246281695252037 -265.9922409823458338 -1734.7554980654003884 7994.4723672172713123 15586
100000000 307.04246096706157232 12812.378312729470053 6017.0572390574070596 -279.29203627604169924 -1567.9425365967840662 7864.2918119302321429 15545
101000000 307.89102834832806366 12847.787637805831764 6158.090632847544839 -253.3010890150042087 -1584.7744013838864703 7996.1661232464348359 15556
102000000 310.38984914045698815 12952.05933112027742 6227.898766859438183 -278.58826693999981217 -1507.6035502165525486 8014.0905840159903164 15528
103000000 311.54024384603422959 13000.06341541009715 6084.0288212847026443 -277.71293815529912763 -1564.0208834504010156 7925.762642890402276 15562
104000000 306.14693090594568048 12775.009312046957348 6127.2138425457942503 -262.73902531245732916 -1625.1203993451761107 8015.0732672034273492 15552
105000000 309.1540667489949783 12900.492158743687469 6202.4532059671892057 -256.15358042064696065 -1536.7799856114424983 7995.3867719992776983 15550
106000000 310.53841846765465107 12958.258885474187991 6176.7956835321874678 -270.98525020956986964 -1446.0527391075111154 7893.8336728492695329 15524
107000000 310.1180147202273929 12940.716126602459553 6016.1736580203778431 -301.22569590118007454 -1624.5840771312825837 7941.9834310528403876 15564
108000000 308.71916954075379635 12882.344611523063577 5911.0304675988099916 -299.75462519876072065 -1761.0608442520542667 7971.8459370496257179 15558
109000000 313.14130398036053293 13066.873028900716236 6263.0150048506638996 -264.54922494735546934 -1474.5485931165351303 8002.1128229145551813 15515
110000000 308.77868276918047741 12884.828000937066463 5998.0489569278615818 -280.22385284020162999 -1708.4499396595351755 7986.7227494275994104 15556
111000000 305.41077046001481676 12744.29054402240763 6032.5352597031123878 -308.28961912232898612 -1616.0762259713073945 7956.9011047967487684 15562
112000000 306.95786675635179108 12808.848335060365571 6037.9540253253926494 -273.21013843031960278 -1587.2573077711604128 7898.421471526874484 15552
113000000 309.50520045384445211 12915.144392349136979 6228.7325504165200982 -259.38932241578874027 -1545.7381351013050335 8033.8600079336138151 15537
114000000 309.80821993063426589 12927.788898130287635 6060.9498498315115285 -263.45542533917137007 -1735.374816466500306 8059.7800916371816129 15585
115000000 308.464623483241553 12871.722822026626091 5972.9856435321298704 -244.95315886774540104 -1728.7709817933407521 7946.7097841932154552 15580
116000000 310.21197858594621266 12944.637084607826182 6017.125315414536999 -247.40391292372260068 -1659.2343025938203027 7923.7635309320803572 15566
117000000 312.81126710774236699 13053.101131503151919 6088.153930960082107 -275.26660556006265779 -1647.5452081624562197 8010.9657446826004161 15562
118000000 309.04729022073053102 12896.036549344467858 6119.665671494372873 -238.8183247885284004 -1651.437950599566193 8009.9219468824685464 15564
119000000 308.91672959604318294 12890.588468610058044 5896.8557868951356795 -269.14364292891150399 -1753.3659408886851452 7919.3653707127323287 15576
120000000 309.7696473327160902 12926.179326882467649 6055.9409772802619045 -269.11515281167771718 -1720.2984392977737116 8045.3545693897131059 15576
121000000 308.00571835434908508 12852.573463652855935 6041.2388940382388682 -260.7147304661131102 -1686.0041756466480365 7987.9578001509999012 15566
122000000 304.8227980368864678 12719.755419144743428 5967.7592483697608259 -265.76642990494008245 -1730.9977310351587221 7964.5234093098588346 15551
123000000 311.4055770012244011 12994.44398884462862 6206.6013691277912585 -267.50319580495875016 -1514.4698232596215348 7988.5743881923717709 15517
124000000 308.78493113149863802 12885.088734848601234 6221.0045058179584885 -268.38741410542297672 -1572.2024941276379195 8061.5944140510200668 15549
125000000 310.5837993997855051 12960.152557342285945 6220.917519498438196 -266.15923525616688039 -1570.3940715666758479 8057.4708263212814927 15544
126000000 308.29717333198323104 12864.735401851292409 6197.8266364618884836 -250.43544424099809476 -1544.7750523069630617 7993.0371330098496401 15553
127000000 304.64077069850020507 12712.159716858750471 6137.8609151749242301 -253.25326368559154844 -1631.3332060679715596 8022.447384928487736 15568
128000000 309.25048077170794159 12904.515357781890998 5910.255146780915311 -309.42340121959603039 -1706.8367611687924636 7926.5153091693046008 15588
129000000 306.65596928502878882 12796.250648727134831 6050.6441079538626582 -242.86101340911764623 -1672.5267088561920445 7966.0318302191735711 15570
130000000 312.17138930547866948 13026.400080284702199 6060.9049156909313751 -272.97070723715944496 -1680.3674259573690506 8014.2430488854606665 15568
131000000 310.95481504466431488 12975.634431696591491 6135.7741330843400647 -269.59244991464373697 -1610.1129093753424968 8015.4794923743265826 15539
132000000 310.66394130480597369 12963.496747597246213 6210.8634900949218718 -271.65258696493822299 -1575.5383675039815898 8058.0544445638424804 15550
133000000 309.95335411460155228 12933.845109591207802 6186.2421044571601669 -263.65616979927460761 -1639.9113468874656974 8089.8096211438996761 15565
134000000 310.35182652194657749 12950.472709611116443 6176.8588666499381361 -248.11797094680741793 -1535.279751366056189 7960.2565889628012883 15559
135000000 311.03638554965664298 12979.038235085316046 6180.241365418625719 -250.31147748797616259 -1544.9868472547927922 7975.5396901613939917 15558
136000000 305.78903211149395247 12760.074782347895962 6001.4129937723964758 -274.8695659283600321 -1673.283646961131808 7949.566206661887918 15567
137000000 311.9526540642379473 13017.272617417595029 6103.777620640549685 -263.36861833407181166 -1681.8397549674900802 8048.9859939421130548 15583
138000000 311.47010737954940396 12997.136735695208699 6103.5793289388939229 -247.33510733005024917 -1649.5991581861653685 8000.5135944551093417 15547
139000000 308.73284384141760484 12882.915217662406576 6131.5579023054015124 -293.8151901078367132 -1556.3526383791349872 7981.7257307923737244 15545
140000000 310.81978442936576812 12969.999825585251529 6094.3455669451996073 -295.02145715554559047 -1619.7198947460983618 8009.0869188468432185 15558
141000000 310.64652883532443184 12962.770153804147412 5995.6562034876687903 -283.77999606045398195 -1679.4904351958809912 7958.9266347440034224 15578
142000000 313.52253520315093738 13082.781182566599455 6014.3996341308011324 -287.66003893010531556 -1626.8676387447058005 7928.9273118056125895 15550
143000000 307.0575780083911468 12813.009122070541707 6004.8906111517917452 -264.73908290128230192 -1682.3230188792072113 7951.9527129322814289 15574
144000000 313.86665039089456286 13097.140544964364381 6062.4236330992189323 -249.05602019249360524 -1604.1906128227237787 7915.6702661144354352 15559
145000000 309.63920291512789618 12920.736095279711662 5943.2211067577518406 -287.22926159467584739 -1625.3220949211097377 7855.772463273538051 15541
146000000 309.61315947678235716 12919.64934531165818 6127.1374849457833989 -261.13778336769667021 -1683.669142204830905 8071.9444105183110878 15581
147000000 309.89218139072789882 12931.292472153960261 6129.0554735191526561 -287.50995159739056817 -1658.6516358964747724 8075.2170610130178829 15571
148000000 309.0541588406633764 12896.323165588974007 6050.7636686074783938 -285.37144054677696658 -1721.9133445526686046 8058.0484537069241924 15565
149000000 307.67041340097335933 12838.581737885511757 6064.0726660111022284 -271.82789391162123138 -1658.5375737233073323 7994.4381336460310195 15562
150000000 307.9996856348957408 12852.32172816439197 5944.5862992498223321 -292.39057155227777685 -1756.1435471955824141 7993.1204179976830346 15584
151000000 310.44516306113251858 12954.367490309148707 5971.8357315726916568 -285.77918163104897076 -1696.5414495046745742 7954.1563627084142354 15563
152000000 311.71435415911508926 13007.328753214886092 6056.1715281227243395 -299.95611732173193786 -1598.0623641644267536 7954.1900096088829741 15555
153000000 313.80644001312475666 13094.628064651675231 6180.3476299363610451 -261.33834245122193352 -1532.0857288805113967 7973.771701268094148 15546
154000000 312.30830897530387347 13032.113513543181398 6027.9938630887936597 -274.77868537875389165 -1657.2180947873871446 7959.9906432549341844 15579
155000000 311.64497245727142172 13004.433568590577124 6061.7149459763431878 -279.28290061246320874 -1700.5194831799376516 8041.517329768743366 15549
156000000 310.78760959446009338 12968.657222494908638 5962.8393224425708468 -274.32111484095264586 -1640.6528031960447152 7877.8132404795687762 15560
157000000 311.77062529316407336 13009.676855347897799 6109.1097464288532137 -268.81454043491652328 -1612.0484282562138105 7989.9727151199831496 15537
158000000 312.16831793049925636 13026.271916844203588 6090.2152568098654228 -274.77342209765203052 -1598.796047201878082 7963.7847261093947964 15558
159000000 307.48982858573469912 12831.046229724572186 6022.3046677218881086 -273.75990040367577194 -1628.0203001092627346 7924.0848682348259899 15557
160000000 309.9530601898896407 12933.8328445950483 6209.9237249364714444 -269.18456680279103921 -1561.1890710989946456 8040.2973628382578681 15558
161000000 311.86572180928743592 13013.64507699697424 6068.0720604029920651 -283.09668920456391561 -1542.8819660689891862 7894.0507156765443142 15544
162000000 309.02276503182150691 12895.013153435304048 6133.13304274318034 -308.4227882610572351 -1475.3032635241818298 7916.8590945284195186 15519
163000000 308.46365225802463783 12871.682294391239338 6137.0304308744325681 -274.11024317073992052 -1625.4875411719517615 8036.6282152171243069 15570
164000000 308.73526351621103458 12883.016186723003557 6071.7219576651441457 -289.97503433245020688 -1532.0892820711283093 7893.7862740687223777 15551
165000000 306.39772779946292758 12785.474655078925935 6190.8237462612660238 -296.36758826070297346 -1543.2238475514539005 8030.4151820734232388 15524
166000000 310.33587993247510894 12949.807284586633614 6229.1635801883794556 -294.29809013455599143 -1496.9386714107504304 8020.4003417336862185 15547
167000000 307.14219552431734428 12816.540072228104691 6081.5371489906037823 -291.33413375654583888 -1630.2256752490507097 8003.0969579962002172 15574
168000000 312.0709316068009116 13022.208145280561439 6058.0755082727691843 -287.33814753465696867 -1589.7274074485912934 7935.1410632560182421 15541
169000000 309.74808175567414992 12925.279430722426696 6074.5607616614033759 -229.13577173260017616 -1667.6469525285224336 7971.3434859225253604 15564
170000000 310.93540115292580595 12974.824321835261799 5940.2463112458999603 -296.69447741851831779 -1752.4521314774519851 7989.3929201418704906 15562
171000000 308.08433906257397439 12855.854176860468215 6037.4263711281091673 -283.65314905626610198 -1571.006073671602735 7892.0855938559770948 15566
172000000 306.8336371244770362 12803.664436272500097 6007.8547152893979728 -287.10515452873988806 -1696.8660814102049699 7991.8259512283420918 15566
173000000 307.40024625428765148 12827.308105958169108 6279.5184456058377691 -284.36513476596576311 -1459.1680167950480609 8023.0515971668519342 15547
174000000 308.60158617247242319 12877.438050414346435 6200.2921570473226893 -273.53954245559430092 -1514.5019389355124986 7988.3336384384292614 15557
175000000 309.20367204964333041 12902.562106581590342 6188.6335089632102608 -280.12661904314734329 -1576.1477821939793103 8044.9079102003361186 15560
176000000 310.48357564744861747 12955.97038453525056 6252.9745250788382691 -258.02707340832324689 -1637.482555724586291 8148.4841542117474091 15562
177000000 308.67969336225058896 12880.697335339402343 6118.0850869258629245 -276.94355705643977217 -1554.6602941295523124 7949.6889381118544406 15543
178000000 309.86420980498508015 12930.125263757390712 5921.4440170207972187 -280.21873877413230502 -1672.8941595236269677 7874.5569153185560936 15564
179000000 311.64698251981326393 13004.517445203724492 6132.4675542228396807 -291.0802798986187554 -1642.0838749485319568 8065.6317090699903929 15556
180000000 307.75645686543487045 12842.172190536739436 6062.3506804127700889 -314.08881317143215028 -1596.6220940945036091 7973.0615876787060188 15548
181000000 309.55079738415167867 12917.047077466873816 6066.8248496027254077 -302.11787855410693737 -1565.7080259194376595 7934.6507540762704593 15557
182000000 312.88247513710382464 13056.072525779401985 6399.3662426811397381 -265.04283929851891344 -1534.8610110163308491 8199.2700929959901259 15545
183000000 312.73548153882916267 13049.938724009076395 6033.3856668002590595 -287.38823275441734495 -1729.2898645240975384 8050.0637640787736018 15573
184000000 307.99241463819777209 12852.01832139742146 6059.9117458772761893 -281.10357591980823599 -1679.0289232264872226 8020.044245023570511 15589
185000000 305.42104900427386838 12744.719450816395693 5891.3985510942802648 -286.54414446097155178 -1800.0639657693243407 7978.006661324576271 15596
186000000 308.58464433000904137 12876.731095114835625 5913.7440867903915205 -297.4173091929182533 -1724.5347658665950803 7935.6961618499044562 15591
187000000 306.48360978131887578 12789.058369325874082 6014.0948790368056507 -330.40886984887680455 -1700.8658989065258993 8045.3696477922076156 15573
188000000 312.36594173573746502 13034.518434112005707 5835.4696305072175164 -241.17540812612321588 -1697.8692767355146316 7774.5143153688550228 15583
189000000 309.89589975523847443 12931.447633406458408 5973.4039424744078133 -288.19848487606623166 -1692.5266929275917391 7954.1291202780657841 15587
190000000 308.15451073439083984 12858.782325636120731 5867.7198000417547519 -276.1401502607188263 -1811.8191997755666307 7955.6791500780409478 15592
191000000 312.13839319312666021 13025.02320663350838 6065.3760570601934887 -281.63332346236552439 -1651.6994179749895011 7998.7087984975487416 15568
192000000 309.54985224393379895 12917.007638315715667 6141.3581425513211798 -319.38895616523302579 -1596.3175429755870027 8057.0646416921417767 15564
193000000 306.47710145162102435 12788.786787401959373 5973.6314457451771887 -274.31347113666606674 -1633.6866182003809627 7881.6315350822251276 15566
194000000 310.62810392068365672 12962.001312335076364 6165.1451845141364174 -308.79721085920141377 -1553.8222672792578578 8027.764662652595689 15550
195000000 307.46057419836790814 12829.825492120171475 6035.4448819111794364 -293.89244756411710568 -1603.9900001480759784 7933.327329623371952 15575
196000000 306.73197167762128856 12799.422103917731874 6145.9551752183597273 -277.94238739289556861 -1544.6703384463892235 7968.5679010576441215 15549
197000000 306.45024815586350542 12787.666243412359108 5991.149265545007438 -295.37470185105485143 -1732.5311260225123533 8019.0550934185739607 15586
198000000 311.09152335613708829 12981.33904531767439 6099.1632027839659713 -260.17176376850233055 -1590.9446030652904938 7950.2795696177599893 15554
199000000 309.74019947064664393 12924.950515896043726 6060.4386456965057732 -267.80091612553121649 -1657.8511318145947371 7986.0906936366318405 15577
200000000 313.18961292776282335 13068.888882043824196 6188.5513670714117325 -276.23442513415147914 -1620.2160855409827036 8085.0018777465447783 15549
201000000 309.15600441981780477 12900.573014569130464 5926.1760550631024671 -268.59177671482160576 -1769.9045401649696032 7964.6723719428937329 15554
202000000 310.99768059472268078 12977.423140796307052 6088.5719651637036804 -284.35309473021027316 -1612.6943921966530979 7985.6194520905683021 15568
203000000 313.69131621618004147 13089.824137420868283 6046.4913659688108964 -254.24360110142168878 -1686.5796361731652269 7987.3146032433978689 15562
204000000 308.7879093075719652 12885.21300925160358 6003.430961915773878 -295.79104066161562514 -1676.0096889336703043 7975.2316915110595801 15559
205000000 306.02410254241937082 12769.883885889037629 5882.3976326343072287 -277.90449199715135364 -1734.3037806473059845 7894.6059052787650216 15578
206000000 309.97616016972568787 12934.796768867097853 6108.2691970271334867 -297.42473919265637505 -1575.4899977552770451 7981.1839339750677027 15538
207000000 311.07127447339559012 12980.494092651268147 6102.4914278688038394 -289.77812215536459917 -1519.7968051358288903 7912.0663551599973289 15547
208000000 311.63130046378341831 13003.863058725895826 5910.7407941849123745 -292.28742567206825242 -1701.1740551868349485 7904.2022750438154617 15555
209000000 307.93501216067062387 12849.6230101565925 6012.190775946452959 -285.88426199043402676 -1609.3608285821278514 7907.4358665190147804 15555
210000000 312.61239056829487026 13044.802339691419547 6042.7093546360511027 -249.65480767019465702 -1556.182482857208015 7848.5466451634529221 15538
211000000 311.244587489961134 12987.726160580126816 6303.5787949300338369 -301.34460365246309266 -1515.928826292420581 8120.8522248749177379 15542
212000000 310.38678373620439288 12951.931416828416332 6096.874104752763742 -279.68558513511561614 -1582.2054737261905757 7958.7651636140690243 15565
213000000 312.11293453911122242 13023.960858756438029 6073.7725481533789207 -271.14551280656240806 -1663.988782166004512 8008.9068431259456702 15551
214000000 307.71435434932516273 12840.415321592241526 6152.3125747986614442 -254.68415552726992246 -1578.3291579280835322 7985.3258882540158083 15548
215000000 310.21541402102269558 12944.780439679076153 6036.2566908385069837 -277.60412617848783157 -1644.7294927817561074 7958.5903097987511501 15579
216000000 311.30967901904955397 12990.44232333171567 5763.8384160984114715 -297.29364393772220865 -1802.1638520781734769 7863.2959121143085213 15570
217000000 306.53358670642342076 12791.14382444283001 6206.8798209710876108 -264.22660145830258216 -1566.0165759984652141 8037.1229984278552365 15554
218000000 307.34134446757349224 12824.850231004000307 6087.4993403241733176 -294.94831611121765036 -1540.8213947217727764 7923.2690511571636307 15541
219000000 309.93118478438884722 12932.920019801573289 6052.3151418230263516 -265.03308091504328559 -1579.2553729982525965 7896.603595736322859 15552
220000000 311.43085523945080695 12995.498808266724154 6185.1978665721262587 -280.57489244840951415 -1492.758105540743145 7958.5308645612794862 15528
221000000 309.44905161545875671 12912.801393413576079 6044.0117418103636737 -281.31702348661565338 -1691.0082817332031482 8016.3370470301815658 15579
222000000 310.58018630944536653 12960.001789008258129 6069.3888775906307274 -274.45946834015802551 -1626.5662980705865266 7970.4146440013755637 15548
223000000 307.65820575041567508 12838.072332649629971 6196.0554259494520011 -272.25505110052404234 -1629.8886862849701629 8098.1991633349462063 15576
224000000 312.39141165771889064 13035.58125218281566 6033.9728811980958199 -257.75315712260135115 -1647.9698470922721754 7939.6958854129688916 15558
225000000 310.43365487386313362 12953.887272529091206 6191.6445121395236129 -276.43778289249968338 -1525.3014053864803827 7993.3837004185043043 15529
226000000 309.29680444367221526 12906.448368637040403 6096.9663079049241787 -271.29610758161675221 -1585.7295105133521247 7953.9919259998923735 15563
227000000 311.08731682800879526 12981.16351379805019 5964.8051466852994054 -279.32861785004996591 -1642.2121435802955602 7886.3459081156452157 15551
228000000 312.55610286283530286 13042.453546060622102 5997.4445546181223108 -280.52539885728589297 -1641.2798481588374671 7919.2498016342451592 15558
229000000 312.93422917286920892 13058.232136809576332 6164.0238163777567024 -296.68772708432152285 -1568.8128454134680396 8029.5243888755467196 15532
230000000 310.90608703545342451 12973.60109179151732 6156.761941996146561 -282.46587329795829646 -1639.1538074319350926 8078.3816227260394953 15559
231000000 308.92878664802532285 12891.091589614381519 6186.8066844362001575 -256.35570360866171313 -1552.6662783056476655 7995.828666350509593 15561
232000000 311.68996219765955402 13006.310916668848222 6087.0860704635497314 -275.55980591386747847 -1669.5296593907783063 8032.175535768195914 15566
233000000 312.22770162251418924 13028.749900916196566 6090.9162481695002498 -240.36474777266710134 -1652.1361551763113766 7983.4171511184786141 15573
234000000 310.40304238754742983 12952.609863682982905 6014.9027307911219395 -265.38204640234619092 -1614.8986243188051048 7895.1834015122731216 15570
235000000 310.24166528411018362 12945.875861832755618 6035.3604417481437849 -273.36232692356827556 -1676.7734205930019016 7985.4961892647152126 15569
236000000 309.33070417602732505 12907.86294886892756 5977.8996467945580662 -281.80745416098784517 -1827.2071907621611899 8086.9142917177068739 15583
237000000 310.24146520212946143 12945.867512739858284 6018.6794905892256793 -253.26190085433782428 -1769.4519341018826708 8041.3933255454467144 15584
238000000 308.28160040554274701 12864.085569172242685 5912.0170697856201514 -280.89354730217098677 -1818.6865874269938104 8011.5972045147846075 15598
239000000 311.40245928242399032 12994.313891552488712 6290.72219652570584 -254.52462288111468069 -1524.1134428638606551 8069.3602622706812326 15549
240000000 309.57294378178062288 12917.971210317400619 5999.945129687811459 -237.89408672121652444 -1736.0180347050613818 7973.8572511140891947 15598
241000000 307.34774943089416865 12825.11749961852729 6070.6945111997702043 -259.32783949260027612 -1698.9770039574079874 8028.9993546497789794 15575
242000000 312.55108416506851654 13042.244124034032211 6004.8382669230459214 -279.74683777494186643 -1731.9921149795857218 8016.5772196775742486 15567
243000000 308.79658448693231776 12885.575010258062321 5928.3583383532477455 -279.14981139124836318 -1741.9674355428926447 7949.4755852873886397 15582
244000000 310.37937319041878936 12951.622186906894058 6006.5003426201710681 -282.88610579153873914 -1663.1698639389783239 7952.5563123506872216 15563
245000000 312.81118245334965877 13053.097599014186926 5940.5826976778216704 -292.74017543351271797 -1747.9024042417761393 7981.2252773531108687 15580
246000000 308.00044785108138967 12852.353534195701286 6160.7325446196427947 -262.67419918312657501 -1683.1947727504198156 8106.6015165531889579 15553
247000000 311.23954416191315886 12987.515710772298917 5827.9259164402428723 -258.31312568994110279 -1770.6632873709545493 7856.9023295011393202 15583
248000000 305.95807752987821004 12767.128770403982344 5971.5321591342562897 -268.93019268612556516 -1708.5963560435025101 7949.0587078638845924 15584
249000000 307.63709833487644119 12837.191554817662109 5778.2366667169953871 -281.96322522047410075 -1794.6418691577637219 7854.8417610952328687 15594
250000000 308.38882857153424766 12868.560024673075532 5932.3187249116481325 -281.12675916669741127 -1767.7720379056088404 7981.2175219839546116 15583
251000000 311.10618142039601253 12981.950702298359829 6036.5096339159790659 -289.61406647401003056 -1672.1974125813972023 7998.3211129713872651 15575
252000000 308.14979621746653038 12858.585596577197066 6070.7357627289111406 -300.23308113669060049 -1568.1267056825631698 7939.0955495481639446 15557
253000000 308.68183403221411254 12880.786661986045146 6076.2925152779898781 -286.7034065139229142 -1639.1022936245531127 8002.0982154164657913 15568
254000000 309.69266367372750892 12922.966925054546664 6066.2729355970786855 -231.27756806305069404 -1621.2030660687414638 7918.7535697288712981 15576
255000000 312.37766716764321018 13035.007717154434431 6072.5138387687875365 -284.62684017355098831 -1630.7593794928070565 7987.9000584351470025 15558
256000000 310.56597588230653173 12959.408811190418419 6126.3217306058832037 -307.15398364428824607 -1560.5713429783424999 7994.0470572285139497 15538
257000000 314.9217905619582325 13141.169813756852818 6056.6572464502223738 -260.29323807093453524 -1591.0530784239858804 7908.0035629451431305 15557
258000000 311.50670366195129191 12998.663838537908305 6103.5381906220454766 -252.65014952496628098 -1635.8662750528740162 7992.0546151998860296 15557
259000000 310.02322811360301102 12936.760836968491276 5789.0845195485208023 -267.67819387954966714 -1798.3745938610131816 7855.1373072890837648 15580
260000000 308.69652337489105776 12881.399624163816043 5998.7809577931575404 -266.4186752802513638 -1670.3298473519187155 7935.5294804253280745 15563
261000000 315.12309873866865928 13149.570073803413834 6005.2367618208409112 -280.94289557884576425 -1687.0737584938492546 7973.2534158935359301 15562
262000000 308.2477716984668632 12862.673952708768411 5989.5562996378566822 -267.77435481377489168 -1779.2813698007312269 8036.6120242523620618 15577
263000000 308.37615987771823711 12868.031380858186822 6122.2328015578941631 -284.24109479709244397 -1526.4010579673438315 7932.8749543223311775 15563
264000000 311.55044996922600831 13000.489300191724396 5974.4155510013824824 -249.50789544105333562 -1704.5423903487881034 7928.4658367912234098 15583
265000000 311.3890090374249553 12993.75263488856217 6055.5065760275410867 -290.68553150969239596 -1652.7429355201991257 7998.9350430574322672 15563
266000000 308.8972835564484285 12889.77701727141357 5952.1972468218200447 -250.57579878739528567 -1769.8292414383831783 7972.6022870475981108 15598
267000000 310.95103507503176843 12975.47669976339057 6119.9090947363965824 -260.51038376047750944 -1574.8688758909079297 7955.28835438778151 15547
268000000 313.53413871103100519 13083.265377919406092 6071.536587668942957 -276.40772030050482044 -1721.1634807781294967 8069.1077887475767056 15566
269000000 310.84680075195808513 12971.127172417287511 5906.5475461815149174 -278.57721481161934207 -1777.2665352197086577 7962.3912962128433719 15599
270000000 307.7001039667646296 12839.820676500185073 5859.5236786656878394 -283.66909295588368423 -1752.0788326982640228 7895.2716043198352054 15589
271000000 310.75337315802948979 12967.228592154182479 5887.9811853803812483 -300.57638159305872705 -1716.196422961781991 7904.7539899352213979 15577
272000000 309.16947406269417797 12901.135080674665005 6152.0788017793493054 -267.0678000643401333 -1537.5231760134654451 7956.6697778571542585 15573
273000000 306.95294904933552971 12808.643127212159015 5879.5745152357540064 -314.14272708345691854 -1774.1334351139407772 7967.8506774331508495 15580
274000000 311.46679944399505757 12996.998700969903439 5898.4426668833893928 -277.48426019075924387 -1780.9122496734489687 7956.8391767475968663 15571
275000000 308.83695939506338846 12887.259788955079785 6154.5674337355094394 -261.55254609159106849 -1574.814709213173046 7990.9346890402739518 15563
276000000 308.11197422781640398 12857.007346981321461 5970.615029386626702 -264.11847688545168467 -1771.5915922472590864 8006.3250985193371889 15575
277000000 309.15008311411014574 12900.325928193542495 5917.0671542662785214 -295.70595715947195004 -1717.3615376584393744 7930.1346490841897321 15570
278000000 309.00676905755238977 12894.34566766421085 6009.510441760352478 -263.03390219457924104 -1705.737112771525517 7978.2814567264567813 15561
279000000 306.93062821612750213 12807.711715451010605 6112.0314168901222729 -269.77778991208998605 -1629.9103001744626908 8011.7195069766748929 15564
280000000 310.33270654894567997 12949.674864496648297 5916.7182315222889883 -290.27614041952358548 -1739.6736467925686611 7946.6680187343808939 15581
281000000 314.15562525778659619 13109.198992209185235 6058.6858341173319786 -284.5603536847969508 -1670.190164108483259 8013.4363519106118474 15583
282000000 309.42276184129769945 12911.704364255958353 6115.4661416774160898 -278.73068879467030001 -1608.6162976409173098 8002.8131281130044954 15548
283000000 305.0779277815240107 12730.401564947609586 6092.8880770469540948 -302.97239291537937333 -1635.1557850881504237 8031.0162550504828687 15576
284000000 311.67439748550776812 13005.661426758595553 6022.7321274307541898 -290.44991311206916862 -1602.3654756141372673 7915.5475161569611373 15559
285000000 311.02640187824471241 12978.621632851616596 5979.911818724940531 -289.65035382176608891 -1707.2897106181185336 7976.8518831648252672 15568
286000000 309.07497308721133322 12897.191709959764921 6177.9498833403813478 -297.73793383506279042 -1629.6378983571944445 8105.3257155326391512 15556
287000000 312.24731242892357841 13029.568227703781304 6078.5963121520171626 -296.52024688500273442 -1576.353725653229958 7951.4702846902500823 15553
288000000 311.95959461775038335 13017.562235332396085 5993.7569938410615578 -304.69134077532055471 -1740.940739838972604 8039.3890744553555123 15568
289000000 307.64906115657259988 12837.69074374669799 5985.9007776190237564 -309.11268236885791794 -1660.2385699823541927 7955.252029970235526 15582
290000000 308.5566072722010631 12875.56115467636846 6088.3525692444072774 -257.48748056661054306 -1712.8105043622078938 8058.650554173225828 15573
291000000 307.18979074837659482 12818.526142866690861 5964.2348129321981105 -286.56444973569193735 -1722.5472843059205843 7973.3465469738112006 15584
292000000 308.41430581179412229 12869.62314812364275 6142.6900293299931946 -283.93372062762415453 -1661.3736808138644392 8087.9974307714810493 15575
293000000 310.44473872942921844 12954.349783643121555 6049.0187313884161995 -239.07646994562438181 -1733.0919063689977975 8021.1871077030391461 15594
294000000 309.4372199476933929 12912.307677322964082 5957.3993147497121754 -294.92019228563310662 -1693.0616860252439437 7945.3811930605897942 15566
295000000 311.78310491903164348 13010.197609667391589 6012.6620627774518653 -289.72027042982438161 -1767.5545661615242352 8069.9368993688012779 15592
296000000 309.40728324128457416 12911.058467664017371 5927.3848711290156643 -280.32520416647616912 -1734.75838060573642 7942.4684559012293903 15582
297000000 311.73339997682950298 13008.123503950871964 5981.1687565018910391 -259.1660414474853269 -1613.0644010858331967 7853.3991990352105859 15553
298000000 306.17667571007893912 12776.250513938686709 6065.0547851462824838 -299.3685485007061402 -1603.9220874176401139 7968.3454210646268621 15552
299000000 311.29051784031764782 12989.64275876967622 6150.4182967378101239 -268.38614826366159605 -1640.6842768715846432 8059.48872187305642 15566
300000000 312.14188332704378581 13025.168844197665749 6134.7485472401322113 -276.11515657289328374 -1641.5842861369919774 8052.4479899500183819 15555
301000000 305.20653065842992646 12735.767952078022063 5920.5774374393731705 -302.44938630201113483 -1713.3793997898942507 7936.4062235312794655 15577
302000000 311.9549292635126676 13017.367557751751519 6108.562775129579677 -291.91870438997369774 -1586.7679326791221683 7987.2494121986746904 15564
303000000 310.70634372422887282 12965.266131015130668 5853.9900961374078179 -287.24921906622142842 -1811.8655636744383628 7953.1048788780681207 15599
304000000 312.75894863732929707 13050.917967540863174 6174.5211876815728829 -320.6466731013252911 -1547.6811204599334815 8042.8489812428306323 15557
305000000 310.80615775631758879 12969.43120686819384 6127.3835908783794366 -309.59839290288198299 -1589.1566351838673654 8026.1386189651293535 15552
306000000 310.6768483893828261 12964.035339067599125 5995.2295420015398122 -255.76060688505623375 -1687.5927789240629409 7938.5829278106593847 15560
307000000 308.88715178349536927 12889.354235003305803 6005.3691985645564273 -282.3811603587787431 -1717.6575220566016924 8005.4078809799366354 15571
308000000 309.85800113295408664 12929.86618605644253 6044.4531899485536997 -279.87057524106614892 -1651.2678565012570289 7975.5916216908772185 15576
309000000 311.09156373268416473 12981.340730164762135 6240.7421310659156006 -267.89294277289644697 -1586.4648358009919775 8095.0999096398045367 15553
310000000 309.60067617325250922 12919.128437529348957 6183.0731091493689746 -276.78609136171019145 -1540.969844630816624 8000.8290451418952216 15553
311000000 308.06674572528896761 12855.120035750573152 6061.7969218610796815 -292.25045119445326236 -1608.6863924871468043 7962.7337655426799756 15561
312000000 305.41180665824032303 12744.333782874879034 6140.6230304918390175 -299.94938028406772901 -1516.9624329595976633 7957.5348437355041824 15534
313000000 310.05121678532469787 12937.928758334934173 6162.9059599767897453 -311.41513175443208183 -1602.9018022349378043 8077.222893966159063 15561
314000000 313.00655550648605185 13061.250196088260054 6139.9939105223593288 -250.97001639320137656 -1652.7402171252065273 8043.70414404076746 15565
315000000 307.82119317361781441 12844.873530502543872 6085.0773253980905793 -293.21240435603215246 -1596.1321230126045521 7974.4218527667271701 15565
316000000 310.91188288100738646 12973.842942920660789 6207.256318586962152 -281.44271100537622488 -1695.5013992265057823 8184.2004288188436476 15546
317000000 311.30994468465496539 12990.453409121708319 6169.0424609395686275 -282.75196795255533289 -1598.2743771917305367 8050.0688060838547244 15548
318000000 311.11946431801408153 12982.504975830548574 6086.6936235012817633 -285.52833189443379069 -1672.1779130990271369 8044.3998684947428046 15563
319000000 312.58966764162829577 13043.85414922972268 5984.2750020806688553 -302.57018676676727864 -1651.0641737838791414 7937.9093626313151617 15565
320000000 309.36253470861430515 12909.191184788205646 6005.3321319698825391 -274.73396733164128136 -1697.5224935308419845 7977.5885928323659755 15572
321000000 315.69623854616105518 13173.486257957712951 5990.5596168558258796 -267.34864300822289351 -1712.8691020427738749 7970.7773619068229891 15579
322000000 307.97155983059599293 12851.148084480379111 6011.5826970737825832 -292.07233607216539895 -1747.1285126248928918 8050.7835457708397371 15597
323000000 309.6908170885792515 12922.889870084913127 6156.7604369276350553 -302.74351244802824112 -1578.9789771690102498 8038.4829265446733189 15549
324000000 310.59793117499725668 12960.742253144206188 6163.8044900459935889 -269.28561647977130633 -1567.4982363170729514 8000.5883428428378465 15562
325000000 308.47704906425423133 12872.241321142964807 6131.8219212411777335 -289.03242867855163922 -1563.7548207142713181 7984.6091706340012024 15575
326000000 309.74184680160846028 12925.019256315275925 6150.9712260595697444 -299.01311817013686323 -1608.9028597670253475 8058.887203996732751 15539
327000000 310.57162886466187501 12959.644700872593603 6242.9853182812039449 -334.66960231442010354 -1526.080177024388604 8103.7350976200132209 15554
328000000 310.53312717038392066 12958.038088317391157 6093.4374680024175177 -309.71971851905908579 -1667.1242890833357251 8070.2814756048119307 15569
329000000 309.77022631217420212 12926.203486745664122 5988.1738694129126088 -313.56713222209970127 -1636.200178091377893 7937.9411797263901462 15563
330000000 312.80898880585607458 13053.00606170210267 6177.173623680280798 -296.05470649032054098 -1550.0063661715594208 8023.2346963421605324 15564
331000000 309.08078189207856212 12897.434101859795192 6107.6024932174259447 -294.20280573129730328 -1604.5385157337550481 8006.3438146824792057 15539
332000000 307.53070331643016289 12832.751865197436928 6345.4937142441558535 -283.10180085963133934 -1468.5500473220863569 8097.1455624258733224 15538
333000000 311.16195739338542126 12984.278142172473963 6194.7199717972162034 -282.93525197577179142 -1578.1459737311733988 8055.8011975041608821 15535
334000000 309.12828369584468646 12899.416274222769061 6211.5450468969374924 -291.91465454342153407 -1563.533574034678395 8066.99327547503799 15549
335000000 311.96937616535956295 13017.970403271312534 6037.0210880408067169 -301.4421317635093942 -1614.9182653282325646 7953.381485132547823 15554
336000000 309.28962224828194394 12906.148667402994761 6166.6883715247331565 -260.84978821205999111 -1599.2000679372479226 8026.7382276740408997 15561
337000000 307.08622172735232425 12814.204377483940334 6046.1583698458598519 -292.37880801928969277 -1690.8775301747309641 8029.4147080398815888 15571
338000000 310.64906480906950037 12962.875975829254457 6113.3777560287144297 -295.50788212786551412 -1611.8232524509935502 8020.7088906075741761 15566
339000000 312.97783170043135215 13060.051598771800855 6027.8654960500389279 -265.65917267912743682 -1624.8375251164056863 7918.36219384557171 15545
340000000 311.6096969577447453 13002.961579851029455 5897.4307191707212041 -298.59995527586897879 -1706.2936338454892393 7902.324308292079877 15566
341000000 310.44723358751195974 12954.453889979071391 6152.8255536405922612 -280.16063529191455928 -1568.48429427290489 8001.4704832054121653 15576
342000000 309.20208687520255353 12902.495959852038141 5875.4387552037305795 -279.9003403473023468 -1771.5100270593288769 7926.849122610361519 15593
343000000 310.15511679474934681 12942.264335320776809 6176.4093267264443057 -277.75700657514539671 -1581.4616106957332704 8035.6279439973222907 15554
344000000 308.25045244430589264 12862.785815835914036 5882.9102118605114811 -291.46594818291339379 -1698.202676472101075 7872.5788365155267456 15576
345000000 311.5985915827284316 13002.498170765637042 6042.4286850107801001 -262.63333777594698404 -1662.8070016416218095 7967.8690244283479842 15580
346000000 308.75830203706158272 12883.977546412386801 6020.7822141653250583 -283.05711295468825028 -1677.2569966152980214 7981.096323735311671 15554
347000000 310.19875446169106681 12944.085263591678086 6107.4080262268953447 -304.12002215664739424 -1654.3844389941616555 8065.912487377704565 15595
348000000 312.4141308939249484 13036.529288647647263 5985.4982228097906045 -279.91793802357210552 -1643.3455037930968956 7908.7616646264596056 15584
349000000 312.85073835330388192 13054.748201843247443 6033.4250436530737716 -258.32247630304021868 -1715.5708931935071178 8007.3184131496209375 15591
350000000 310.70432496976292214 12965.181891702244684 6139.7907289640952513 -264.41376477306903325 -1635.6292085109744221 8039.8337022481409804 15562
351000000 311.80208591814829333 13010.989655629602566 5956.8290384809261013 -271.42083756778737325 -1702.2844938843977616 7930.5343699331115204 15577
352000000 308.94875024802360031 12891.924637899808658 6099.1571929946812816 -271.43462323571145589 -1682.4273410916009652 8053.0191573219926795 15555
353000000 307.92474564881871402 12849.1946054552227 6053.9512016468743241 -241.81212920570985148 -1660.6032877892453143 7956.3666186418304278 15559
354000000 309.52273717895360505 12915.876171125783003 5952.0839575242471255 -280.67091931582069719 -1699.7952942950551005 7932.5501711351234917 15571
355000000 314.85573979778462217 13138.413623698408628 5846.7195367075728427 -294.22933993807458819 -1766.0935364915180799 7907.0424131371655676 15561
356000000 307.01944687031664216 12811.417972217956049 6095.7720953482430559 -284.31620952651610423 -1575.5917853395221755 7955.6800902142813356 15561
357000000 310.40548386543275683 12952.711742550845884 6043.7333362744957412 -282.40682333200550147 -1772.6825045513253372 8098.8226641578266936 15597
358000000 307.22167628075811763 12819.856673837190101 5925.447011748328805 -281.7730114197378839 -1707.966410021359934 7915.1864331894266797 15560
359000000 307.74916467544858278 12841.867899408605808 6283.0634817559448493 -229.01651365720863396 -1647.6866594636790069 8159.7666548768329449 15554
360000000 309.76122662696832322 12925.827944642496732 5994.016073348628197 -289.55130659667349846 -1712.4069232784631822 7995.974303223764764 15594
361000000 307.95758066809810316 12850.564756956706333 6072.9992316470006699 -268.89749625886270223 -1712.9192259246556205 8054.8159538305189926 15582
362000000 312.78298594727334603 13051.921005060994503 6020.74318218544704 -266.21120878478689065 -1706.1103430631978881 7993.064734033431705 15583
363000000 308.77179308047271888 12884.540505527138521 5971.0758044652402532 -260.82785714454269055 -1655.5417314165006246 7887.4453930262834547 15592
364000000 309.57478081034065553 12918.047866506281935 6145.3271381320728324 -253.96103326513355114 -1668.3704119063934286 8067.6585833036006079 15573
365000000 312.9738488241088703 13059.885399875220173 5961.5163390473862819 -274.67043246103554566 -1773.3231289451302928 8009.5099004535522909 15587
366000000 309.27460770172706361 12905.522135000768685 6061.0009507825470791 -304.20935025220217085 -1655.37072362029744 8020.5810246550481679 15567
367000000 309.63640062309934819 12920.619160229427507 6164.2930703090278257 -321.30741923955383754 -1544.8055132357451384 8030.4060027843270291 15546
368000000 311.54244392357469451 13000.155221037490264 6106.0464276384218465 -266.95141786369731562 -1729.9811641360815884 8102.9790096382012052 15579
369000000 309.72167565044941284 12924.177547260316715 6120.877776131525934 -272.34840734050555966 -1557.2967786374128991 7950.5229621094440517 15556
370000000 313.38819958724491244 13077.175577640035044 6073.4384203504614561 -279.39123761053758699 -1654.1041879977617555 8006.9338459587615944 15577
371000000 310.53349392618093816 12958.05339243528033 6263.3968973907358304 -248.10969741862450633 -1501.864349858159585 8013.3709446675202344 15538
372000000 306.35553942600506616 12783.714203448105764 6020.9662099873648913 -307.77175956231894816 -1576.4451875267905052 7905.1831570764743446 15558
373000000 308.55788324834526293 12875.61439906812484 6107.4310318517409542 -282.04341913408063647 -1627.7255376100392823 8017.199988595861214 15560
374000000 308.41959329259839251 12869.843786025554436 5850.2593658073128609 -315.24137042729563518 -1742.8688454358243689 7908.3695816704330355 15590
375000000 304.84625704768268406 12720.734325189909214 6111.312145258968485 -271.25335420614959503 -1620.2042485097731515 8002.7697479748912883 15568
376000000 306.82026931210020848 12803.106619386699094 6167.5921215286152801 -296.89474059991493959 -1529.9187523933665034 7994.4056145218955862 15536
377000000 310.14450593017437541 12941.821561345048394 5987.5910190773065551 -266.08668001169883155 -1709.8579744387720893 7963.5356735277782718 15579
378000000 308.37677054156171152 12868.056862858818931 6218.9905851149560476 -294.32761790242557254 -1563.5497122552644669 8076.8679152726463144 15571
379000000 310.07842943422076587 12939.064297541628548 6008.3986867848980182 -304.74616423090287753 -1726.2553663972187223 8039.4002174130200729 15574
380000000 309.43969756325111575 12912.411064156625798 6065.1397357448749972 -288.99467148282394646 -1676.7508949766083788 8030.8853022043076635 15559
381000000 310.5635662668910868 12959.308261891166694 5970.9208150337399275 -281.98848856448415745 -1693.7301078893665363 7946.6394114875911328 15578
382000000 311.99948882080929025 13019.226954995161577 6108.7950847840093047 -278.73508963322973386 -1704.0650954464904316 8091.5952698637283902 15576
383000000 306.71254957513144745 12798.611651435216118 6131.6861361244255022 -301.48040326532003519 -1625.7448134994772317 8058.9113528892230534 15558
384000000 311.49356040144539293 12998.115391833391186 6075.6144526357129507 -315.14262486578343214 -1612.2609165819576447 8003.0179940834541412 15574
385000000 311.33440596177257476 12991.474138096640672 6202.4817101661710694 -296.16307163540028569 -1619.4817030197214081 8118.1264848212931611 15573
386000000 306.56752269719657988 12792.559917679032878 6043.0702006015471852 -287.95493572845873587 -1685.1191567991556894 8016.144293129162179 15556
387000000 310.25561870370688666 12946.458115147383069 6112.5020292669196351 -310.51015612737830907 -1546.7686950133052051 7969.7808804076048546 15564
388000000 307.45057414984790967 12829.408206496611456 6073.206416829052614 -271.69489952572627089 -1581.1459966926595371 7926.0473130474401842 15554
389000000 311.33149019533055935 12991.352467945192984 6207.5465765355511394 -300.94040686898335935 -1498.1201525823885277 8006.6071359869238222 15518
390000000 310.39349581663890376 12952.211500936396988 6153.7008496889884555 -272.24292039541239774 -1492.3826830817338305 7918.3264531661352521 15526
391000000 311.39974106776992357 12994.200464913146789 6281.7998217371223291 -260.05330090292108025 -1553.143348976992911 8094.9964716170352403 15550
392000000 310.09526356573763906 12939.766758239999035 6111.5227088407900737 -290.91435963451226598 -1540.8219984643428688 7943.2590669396458907 15558
393000000 310.50656016438074403 12956.929490729691679 6000.5145247715045116 -282.49106801452995796 -1653.9219010056372099 7936.9274937916707131 15578
394000000 309.57903109990542134 12918.225224118876213 6136.6274534712129025 -287.50751058458172338 -1642.9200489330737582 8067.0550129888670199 15568
395000000 305.46188655556898084 12746.423534853862293 6224.4726411250467208 -289.9452540884035443 -1555.6199911187063663 8070.0378863321566314 15530
396000000 311.7573031223197404 13009.120943008390896 5898.0404704544034757 -296.69956493641564066 -1783.9731630338701507 7978.713198424688926 15608
397000000 309.6113705978519306 12919.574698327849546 5914.3724645832598981 -252.63666059149579723 -1804.2508386158322082 7971.2599637905886993 15607
398000000 306.10127733084010515 12773.104263234688915 6082.2471124497378696 -292.51017352536467797 -1600.013390662990787 7974.7706766380933914 15576
399000000 306.25818842177534407 12779.651905707960395 6182.7264376326484125 -274.74701241161972121 -1619.56967771085192 8077.0431277551206222 15546
400000000 311.14802083083191064 12983.696592274613067 5981.389098148300036 -290.50680986041567166 -1762.5499717540978963 8034.4458797628140019 15583
401000000 308.86215536846100349 12888.311175600792922 6014.1943411084339459 -276.94160830389944294 -1680.4711693863100663 7971.6071187986435689 15572
402000000 306.90044819278267596 12806.45235257539025 5946.3634344203637738 -291.725506146610428 -1735.3184191271748205 7973.4073596941489086 15589
403000000 307.16570920169891679 12817.521259420218485 5987.0747073386155535 -301.79347930931271549 -1689.147134926015724 7978.015321573944675 15549
404000000 311.16228504915193298 12984.291814710219114 6200.5212497140255437 -297.58391766534413136 -1563.6020153344820756 8061.7071827138524895 15554
405000000 311.95361023212223017 13017.312516735184545 6208.1109478696234873 -262.96770791468338757 -1558.5202004403854517 8029.5988562246930087 15557
406000000 308.70254001406641464 12881.650688648653158 5981.4287716297912993 -285.73097212525425448 -1722.4149059065155143 7989.5746496615602155 15579
407000000 310.39978199439303808 12952.47381282405513 6102.4573900039813452 -287.97206738367691514 -1584.4307067788163295 7974.860164166474533 15554
408000000 308.54217443682415478 12874.958896127529442 6011.8751663039092819 -310.29051931705851075 -1686.5013752355303041 8008.6670608564982103 15575
409000000 311.36268572262048338 12992.654206134904598 6079.5703258101621032 -281.51551719822123232 -1689.222932343738421 8050.3087753521213017 15565
410000000 312.39790670676717355 13035.852279927004929 6036.9618922876088618 -294.4562630805784238 -1712.4593686237526526 8043.8775239919395972 15586
411000000 307.40237758895534625 12827.397043058228519 6075.574839380998128 -271.06781085477979332 -1736.3749830477843261 8083.0176332835626454 15577
412000000 307.76331331882420272 12842.458299091338631 6137.3739921347396375 -247.80850622429801433 -1530.7030056040239288 7915.8855039630616375 15559
413000000 310.51574352965911885 12957.312697501029106 6159.1307704557475518 -294.48847125754576837 -1571.0590967311125041 8024.6783384444061085 15559
414000000 312.48368438339309705 13039.431641687775482 5997.6974255866844032 -254.20145221653154977 -1693.3881726470499416 7945.2870504502661788 15582
415000000 310.38324236029779968 12951.783641020079813 6031.8115190588960104 -301.57847234406324333 -1727.5264424372594476 8060.916433840218815 15575
416000000 310.18655140613020649 12943.576050097477491 5975.5736717624095036 -271.33673327836095268 -1743.5714441861352952 7990.4818492269059789 15574
417000000 307.72800998162745145 12840.985148731475419 6122.8400954741164242 -303.04014832991504136 -1551.4082785226696615 7977.2885223267012407 15573
418000000 307.04879589988536281 12812.642659086219282 6073.7460890276961436 -282.74719185399010257 -1619.999128951495095 7976.4924098331794085 15563
419000000 311.6696028756585406 13005.461355553274188 6192.6217424225160357 -300.78438855158026399 -1584.4228513433990884 8077.8289823174955018 15568
420000000 306.37950971314973003 12784.714444216742777 5945.4342272932381093 -294.21840145935914279 -1768.9236398130269663 8008.5762685656236499 15561
421000000 310.07305001319213034 12938.839823124946633 5892.0542818333442483 -295.83207031104251428 -1778.7556872940954236 7966.642039438482243 15588
422000000 310.3728124194996667 12951.348416696824643 6265.2939487049552554 -266.94704295654321413 -1442.3998559525625751 7974.6408476140604762 15560
423000000 307.52133232718568934 12832.360829185719922 6048.8684179009433137 -274.09658663709831217 -1646.0730082270949879 7969.0380127651360453 15578
424000000 310.09706793993689189 12939.842051815961895 6130.108706360539145 -279.73955897728501441 -1569.2966641028012873 7979.144929440625674 15551
425000000 311.34996578763121988 12992.123424109895495 5956.5451006766434148 -273.93250623154989398 -1722.5443733330489522 7953.0219802412429999 15573
426000000 308.52072082265829067 12874.063671994676042 6000.0144462346925138 -278.74279779966434489 -1671.2319675846661085 7949.9892116190239904 15553
427000000 312.39033037940703252 13035.536132212277153 6113.0249708108940467 -292.34911980267605713 -1658.6362930876832706 8064.0103837012538861 15572
428000000 310.64321344023863958 12962.631807804829805 6233.4347496738973859 -297.84776366042012796 -1606.2284294983760446 8137.5109428326932175 15566
429000000 310.76046655156045517 12967.524587832283942 6149.4755747547933424 -283.38235062574119638 -1618.6200486787533919 8051.4779740592875896 15570
430000000 307.34050378064262077 12824.815150517193615 6073.1335189096216709 -284.12833273054769734 -1660.3317620112143231 8017.5936136513828387 15560
431000000 312.80052001287890562 13052.652672860918756 6206.0075123994301975 -302.64178645589777261 -1607.1011330916226143 8115.7504319469517213 15576
432000000 308.72802269434254185 12882.714039102176685 6082.2671197656418371 -285.3542863539555583 -1584.775885522554745 7952.3972916421516857 15571
433000000 308.83867508875482599 12887.331382038897573 6062.3500556234148462 -288.23945656887741507 -1654.7675370590307011 8005.3570492513226782 15580
434000000 307.49772874696867575 12831.375890495732165 6040.8422200199956933 -288.87883635718344522 -1660.3308581894239069 7990.0519145666021359 15576
435000000 308.10620729505717463 12856.766702335684386 6078.6318020416983927 -296.93100627179796902 -1583.0883335613875715 7958.6511418748850701 15559
436000000 310.53967123549335838 12958.311161421421275 6159.3374918434810752 -261.38240232865393864 -1622.4546193738428883 8043.1745135459777885 15570
437000000 310.87384380180253629 12972.255634533717966 6040.6942309135229152 -275.39672303512656981 -1636.5123011038040204 7952.6032550524541875 15577
438000000 312.35806770925938736 13034.189863901345234 5909.6776508353877944 -270.29223300992941859 -1704.89866479136208 7884.8685486366794066 15578
439000000 309.58786018206131985 12918.593647236575634 6152.2474021892030578 -268.67150425724116758 -1645.0700433900728967 8065.9889498365173495 15595
440000000 310.65037249761945759 12962.930543527691043 6193.6181651960487216 -258.24468355351689297 -1672.2747471367697472 8124.1375958863354754 15568
441000000 310.58247687376149315 12960.097370500392572 6056.1362812871902861 -298.85146370768450197 -1702.8362396424995495 8057.8239846373735418 15581
442000000 308.63895647922339549 12878.997452023648293 6085.481085201589849 -272.89783582474399282 -1632.3262788397025815 7990.7051998660363097 15583
443000000 306.84902954605303194 12804.306736779601124 5897.8376962683287275 -320.8102010331223255 -1758.4903749855095612 7977.138272286960273 15602
444000000 311.42866209336352767 12995.407291877501848 6016.7349077009148459 -293.00842227916984939 -1709.5162207468747511 8019.2595507269597874 15562
445000000 310.27743263907865412 12947.368374893192595 6038.0361947996470917 -303.57736355059569178 -1747.2320382866103046 8088.8455966368528607 15577
446000000 311.73108351153462081 13008.026841653374504 6077.5633252587658717 -287.19474186146703687 -1618.5112248137434108 7983.2692919339751825 15565
447000000 308.10055160358098192 12856.530699606339113 5959.838863994705207 -293.0353212300051382 -1708.4268124924417407 7961.3009977171514038 15573
448000000 313.60280895850269189 13086.130874719636267 6226.6732365165771625 -273.29241182718726577 -1497.2348370312022325 7997.200485374967684 15569
449000000 312.12513895373666628 13024.470128962175295 5960.6424461902097391 -274.62782771072988908 -1694.2818690850256189 7929.5521429859654745 15534
450000000 313.11808075542984398 13065.903961813002752 6148.4126132851188231 -282.32634310655339505 -1579.0733361406341828 8009.8122925323059462 15556
451000000 308.28000455659122281 12864.018977012863616 6058.5809932178417512 -279.12711870890865384 -1692.5148478156747842 8030.2229597424257008 15573
452000000 307.74721356147563256 12841.786482622555923 5984.0531381898708787 -323.23474175577831602 -1733.8213228839563271 8041.1092028296061471 15556
453000000 306.90441022194778498 12806.617681554285809 6196.0511842168352814 -302.13620995698903471 -1625.0300460305663819 8123.2174402043910959 15557
454000000 308.11215365600190808 12857.014834225221421 6055.0327213470509378 -271.08992459417891041 -1646.7991806661848386 7972.9218266074149142 15544
455000000 308.1065052149297685 12856.779134043345039 6105.0512728903377138 -312.44002097466500345 -1634.9082523242304887 8052.3995461892318417 15562
456000000 312.19281848018874825 13027.29428459914925 6204.2973251267703745 -312.66990965307832084 -1542.6149409531865331 8059.5821757330340915 15549
457000000 309.6147229802207903 12919.714587745826066 6211.983459921544636 -277.85223096675201759 -1597.1049771499720009 8086.9406680382689956 15543
458000000 312.53050675749096854 13041.385462565032867 5889.9582166230829898 -284.93654116274967691 -1731.4953932925950539 7906.3901510784280617 15586
459000000 310.89530607575562726 12973.151220025289149 5868.0256012039808411 -247.6390877238424082 -1785.3709261932906429 7901.0356151211144606 15582
460000000 311.22049604459942884 12986.720864077804436 5946.0263124982857335 -297.80888675853441327 -1682.2656910316704852 7926.1008902884896088 15562
461000000 309.29816776435200154 12906.505257773011181 6104.1931479689674234 -275.52283409902736366 -1564.5119483711710018 7944.2279304391659025 15553
462000000 311.12715086525730612 12982.825722840225353 6000.5980675676764804 -273.54423426570372158 -1669.4981330327807427 7943.6404348661599215 15566
463000000 305.82941017786811244 12761.759692833218651 6059.8508238205467933 -280.09329414463456942 -1631.1648521320848886 7971.1089700972652281 15574
464000000 311.65168617130001394 13004.713720865760479 6039.0344849693046854 -274.9506060031646939 -1637.1655002558029537 7951.1505912282727877 15548
465000000 305.02026781410654621 12727.995509075970404 6050.6779118009453668 -303.32014622634574152 -1775.3764071508303459 8129.3744651781216817 15569
466000000 310.75412462738881914 12967.259949738054274 5901.6081200748130868 -280.90766947983195223 -1779.6387994613166939 7962.1545890159613919 15584
467000000 310.39719106766074219 12952.365697700921373 5930.3091891810536254 -323.08260494651699446 -1688.3128499916938381 7941.70464411926514 15576
468000000 308.39170703700943932 12868.680138316354714 5985.1503428198302572 -274.13450620631596166 -1690.0781818114164707 7949.3630308375632012 15558
469000000 309.23493286063734331 12903.86656895320084 5920.6412638119736584 -274.79152087245961411 -1633.9534759155476422 7829.3862605999802327 15575
470000000 307.63198479035514765 12836.978174991563719 5966.4930388819748259 -291.55258284751391784 -1735.3476057185991976 7993.3932274480876004 15576
471000000 314.85228598838585867 13138.269501896826114 5933.227283779237041 -327.76123698558478736 -1730.7473947218732064 7991.7359154866935569 15567
472000000 306.7321966282795529 12799.431490739756555 6221.1095717820817299 -274.3011185519988544 -1511.9524608471949705 8007.3631511812764074 15566
473000000 307.57473305686613685 12834.589154052211597 6158.6504917535930872 -284.74747320349285928 -1549.8624946667141558 7993.2604596237997612 15542
474000000 311.93014493076185545 13016.333348195092185 5893.7000464441334771 -308.1441621257611132 -1725.5336367499467087 7927.3778453198410716 15568
475000000 309.80903660301953551 12927.822976529490916 5908.295453007267497 -286.01701203081938729 -1687.5400868347514916 7881.8525518728383759 15563
476000000 312.43259599984594388 13037.29980723292465 6082.8353390032170864 -321.15983221315951823 -1670.286612640299154 8074.2817838566761566 15557
477000000 313.1065840160486573 13065.424221734543607 6169.7068135290301143 -282.39095494975293832 -1498.1370387383531124 7950.2348072171353124 15550
478000000 307.66911767080881646 12838.527669190885717 6151.8094313584497286 -264.75950110804575388 -1634.8690561699233967 8051.437988636418595 15564
479000000 310.37778577226322341 12951.555946550803128 6145.7330768219735546 -317.39186130913890338 -1576.4859202253774129 8039.6108583564900982 15543
480000000 311.18252111470832233 12985.136232536513489 6048.2569906779699522 -291.92341068827329309 -1623.0337965520875514 7963.214197918330683 15560
481000000 313.43575483538324988 13079.159980149008334 6173.8617354834614162 -264.57549776892341242 -1610.745422303066789 8049.182655555450765 15571
482000000 309.7627874265886021 12925.893074250767313 6156.1412518305733101 -280.38292120863758328 -1608.4254397937543217 8044.9496128329647036 15545
483000000 310.0873011230930274 12939.434498567721675 5956.6754549126162601 -297.35430183711139307 -1628.6457878760750191 7882.6755446258030133 15552
484000000 310.6416151021061296 12962.56511177601169 6151.7021284435959387 -309.98253920817978724 -1549.1470396491904467 8010.8317073009648084 15547
485000000 309.31969948275985871 12907.403741067784722 6153.6048297221968824 -274.31092394311843918 -1603.1597255336600938 8031.0754791989729711 15551
486000000 310.92652322542727461 12974.453860481526135 5931.3723875721989316 -282.05446167055242768 -1758.4937307381396749 7971.920579980891489 15588
487000000 310.37742263541070997 12951.540793445530653 6071.259387106451868 -329.84108485460421889 -1698.1371045542709908 8099.2375765153283282 15566
488000000 306.42033149328699437 12786.417870149660303 5915.5750819031982246 -289.34423332803908124 -1767.6150915076311776 7972.5344067388696203 15576
489000000 310.44529478711348247 12954.372987018290587 6034.368620173774616 -304.2247509208063434 -1696.4839143590888852 8035.0772854536680825 15582
490000000 311.00886353305418197 12977.889786471630941 5992.0278159612043964 -280.03865691549344774 -1650.9315331914522176 7922.9980060681500618 15567
491000000 305.89536474202958516 12764.511868622932525 5970.0628395229759917 -289.46931022210196716 -1657.5270179467800062 7917.0591676918575104 15562
492000000 308.84191040314516385 12887.466386402134958 6077.1409624172265467 -272.44911696440112792 -1629.6197641223741357 7979.2098435040024924 15575
493000000 308.72040453623463918 12882.396145858951058 5998.2331807745786136 -285.11853140021094077 -1681.6880426669263215 7965.039754841715876 15588
494000000 307.69660057195744685 12839.674485580835608 5802.2128959445617511 -281.82853905378578929 -1729.5296519748476385 7813.5710869731956336 15602
495000000 308.1509738778100882 12858.634738411839862 6172.7201627847416603 -283.43912123011824633 -1554.9431442387576681 8011.1024282536182 15550
496000000 307.23285196026665744 12820.323016613736399 5900.8092806742661196 -263.94763469623569563 -1747.9597500469290026 7912.7166654174316136 15584
497000000 312.55753774309044957 13042.51342126030795 6084.8110963998951775 -294.82878072115886425 -1617.9507547255375357 7997.5906318465922595 15567
498000000 314.6792637528383807 13131.049567782938539 6016.4410174035801901 -278.36926814638815131 -1649.9146607074103486 7944.7249462573790879 15576
499000000 312.3426331955445221 13033.545806958325556 6044.5295985315424332 -318.63589590416802366 -1681.0880681031851509 8044.2535625388954941 15569
500000000 309.16289539100961292 12900.860563495012684 5966.7645350348611828 -284.17356148827411744 -1757.6892844046651589 8008.6273809278009139 15580
