# Fix print output for fix saveBond
1000000 14507 13273
2000000 32548 31163
3000000 51947 50479
4000000 72029 70514
5000000 92619 91077
6000000 113422 111864
7000000 134683 133110
8000000 156245 154664
9000000 178073 176463
10000000 199651 198055
11000000 221472 219865
12000000 243208 241577
13000000 264985 263368
14000000 286966 285320
15000000 308881 307232
16000000 331064 329413
17000000 353070 351415
18000000 375430 373797
19000000 398016 396339
20000000 420520 418869
21000000 443003 441348
22000000 465463 463805
23000000 487680 486021
24000000 510097 508429
25000000 532538 530860
26000000 554948 553253
27000000 577805 576127
28000000 600473 598791
29000000 623400 621707
30000000 645792 644099
31000000 668573 666877
32000000 691063 689391
33000000 713879 712198
34000000 736653 734962
35000000 759221 757535
36000000 781910 780220
37000000 804748 803065
38000000 827784 826084
39000000 850593 848896
40000000 873526 871826
41000000 896185 894498
42000000 919100 917416
43000000 941985 940284
44000000 964697 963004
45000000 987544 985841
46000000 1010463 1008771
47000000 1033334 1031619
48000000 1056347 1054645
49000000 1079018 1077319
50000000 1101977 1100264
51000000 1124670 1122966
52000000 1147481 1145776
53000000 1170559 1168864
54000000 1193400 1191690
55000000 1216251 1214539
56000000 1239203 1237494
57000000 1262097 1260390
58000000 1284849 1283119
59000000 1307722 1306005
60000000 1330696 1328989
61000000 1353497 1351798
62000000 1376599 1374894
63000000 1399328 1397624
64000000 1422277 1420572
65000000 1445300 1443580
66000000 1467994 1466288
67000000 1490852 1489150
68000000 1513995 1512281
69000000 1537142 1535446
70000000 1560109 1558408
71000000 1583271 1581561
72000000 1606245 1604513
73000000 1629259 1627542
74000000 1652193 1650470
75000000 1675087 1673386
76000000 1697909 1696191
77000000 1720926 1719199
78000000 1744030 1742288
79000000 1767026 1765323
80000000 1790126 1788415
81000000 1813021 1811305
82000000 1835901 1834196
83000000 1859075 1857357
84000000 1882294 1880578
85000000 1905360 1903606
86000000 1928523 1926793
87000000 1951640 1949911
88000000 1974822 1973100
89000000 1997576 1995877
90000000 2020517 2018828
91000000 2043777 2042069
92000000 2066723 2065003
93000000 2089917 2088199
94000000 2113010 2111310
95000000 2135885 2134175
96000000 2158814 2157094
97000000 2181852 2180162
98000000 2204893 2203153
99000000 2228165 2226459
100000000 2251162 2249453
101000000 2274284 2272579
102000000 2297315 2295594
103000000 2320436 2318706
104000000 2343532 2341782
105000000 2366526 2364814
106000000 2389525 2387829
107000000 2412505 2410768
108000000 2435565 2433856
109000000 2458588 2456861
110000000 2481824 2480114
111000000 2504931 2503204
112000000 2528207 2526466
113000000 2551518 2549775
114000000 2574453 2572746
115000000 2597564 2595840
116000000 2620399 2618663
117000000 2643322 2641598
118000000 2666522 2664802
119000000 2689633 2687929
120000000 2712753 2711034
121000000 2735656 2733940
122000000 2758651 2756925
123000000 2781712 2779993
124000000 2804803 2803090
125000000 2828001 2826297
126000000 2850998 2849290
127000000 2873807 2872073
128000000 2896809 2895088
129000000 2919826 2918110
130000000 2942762 2941058
131000000 2965879 2964180
132000000 2988916 2987188
133000000 3011808 3010092
134000000 3034823 3033107
135000000 3057795 3056063
136000000 3080917 3079208
137000000 3103781 3102097
138000000 3126437 3124732
139000000 3149410 3147691
140000000 3172286 3170565
141000000 3195156 3193448
142000000 3218146 3216423
143000000 3241127 3239414
144000000 3264154 3262418
145000000 3287404 3285680
146000000 3310400 3308664
147000000 3333494 3331804
148000000 3356546 3354841
149000000 3379839 3378114
150000000 3403039 3401319
151000000 3425986 3424266
152000000 3449204 3447476
153000000 3472045 3470312
154000000 3495304 3493592
155000000 3518289 3516575
156000000 3541284 3539578
157000000 3564419 3562701
158000000 3587393 3585655
159000000 3610233 3608529
160000000 3633158 3631422
161000000 3656138 3654406
162000000 3679387 3677672
163000000 3702481 3700770
164000000 3725332 3723619
165000000 3748535 3746809
166000000 3771685 3769962
167000000 3794686 3792977
168000000 3817743 3816029
169000000 3840576 3838853
170000000 3863669 3861943
171000000 3886507 3884794
172000000 3909551 3907833
173000000 3932765 3931037
174000000 3955973 3954246
175000000 3978992 3977281
176000000 4002189 4000452
177000000 4025367 4023626
178000000 4048264 4046542
179000000 4071073 4069377
180000000 4094234 4092495
181000000 4117375 4115648
182000000 4140420 4138702
183000000 4163589 4161859
184000000 4186828 4185118
185000000 4209869 4208150
186000000 4233029 4231307
187000000 4256333 4254613
188000000 4279517 4277796
189000000 4302754 4301047
190000000 4325910 4324204
191000000 4348790 4347080
192000000 4371742 4370026
193000000 4394766 4393028
194000000 4417500 4415803
195000000 4440745 4439013
196000000 4463786 4462074
197000000 4487047 4485336
198000000 4509754 4508039
199000000 4532671 4530963
200000000 4555810 4554092
201000000 4578732 4577008
202000000 4601700 4599977
203000000 4624720 4622992
204000000 4647865 4646161
205000000 4671086 4669364
206000000 4694344 4692616
207000000 4717362 4715617
208000000 4740328 4738613
209000000 4763381 4761650
210000000 4786413 4784690
211000000 4809459 4807741
212000000 4832441 4830731
213000000 4855531 4853816
214000000 4878544 4876817
215000000 4901363 4899664
216000000 4924291 4922575
217000000 4947416 4945689
218000000 4970209 4968474
219000000 4993363 4991615
220000000 5016498 5014775
221000000 5039511 5037807
222000000 5062854 5061111
223000000 5086059 5084328
224000000 5108860 5107136
225000000 5132045 5130333
226000000 5155280 5153556
227000000 5178331 5176619
228000000 5201544 5199820
229000000 5224418 5222692
230000000 5247517 5245820
231000000 5270726 5268991
232000000 5293757 5292038
233000000 5316857 5315138
234000000 5339757 5338053
235000000 5362747 5361037
236000000 5385873 5384151
237000000 5408929 5407208
238000000 5432150 5430450
239000000 5454907 5453181
240000000 5477882 5476183
241000000 5500806 5499082
242000000 5523933 5522206
243000000 5547167 5545443
244000000 5570338 5568618
245000000 5593367 5591634
246000000 5616732 5615019
247000000 5639787 5638069
248000000 5662795 5661086
249000000 5685818 5684091
250000000 5708881 5707166
251000000 5732081 5730365
252000000 5755099 5753385
253000000 5778036 5776306
254000000 5801001 5799284
255000000 5824220 5822493
256000000 5847399 5845669
257000000 5870465 5868741
258000000 5893637 5891916
259000000 5916497 5914778
260000000 5939400 5937687
261000000 5962397 5960682
262000000 5985473 5983749
263000000 6008658 6006932
264000000 6031524 6029821
265000000 6054490 6052785
266000000 6077380 6075665
267000000 6100502 6098792
268000000 6123572 6121869
269000000 6146535 6144827
270000000 6169244 6167527
271000000 6192272 6190554
272000000 6215244 6213543
273000000 6238343 6236632
274000000 6261608 6259882
275000000 6284685 6282963
276000000 6307580 6305857
277000000 6330503 6328792
278000000 6353309 6351594
279000000 6376279 6374560
280000000 6399111 6397389
281000000 6422385 6420665
282000000 6445556 6443854
283000000 6468821 6467101
284000000 6491620 6489881
285000000 6514676 6512962
286000000 6537667 6535952
287000000 6560833 6559105
288000000 6583964 6582234
289000000 6607385 6605687
290000000 6630275 6628545
291000000 6653413 6651687
292000000 6676676 6674964
293000000 6699614 6697901
294000000 6722784 6721069
295000000 6745902 6744182
296000000 6769169 6767432
297000000 6792110 6790382
298000000 6815268 6813536
299000000 6838660 6836943
300000000 6861570 6859826
301000000 6884512 6882796
302000000 6907528 6905807
303000000 6930827 6929108
304000000 6953907 6952200
305000000 6977177 6975469
306000000 7000039 6998335
307000000 7023349 7021604
308000000 7046617 7044912
309000000 7069819 7068087
310000000 7092863 7091128
311000000 7116111 7114388
312000000 7139408 7137672
313000000 7162834 7161112
314000000 7185841 7184110
315000000 7208732 7207008
316000000 7231802 7230081
317000000 7254720 7252988
318000000 7277644 7275929
319000000 7300663 7298939
320000000 7323751 7322027
321000000 7346767 7345057
322000000 7369977 7368255
323000000 7392891 7391169
324000000 7415927 7414211
325000000 7439393 7437667
326000000 7462291 7460578
327000000 7485590 7483855
328000000 7508915 7507200
329000000 7531899 7530172
330000000 7554765 7553063
331000000 7577734 7576029
332000000 7600674 7598941
333000000 7623460 7621754
334000000 7646100 7644397
335000000 7669150 7667434
336000000 7692204 7690480
337000000 7715463 7713756
338000000 7738364 7736650
339000000 7761439 7759705
340000000 7784583 7782850
341000000 7807546 7805841
342000000 7830578 7828852
343000000 7853567 7851835
344000000 7876938 7875191
345000000 7899933 7898204
346000000 7923317 7921588
347000000 7946201 7944490
348000000 7969356 7967636
349000000 7992500 7990787
350000000 8015579 8013858
351000000 8038656 8036947
352000000 8061737 8060038
353000000 8084595 8082857
354000000 8107698 8105966
355000000 8130586 8128861
356000000 8153539 8151809
357000000 8176676 8174946
358000000 8199587 8197867
359000000 8222817 8221066
360000000 8245935 8244194
361000000 8269095 8267377
362000000 8292211 8290483
363000000 8315701 8313968
364000000 8338827 8337107
365000000 8361900 8360183
366000000 8384969 8383273
367000000 8408072 8406359
368000000 8431298 8429582
369000000 8454209 8452497
370000000 8477064 8475352
371000000 8499947 8498227
372000000 8523223 8521511
373000000 8546483 8544750
374000000 8569665 8567926
375000000 8592707 8590994
376000000 8615952 8614216
377000000 8639039 8637329
378000000 8662252 8660525
379000000 8685589 8683856
380000000 8708681 8706949
381000000 8731958 8730221
382000000 8754890 8753156
383000000 8778182 8776464
384000000 8801275 8799550
385000000 8824682 8822960
386000000 8848053 8846314
387000000 8871222 8869513
388000000 8894441 8892710
389000000 8917569 8915848
390000000 8940588 8938862
391000000 8963785 8962046
392000000 8986967 8985235
393000000 9010169 9008433
394000000 9033128 9031395
395000000 9056178 9054473
396000000 9079318 9077587
397000000 9102750 9101012
398000000 9126284 9124549
399000000 9149334 9147602
400000000 9172618 9170904
401000000 9195473 9193747
402000000 9218524 9216813
403000000 9241558 9239829
404000000 9264793 9263065
405000000 9288075 9286332
406000000 9311353 9309629
407000000 9334420 9332687
408000000 9357512 9355778
409000000 9380529 9378798
410000000 9403516 9401791
411000000 9426600 9424874
412000000 9449823 9448099
413000000 9473150 9471418
414000000 9496411 9494684
415000000 9519645 9517928
416000000 9542684 9540947
417000000 9565751 9564005
418000000 9588945 9587205
419000000 9612188 9610466
420000000 9635599 9633869
421000000 9658828 9657108
422000000 9682175 9680463
423000000 9705350 9703611
424000000 9728423 9726706
425000000 9751681 9749948
426000000 9774981 9773255
427000000 9798157 9796416
428000000 9821245 9819511
429000000 9844569 9842849
430000000 9867593 9865856
431000000 9890999 9889253
432000000 9913942 9912209
433000000 9936909 9935195
434000000 9960162 9958444
435000000 9983229 9981501
436000000 10006153 10004425
437000000 10029319 10027577
438000000 10052761 10051041
439000000 10075851 10074135
440000000 10099022 10097285
441000000 10122027 10120325
442000000 10145370 10143631
443000000 10168231 10166494
444000000 10191545 10189819
445000000 10214558 10212841
446000000 10237503 10235796
447000000 10260781 10259057
448000000 10283883 10282150
449000000 10306741 10305023
450000000 10329650 10327941
451000000 10352719 10350976
452000000 10375649 10373933
453000000 10398617 10396897
454000000 10421993 10420266
455000000 10445117 10443378
456000000 10468218 10466498
457000000 10491498 10489772
458000000 10514695 10512963
459000000 10537612 10535898
460000000 10560493 10558777
461000000 10583722 10582017
462000000 10606728 10604974
463000000 10630009 10628298
464000000 10653004 10651276
465000000 10676105 10674377
466000000 10699203 10697475
467000000 10722422 10720692
468000000 10745519 10743803
469000000 10768704 10766972
470000000 10791797 10790084
471000000 10814873 10813170
472000000 10838171 10836432
473000000 10861106 10859387
474000000 10884099 10882378
475000000 10907056 10905340
476000000 10930260 10928534
477000000 10953584 10951838
478000000 10976630 10974900
479000000 10999734 10998001
480000000 11022677 11020934
481000000 11045704 11043969
482000000 11068944 11067214
483000000 11092140 11090388
484000000 11115062 11113341
485000000 11138033 11136297
486000000 11161259 11159506
487000000 11184331 11182594
488000000 11207572 11205848
489000000 11230829 11229083
490000000 11254266 11252534
491000000 11277376 11275656
492000000 11300448 11298747
493000000 11323741 11322023
494000000 11347016 11345296
495000000 11370423 11368675
496000000 11393533 11391818
497000000 11416580 11414845
498000000 11439945 11438218
499000000 11463190 11461468
500000000 11486214 11484492
