# Fix print output for fix saveBond
1000000 14106 12895
2000000 31732 30368
3000000 50867 49436
4000000 70754 69274
5000000 91455 89899
6000000 111953 110402
7000000 133211 131667
8000000 154548 152975
9000000 175999 174411
10000000 197554 195938
11000000 219231 217624
12000000 241005 239394
13000000 262774 261172
14000000 284759 283142
15000000 306854 305219
16000000 328753 327127
17000000 350721 349081
18000000 372680 371051
19000000 394701 393066
20000000 416843 415188
21000000 438822 437153
22000000 461083 459432
23000000 483391 481745
24000000 505666 504004
25000000 528069 526407
26000000 550402 548756
27000000 572717 571045
28000000 595239 593596
29000000 617532 615870
30000000 640004 638312
31000000 662284 660607
32000000 684861 683178
33000000 707358 705698
34000000 729952 728269
35000000 752597 750911
36000000 775213 773551
37000000 797757 796084
38000000 820288 818611
39000000 842948 841271
40000000 865590 863906
41000000 888130 886451
42000000 910849 909162
43000000 933528 931846
44000000 956064 954390
45000000 978477 976794
46000000 1001394 999710
47000000 1024417 1022714
48000000 1047424 1045727
49000000 1070175 1068476
50000000 1092766 1091105
51000000 1115535 1113838
52000000 1138340 1136667
53000000 1161266 1159563
54000000 1184168 1182467
55000000 1206922 1205221
56000000 1229462 1227810
57000000 1252286 1250593
58000000 1274620 1272922
59000000 1297413 1295708
60000000 1320381 1318671
61000000 1343038 1341360
62000000 1366089 1364390
63000000 1389036 1387332
64000000 1411796 1410095
65000000 1434651 1432937
66000000 1457570 1455854
67000000 1480381 1478705
68000000 1503216 1501511
69000000 1526190 1524483
70000000 1548857 1547143
71000000 1571636 1569944
72000000 1594545 1592823
73000000 1617674 1615968
74000000 1640570 1638868
75000000 1663706 1661995
76000000 1686688 1684980
77000000 1709735 1708025
78000000 1732836 1731155
79000000 1755817 1754098
80000000 1778425 1776726
81000000 1801209 1799490
82000000 1823820 1822122
83000000 1846821 1845128
84000000 1869657 1867962
85000000 1892574 1890865
86000000 1915365 1913644
87000000 1938281 1936571
88000000 1961299 1959602
89000000 1984292 1982573
90000000 2007165 2005458
91000000 2030067 2028332
92000000 2053149 2051427
93000000 2076080 2074377
94000000 2099055 2097337
95000000 2121905 2120199
96000000 2144949 2143246
97000000 2168015 2166299
98000000 2191228 2189517
99000000 2214105 2212410
100000000 2237222 2235526
101000000 2260294 2258583
102000000 2283066 2281355
103000000 2305727 2304024
104000000 2328539 2326814
105000000 2351820 2350083
106000000 2374756 2373042
107000000 2397702 2395994
108000000 2420941 2419214
109000000 2444068 2442342
110000000 2467002 2465281
111000000 2490311 2488593
112000000 2513313 2511583
113000000 2536365 2534647
114000000 2559702 2557981
115000000 2582627 2580915
116000000 2605254 2603566
117000000 2628278 2626559
118000000 2651196 2649490
119000000 2674410 2672694
120000000 2697596 2695879
121000000 2720529 2718836
122000000 2743485 2741797
123000000 2766597 2764878
124000000 2789688 2787975
125000000 2812605 2810895
126000000 2835788 2834067
127000000 2858629 2856933
128000000 2881608 2879898
129000000 2904459 2902741
130000000 2927276 2925575
131000000 2950062 2948342
132000000 2973309 2971607
133000000 2996506 2994783
134000000 3019371 3017643
135000000 3042390 3040672
136000000 3065423 3063718
137000000 3088492 3086769
138000000 3111393 3109672
139000000 3134207 3132481
140000000 3157267 3155575
141000000 3180219 3178488
142000000 3203453 3201731
143000000 3226552 3224817
144000000 3249715 3247979
145000000 3272717 3270984
146000000 3295978 3294259
147000000 3318796 3317081
148000000 3342101 3340386
149000000 3365478 3363771
150000000 3388538 3386805
151000000 3411546 3409819
152000000 3434394 3432693
153000000 3457441 3455700
154000000 3480519 3478819
155000000 3503494 3501765
156000000 3526671 3524955
157000000 3549873 3548146
158000000 3572989 3571250
159000000 3596228 3594495
160000000 3619683 3617950
161000000 3642852 3641151
162000000 3665830 3664125
163000000 3689069 3687347
164000000 3712036 3710320
165000000 3735323 3733587
166000000 3758363 3756629
167000000 3781370 3779653
168000000 3804561 3802839
169000000 3827864 3826151
170000000 3850734 3849000
171000000 3873823 3872084
172000000 3897119 3895410
173000000 3920578 3918856
174000000 3943644 3941946
175000000 3966466 3964733
176000000 3989408 3987689
177000000 4012709 4010973
178000000 4035778 4034067
179000000 4058961 4057243
180000000 4082315 4080582
181000000 4105564 4103827
182000000 4128744 4127023
183000000 4151835 4150123
184000000 4174654 4172937
185000000 4197718 4195996
186000000 4220913 4219196
187000000 4243997 4242255
188000000 4267113 4265393
189000000 4290347 4288608
190000000 4313525 4311789
191000000 4336503 4334778
192000000 4359828 4358105
193000000 4382860 4381132
194000000 4405879 4404154
195000000 4429042 4427309
196000000 4451997 4450268
197000000 4474946 4473214
198000000 4498013 4496292
199000000 4521343 4519605
200000000 4544589 4542870
201000000 4567664 4565931
202000000 4590756 4589032
203000000 4613845 4612099
204000000 4637224 4635489
205000000 4660424 4658683
206000000 4683773 4682048
207000000 4706833 4705096
208000000 4730187 4728442
209000000 4753437 4751697
210000000 4776636 4774900
211000000 4799997 4798265
212000000 4823142 4821432
213000000 4846265 4844512
214000000 4869218 4867489
215000000 4892371 4890630
216000000 4915469 4913737
217000000 4938427 4936690
218000000 4961510 4959794
219000000 4984694 4982956
220000000 5008019 5006282
221000000 5031142 5029404
222000000 5054181 5052456
223000000 5077437 5075695
224000000 5100426 5098697
225000000 5123501 5121777
226000000 5146513 5144785
227000000 5169766 5168041
228000000 5192898 5191171
229000000 5216230 5214482
230000000 5239243 5237515
231000000 5262765 5261031
232000000 5286090 5284356
233000000 5308813 5307082
234000000 5331988 5330270
235000000 5355269 5353530
236000000 5378292 5376534
237000000 5401578 5399847
238000000 5424514 5422763
239000000 5447751 5446037
240000000 5470729 5469012
241000000 5493969 5492222
242000000 5517377 5515659
243000000 5540458 5538731
244000000 5563767 5562042
245000000 5586932 5585201
246000000 5610351 5608603
247000000 5633614 5631891
248000000 5656739 5655008
249000000 5680057 5678311
250000000 5703381 5701644
251000000 5726795 5725034
252000000 5750119 5748410
253000000 5773359 5771624
254000000 5796322 5794598
255000000 5819454 5817737
256000000 5842690 5840973
257000000 5865773 5864042
258000000 5888961 5887227
259000000 5911880 5910159
260000000 5934899 5933172
261000000 5958352 5956620
262000000 5981570 5979842
263000000 6004317 6002599
264000000 6027391 6025645
265000000 6050624 6048899
266000000 6073756 6072034
267000000 6096810 6095076
268000000 6120051 6118311
269000000 6143023 6141294
270000000 6166066 6164345
271000000 6189206 6187474
272000000 6212602 6210865
273000000 6235897 6234183
274000000 6259263 6257519
275000000 6282707 6280962
276000000 6305883 6304146
277000000 6329184 6327465
278000000 6352284 6350582
279000000 6375433 6373708
280000000 6398480 6396734
281000000 6421602 6419859
282000000 6444957 6443211
283000000 6468229 6466474
284000000 6491580 6489855
285000000 6514702 6512978
286000000 6538169 6536441
287000000 6561156 6559431
288000000 6584408 6582689
289000000 6607813 6606077
290000000 6630893 6629160
291000000 6653928 6652205
292000000 6677257 6675528
293000000 6700216 6698466
294000000 6723595 6721892
295000000 6746972 6745238
296000000 6770028 6768288
297000000 6793248 6791523
298000000 6816652 6814914
299000000 6839942 6838214
300000000 6863191 6861443
301000000 6886338 6884592
302000000 6909525 6907790
303000000 6932868 6931118
304000000 6955967 6954246
305000000 6979171 6977460
306000000 7002554 7000817
307000000 7025713 7023976
308000000 7048934 7047188
309000000 7071795 7070064
310000000 7095119 7093369
311000000 7118445 7116724
312000000 7141476 7139745
313000000 7164691 7162965
314000000 7188012 7186275
315000000 7211047 7209326
316000000 7234237 7232513
317000000 7257387 7255659
318000000 7280596 7278875
319000000 7303982 7302237
320000000 7327223 7325503
321000000 7350669 7348935
322000000 7373979 7372248
323000000 7397004 7395263
324000000 7420330 7418569
325000000 7443678 7441955
326000000 7466962 7465236
327000000 7490234 7488480
328000000 7513472 7511752
329000000 7536656 7534918
330000000 7559777 7558050
331000000 7582540 7580838
332000000 7605778 7604043
333000000 7628882 7627133
334000000 7652350 7650603
335000000 7675285 7673547
336000000 7698631 7696895
337000000 7722204 7720470
338000000 7745319 7743586
339000000 7768494 7766775
340000000 7791745 7790022
341000000 7814963 7813239
342000000 7838373 7836658
343000000 7861713 7859969
344000000 7884860 7883133
345000000 7907925 7906197
346000000 7931165 7929426
347000000 7954223 7952495
348000000 7977386 7975655
349000000 8000383 7998658
350000000 8023621 8021895
351000000 8046884 8045143
352000000 8070181 8068432
353000000 8093274 8091533
354000000 8116604 8114875
355000000 8139680 8137953
356000000 8162564 8160830
357000000 8185854 8184128
358000000 8208969 8207245
359000000 8232069 8230338
360000000 8255205 8253469
361000000 8278296 8276582
362000000 8301553 8299826
363000000 8324892 8323128
364000000 8348026 8346291
365000000 8371101 8369373
366000000 8394321 8392607
367000000 8417401 8415682
368000000 8440649 8438908
369000000 8463778 8462062
370000000 8486701 8484969
371000000 8510030 8508313
372000000 8533200 8531474
373000000 8556485 8554762
374000000 8579561 8577814
375000000 8602691 8600964
376000000 8625788 8624049
377000000 8648861 8647144
378000000 8671856 8670122
379000000 8694997 8693257
380000000 8718241 8716494
381000000 8741310 8739581
382000000 8764340 8762614
383000000 8787330 8785611
384000000 8810582 8808839
385000000 8833973 8832237
386000000 8857113 8855383
387000000 8880206 8878457
388000000 8903451 8901714
389000000 8926559 8924814
390000000 8949680 8947930
391000000 8972944 8971215
392000000 8996070 8994335
393000000 9019339 9017597
394000000 9042630 9040918
395000000 9065739 9063996
396000000 9088871 9087134
397000000 9112078 9110338
398000000 9135209 9133466
399000000 9158152 9156416
400000000 9181190 9179455
401000000 9204320 9202584
402000000 9227672 9225962
403000000 9250624 9248881
404000000 9273729 9272018
405000000 9296950 9295242
406000000 9320264 9318534
407000000 9343350 9341603
408000000 9366486 9364755
409000000 9389191 9387462
410000000 9412314 9410584
411000000 9435515 9433798
412000000 9458862 9457125
413000000 9482233 9480499
414000000 9505633 9503906
415000000 9529158 9527412
416000000 9552637 9550910
417000000 9575771 9574028
418000000 9598973 9597253
419000000 9622332 9620582
420000000 9645609 9643885
421000000 9668530 9666785
422000000 9691948 9690232
423000000 9714574 9712848
424000000 9737672 9735941
425000000 9760995 9759253
426000000 9784415 9782687
427000000 9807535 9805822
428000000 9830693 9828954
429000000 9853969 9852246
430000000 9877273 9875538
431000000 9900562 9898839
432000000 9923892 9922146
433000000 9947314 9945581
434000000 9970574 9968828
435000000 9993855 9992131
436000000 10017160 10015434
437000000 10040504 10038781
438000000 10063604 10061891
439000000 10086661 10084931
440000000 10109645 10107909
441000000 10132538 10130802
442000000 10155662 10153950
443000000 10178659 10176907
444000000 10201788 10200055
445000000 10225084 10223353
446000000 10248216 10246463
447000000 10271699 10269966
448000000 10294712 10292978
449000000 10317894 10316173
450000000 10340802 10339067
451000000 10364033 10362285
452000000 10387145 10385407
453000000 10410466 10408731
454000000 10433718 10431969
455000000 10456665 10454946
456000000 10479996 10478257
457000000 10503201 10501490
458000000 10526532 10524796
459000000 10549827 10548111
460000000 10573002 10571265
461000000 10596048 10594317
462000000 10619279 10617549
463000000 10642398 10640669
464000000 10665823 10664082
465000000 10688945 10687204
466000000 10712016 10710283
467000000 10735524 10733796
468000000 10758984 10757247
469000000 10781994 10780255
470000000 10805408 10803696
471000000 10828673 10826941
472000000 10851793 10850065
473000000 10874901 10873167
474000000 10897906 10896182
475000000 10920774 10919030
476000000 10944106 10942368
477000000 10967380 10965641
478000000 10990878 10989159
479000000 11014313 11012579
480000000 11037660 11035933
481000000 11060861 11059120
482000000 11084100 11082360
483000000 11107059 11105339
484000000 11130385 11128658
485000000 11153703 11151974
486000000 11176648 11174922
487000000 11199725 11197992
488000000 11222938 11221205
489000000 11246117 11244392
490000000 11269515 11267780
491000000 11292473 11290749
492000000 11315772 11314036
493000000 11339061 11337348
494000000 11362013 11360284
495000000 11385051 11383312
496000000 11408199 11406480
497000000 11431677 11429937
498000000 11454984 11453242
499000000 11478412 11476661
500000000 11501510 11499775
