# Fix print output for fix saveBond
1000000 14777 13529
2000000 32953 31555
3000000 52508 51035
4000000 72632 71134
5000000 93409 91896
6000000 114333 112778
7000000 135479 133893
8000000 156848 155247
9000000 178211 176617
10000000 199823 198218
11000000 221670 220072
12000000 243572 241989
13000000 265298 263664
14000000 287236 285585
15000000 309233 307601
16000000 330978 329347
17000000 352955 351306
18000000 375100 373449
19000000 397389 395721
20000000 419712 418057
21000000 442105 440425
22000000 464308 462656
23000000 486573 484899
24000000 509076 507390
25000000 531461 529782
26000000 554264 552579
27000000 576885 575182
28000000 599446 597758
29000000 622236 620571
30000000 644674 643003
31000000 667190 665558
32000000 689906 688234
33000000 712137 710465
34000000 734822 733154
35000000 757672 755991
36000000 779941 778258
37000000 802323 800648
38000000 824703 823029
39000000 847387 845703
40000000 869959 868292
41000000 892326 890634
42000000 914886 913201
43000000 937271 935580
44000000 960194 958482
45000000 982943 981274
46000000 1005457 1003751
47000000 1028102 1026413
48000000 1050785 1049115
49000000 1073535 1071842
50000000 1096238 1094534
51000000 1119205 1117500
52000000 1141990 1140325
53000000 1164972 1163271
54000000 1187634 1185926
55000000 1210293 1208610
56000000 1233175 1231481
57000000 1256226 1254533
58000000 1279192 1277524
59000000 1301810 1300120
60000000 1324873 1323165
61000000 1347988 1346288
62000000 1370934 1369216
63000000 1393847 1392166
64000000 1416809 1415096
65000000 1439526 1437814
66000000 1462687 1460981
67000000 1485568 1483866
68000000 1508735 1507014
69000000 1531871 1530166
70000000 1554710 1552995
71000000 1577523 1575827
72000000 1600645 1598936
73000000 1623463 1621747
74000000 1646319 1644618
75000000 1669365 1667648
76000000 1692392 1690649
77000000 1715528 1713802
78000000 1738519 1736814
79000000 1761334 1759627
80000000 1784399 1782683
81000000 1807117 1805393
82000000 1830000 1828291
83000000 1852717 1851022
84000000 1875484 1873765
85000000 1898517 1896836
86000000 1921569 1919863
87000000 1944467 1942759
88000000 1967379 1965658
89000000 1990220 1988517
90000000 2013095 2011405
91000000 2035740 2034041
92000000 2058729 2057010
93000000 2081810 2080098
94000000 2104623 2102928
95000000 2127752 2126018
96000000 2150753 2149021
97000000 2174141 2172400
98000000 2196934 2195217
99000000 2219645 2217924
100000000 2242503 2240787
101000000 2265389 2263683
102000000 2288457 2286752
103000000 2311589 2309873
104000000 2334309 2332592
105000000 2357053 2355336
106000000 2379830 2378126
107000000 2402938 2401214
108000000 2425978 2424241
109000000 2449282 2447547
110000000 2472092 2470382
111000000 2494948 2493254
112000000 2518077 2516373
113000000 2540950 2539223
114000000 2564340 2562639
115000000 2587563 2585848
116000000 2610347 2608625
117000000 2633315 2631586
118000000 2656414 2654660
119000000 2679524 2677801
120000000 2702799 2701082
121000000 2725638 2723902
122000000 2748948 2747212
123000000 2772108 2770390
124000000 2795126 2793403
125000000 2818516 2816805
126000000 2841644 2839920
127000000 2864701 2862985
128000000 2887876 2886168
129000000 2911205 2909490
130000000 2934155 2932443
131000000 2957080 2955353
132000000 2980090 2978352
133000000 3003239 3001481
134000000 3026443 3024727
135000000 3049778 3048047
136000000 3072778 3071066
137000000 3095963 3094241
138000000 3118992 3117286
139000000 3142327 3140607
140000000 3165310 3163574
141000000 3188346 3186624
142000000 3211419 3209695
143000000 3234485 3232773
144000000 3257570 3255834
145000000 3280996 3279265
146000000 3303804 3302076
147000000 3326946 3325232
148000000 3350121 3348411
149000000 3373405 3371676
150000000 3396529 3394808
151000000 3419624 3417879
152000000 3442892 3441161
153000000 3466199 3464478
154000000 3489476 3487736
155000000 3512658 3510930
156000000 3535751 3534003
157000000 3558879 3557144
158000000 3582214 3580483
159000000 3605015 3603283
160000000 3628260 3626525
161000000 3651468 3649730
162000000 3674814 3673079
163000000 3698005 3696278
164000000 3721162 3719438
165000000 3744048 3742322
166000000 3766846 3765124
167000000 3789841 3788095
168000000 3812771 3811028
169000000 3835843 3834130
170000000 3858878 3857147
171000000 3881974 3880247
172000000 3905008 3903276
173000000 3928047 3926324
174000000 3951041 3949298
175000000 3974274 3972562
176000000 3997348 3995616
177000000 4020542 4018809
178000000 4043650 4041954
179000000 4066719 4064984
180000000 4089953 4088242
181000000 4113170 4111451
182000000 4136247 4134501
183000000 4159241 4157517
184000000 4182169 4180436
185000000 4205384 4203669
186000000 4228605 4226872
187000000 4251743 4250002
188000000 4274881 4273146
189000000 4297930 4296216
190000000 4321111 4319393
191000000 4344229 4342483
192000000 4367498 4365777
193000000 4390711 4388997
194000000 4413876 4412140
195000000 4437017 4435291
196000000 4459701 4457972
197000000 4483079 4481354
198000000 4506308 4504576
199000000 4529173 4527456
200000000 4552408 4550692
201000000 4575494 4573758
202000000 4598503 4596768
203000000 4621605 4619896
204000000 4644470 4642718
205000000 4667665 4665923
206000000 4690871 4689142
207000000 4714171 4712455
208000000 4737447 4735717
209000000 4761035 4759326
210000000 4784475 4782736
211000000 4807999 4806262
212000000 4831012 4829282
213000000 4854165 4852431
214000000 4877264 4875541
215000000 4900487 4898761
216000000 4923298 4921572
217000000 4946561 4944851
218000000 4969733 4967992
219000000 4992714 4990979
220000000 5015969 5014212
221000000 5039452 5037706
222000000 5062814 5061072
223000000 5085889 5084137
224000000 5109131 5107398
225000000 5132280 5130552
226000000 5155240 5153530
227000000 5178541 5176806
228000000 5201695 5199974
229000000 5224941 5223206
230000000 5248302 5246573
231000000 5271429 5269683
232000000 5294587 5292845
233000000 5317763 5316005
234000000 5340987 5339254
235000000 5364034 5362300
236000000 5387286 5385535
237000000 5410573 5408862
238000000 5433833 5432100
239000000 5457040 5455301
240000000 5480282 5478580
241000000 5503559 5501839
242000000 5526758 5525041
243000000 5549721 5547983
244000000 5572927 5571200
245000000 5596010 5594273
246000000 5618916 5617191
247000000 5641763 5640051
248000000 5665000 5663285
249000000 5688063 5686314
250000000 5711264 5709533
251000000 5734388 5732676
252000000 5757400 5755651
253000000 5780350 5778602
254000000 5803244 5801522
255000000 5826284 5824562
256000000 5849290 5847569
257000000 5872344 5870611
258000000 5895585 5893877
259000000 5918498 5916770
260000000 5941623 5939906
261000000 5964532 5962817
262000000 5987536 5985817
263000000 6010609 6008875
264000000 6033689 6031954
265000000 6056737 6055018
266000000 6079742 6078016
267000000 6102888 6101154
268000000 6126231 6124507
269000000 6149387 6147652
270000000 6172654 6170911
271000000 6196035 6194305
272000000 6219269 6217551
273000000 6242379 6240642
274000000 6265315 6263607
275000000 6288439 6286705
276000000 6311621 6309887
277000000 6334818 6333091
278000000 6357958 6356250
279000000 6381154 6379421
280000000 6404435 6402711
281000000 6428002 6426246
282000000 6451353 6449622
283000000 6474361 6472629
284000000 6497633 6495918
285000000 6520859 6519128
286000000 6543816 6542121
287000000 6566979 6565259
288000000 6590001 6588257
289000000 6612922 6611202
290000000 6635837 6634110
291000000 6659064 6657350
292000000 6682173 6680439
293000000 6705255 6703538
294000000 6728613 6726882
295000000 6751712 6749992
296000000 6774934 6773216
297000000 6798044 6796315
298000000 6821137 6819404
299000000 6844463 6842743
300000000 6867589 6865865
301000000 6890671 6888945
302000000 6913601 6911873
303000000 6936541 6934810
304000000 6959562 6957837
305000000 6982457 6980734
306000000 7005607 7003877
307000000 7028638 7026898
308000000 7051780 7050039
309000000 7074946 7073209
310000000 7097918 7096189
311000000 7120750 7119040
312000000 7143870 7142133
313000000 7166788 7165074
314000000 7190055 7188320
315000000 7213223 7211496
316000000 7236407 7234676
317000000 7259540 7257822
318000000 7282780 7281032
319000000 7305845 7304115
320000000 7328884 7327141
321000000 7351951 7350217
322000000 7375165 7373433
323000000 7398355 7396630
324000000 7421584 7419815
325000000 7444712 7443000
326000000 7467891 7466178
327000000 7490782 7489074
328000000 7513842 7512112
329000000 7537112 7535396
330000000 7560229 7558506
331000000 7583367 7581645
332000000 7606258 7604526
333000000 7629479 7627757
334000000 7652615 7650842
335000000 7675513 7673777
336000000 7698464 7696742
337000000 7721631 7719895
338000000 7744756 7743019
339000000 7767944 7766222
340000000 7791112 7789395
341000000 7814064 7812335
342000000 7836996 7835279
343000000 7859787 7858030
344000000 7882736 7881011
345000000 7905507 7903757
346000000 7928864 7927132
347000000 7952049 7950316
348000000 7975184 7973465
349000000 7998254 7996520
350000000 8021508 8019771
351000000 8044921 8043199
352000000 8067929 8066200
353000000 8091092 8089371
354000000 8114147 8112421
355000000 8137218 8135479
356000000 8160528 8158794
357000000 8183772 8182066
358000000 8207153 8205407
359000000 8230164 8228444
360000000 8253419 8251696
361000000 8276362 8274665
362000000 8299596 8297884
363000000 8322290 8320552
364000000 8345407 8343690
365000000 8368500 8366757
366000000 8391930 8390181
367000000 8414823 8413103
368000000 8438117 8436377
369000000 8461163 8459423
370000000 8484407 8482679
371000000 8507691 8505962
372000000 8530962 8529223
373000000 8554058 8552328
374000000 8577094 8575355
375000000 8600418 8598679
376000000 8623336 8621624
377000000 8646404 8644688
378000000 8669511 8667795
379000000 8692984 8691251
380000000 8716094 8714363
381000000 8739158 8737430
382000000 8762528 8760793
383000000 8785933 8784208
384000000 8809015 8807263
385000000 8832446 8830718
386000000 8855620 8853879
387000000 8878795 8877051
388000000 8901906 8900199
389000000 8925050 8923320
390000000 8948063 8946332
391000000 8971491 8969767
392000000 8994803 8993055
393000000 9017744 9016018
394000000 9041043 9039320
395000000 9064065 9062337
396000000 9087330 9085610
397000000 9110820 9109101
398000000 9134060 9132316
399000000 9157314 9155573
400000000 9180352 9178611
401000000 9203551 9201831
402000000 9226353 9224603
403000000 9249425 9247696
404000000 9272621 9270870
405000000 9295734 9294001
406000000 9318967 9317237
407000000 9342210 9340493
408000000 9365503 9363754
409000000 9388510 9386781
410000000 9411822 9410093
411000000 9435037 9433307
412000000 9458125 9456401
413000000 9481305 9479593
414000000 9504440 9502691
415000000 9527554 9525809
416000000 9550825 9549109
417000000 9574281 9572523
418000000 9597494 9595777
419000000 9620529 9618810
420000000 9643688 9641973
421000000 9666929 9665181
422000000 9690207 9688492
423000000 9713210 9711468
424000000 9736475 9734767
425000000 9759782 9758064
426000000 9783018 9781292
427000000 9806053 9804320
428000000 9829198 9827478
429000000 9852241 9850516
430000000 9875087 9873360
431000000 9897908 9896198
432000000 9921140 9919404
433000000 9944476 9942728
434000000 9967647 9965906
435000000 9990764 9989017
436000000 10013974 10012236
437000000 10037155 10035416
438000000 10060458 10058731
439000000 10083711 10081989
440000000 10106926 10105194
441000000 10129951 10128210
442000000 10153313 10151559
443000000 10176336 10174599
444000000 10199399 10197657
445000000 10222459 10220726
446000000 10245411 10243708
447000000 10268204 10266482
448000000 10291444 10289738
449000000 10314322 10312608
450000000 10337779 10336041
451000000 10361206 10359479
452000000 10384184 10382457
453000000 10407350 10405598
454000000 10430555 10428832
455000000 10453969 10452238
456000000 10477121 10475368
457000000 10500396 10498664
458000000 10523589 10521877
459000000 10547002 10545261
460000000 10570240 10568490
461000000 10593510 10591770
462000000 10616885 10615149
463000000 10639998 10638263
464000000 10663142 10661390
465000000 10686042 10684295
466000000 10709122 10707382
467000000 10732343 10730612
468000000 10755394 10753664
469000000 10778683 10776947
470000000 10801574 10799829
471000000 10824797 10823070
472000000 10847991 10846258
473000000 10870991 10869254
474000000 10894346 10892606
475000000 10917222 10915481
476000000 10940443 10938710
477000000 10963752 10962016
478000000 10987005 10985279
479000000 11010192 11008467
480000000 11033831 11032084
481000000 11057122 11055372
482000000 11080237 11078504
483000000 11103480 11101751
484000000 11126951 11125199
485000000 11150221 11148478
486000000 11173482 11171731
487000000 11196837 11195099
488000000 11220320 11218594
489000000 11243582 11241851
490000000 11266874 11265116
491000000 11290153 11288406
492000000 11313247 11311533
493000000 11336524 11334789
494000000 11359534 11357791
495000000 11382451 11380708
496000000 11405526 11403786
497000000 11428538 11426828
498000000 11451751 11450029
499000000 11474692 11472961
500000000 11497955 11496232
