# Fix print output for fix saveBond
1000000 14485 13243
2000000 32606 31209
3000000 52066 50593
4000000 72228 70734
5000000 92867 91308
6000000 114276 112670
7000000 135553 133971
8000000 157258 155647
9000000 178939 177305
10000000 200825 199197
11000000 222576 220926
12000000 244513 242893
13000000 266507 264864
14000000 288857 287201
15000000 310975 309341
16000000 333188 331550
17000000 355447 353790
18000000 377802 376164
19000000 400069 398402
20000000 422379 420700
21000000 444729 443045
22000000 467248 465577
23000000 489884 488210
24000000 512524 510849
25000000 534961 533311
26000000 557629 555935
27000000 580170 578485
28000000 602924 601227
29000000 625462 623785
30000000 648168 646493
31000000 670959 669255
32000000 693595 691922
33000000 716364 714685
34000000 739222 737529
35000000 761751 760080
36000000 784201 782518
37000000 807069 805394
38000000 829787 828094
39000000 852578 850874
40000000 875460 873775
41000000 898161 896463
42000000 921038 919339
43000000 943814 942130
44000000 966819 965111
45000000 989615 987920
46000000 1012264 1010583
47000000 1035352 1033662
48000000 1058378 1056690
49000000 1081346 1079653
50000000 1104319 1102619
51000000 1126979 1125274
52000000 1149689 1147986
53000000 1172481 1170768
54000000 1195225 1193520
55000000 1218059 1216376
56000000 1240726 1239016
57000000 1263758 1262059
58000000 1286814 1285113
59000000 1309795 1308090
60000000 1332512 1330808
61000000 1355368 1353675
62000000 1378341 1376650
63000000 1401586 1399870
64000000 1424686 1422984
65000000 1447646 1445922
66000000 1470433 1468733
67000000 1493583 1491872
68000000 1516648 1514919
69000000 1539731 1538010
70000000 1562695 1560966
71000000 1585503 1583790
72000000 1608563 1606862
73000000 1631295 1629575
74000000 1654256 1652531
75000000 1677238 1675510
76000000 1700199 1698477
77000000 1723235 1721506
78000000 1746191 1744497
79000000 1768925 1767217
80000000 1791959 1790232
81000000 1815051 1813328
82000000 1838298 1836580
83000000 1861095 1859401
84000000 1884123 1882417
85000000 1907197 1905481
86000000 1930028 1928322
87000000 1952881 1951170
88000000 1975807 1974102
89000000 1998825 1997122
90000000 2021627 2019938
91000000 2044543 2042822
92000000 2067698 2065979
93000000 2090640 2088917
94000000 2113502 2111800
95000000 2136420 2134691
96000000 2159348 2157631
97000000 2182202 2180469
98000000 2204878 2203140
99000000 2227699 2225976
100000000 2250461 2248758
101000000 2273772 2272066
102000000 2296866 2295149
103000000 2319958 2318238
104000000 2342961 2341238
105000000 2365920 2364205
106000000 2389059 2387352
107000000 2412030 2410322
108000000 2435114 2433398
109000000 2457988 2456288
110000000 2480985 2479252
111000000 2504246 2502523
112000000 2527231 2525507
113000000 2550498 2548769
114000000 2573453 2571730
115000000 2596753 2595032
116000000 2619970 2618262
117000000 2643349 2641620
118000000 2666572 2664852
119000000 2689711 2687994
120000000 2712984 2711270
121000000 2735972 2734266
122000000 2759027 2757304
123000000 2781722 2780003
124000000 2804672 2802934
125000000 2827710 2826001
126000000 2851061 2849327
127000000 2874265 2872561
128000000 2897410 2895697
129000000 2920293 2918557
130000000 2943310 2941577
131000000 2966383 2964659
132000000 2989690 2987951
133000000 3013053 3011335
134000000 3036150 3034429
135000000 3059375 3057650
136000000 3082561 3080842
137000000 3105566 3103838
138000000 3128813 3127069
139000000 3152075 3150361
140000000 3175297 3173578
141000000 3198332 3196602
142000000 3221460 3219748
143000000 3244482 3242757
144000000 3267849 3266146
145000000 3290840 3289105
146000000 3314044 3312310
147000000 3337070 3335342
148000000 3360158 3358427
149000000 3383431 3381723
150000000 3406551 3404844
151000000 3429684 3427969
152000000 3452665 3450899
153000000 3475768 3474055
154000000 3498987 3497262
155000000 3522027 3520274
156000000 3545164 3543436
157000000 3568205 3566482
158000000 3591216 3589501
159000000 3614347 3612615
160000000 3637140 3635422
161000000 3660009 3658294
162000000 3683011 3681294
163000000 3706174 3704454
164000000 3729244 3727538
165000000 3752319 3750604
166000000 3775509 3773803
167000000 3798669 3796967
168000000 3821796 3820084
169000000 3844981 3843271
170000000 3868416 3866700
171000000 3891622 3889907
172000000 3914782 3913061
173000000 3938045 3936317
174000000 3960910 3959161
175000000 3984098 3982361
176000000 4007245 4005519
177000000 4030211 4028475
178000000 4053408 4051684
179000000 4076403 4074679
180000000 4099600 4097876
181000000 4122623 4120899
182000000 4145931 4144212
183000000 4168885 4167156
184000000 4192088 4190384
185000000 4215376 4213631
186000000 4238674 4236939
187000000 4261902 4260197
188000000 4284786 4283086
189000000 4307777 4306042
190000000 4330785 4329070
191000000 4353924 4352214
192000000 4377065 4375339
193000000 4400163 4398451
194000000 4423324 4421597
195000000 4446202 4444485
196000000 4469679 4467949
197000000 4493110 4491360
198000000 4515786 4514056
199000000 4538873 4537144
200000000 4562029 4560285
201000000 4585352 4583626
202000000 4608517 4606764
203000000 4632038 4630316
204000000 4655141 4653405
205000000 4678084 4676354
206000000 4700978 4699262
207000000 4724010 4722269
208000000 4747236 4745480
209000000 4770317 4768588
210000000 4793406 4791692
211000000 4816571 4814835
212000000 4839506 4837790
213000000 4862592 4860865
214000000 4885629 4883874
215000000 4908869 4907142
216000000 4932143 4930414
217000000 4955188 4953445
218000000 4978143 4976412
219000000 5001276 4999535
220000000 5024519 5022784
221000000 5047658 5045890
222000000 5070584 5068858
223000000 5093742 5092007
224000000 5116994 5115289
225000000 5140122 5138398
226000000 5163202 5161493
227000000 5186296 5184574
228000000 5209593 5207870
229000000 5232737 5230997
230000000 5256038 5254308
231000000 5279032 5277321
232000000 5301931 5300205
233000000 5325008 5323275
234000000 5348151 5346401
235000000 5371128 5369401
236000000 5394396 5392674
237000000 5417696 5415976
238000000 5440863 5439128
239000000 5463934 5462201
240000000 5487191 5485440
241000000 5510352 5508635
242000000 5533581 5531849
243000000 5556818 5555094
244000000 5579993 5578272
245000000 5603124 5601401
246000000 5626219 5624484
247000000 5649509 5647802
248000000 5672771 5671037
249000000 5695752 5694025
250000000 5719224 5717500
251000000 5742761 5741042
252000000 5765973 5764240
253000000 5788771 5787028
254000000 5812003 5810281
255000000 5835218 5833462
256000000 5858700 5856971
257000000 5881940 5880220
258000000 5905387 5903663
259000000 5928459 5926720
260000000 5951754 5950030
261000000 5975126 5973392
262000000 5998399 5996656
263000000 6021598 6019868
264000000 6044820 6043075
265000000 6068151 6066434
266000000 6091302 6089559
267000000 6114516 6112778
268000000 6137616 6135900
269000000 6160854 6159136
270000000 6183785 6182065
271000000 6206712 6204994
272000000 6229771 6228032
273000000 6252928 6251195
274000000 6275934 6274197
275000000 6299167 6297472
276000000 6322315 6320602
277000000 6345731 6344006
278000000 6368802 6367083
279000000 6391899 6390155
280000000 6414896 6413172
281000000 6438286 6436553
282000000 6461692 6459957
283000000 6484769 6483042
284000000 6507888 6506172
285000000 6531094 6529384
286000000 6554237 6552505
287000000 6577582 6575875
288000000 6600716 6599007
289000000 6623786 6622055
290000000 6647110 6645374
291000000 6670122 6668371
292000000 6693328 6691600
293000000 6716210 6714503
294000000 6739300 6737589
295000000 6762250 6760537
296000000 6785619 6783879
297000000 6808663 6806950
298000000 6832024 6830299
299000000 6854831 6853105
300000000 6877851 6876131
301000000 6900891 6899172
302000000 6923959 6922233
303000000 6947039 6945319
304000000 6970042 6968328
305000000 6993067 6991361
306000000 7016180 7014450
307000000 7039381 7037643
308000000 7062339 7060616
309000000 7085517 7083797
310000000 7108592 7106867
311000000 7131712 7130007
312000000 7154940 7153224
313000000 7178159 7176427
314000000 7201077 7199338
315000000 7224159 7222437
316000000 7247215 7245513
317000000 7270622 7268901
318000000 7293752 7292039
319000000 7317078 7315373
320000000 7340283 7338538
321000000 7363269 7361533
322000000 7386141 7384428
323000000 7409423 7407684
324000000 7432598 7430885
325000000 7455654 7453923
326000000 7478820 7477120
327000000 7501754 7500020
328000000 7524942 7523200
329000000 7548192 7546475
330000000 7571425 7569695
331000000 7594637 7592886
332000000 7617881 7616144
333000000 7640681 7638962
334000000 7663833 7662116
335000000 7687003 7685265
336000000 7710328 7708592
337000000 7733517 7731779
338000000 7756724 7754987
339000000 7779753 7778031
340000000 7802854 7801113
341000000 7825630 7823897
342000000 7848522 7846800
343000000 7871701 7869989
344000000 7894976 7893257
345000000 7918420 7916702
346000000 7941564 7939849
347000000 7964609 7962872
348000000 7987879 7986156
349000000 8011026 8009285
350000000 8034188 8032455
351000000 8057614 8055873
352000000 8080435 8078722
353000000 8103384 8101662
354000000 8126160 8124438
355000000 8149134 8147426
356000000 8172032 8170316
357000000 8195263 8193532
358000000 8218260 8216526
359000000 8241374 8239655
360000000 8264338 8262626
361000000 8287446 8285717
362000000 8310600 8308854
363000000 8333829 8332099
364000000 8356963 8355204
365000000 8380287 8378570
366000000 8403432 8401713
367000000 8426421 8424687
368000000 8449603 8447872
369000000 8473149 8471403
370000000 8496102 8494391
371000000 8519429 8517702
372000000 8542467 8540751
373000000 8565750 8564024
374000000 8588946 8587241
375000000 8611618 8609887
376000000 8634652 8632929
377000000 8657708 8655978
378000000 8680700 8678967
379000000 8703701 8701965
380000000 8726891 8725182
381000000 8750169 8748454
382000000 8773394 8771673
383000000 8796475 8794734
384000000 8819352 8817632
385000000 8842302 8840586
386000000 8865349 8863625
387000000 8888363 8886648
388000000 8911585 8909851
389000000 8934619 8932893
390000000 8958003 8956284
391000000 8980984 8979263
392000000 9004128 9002408
393000000 9027209 9025485
394000000 9050279 9048560
395000000 9073420 9071700
396000000 9096441 9094723
397000000 9119551 9117840
398000000 9142883 9141143
399000000 9166103 9164369
400000000 9189166 9187421
401000000 9212091 9210362
402000000 9235128 9233405
403000000 9258412 9256686
404000000 9281808 9280078
405000000 9304695 9302997
406000000 9327843 9326121
407000000 9351136 9349425
408000000 9374412 9372707
409000000 9397491 9395776
410000000 9420411 9418685
411000000 9443589 9441883
412000000 9466825 9465095
413000000 9490095 9488384
414000000 9513078 9511365
415000000 9535970 9534253
416000000 9558938 9557234
417000000 9582105 9580383
418000000 9605147 9603422
419000000 9628548 9626804
420000000 9651759 9650047
421000000 9675446 9673694
422000000 9698568 9696853
423000000 9722090 9720371
424000000 9745352 9743618
425000000 9768644 9766904
426000000 9791795 9790067
427000000 9814925 9813199
428000000 9837873 9836145
429000000 9861121 9859394
430000000 9884177 9882443
431000000 9907373 9905634
432000000 9930555 9928831
433000000 9953543 9951812
434000000 9976737 9975002
435000000 9999777 9998049
436000000 10022707 10020975
437000000 10045790 10044073
438000000 10068648 10066898
439000000 10092028 10090309
440000000 10115207 10113473
441000000 10138310 10136582
442000000 10161609 10159898
443000000 10184767 10183045
444000000 10207989 10206263
445000000 10231053 10229324
446000000 10254054 10252356
447000000 10277229 10275495
448000000 10300247 10298504
449000000 10323519 10321792
450000000 10346820 10345109
451000000 10369922 10368195
452000000 10393240 10391511
453000000 10416373 10414645
454000000 10439420 10437695
455000000 10462420 10460715
456000000 10485515 10483800
457000000 10508815 10507092
458000000 10532058 10530347
459000000 10555153 10553431
460000000 10578275 10576561
461000000 10601502 10599754
462000000 10624561 10622838
463000000 10647946 10646215
464000000 10671092 10669358
465000000 10694304 10692578
466000000 10717466 10715757
467000000 10740678 10738956
468000000 10763912 10762183
469000000 10787380 10785656
470000000 10810611 10808899
471000000 10833732 10832015
472000000 10856589 10854884
473000000 10879942 10878223
474000000 10903328 10901614
475000000 10926707 10924987
476000000 10949909 10948181
477000000 10972985 10971261
478000000 10996239 10994500
479000000 11019325 11017610
480000000 11042547 11040828
481000000 11065678 11063952
482000000 11088983 11087256
483000000 11112069 11110354
484000000 11135204 11133471
485000000 11158450 11156704
486000000 11181482 11179733
487000000 11204826 11203092
488000000 11228208 11226490
489000000 11251285 11249563
490000000 11274307 11272584
491000000 11297224 11295504
492000000 11320274 11318538
493000000 11343517 11341793
494000000 11366579 11364877
495000000 11389755 11388016
496000000 11412733 11411002
497000000 11435728 11434020
498000000 11458956 11457232
499000000 11482150 11480427
500000000 11505395 11503661
