# Steps Temp KinEng PotEng Epair Ebond Eangle Bonds
1000000 311.05041048821072991 12979.623472768735155 6686.3813924607438821 -206.29931930084589453 -1375.1247561745340136 8267.8054679361230228 15042
2000000 310.44292071612369455 12954.273920929623273 5898.7820288728962623 -238.11647397100634294 -2127.2628278324655184 8264.1613306763683795 15197
3000000 312.22170259476456522 13028.499571327271042 5561.8058425582585187 -227.09070722891800642 -2465.6083756252783132 8254.5049254124551226 15273
4000000 309.19464039920399046 12902.185230621656956 5555.6265478386758332 -254.20628958709420431 -2518.6276156023568547 8328.4604530281249026 15294
5000000 310.07923188169144169 12939.097782358478071 5216.0629649328566302 -251.90580105011611067 -2753.8277046708612943 8221.7964706538332393 15359
6000000 311.69186050790153786 13006.390130041809243 4934.4373706776723338 -220.8870117676551672 -3009.1911836980343651 8164.5155661433618661 15406
7000000 308.0242282572094723 12853.345851540942022 5322.7761961718642851 -224.22311328516008189 -2815.2523592351171828 8362.2516686921408109 15382
8000000 309.70245416197292343 12923.375466071549454 4744.040145426599338 -253.16451006513602806 -3153.5478802279822048 8150.752535719716434 15411
9000000 310.23475707726436212 12945.587593691299844 4888.1542956816956575 -263.72185509865533959 -3174.7886239927079259 8326.6647747730585252 15434
10000000 307.70137088256853986 12839.87354281880107 4848.1139892369465088 -272.16305705897821099 -3164.6265693893265052 8284.9036156852507702 15428
11000000 311.17453499506325443 12984.802984861840741 4718.2962210493778912 -243.87866039983526889 -3307.4853427652965365 8269.6602242145090713 15450
12000000 306.57135309177851923 12792.719753762668915 4966.7183326023805421 -247.02270726781392796 -2999.1039342575568298 8212.844974127750902 15420
13000000 311.38756470335459881 12993.692365196671744 4768.5477256775120622 -280.70425723923466421 -3204.9701064574765041 8254.2220893742232875 15443
14000000 307.94472116811328988 12850.028151113334388 4723.7881286357696808 -290.09793049009931565 -3217.2898750527524498 8231.1759341786219011 15456
15000000 309.49989820641110327 12914.92313826001191 4922.7772566205112525 -281.15927204524825811 -3063.4588459713440898 8267.3953746371025773 15434
16000000 306.04050488785861717 12770.568328862565977 4883.0667420313329785 -276.36067560913051011 -3115.4080318811074903 8274.8354495215717179 15438
17000000 307.49577637926125817 12831.294421393400626 4517.2443676076891279 -285.98397826048443449 -3317.2399269335101053 8120.4682728016832698 15457
18000000 310.33285343490496189 12949.68099380681997 4727.0310680344200591 -284.63722049004570636 -3182.618325700225796 8194.2866142246912204 15438
19000000 309.07534278310617992 12897.207136763114249 4630.644996085220555 -277.70170636263208053 -3331.1944156016033958 8239.5411180494556902 15467
20000000 311.3641604532398901 12992.715744224931768 4678.2164436476132323 -285.60606979063425115 -3281.1463868812625151 8244.9689003195107944 15479
21000000 312.59151328025006933 13043.931164702358728 4589.1520970077126549 -297.23296297284394996 -3359.1171393606873607 8245.5021993412447046 15484
22000000 309.69467804088554885 12923.050981292266442 4620.2228901372054679 -248.61420197063779369 -3307.4902548193185794 8176.32734692716258 15471
23000000 310.7020684670327455 12965.087731544228518 4700.0264696449548865 -306.66317738387868985 -3314.0872092168583549 8320.776856245691306 15474
24000000 309.52503082854315153 12915.971881361316264 4588.7806113871074558 -307.91611784254223494 -3301.308059694179974 8198.0047889238303469 15475
25000000 309.68892453780642882 12922.810897045153979 4679.3404026379621428 -311.99838339315749636 -3287.2426214401175457 8278.5814074712361617 15450
26000000 310.58866422907874494 12960.35555868983829 4570.6784479146108424 -263.82692084029093849 -3385.8354149742576737 8220.3407837291597389 15494
27000000 310.87769221771236516 12972.41622261781049 4651.9898403289062117 -297.66332256146466761 -3364.4792576063464367 8314.1324204967168043 15485
28000000 314.38011943182317509 13118.566765896581273 4609.5143075429423334 -310.02932875215083186 -3379.156863004094248 8298.700499299186049 15497
29000000 307.38587772116181895 12826.708530636804426 4736.557590628572143 -343.46999507024128206 -3296.0291785086974414 8376.0567642075111507 15477
30000000 308.59457575286825204 12877.145517102124359 4532.3470152008558216 -321.18932094590513771 -3413.418604550092823 8266.9549406968544645 15475
31000000 312.594684806581256 13044.063507294507872 4415.7890859082108364 -304.19977725266790003 -3349.2353409140519034 8069.2242040749297303 15504
32000000 307.09661040536980181 12814.637879979034551 4621.9139339835674036 -322.70717501054559762 -3386.6420233328817631 8331.2631323269943096 15473
33000000 311.06642415031615201 12980.291696624226461 4450.7381287905272984 -317.12356725396392676 -3340.5019356777502253 8108.3636317222426442 15479
34000000 313.64170173487019611 13087.753806489017734 4552.2339672876569239 -282.68006382710120761 -3394.0613373804931143 8228.9753684952484036 15493
35000000 309.4425150997681726 12912.528635334412684 4679.5870361099205184 -313.97430065615634476 -3300.8272744530008822 8294.3886112190775748 15471
36000000 311.64923072213508703 13004.611258999315396 4632.4518576465234219 -310.83198642709669457 -3343.7928561550802442 8287.0767002287011564 15483
37000000 309.77831942827958756 12926.54119920714038 4645.7221073344844626 -360.80583083556859947 -3264.7020040291258738 8271.2299421991792769 15475
38000000 311.238897939889398 12987.488744987122118 4570.2987083190764679 -333.42561705054436061 -3371.8787351304590629 8275.6030605000796641 15493
39000000 311.14201142322156102 12983.445829551123097 4360.9139676158793009 -308.48792984860733668 -3458.4802600443053961 8127.8821575087922611 15504
40000000 308.05527947178632076 12854.641567797825701 4557.3482829660242714 -333.0152394076191058 -3340.1696028477763321 8230.5331252214200504 15485
41000000 311.71541413522334096 13007.372984279407319 4394.1471423352049896 -363.99330791524113238 -3425.6664280168943151 8183.8068782673399255 15498
42000000 307.78460086616854596 12843.346593528096491 4368.1799530519001564 -363.15614269478788856 -3452.1488242118484777 8183.4849199585369206 15499
43000000 311.74993080413327107 13008.813308261882412 4517.290942874288703 -335.68454650555224816 -3481.6615345965124106 8334.6370239763527934 15484
44000000 309.83645825721066558 12928.967237184357145 4415.8268791321534081 -345.14501409545169963 -3464.9356463043536678 8225.9075395319596282 15508
45000000 307.74967777162612492 12841.889310070560896 4582.444980056505301 -325.08253729778977004 -3330.8308262706677851 8238.3583436249627994 15495
46000000 310.22135426215908183 12945.028316199048277 4626.0209771866366282 -319.63350376685610854 -3281.4846790235806111 8227.1391599770740868 15481
47000000 311.74983873483091656 13008.809466360899023 4661.6293622284847515 -333.16248211291468806 -3320.0671861042951605 8314.8590304456938611 15490
48000000 307.51525329091549565 12832.10716097245313 4537.3995252742934099 -329.81938193827409123 -3404.5696284554478552 8271.7885356680144469 15488
49000000 311.04465827295268809 12979.383442260283118 4490.0705657839935157 -353.65316519666225759 -3396.6579432926364461 8240.3816742732924467 15493
50000000 306.84405924940318755 12804.099334452237599 4480.4931227492670587 -337.58696480635774151 -3379.3539306435864091 8197.4340181992120051 15500
51000000 310.23545286895972595 12945.616627937572048 4431.5061526845411208 -314.08888650294045419 -3462.8922423529847947 8208.4872815404669382 15505
52000000 308.82681201035200047 12886.836355233901486 4462.3710024265274114 -320.05034921439767004 -3488.0330530974570138 8270.4544047383824363 15503
53000000 308.02204826046948938 12853.254883852418061 4447.6689681476327678 -327.58958610758332952 -3466.3849529192457339 8241.6435071744617744 15513
54000000 309.66567781836801032 12921.840849570166029 4462.0141554810370508 -315.38172481374976996 -3391.7317256102496685 8169.1276059050360345 15505
55000000 308.8916892812924857 12889.543577344384175 4330.7738889876636676 -374.77856087014117747 -3466.95422645966255 8172.506676317466372 15483
56000000 310.93657260031733358 12974.873204413608619 4344.2815217470479183 -319.0735763173304349 -3451.1051667958718099 8114.4602648602503905 15510
57000000 309.95916013477301476 12934.087385290451493 4385.7031445515203814 -368.72106026328424377 -3533.664940825269241 8288.089145640075003 15499
58000000 310.22390026940200869 12945.134556905562931 4461.3526339915451899 -329.80616376488109154 -3437.9858347189019696 8229.1446324753287627 15501
59000000 310.25592935953591223 12946.471078305617993 4369.2516711532261979 -314.22437360987140664 -3510.6187332751496797 8194.094778038248478 15505
60000000 310.72839348176415797 12966.186231233048602 4499.4588708528190182 -348.46292131040615914 -3440.3067314456475287 8288.2285236088737292 15504
61000000 310.50243966445435717 12956.757549025836852 4449.5709592153752965 -324.6298385789153258 -3365.2800513921602032 8139.4808491864496318 15493
62000000 311.43062907946193718 12995.489370981315005 4581.0824341756051581 -353.76007598329351822 -3371.7020367689933664 8306.5445469278911332 15491
63000000 310.82801962098187687 12970.343466624772191 4409.70437466434214 -331.56017533158910737 -3526.5386074386233304 8267.8031574345550325 15516
64000000 309.33806449277460615 12908.170082815062415 4269.5116087151091051 -331.14484926824047761 -3446.3731378606880753 8047.0295958440383401 15502
65000000 310.22154933051405123 12945.036456081566939 4285.1467046014877269 -351.53445649084363822 -3575.3852836327382647 8212.0664447250692319 15524
66000000 311.16448943312343545 12984.383800037918263 4487.6703579221866676 -352.84090802339687798 -3341.0017995387943301 8181.5130654843778757 15500
67000000 312.2948162341864986 13031.550483585933762 4231.723968897757004 -363.07267569275427377 -3519.6852012664876383 8114.4818458569989161 15511
68000000 312.91999117851833034 13057.638008657191676 4281.3530684395027492 -323.33379565874344053 -3534.6277481968359098 8139.3146122950820427 15529
69000000 309.46479741919569051 12913.458439978667229 4204.6542622602164556 -313.31192631807164162 -3551.3018713583260251 8069.2680599366140086 15521
70000000 307.47930424488521339 12830.607066242000656 4263.4553556284226943 -325.76229396025416918 -3595.1275821251783782 8184.3452317138544458 15529
71000000 313.09203694192797229 13064.817196190289906 4277.1428928165832986 -364.39080984257998352 -3461.3719743294950604 8102.905676988657433 15513
72000000 311.85393220660154157 13013.153116213137764 4288.0396032965700215 -355.64688739642025439 -3479.7248244563738808 8123.4113151493638725 15501
73000000 311.70991541787884671 13007.14353182312334 4319.6252264024478791 -330.62907164066075438 -3498.6223058717059757 8148.8766039148149503 15520
74000000 309.37917706977350463 12909.885643224075466 4342.3178916033621135 -307.93113191402176199 -3585.5184544237981754 8235.7674779411809141 15525
75000000 311.6795760102925783 13005.87751810451482 4176.480004337763603 -355.11319514343193759 -3576.7136313280170725 8108.3068308092115331 15528
76000000 308.6094066257430768 12877.764385102926099 4253.8556904753841081 -361.44297008633014912 -3554.1833628209078597 8169.4820233826221738 15522
77000000 310.56309286820408033 12959.288507740384375 4232.5845786334029981 -329.78539454240126361 -3667.0255798157645586 8229.395552991569275 15529
78000000 310.13862198631153433 12941.576034017967686 4535.7103120777956065 -320.77844147160681132 -3409.1139787011720728 8265.6027322505742632 15494
79000000 310.61869692353656092 12961.608773772637505 4597.9141793298003904 -344.73758943169775648 -3377.0752225278451988 8319.7269912893425499 15508
80000000 312.81833564078124255 13053.396089793692227 4332.3593696472435113 -342.91809699651093979 -3529.8461772711361846 8205.1236439148906356 15527
81000000 311.03301804609236569 12978.897714684655512 4150.7156107451064599 -346.61228626152143306 -3614.8325800401012202 8112.1604770467283743 15523
82000000 310.90266165389158459 12973.458156236945797 4253.5892394006896211 -355.66261654335488629 -3514.506782207523429 8123.7586381515684479 15518
83000000 311.82292790697312057 13011.859357640107191 4517.4943476305197692 -358.25546604063919176 -3337.761345697552315 8213.5111593687106506 15494
84000000 308.30347924921011327 12864.998537434770697 4359.4929390606448578 -317.14135297822213033 -3494.2243688763574028 8170.8586609152243909 15506
85000000 306.74750659335052205 12800.07035047214049 4502.4513762750448223 -321.82955338826087655 -3470.1342169290401216 8294.4151465923459909 15516
86000000 308.83051493808045507 12886.99087233479986 4446.4822872320983151 -339.00124963421194479 -3422.4941037225785294 8207.9776405888878799 15506
87000000 315.87148361291832543 13180.798947172299449 4228.9070924405523328 -347.98949564714848748 -3593.0454816125102298 8169.9420697002115048 15511
88000000 306.6774932660176205 12797.148809152100512 4466.5911310954152214 -343.03273571976228595 -3462.4387071328774255 8272.0625739480547054 15505
89000000 309.0693895366267725 12896.958717551508016 4508.4945094557897391 -307.43898837719768835 -3424.46172785933868 8240.3952256923257664 15503
90000000 307.05577007699241676 12812.933680058478785 4531.9148536252023405 -336.16367086803279562 -3437.3957657575037956 8305.4742902507405233 15489
91000000 309.87812662986982559 12930.705990034706701 4274.9919680503135169 -314.04306742915593986 -3554.0738887582861025 8143.1089242377565824 15521
92000000 312.20348687640051821 13027.739459275722766 4385.4315252782462267 -343.0079689033041177 -3514.5411889873685141 8242.9806831689184037 15519
93000000 310.22228795400599211 12945.067277628462762 4293.4357208841738611 -321.97224965682295306 -3599.0366225464003946 8214.444593087397152 15523
94000000 312.53933255377666001 13041.753748568757146 4559.8650449455908529 -322.40815333616865246 -3357.6599589787274454 8239.9331572604860412 15502
95000000 312.07514093714166847 13022.38379373191492 4452.6821849070911412 -326.02746751841186779 -3545.1608191017703575 8323.870471527272457 15529
96000000 309.25247463595923136 12904.59855846694154 4193.6493845067188886 -373.72618980045399439 -3516.4306371828160991 8083.8062114899876178 15517
97000000 305.91435176637480708 12765.304166008048924 4182.7257433774793753 -312.93088053498058798 -3745.2934633515487803 8240.9500872640091984 15533
98000000 309.2339684272938598 12903.826324731553541 4232.4902504930332725 -357.96147540289621247 -3667.6600235124160463 8258.1117494083446218 15538
99000000 309.03922898086710802 12895.700167026288909 4169.1155854464232107 -382.00408521223727121 -3567.4615306545856583 8118.5812013132454013 15523
100000000 310.67777196324277611 12964.073878290011635 4375.0298662622171832 -348.37728381897431973 -3355.4594785018298353 8078.8666285830204288 15503
101000000 311.0082825979487211 12977.865545002478029 4268.2319434827204532 -380.05487698171856437 -3584.9546885346135241 8233.2415089990536217 15506
102000000 311.15057065171725981 12983.80299211817146 4295.4085818018847931 -344.03392067940609422 -3534.1533169956492202 8173.5958194769400507 15517
103000000 309.883549450781004 12930.932275457307696 4413.3354090952625484 -316.51942933617795006 -3502.3095581486240917 8232.1643965800649312 15520
104000000 308.01481310821935722 12852.952972815466637 4186.7911843820438662 -327.32259400111149716 -3579.5051517928568501 8093.6189301760114176 15523
105000000 310.87049764559316145 12972.116004923165747 4261.281136805632741 -352.37548689013681269 -3552.0389535392537255 8165.6955772350229381 15515
106000000 309.22555584199278655 12903.475281344504765 4140.7066141179229817 -355.3641113021630531 -3576.8972290383176187 8072.9679544584032556 15507
107000000 312.20274179105939538 13027.708368086459814 4328.7370472392067313 -344.00300807526400604 -3431.7949981143865443 8104.5350534288572817 15508
108000000 308.70278619482525073 12881.660961367955679 4567.6838381842535455 -325.68547567906603035 -3388.9343375221565111 8282.3036513854749501 15516
109000000 311.26634168829446025 12988.63392759729868 4287.1306407537686027 -377.47548881766715567 -3423.6670647711198399 8088.273194342554234 15500
110000000 309.50476480311135674 12915.126213358560562 4327.7768187673818829 -365.76553181227427558 -3519.5962204956058486 8213.1385710752620071 15533
111000000 310.75215230472622352 12967.177647948170488 4203.4966916986313663 -348.36133135286803508 -3505.5929955529495601 8057.4510186044499278 15523
112000000 312.13469345909334152 13024.86882280026839 4259.5052277976756159 -347.36458008959095878 -3517.1779851376345505 8124.0477930248998746 15524
113000000 311.90286116282004514 13015.194841307264142 4355.5516947393871305 -323.2278238446029377 -3577.9215184499498719 8256.7010370339412475 15529
114000000 310.83815928247855709 12970.766578068867602 4136.148828513778426 -343.86379032801721678 -3664.7068728972917597 8144.7194917390870614 15523
115000000 307.22151404435788891 12819.849903978294606 4290.440503957306646 -383.51534537577055062 -3594.9256876456474856 8268.8815369787243981 15521
116000000 306.17127907419126132 12776.02532117417104 4489.1204299343371531 -343.56490391732609169 -3397.8446162476830068 8230.5299500993460242 15508
117000000 309.20134628999335291 12902.465056445898881 4378.2994765621633633 -321.72953477594660399 -3470.3219496309407077 8170.3509609690518118 15529
118000000 309.50872276722890319 12915.291372709689313 4362.3453602075169329 -351.43907901200492461 -3472.3285730490679271 8186.1130122685908646 15520
119000000 310.56909282777763792 12959.538876212795003 4309.112966783365664 -347.16962915779151899 -3544.5830603332888131 8200.8656562744472467 15517
120000000 312.65642648610378274 13046.639886317832861 4422.6936938101562191 -323.80509240664918025 -3453.3042574989740388 8199.803043715779495 15514
121000000 307.59178555390877818 12835.300726785828374 4413.7539065205482984 -305.60473561074229565 -3422.6795693086592109 8142.0382114399499187 15506
122000000 311.62322652373495657 13003.526146449825319 4085.9369794216822811 -370.71839486814235443 -3610.4291148567308483 8067.0844891465558248 15523
123000000 312.62873094419290965 13045.484196777630132 4290.5564983636422767 -358.39533435368332448 -3547.7021340705005059 8196.6539667878259934 15519
124000000 305.96774530854935392 12767.532190951707889 4239.1122627434806418 -338.51220128537750043 -3654.8638449419372591 8232.4883089707964245 15538
125000000 307.02361956200957138 12811.592091798627735 4347.5742863405384924 -379.15635101465443313 -3461.3092478372905134 8188.0398851924828705 15509
126000000 310.31770413948663645 12949.048838555525435 4150.5985724619768007 -382.09035426514208211 -3677.1278395737140272 8209.8167663008334785 15534
127000000 310.71636584896197064 12965.684337842854802 4405.5134742485734023 -364.21626625241310649 -3422.687254536254386 8192.4169950372397579 15504
128000000 305.9703392862853093 12767.640433388220117 4364.7662387133786979 -369.86920017822535556 -3499.5831517695896764 8234.2185906611939572 15513
129000000 307.50219145540489762 12831.562111999443005 4218.8765094735972525 -336.80101162035208517 -3608.3661148976266304 8164.0436359915765934 15536
130000000 311.71637800668145246 13007.413205054497666 4256.6561233767997692 -332.64093743181155105 -3600.3922631302602895 8189.6893239388709844 15533
131000000 310.23633295156815848 12945.653352341389109 4271.1490816745636039 -383.41593924009964667 -3559.8461176712235101 8214.4111385858850554 15524
132000000 308.58857213022469068 12876.894995775810457 4130.6651041360064482 -380.99118413043299824 -3655.7312299582918058 8167.3875182247311386 15539
133000000 311.34253854217712387 12991.813497338594971 4407.3371013258038147 -347.70717190923869566 -3553.0454265375155956 8308.0896997725576512 15518
134000000 310.51746479967653158 12957.384523275783067 4251.8656080673763427 -363.4535786348440638 -3542.0986339491196304 8157.4178206513388432 15521
135000000 307.51250641026700805 12831.992538148177118 4565.4847287985521689 -369.59786337548149504 -3411.4051186844476433 8346.4877108584823873 15525
136000000 309.39918365743881168 12910.720485314343023 4283.6115457116193284 -378.18245529435523622 -3561.5538556289570806 8223.3478566349294852 15519
137000000 311.14219013640371259 12983.453286959105753 4246.1249336088567361 -330.60838176374920749 -3683.0342702392690626 8259.7675856118748925 15528
138000000 309.1572922640169736 12900.626754195354806 4160.0514167782403092 -383.75768137370903332 -3571.0853725076472074 8114.8944706595966636 15544
139000000 311.91961880573461485 13015.894110261710011 4215.681001721373832 -341.30935334713848306 -3559.6508539835263036 8116.6412090520389029 15514
140000000 307.37096098122077592 12826.086079544158565 4338.1733113908730957 -355.54603850161009859 -3517.4760168710122343 8211.1953667634952581 15519
141000000 310.10949186613106576 12940.360481879439249 4284.4021962751012325 -328.39735054995924202 -3645.0280965707142968 8257.8276433957744302 15530
142000000 310.69844043945857948 12964.936339903922999 4275.1511289166082861 -381.70138696239718001 -3512.0780746327645829 8168.930590511770788 15512
143000000 306.92903298793856948 12807.645149195035629 4189.5341561351806376 -348.91218159515824482 -3583.6980226821606266 8122.1443604124988269 15525
144000000 307.73249562426576631 12841.172327241825769 4379.228140045363034 -383.14787680696952066 -3432.7442516402688852 8195.1202684926029178 15503
145000000 308.91594175306011039 12890.555593214523469 4273.5854577630889253 -348.47556516557835948 -3635.6888389404043664 8257.7498618690715375 15535
146000000 306.22999441854716451 12778.475416194514764 4158.515399557024466 -356.0603265539422182 -3575.5113240257633151 8090.0870501367298857 15534
147000000 310.92755447798941759 12974.496892959576144 4264.0139712797736138 -349.81669983438655436 -3578.6243515746973571 8192.4550226888568432 15528
148000000 312.95299517727750072 13059.01521139522265 4140.7542922966867991 -382.26258122465264933 -3626.7730595095140416 8149.7899330308537174 15531
149000000 310.50045704289698278 12956.674817479964986 4334.2709747453691307 -360.53234799923262699 -3466.9565826160132929 8161.7599053606145389 15508
150000000 307.97719555915358569 12851.383254189871877 4305.7100620876108223 -371.77146728714785695 -3463.3630688642679161 8140.8445982390267091 15507
151000000 307.50778130926471476 12831.795367433038336 4328.3111549032555558 -372.14447498347118426 -3457.0988148302571972 8157.5544447169831983 15515
152000000 310.600630540452471 12960.854893237396027 4097.4376850306598499 -373.27770597676112629 -3734.5030471822092295 8205.2184381896295235 15566
153000000 315.08776883967613003 13148.095815063377813 4451.6998141958792985 -341.16695805854885748 -3340.5246724052858553 8133.3914446597136703 15513
154000000 308.97052649153255288 12892.833324826000535 4412.0068010252252861 -361.4156595029694472 -3427.4119470909922711 8200.834407619186095 15525
155000000 308.71185528374672913 12882.039399574345225 4255.1040699167078856 -350.60242694339848413 -3601.8267670901027486 8207.533263950208493 15553
156000000 304.67774624856463106 12713.702645918967391 4257.5533423098568164 -378.31906601129583123 -3482.1213207583996336 8117.9937290795514855 15528
157000000 309.78441432994605975 12926.79552945737305 4272.3682041863648919 -377.1300025043116193 -3587.8059727113072768 8237.3041794019827648 15523
158000000 308.28996972907822283 12864.434807316767547 4297.9390357159645646 -377.18625943678659951 -3513.5015833359875614 8188.6268784887379297 15515
159000000 309.32118887321280454 12907.465890888621288 4304.9490108373965995 -347.94409071271417133 -3569.9074991834577304 8222.8006007335679897 15532
160000000 311.13697874649852793 12983.235824205614335 4283.0889562568363544 -338.92127434395172259 -3575.1209452756993414 8197.1311758764877595 15518
161000000 309.05002535821256515 12896.150682145667815 4370.2092994292834192 -346.9622210022849913 -3511.1108818405664351 8228.2824022721360961 15515
162000000 307.5075540634067579 12831.785884836093828 4281.2010540502351432 -352.75029296754564712 -3514.1880821004783684 8148.1394291182596135 15517
163000000 310.35995463376707448 12950.811882386387879 4320.260019942836152 -324.60600920717945428 -3517.8013965265681691 8162.6674256765845712 15520
164000000 312.14086491480742325 13025.126347525350866 4290.9624151135212742 -350.10820382166798481 -3564.0329545802760549 8205.1035735154655413 15506
165000000 308.68683573842633905 12880.995374982932844 4318.0738621700420481 -364.32061036593324843 -3452.1608907791792262 8134.5553633151539543 15515
166000000 311.5729695752867201 13001.429006418005883 4420.512026002190396 -401.37260019207457162 -3410.9437358829668483 8232.8283620772326685 15506
167000000 311.90983158524818464 13015.485705602930466 4302.7334599909881945 -377.22288001343508768 -3466.0643812042017089 8146.0207212086243089 15502
168000000 311.96557826110529277 13017.811922955763293 4442.6201313572746585 -351.06444764611126175 -3484.9038262755084361 8278.5884052788933332 15512
169000000 310.95976646249738451 12975.841046241894219 4418.5939211487366265 -342.59366577892234318 -3377.5452749222977218 8138.7328618499577715 15510
170000000 308.42276300198932404 12869.976052799765966 4381.0044825521727034 -352.34546201284916833 -3513.5330100276105441 8246.8829545926328137 15516
171000000 310.00893040304703163 12936.164216956809469 4065.237239663472792 -388.73534668725841357 -3587.2694520958407338 8041.2420384465713141 15515
172000000 309.14948350163905388 12900.300907348553665 4281.5746123792660001 -407.15937648652339931 -3567.8550615089206985 8256.5890503747104958 15521
173000000 309.95114489181077033 12933.752922347517597 4338.3303638447850972 -349.47460232748193221 -3462.6005056833637354 8150.4054718556290027 15528
174000000 309.15112207214519913 12900.369282208339428 4247.9264630939560448 -382.66886246253636727 -3596.5028248688809072 8227.098150425372296 15549
175000000 307.63980401028442202 12837.304458214832266 4441.7608199879468884 -365.95057479390703747 -3390.0421806108561213 8197.7535753927095357 15537
176000000 310.58910999275235554 12960.374159676835916 4242.174136683083816 -355.20612802840616951 -3593.7400088702011089 8191.1202735816914355 15526
177000000 308.01633225217409517 12853.016364201133911 4177.4335813752513786 -393.85284759373240604 -3574.1555120655812061 8145.4419410345653887 15536
178000000 309.89494927816951986 12931.407971557258861 4405.0614357493814168 -389.89141096586030244 -3488.8390495670892051 8283.7918962823314359 15524
179000000 309.02806056532909906 12895.234127363317384 4109.4652940597688939 -360.10000191290487237 -3571.7149924465361437 8041.2802884192105921 15524
180000000 314.63961507810546436 13129.395093614522921 4297.181825466891496 -355.2092878290545741 -3549.4155852773765218 8201.8066985733221372 15524
181000000 310.86351543357056926 12971.824648667059591 4402.7033974737478275 -329.75646441103674533 -3514.7543538172440094 8247.2142157020280138 15524
182000000 309.56008057773163955 12917.434449909505929 4229.9032820777138113 -334.51837564969366667 -3561.802203883756647 8126.223861611164466 15519
183000000 307.86457960028195657 12846.683974928724638 4233.9564806796624907 -340.10688527466982123 -3603.5842548217142394 8177.6476207760470061 15529
184000000 308.18636458977795201 12860.111534777597626 4406.5048914433009486 -361.69387487710463347 -3446.247395421073179 8214.4461617414799548 15504
185000000 310.5242508972821156 12957.667695998916315 4104.2424945623979511 -361.58841551431942207 -3666.8687853489773261 8132.6996954256946992 15545
186000000 309.87482664627066242 12930.568287131449324 4129.2066266025221921 -334.58332940593777494 -3698.8912406706031106 8162.6811966790637598 15535
187000000 312.86000428083679026 13055.134853802055659 4391.4558794872791623 -306.6539100387117287 -3484.3279961434186589 8182.4377856694090951 15505
188000000 310.82489499472507077 12970.213081095806047 4342.6898169047335614 -352.58812110103116311 -3440.6293385758472141 8135.9072765816117681 15500
189000000 310.44202505653828439 12954.236546524105506 4370.2004759248084156 -339.59538766251785091 -3565.319880768213352 8275.1157443555403006 15535
190000000 311.59603478990061376 13002.391479994354086 4419.1680688344731607 -368.95282380039020609 -3430.5095853589373291 8218.6304779938000138 15515
191000000 310.69206019699504395 12964.670102850219337 4395.2074168281324091 -350.23204092707823065 -3415.9854755439178007 8161.4249332991294068 15510
192000000 307.18273579836181852 12818.231751373468796 4336.7249606672103255 -355.53048735774149236 -3532.3071694662953632 8224.5626174912467832 15526
193000000 309.58137570125961702 12918.32306048798273 4250.2032816313057992 -369.94864160176189216 -3553.4291476899952613 8173.5810709230627253 15512
194000000 310.52299458059206927 12957.615271963939449 4155.3826747166558562 -352.99528853563896291 -3545.5069337470940809 8053.8848969993887295 15527
195000000 310.13172097398262395 12941.288066091901783 4327.7303554536865704 -364.53514908746194578 -3487.0440714187634512 8179.3095759599127632 15517
196000000 309.51161413857403204 12915.412024893754278 4297.7195412651590232 -388.17560161303919131 -3499.9146887525025704 8185.8098316306995912 15530
197000000 309.37459764672513529 12909.694551411024804 4166.7671621546469396 -335.13995446467140482 -3679.0986442519701995 8181.0057608712886577 15550
198000000 307.88671402150623635 12847.607608023527064 4176.0174981090594883 -356.46647999539362672 -3595.8212747984407542 8128.3052529028936988 15530
199000000 308.70349687088855717 12881.690616714491625 4236.0744021537639128 -374.49376333573417241 -3500.2878834503871985 8110.8560489398842037 15529
200000000 309.93480805959404734 12933.071213133316633 3968.7463699844902294 -382.48826539355872001 -3675.8285473400096635 8027.0631827180586697 15544
201000000 308.83762966924899729 12887.287758397522339 4436.6233846948762221 -379.39765231336593843 -3461.4954149991322083 8277.5164520073740277 15526
202000000 309.88800824086126795 12931.118333454449385 4019.0488900353539066 -377.92954995367699667 -3718.2882910085440926 8115.2667309975749959 15553
203000000 313.46894109584752641 13080.544788369063099 4317.1936015241517453 -353.27041147182444547 -3512.8395763569178598 8183.3035893528940505 15522
204000000 311.35972468284302295 12992.530646801422336 4197.8143506770493332 -412.66932312642768466 -3621.4947429936037224 8231.9784167970810813 15536
205000000 309.51281860945437074 12915.462285488125417 4116.8393645828546141 -412.16157057305099443 -3528.2504414143604663 8057.2513765702660749 15530
206000000 307.86538810158828028 12846.71771236220593 4385.6031024931126012 -357.13190584106541792 -3423.3840369210229255 8166.1190452552000352 15516
207000000 307.09558074364946378 12814.594913884204288 4079.9200583531501252 -366.77505323490595401 -3712.8622795855953882 8159.5573911736519221 15541
208000000 310.50562436585153137 12956.890441391880813 4077.9359585312922718 -362.07190116268657221 -3688.8717889349272809 8128.8796486289056702 15556
209000000 313.65026912705371842 13088.111309713371156 4053.4963816550298361 -370.48292549358046699 -3645.9211931085087599 8069.9005002571193472 15529
210000000 309.99740243215421742 12935.683173638592052 4221.889778724158532 -376.13387351272393744 -3527.3150494680712654 8125.3387017049544738 15514
211000000 313.20811988273339921 13069.661146921303953 3933.1311756588438584 -366.85731429117311109 -3671.247465607059894 7971.2359555570765224 15536
212000000 309.69168251367887024 12922.925982854927497 4216.2688326544848678 -376.19079906780120837 -3545.0293908394814935 8137.4890225617673423 15516
213000000 309.40805772790008632 12911.090785720240092 4127.0452287672778766 -385.58938829151674099 -3610.5219564914718831 8123.1565735502663301 15527
214000000 310.4077744937847001 12952.807326715090312 4119.3914768176327925 -383.51987261958345243 -3590.2803848758421736 8093.191734313057168 15555
215000000 306.27186121419453002 12780.222448910728417 4146.0962476654558486 -364.33709717133109507 -3598.6118594895651768 8109.0452043263521773 15527
216000000 307.31069361635354653 12823.571221253359909 4035.6128557201418516 -378.55289461468794343 -3669.3316450838037781 8083.497395418634369 15529
217000000 305.62815517129666887 12753.361651489351061 4204.3939651443297407 -374.10018447931008723 -3599.2301304190468727 8177.724280042686587 15543
218000000 313.9564383923495825 13100.887251002877747 4375.5147340778748912 -363.91053227341114962 -3490.0837777807255407 8229.5090441320116952 15531
219000000 307.37517967466465052 12826.262118702450607 4228.6080849702375417 -413.27858679559511756 -3556.451289696801723 8198.337961462633757 15541
220000000 306.64099783434926394 12795.625914645104785 4003.7753003280022313 -370.32317519782600357 -3676.1616691729127524 8050.2601446987418967 15535
221000000 310.11554692123354471 12940.613149397908273 4050.5773665867855016 -357.50004786084122088 -3686.1498773932198674 8094.2272918408471014 15568
222000000 311.26020892823987651 12988.378017578621439 4274.8127610342307889 -371.95214870169900223 -3502.1521063944223897 8148.9170161303536588 15526
223000000 309.75205555660090795 12925.445250917629892 4110.0658039838763216 -375.39388559107021592 -3612.0369955868086436 8097.4966851617555221 15535
224000000 308.76423732751732132 12884.225216348575486 4158.0683333652941656 -369.71980878631819678 -3527.0092292864228511 8054.7973714380341335 15505
225000000 307.66077201790182016 12838.179418782865469 4275.4791639065151685 -377.45931698385857089 -3535.3700758852005492 8188.3085567755751981 15524
226000000 311.25483162431044093 12988.153631505016165 4253.9361651796143633 -378.01507090390498433 -3491.5933926118591444 8123.5446286953792878 15509
227000000 307.26962768387278402 12821.857607243586244 4198.5780678614955832 -352.31430736445668117 -3575.0355732610014456 8125.9279484869530279 15522
228000000 310.19037757155848567 12943.735709705466434 4323.4089565959557149 -347.56116704162974429 -3553.4240791538341 8224.3942027914199571 15523
229000000 309.60181628844486568 12919.176012666410315 4246.6859621864441579 -387.0550371684912534 -3618.3774553183716307 8252.1184546733074967 15540
230000000 307.30166086774420364 12823.194299468594181 4285.8128575545742933 -348.06674627985489678 -3529.1628481250581899 8163.0424519594871526 15530
231000000 308.48248820383003022 12872.468287516674536 4272.4077361890995235 -355.04734274593079135 -3479.2560209187877263 8106.711099853819178 15511
232000000 308.96532494818143277 12892.616272953062435 4267.3949804692811085 -382.96178089039113956 -3565.6429645151592922 8215.9997258748298918 15526
233000000 312.68820255982876688 13047.965849758118566 4171.1482031217183248 -353.22537264701486492 -3659.9468981470531617 8184.3204739157872609 15533
234000000 309.54309413263530359 12916.725633415275297 4113.4251453959877836 -359.05033656911825801 -3671.8933856092789938 8144.3688675743851491 15550
235000000 309.41730207644297934 12911.476537223185005 4274.9887832024169256 -355.81226143824193286 -3493.9662476766261534 8124.7672923172849551 15527
236000000 311.1230103080246181 12982.652944177874815 4300.461289828183908 -368.80504238021194396 -3530.3488046246911836 8199.6151368330865807 15522
237000000 310.5478017562152786 12958.650434716197196 4273.6194348505277958 -399.07103816290390341 -3529.8869137209039764 8202.5773867343359598 15520
238000000 307.77595784540153545 12842.985934446995088 4210.672774461834706 -372.54352640895626791 -3601.8025532122246659 8185.0188540830149577 15535
239000000 307.82000208086247994 12844.823828155387673 4045.250174772947048 -391.86912432329256717 -3635.8550863304963059 8072.9743854267362622 15533
240000000 312.74329619273981962 13050.264816699876974 4090.6366735008678006 -357.29490962525301256 -3661.093546738751229 8109.0251298648736338 15551
241000000 310.20263498770424349 12944.247191577718695 4116.2043157599746337 -372.49331624516185002 -3563.4371482461447158 8052.1347802512809722 15517
242000000 307.76043880849709922 12842.338350489901131 4158.1483201157252552 -389.7851405195932557 -3573.637373325527733 8121.570833960845448 15532
243000000 310.7266932273324187 12966.115282404216487 4226.5199352263825858 -354.16484870230226534 -3551.9085682758295661 8132.5933522045152131 15524
244000000 311.14095838764814062 12983.401888103739111 4236.5859812758899352 -362.58312037168627739 -3549.4255043510984251 8148.594605998674524 15521
245000000 310.13503174498049475 12941.426219135613792 4269.3775910976028172 -357.19009966335875106 -3577.0117234141880544 8203.5794141751503048 15523
246000000 309.16184831788376641 12900.816870850787382 4235.8513342675341846 -379.09708288227318462 -3598.1452983243430026 8213.093715474151395 15535
247000000 306.79067401392677539 12801.871656133467695 4330.4867870822281475 -365.93899627083828818 -3521.2272159468730024 8217.6529992999385286 15507
248000000 313.01101116581429551 13061.436123444256737 4232.0766242017834884 -347.70125135463086963 -3563.994863807859474 8143.7727393642726383 15534
249000000 310.10503465255544597 12940.174489667249873 4285.9503274547005276 -352.49290878165368213 -3598.0973097795708782 8236.5405460159254289 15527
250000000 308.24119070417555122 12862.399338610548511 4168.5758832283709125 -384.81089793815738176 -3610.6841150528634898 8164.0708962193930347 15524
251000000 311.11569427613477501 12982.34765816620893 4369.0221168813950499 -329.28751457840894545 -3554.6515383490996101 8252.9611698089047422 15519
252000000 311.03872955796680344 12979.136046707666537 4308.1790705663588597 -360.85215773412028284 -3605.7844885404315391 8274.8157168409088627 15533
253000000 310.68110980960614143 12964.213161144320111 4273.1530019671699847 -373.59701235698958044 -3548.9927949502962292 8195.7428092744576134 15543
254000000 311.59793456500437969 13002.470754493593631 4465.9502233713183159 -352.84467201756734767 -3430.1803886625575615 8248.9752840514447598 15522
255000000 311.4967889900203204 12998.250115539382023 3950.5746256189568157 -392.73095156455531196 -3734.7202315544968769 8078.0258087380088909 15556
256000000 309.94260197773093068 12933.396440554284709 4135.5326058473956437 -345.82616528815049151 -3666.5349083243372661 8147.8936794598839697 15529
257000000 306.43686245171659266 12787.107679932336396 4390.9462203509920073 -368.73251692920058531 -3441.2488543813142314 8200.9275916615079041 15520
258000000 309.75166482190411443 12925.428946199579514 4240.7331727831779062 -349.62996859032074326 -3690.8809064589240734 8281.2440478324224387 15524
259000000 311.16206742910912908 12984.282733782754804 4201.9249674481634429 -323.30049221069054965 -3651.3779331242126318 8176.6033927830676475 15539
260000000 311.05365227686468188 12979.758747292375119 4328.6774395082293267 -376.40176707821933633 -3580.9295167830237006 8286.0087233694721363 15524
261000000 308.69146934223590506 12881.188727670287335 4286.9515512495108851 -352.34890985512754469 -3575.2354039825181644 8214.5358650871567079 15534
262000000 309.85548425415157681 12929.761160831973029 4151.1993490720633417 -367.41698413357624986 -3637.302109281304638 8155.9184424869436043 15543
263000000 309.62028382750634137 12919.94663278265034 4202.6808452450823097 -390.85631345383683311 -3566.6418984833103423 8160.1790571822293714 15530
264000000 308.5076983613286643 12873.520266041659852 4052.8362833985120233 -381.62368303678431403 -3687.8121674548074225 8122.2721338901028503 15545
265000000 309.39940034838184602 12910.729527471998153 4194.531362048954179 -380.56890633932891888 -3520.7882643455295693 8095.8885327338102798 15517
266000000 308.68522943956878635 12880.928346766115283 4048.1053022586147563 -396.92102174538592863 -3620.0428213780751321 8065.0691453820745664 15543
267000000 307.70999164931964742 12840.233273276318869 4252.8394940081179811 -361.82587247055835178 -3649.7563134760530374 8264.4216799547284609 15538
268000000 309.67286581181491556 12922.140792747606611 4350.876319564464211 -383.98907808615842896 -3479.8780883847421137 8214.7434860353641852 15516
269000000 310.42955714002340528 12953.716280816694052 4174.5265205034374958 -377.01541495272977045 -3523.830296249526782 8075.372231705692684 15518
270000000 314.13915746768833515 13108.511818337372461 4241.8625734792367439 -372.09178933782754939 -3508.6230216780850242 8122.5773844951490901 15520
271000000 311.58293269497414713 13001.844751061949864 4349.3175011949251711 -352.66210712528516069 -3475.023010453882307 8177.0026187740922978 15518
272000000 307.97991392877719363 12851.496687295839365 4202.9224111703624658 -350.7662625689278002 -3669.1490284263618378 8222.8377021656524448 15539
273000000 310.73221671211069861 12966.345768364890318 4239.6327349032317215 -335.92864253782812511 -3605.1142615158596527 8180.675638956920011 15533
274000000 311.97373663226198914 13018.152358403505787 4175.8060931474483368 -350.00794082505592542 -3667.7697281629079953 8193.5837621354112343 15537
275000000 310.53704026737574395 12958.201375436949093 4487.4322288417215532 -371.55435457495286755 -3359.2902304032695611 8218.2768138199426176 15495
276000000 312.94478649231353984 13058.672676434822279 4271.6047827613074332 -358.14739945773902718 -3479.6455343533762061 8109.3977165724227234 15513
277000000 309.46863550525040409 12913.618597014847182 4285.2401938996226818 -370.15214152667920189 -3573.5558925331306455 8228.9482279594303691 15525
278000000 308.19059895257544213 12860.288227792314501 4268.9401342421151639 -351.48977865852577906 -3559.0966065501943376 8179.5265194508338027 15519
279000000 310.0080304904535069 12936.126665080237217 4242.3775076199144678 -400.00645008258567259 -3542.1426744105597209 8184.5266321130593496 15544
280000000 309.1176310711861106 12898.971757667244674 4126.6846805445575228 -390.43224923714683428 -3574.5826641671583275 8091.6995939488624572 15524
281000000 311.11509998524081766 12982.322859381905801 4103.6266569930940022 -353.99573339858960708 -3595.1263344021290322 8052.7487247938133805 15533
282000000 310.61064822411253772 12961.272914746426977 4270.0801074749588224 -373.27357863083557277 -3448.7854478676295003 8092.1391339734236681 15535
283000000 308.10320362389745696 12856.641364064540539 4285.436408433402903 -362.2180749247033873 -3517.8332889879088725 8165.487772346015845 15527
284000000 307.1573911211506811 12817.174159561507622 4236.1846773295956154 -375.88178710194563337 -3539.1567739022766546 8151.2232383338177897 15516
285000000 311.72324897792839238 13007.699919415485056 4372.8457238281735044 -356.65874427581547934 -3447.0824132286752501 8176.5868813326633244 15510
286000000 312.29439934154498815 13031.533087339752456 4192.8098218939267099 -386.13985799368691687 -3651.8214868989780371 8230.7711667865914933 15532
287000000 308.91615816987496146 12890.564623933260009 4342.3505491466657986 -374.03230534557621922 -3427.3369295656912072 8143.7197840579319745 15507
288000000 307.18249172120374624 12818.221566433976477 4471.2833848337786549 -358.0900358524324929 -3309.4491592219874292 8138.8225799081983496 15509
289000000 306.63283139818224754 12795.285142657709002 4263.3964204175445047 -384.83424919256196972 -3567.4402775556472989 8215.6709471657522954 15531
290000000 308.0856694370793889 12855.909691206617936 4150.6184221757812338 -329.58640905431514057 -3563.223585545611968 8043.4284167757077739 15536
291000000 309.82462049651962843 12928.473266845949183 4141.1928089024177098 -360.93371945464650707 -3793.9034019845621515 8296.0299303416268231 15551
292000000 308.92323408763877524 12890.8598903762595 4199.9697390992187138 -380.42468445389818044 -3619.6984858472587803 8200.0929094003768114 15528
293000000 313.08292075506398078 13064.436792664006134 4340.3248925884254277 -353.47986872164830174 -3497.9185157348128996 8191.7232770448863448 15507
294000000 309.13446063557938714 12899.67402778703763 4363.5980230869872685 -401.94292334151430168 -3421.6898196580414151 8187.2307660865426442 15511
295000000 310.66975789389823603 12963.739464320220577 4365.9343465714782724 -393.21910444755542358 -3435.8503272917746472 8195.0037783108073199 15513
296000000 309.67089090815005648 12922.05838325672994 4088.4718443739247959 -359.40939740811336378 -3669.8498558040068929 8117.7310975860455073 15540
297000000 310.58866172428525942 12960.355454168913639 4363.8567291734152604 -376.76289306103547005 -3479.9270430588276213 8220.5466652932773286 15513
298000000 310.36613999873310377 12951.069987521739677 4254.8434933836797427 -339.72272426972858739 -3465.3956254060385618 8059.9618430594464371 15525
299000000 308.97451368755770318 12892.999703976689489 4320.9369243118144368 -354.33345720611998786 -3501.2289944237136297 8176.4993759416483954 15526
300000000 309.29443112466179855 12906.349333927240878 4378.3634499641029834 -365.1267821180005626 -3452.4602029950465294 8195.9504350771494501 15520
301000000 306.74939227459429958 12800.149036857719693 4368.0711264920155372 -380.26651276294364834 -3440.7163048295642511 8189.0539440845232093 15519
302000000 309.96632257918338382 12934.386262348498349 4327.5865118801766585 -387.46166649473121879 -3539.1346804856343624 8254.1828588605421828 15526
303000000 311.39862436295561565 12994.153866652763099 4256.3093060196215447 -324.10419614365258667 -3520.2634656794753027 8100.6769678427508552 15520
304000000 307.09588683003352116 12814.60768636699504 4270.0620621467460296 -364.30274177611175901 -3525.7481154624556439 8160.1129193853148536 15514
305000000 306.80538530590109758 12802.485534219418696 4412.7120856629398986 -354.90188621652822576 -3441.5524592147567091 8209.1664310942251177 15506
306000000 314.13146454113945083 13108.190805129734144 4344.4023637180953301 -361.00531263629727619 -3578.0926526317980461 8283.5003289861906524 15530
307000000 308.60258283592941098 12877.479639545768805 4116.9023875762622993 -398.65298561330712346 -3587.1417587575178914 8102.6971319470867456 15538
308000000 308.43200549914251951 12870.361727047256863 4306.307169649376192 -381.24182552762886189 -3523.1495224244608835 8210.6985176014659373 15523
309000000 311.99049240168534425 13018.851549180237271 4253.659108363712221 -390.8787076836789538 -3527.36267485949611 8171.9004909068862617 15520
310000000 306.45083190199540013 12787.690602181033682 4110.8419160506673506 -360.97858684555427544 -3540.7042424252990713 8012.5247453215206406 15525
311000000 308.89156350405738749 12889.538328866650772 4323.7187280037396704 -371.4217302121489297 -3505.3657953083038592 8200.5062535241922888 15505
312000000 308.52641780965757334 12874.301397918470684 4104.5936807322541426 -357.33697894449107935 -3560.5071052266484912 8022.4377649033931448 15516
313000000 308.73284998762551368 12882.915474133582393 4095.2318276695382337 -359.81604460858210359 -3640.0753517498083056 8095.1232240279296093 15532
314000000 310.84374449362758241 12970.999639769755959 4410.936290444666156 -359.19750127265831452 -3515.2956766050306214 8285.4294683223542961 15539
315000000 310.32071031722955468 12949.174281422274362 4310.0710754798183189 -370.4410907119914782 -3552.1941461615615481 8232.7063123533716862 15522
316000000 312.86136859325347359 13055.191784321581508 4373.6448067987294053 -351.59456485984310348 -3452.2332262476134019 8177.4725979061850012 15502
317000000 311.05365709169740285 12979.758948207447247 4348.0953893266578234 -350.33367596828327351 -3536.7991022959508882 8235.2281675908925536 15521
318000000 310.65848892919251512 12963.269228905392083 4239.3366008648836214 -374.38259884423985113 -3548.6962397205334128 8162.4154394296574537 15513
319000000 309.07286438734655576 12897.10371737290734 4358.6239278332950562 -379.62158565571951385 -3468.7862813721217208 8207.031794861135495 15505
320000000 308.03222143086298956 12853.679393567819716 4209.0734708101572323 -410.48451857563429712 -3622.8117641089634162 8242.3697534947532404 15545
321000000 308.14372489110343167 12858.332250085708438 4139.500555928589165 -393.07923374290197671 -3553.2921164936551577 8085.8719061651472657 15536
322000000 309.0867162260741452 12897.681731884469627 4380.1225630290009576 -380.59136471148133296 -3422.2561558264546875 8182.9700835669382286 15513
323000000 305.87364873302698243 12763.605695183898206 4229.0376277607356315 -364.0586509647641833 -3639.2063155861619634 8232.3025943116626877 15539
324000000 312.46014629847263677 13038.449436009093915 4311.1477111345302546 -371.90845884149211997 -3587.5128611602117417 8270.5690311362341163 15513
325000000 307.75250293043615102 12842.007199314131867 4189.0805166550480862 -392.02106947133268022 -3560.5440326546954566 8141.6456187810763367 15531
326000000 308.50529037104513463 12873.419784556497689 4335.5352005024342361 -385.63204289100440292 -3438.1823970556310996 8159.3496404490697387 15500
327000000 309.26561278872543426 12905.146792033858219 4110.2814191095785645 -414.78689691716948573 -3588.6129135172091082 8113.6812295439558511 15534
328000000 306.04693873451657282 12770.836802731386342 4254.3584398824996242 -356.33367581961840642 -3588.3368914838865749 8199.0290071860035823 15542
329000000 310.8135724963324833 12969.740611808027097 4230.5348535386719959 -342.56163025592707072 -3451.5107287818386794 8024.6072125764385419 15517
330000000 310.62001032760718999 12961.663579970378123 4327.6815974354440186 -365.10869744225601607 -3501.6880988616485411 8194.4783937393476663 15530
331000000 308.20432668719746516 12860.861063643096713 4067.37810436341897 -347.63189921497928481 -3681.9600902863940064 8096.9700938647920339 15551
332000000 309.83495345735229876 12928.90444435430436 4168.0446463927792138 -387.89219300023205506 -3629.8238519872525103 8185.7606913802637791 15537
333000000 311.0826816334117666 12980.970094729744233 4293.2090026557343663 -326.88672949591312999 -3478.6885795558478094 8098.7843117074935435 15519
334000000 309.66263607809611358 12921.71392273741003 4183.6778218393092175 -368.29178939451634278 -3543.4271270153549267 8095.3967382491809985 15517
335000000 311.99996289069804334 13019.246737154093353 4048.2943379096222998 -382.63662456117839383 -3680.0254192904003503 8110.9563817612015555 15538
336000000 310.743776568649821 12966.828142218831999 4148.5830944134286256 -367.56654490372062583 -3601.3100375947110479 8117.4596769118597877 15536
337000000 307.82783427463289172 12845.150652755766714 4279.5040699844330447 -356.67835922084930189 -3578.275283414063324 8214.4577126193453296 15538
338000000 313.64691216955827713 13087.971229382865204 4240.7437659557535881 -379.05063787194836777 -3588.6702654620153226 8208.4646692897167668 15537
339000000 309.04687345607140969 12896.019158438783052 4075.5075157986175327 -340.97672064050351537 -3557.2367566453094696 7973.7209930844310293 15522
340000000 311.5443415502226685 13000.234405885194064 4151.5375391057932575 -366.24074879648497927 -3535.817305726592167 8053.5955936288701196 15541
341000000 310.35615873426263533 12950.65348572575931 4098.8316525318095955 -342.31644515428331488 -3663.1507208413222543 8104.2988185274143689 15533
342000000 313.09135826470929942 13064.788876103060829 4301.0991962061980303 -368.90088760027452963 -3481.5483242442114715 8151.5484080506839746 15522
343000000 312.17331002643993543 13026.480228820222692 4421.5655343686121341 -350.66918776677272263 -3402.1071220653630007 8174.3418442007478006 15512
344000000 308.91634263713291375 12890.572321449388255 4287.8492712889692484 -363.29848780206816627 -3508.0111526616010451 8159.1589117526391419 15519
345000000 307.92579797185481993 12849.238517169593251 4404.7132914514140793 -343.02908571868027821 -3447.9826024757066989 8195.7249796458017954 15518
346000000 309.7623666547758603 12925.875516133133715 4174.1754620291903848 -341.47094518356664139 -3546.8237947812021957 8062.4702019939586535 15515
347000000 308.19228069920194457 12860.358404320790214 4279.2105863167762436 -368.9668407246600168 -3545.6307923169183596 8193.8082193583541084 15537
348000000 308.84010660157048278 12887.39111672085528 4275.2196276616650721 -387.47065276868715955 -3492.5212381696787816 8155.2115186000319227 15523
349000000 311.70427192148116546 13006.90803797440276 4248.4251576901797307 -342.51006977385912933 -3581.3791190590472979 8172.3143465230850779 15541
350000000 308.93774291398113974 12891.465319903454656 4294.7865274170317207 -349.56013625120488086 -3548.7639906487383996 8193.1106543169753422 15533
351000000 310.37835464506179051 12951.579684679672937 4151.5570835408752828 -360.16191923813488529 -3658.9579237933553486 8170.6769265723651188 15541
352000000 308.73151653695128971 12882.859831423953437 4383.6650548467478075 -367.689403351380804 -3450.0913073060210081 8201.4457655041496764 15513
353000000 309.23079851238475158 12903.694049381405421 4268.431895906540376 -372.32826268732446806 -3572.9027793931104497 8213.6629379869755212 15522
354000000 308.29737701867338728 12864.743901362802717 4188.1948992768047901 -378.96951085796416692 -3508.3458860772980188 8075.5102962120663506 15522
355000000 307.06453541331529777 12813.299443167117715 4208.5031753729872435 -392.54518149945647565 -3538.7726806337313974 8139.8210375061753439 15508
356000000 310.55780874666726277 12959.068010015193067 4413.9871970718813827 -367.57882671615402614 -3468.2835944491644113 8249.8496182372000476 15516
357000000 308.36804751970765892 12867.692865463564885 4314.7050174062396763 -377.91205029027173623 -3502.6095374541009733 8195.2266051506121585 15531
358000000 309.81452929827662501 12928.05217769394585 4159.9450494390748645 -355.8812821402566442 -3573.9259226306371602 8089.7522542099677594 15534
359000000 313.74364155884262573 13092.007588150858282 4424.0140233282327245 -378.49126508895085408 -3439.6138932184153418 8242.1191816356003983 15519
360000000 308.92935404096454022 12891.11526599114768 4334.5652402972682466 -334.71811517281292936 -3516.4889031066040843 8185.7722585766859993 15512
361000000 308.30608024717099624 12865.107072813756531 4408.9431902143132902 -332.67142861820343569 -3534.2279124368092198 8275.8425312693252636 15529
362000000 313.75271616872214508 13092.386256737770964 4098.9713766707936884 -385.89275674143800643 -3659.7099350951916676 8144.5740685074233625 15546
363000000 307.40447719790375913 12827.484656296055618 4197.1823762565545621 -375.12826219252747251 -3589.8146614305896946 8162.1252998796717293 15530
364000000 310.56874965739206118 12959.524556275440773 3950.5646708883641622 -376.89859376633637567 -3729.9989523011590791 8057.4622169558588212 15559
365000000 307.78732559641485977 12843.460292052419391 4354.2086537565228355 -336.98898740471446445 -3388.2741269347670823 8079.4717680960056896 15517
366000000 310.57959021432935742 12959.976914936727553 4282.6531670412068706 -358.24822332982125772 -3498.2927378971508006 8139.1941282681791563 15519
367000000 310.2424901685368468 12945.910282906979774 4262.5075948470821459 -381.43442163445695314 -3565.7582240714555155 8209.7002405529947282 15534
368000000 306.437984781468856 12787.154512912153223 4224.0173982303203957 -352.01155140363954388 -3548.9341658689850192 8124.9631155029446745 15531
369000000 304.14786813346040617 12691.591701234090579 4173.5485780747758326 -353.4607054669981494 -3599.4353797867956928 8126.4446633285697317 15546
370000000 312.12750912260702307 13024.569032221797897 4272.7036937389821105 -372.24623762456826626 -3491.7689785887487233 8136.7189099522993274 15511
371000000 311.78379291430758258 13010.226318581870146 4142.5671030213779886 -345.42996396769808598 -3703.8071926592765521 8191.8042596483528541 15527
372000000 308.79544631565573809 12885.527516237416421 4196.940581157791712 -368.69720945108474552 -3465.3246079120663126 8030.9623985209418606 15516
373000000 308.79225676877138085 12885.394421677141509 4380.6588542531571875 -409.78808959563730241 -3592.4384860960944934 8382.8854299448885286 15526
374000000 306.28714800887848924 12780.860341780864474 4289.6109488333622721 -365.24655023141781385 -3454.5591325224231696 8109.4166315872034829 15505
375000000 309.18776382780902168 12901.898282575679332 4285.047911122493133 -360.54272047928600387 -3596.9984629203372606 8242.5890945221181028 15531
376000000 309.75258894308160507 12925.46750826065545 4114.7202268556166018 -365.42228206484855946 -3559.8666586641784306 8040.009167584642455 15523
377000000 309.37876652782659903 12909.868511981965639 4273.7176173180205296 -390.35746065153375639 -3517.8206065721242339 8181.8956845416787473 15530
378000000 310.19442263967857798 12943.904503763760658 4202.5673664839196135 -409.56200486513398573 -3525.858635235874317 8137.988006584928371 15533
379000000 311.83102270314424231 13012.197140207972552 4239.364741798297473 -373.52821516476564057 -3582.1165659393873284 8195.009522902451863 15536
380000000 311.76055836089273043 13009.256778775092243 4219.9736976187305117 -356.16298126289728998 -3497.8301557927252361 8073.9668346743519578 15509
381000000 313.17732139250244927 13068.375976436878773 4121.391521513144653 -375.17057317054775467 -3505.2190101346723168 8001.7811048183648381 15515
382000000 311.82166258513115054 13011.806557834908745 4203.0220592325295002 -404.94970867063341302 -3567.8634415153774171 8175.8352094185393071 15521
383000000 309.20238341027339857 12902.508333774194398 4051.0443379815278604 -380.46386638643292599 -3644.2890018814728137 8075.7972062494336569 15541
384000000 307.96743241816932368 12850.975854329224603 4372.1572081297126715 -359.2415987514950757 -3525.9065897827158551 8257.3053966639236023 15520
385000000 308.60721960442560885 12877.673124290304258 4411.5586094788104674 -390.42995282371532539 -3362.6056882042521465 8164.5942505067778256 15516
386000000 308.10888888687105691 12856.878600763971917 4142.6662664229152142 -345.20185412521936996 -3558.7893412697003441 8046.6574618178347009 15524
387000000 307.47120233405064482 12830.268986790899362 4299.8059332943648769 -395.44571357151716029 -3420.0755706301820283 8115.3272174960648044 15515
388000000 311.63790277966967324 13004.138562539304985 4144.6446169682640175 -361.16929363570659461 -3558.450623423293564 8064.264534027263835 15534
389000000 312.44639462080772319 13037.875601054402068 4207.9461592355464745 -365.46335171076373172 -3528.1744745155756391 8101.5839854618861864 15526
390000000 313.10821084946326209 13065.492106824749499 4353.1644908800462872 -388.51110640607714686 -3475.4420311697126635 8217.1176284558368934 15519
391000000 310.81013629091648909 12969.597224591772829 4290.6221171241777483 -382.44925220157608692 -3498.5520550222081511 8171.6234243479611905 15521
392000000 311.50486321312558857 12998.587039626951082 4290.0860791694612999 -406.65578993519284268 -3475.5055766904929442 8172.247445795146632 15520
393000000 310.53246181942176918 12958.010324312988814 4225.9306925831442641 -393.99925905674911064 -3535.6296160236393007 8155.5595676635330165 15524
394000000 309.44518859945196709 12912.640196091384496 4463.7115834027563324 -367.1737385319569853 -3445.4816651719584115 8276.3669871066704218 15519
395000000 311.38097749938140169 12993.417491978610997 4258.5163931684728595 -377.58218370767787064 -3526.8646327553778974 8162.963209631528116 15520
396000000 305.66342372095846258 12754.833350222434092 4362.4238747821345896 -351.80567272951589075 -3500.5349581735108586 8214.7645056851615664 15518
397000000 311.96567651464874871 13017.816022914985297 4363.4363413071041577 -341.65545756556366541 -3451.7416330907108204 8156.8334319633795531 15511
398000000 310.80883972545717597 12969.543121041664563 4099.9091921817635011 -391.45709742338920023 -3654.8475735882757363 8146.2138631934276418 15540
399000000 307.64446384401264822 12837.498905433669279 4221.0478850491372214 -380.47840053446680031 -3594.4348959556937189 8195.9611815392963763 15534
400000000 310.64563648817920694 12962.732917621324304 4249.2721260979733415 -392.62091281310688373 -3566.0750910116539671 8207.9681299227340787 15545
401000000 311.15985096980512026 12984.190244571234871 4151.3941517747753096 -384.50212142896793921 -3594.6130706496105631 8130.5093438533531298 15529
402000000 306.77783160409643415 12801.335763434213732 4399.0408883757809235 -324.85997916176012268 -3559.716441823907644 8283.6173093614488607 15523
403000000 308.22826366541016796 12861.859914484633919 4113.9633576799396906 -367.34213498306627343 -3587.5019194924138901 8068.8074121554200246 15526
404000000 311.81892287442866518 13011.692234200721941 4152.7124621726643454 -346.93535468646814479 -3603.0924845538843329 8102.7403014130168231 15530
405000000 313.30949685247549041 13073.891441599253085 4465.4811194331041406 -400.94412664580011096 -3413.5646455688638525 8279.9898916477686726 15498
406000000 308.49732233261448755 12873.087291381247269 4226.7682221633067456 -418.48212230584124427 -3556.2001775727794666 8201.4505220419268881 15522
407000000 311.54382050269032334 13000.212663426245854 4183.0944566302587191 -371.31150665128546962 -3491.2323062250916337 8045.6382695066349697 15511
408000000 311.22895374428844661 12987.073790014270344 4245.9009977339119359 -382.31485143933639392 -3421.4259176568098155 8049.6417668300582591 15505
409000000 312.9192691515515321 13057.607879656070509 4415.2940784306238129 -355.28054953340677002 -3403.5915311596781976 8174.1661591237079847 15515
410000000 309.92886261263635106 12932.823119382957884 4144.9100366203956582 -373.94735543535909983 -3594.9701615887524895 8113.8275536445089529 15526
411000000 308.92666391440292273 12891.003011421835254 4582.0808716263627502 -324.80615423519969909 -3363.8360145193664721 8270.7230403809280688 15506
412000000 307.69277125186368949 12839.514694333829539 4212.6383181177398001 -360.54967410199208189 -3606.6115704552530588 8179.7995626749852818 15530
413000000 309.66413416503223743 12921.776435448226039 4460.5172516589700535 -369.11589005691030252 -3398.549633959588391 8228.1827756754682923 15511
414000000 310.53214023063867444 12957.99690494051174 4267.6921945727935963 -326.82528220598953794 -3480.7650113231729847 8075.2824881019569148 15513
415000000 307.62887202737118741 12836.848284497516943 4311.6818026528726477 -366.09323432605140169 -3527.0295019133445749 8204.8045388922691927 15517
416000000 309.17416763368521515 12901.330935694148138 4308.0827583153495652 -396.69325400789296054 -3457.5888860469922292 8162.3648983702341866 15504
417000000 309.46591600140641276 12913.505116579723108 4264.4852626402489477 -345.17650867073217569 -3513.5255498361748323 8123.1873211471556715 15522
418000000 308.98998483507966739 12893.645289588397645 4326.0429271935590805 -399.16243540802190637 -3469.8362372392912221 8195.0415998408716405 15525
419000000 310.8524191661651912 12971.361619627332402 4116.6326457225350168 -413.08448383260133596 -3668.5346514833463516 8198.2517810384833865 15544
420000000 310.64055365322957414 12962.52081925528546 4478.6431588628302052 -372.94601316061164198 -3477.2150267841807363 8328.804198807622015 15512
421000000 309.10261372013781056 12898.345108238107059 4120.555172947993924 -372.36263022960201852 -3699.427801480270773 8192.3456046578648966 15552
422000000 308.08273455495555027 12855.78722338911939 4400.3261825307008621 -336.62175137520614498 -3429.5835378884480633 8166.5314717943556388 15515
423000000 309.44439707087781244 12912.607166902178506 4248.3121874654025305 -348.62445806568587159 -3526.6018457050413417 8123.5384912361305396 15519
424000000 314.64896933311990779 13129.785431334268651 4185.6507166368373873 -353.84359165449268403 -3577.6296814106913189 8117.1239897020222998 15534
425000000 311.47469464118103133 12997.328154599483241 4259.5895367643461213 -370.93320250276082106 -3563.5021584586434074 8194.024897725750634 15540
426000000 311.21739972438371069 12986.591659713509216 4200.7527180132492504 -366.64485763391610362 -3551.2497557697820412 8118.6473314169470541 15528
427000000 309.38063566834358653 12909.946508150142108 4302.6238671379451262 -361.52209179135650174 -3529.8233535787753681 8193.9693125080757454 15526
428000000 309.67715558711302037 12922.31979803509239 4179.620477611772003 -371.37446689508800546 -3539.6245823495664808 8090.6195268564270009 15528
429000000 307.48525028150800154 12830.855184598114647 4365.1480094560602083 -364.38962874528806424 -3474.2637514848784122 8203.8013896862266847 15527
430000000 309.54805508579772777 12916.932645854234579 4092.7143132786804927 -391.43559490935012946 -3618.1166894046682501 8102.2665975926984174 15534
431000000 310.96110806586665376 12975.897029150117305 4135.5241388619087957 -388.2595690472176102 -3589.2355087930013724 8113.0192167021268688 15539
432000000 314.54861638094615728 13125.597867229942494 4083.3627052901192656 -392.63611029142020925 -3542.400136822353943 8018.3989524038934178 15524
433000000 311.51671982237587599 12999.081796484821098 4245.260735715307419 -396.85058020123358347 -3550.748352883068037 8192.8596687996086985 15531
434000000 311.56561208189543777 13001.121990285886568 4212.5650757316698218 -357.9575170933434265 -3615.2371678540457651 8185.7597606790586724 15535
435000000 309.6756572575469022 12922.257275199723153 4204.9555915694027135 -372.82169312135158634 -3552.3928545879430203 8130.170139278696297 15528
436000000 314.31036710502388587 13115.656115700738155 4064.3664662386336204 -350.6908731129378225 -3703.5040900184412749 8118.5614293700127746 15532
437000000 311.69039711247648938 13006.329064950850807 4252.2094488796774385 -357.17019964834469192 -3507.9116189691699219 8117.291267497192166 15517
438000000 309.91726736769055606 12932.339268828847707 4249.4574255805391658 -316.48444692799273525 -3569.9295187828884082 8135.8713912914208777 15550
439000000 307.54723451250208655 12833.441684896537481 4230.9819429204180778 -365.98702693848218814 -3523.1726724946056493 8120.141642353505631 15519
440000000 307.81129920594435134 12844.46067145872621 4210.9881462194762207 -380.49315000701017198 -3698.6984880619056639 8290.1797842883934209 15534
441000000 308.86190458178202789 12888.30071068399775 4308.6643350392814682 -376.21655853462300456 -3474.550649336350034 8159.4315429102534836 15528
442000000 310.92723382257167941 12974.483512534905458 4225.6095198938883186 -379.55464030697805811 -3517.7225350933049413 8122.8866952941707495 15511
443000000 311.54746211295787361 13000.364621850068943 4187.194907201348542 -355.92578087808885812 -3635.9143832328813915 8179.0350713123179958 15522
444000000 314.65076303165739091 13129.860279432374227 4257.0338688716765319 -393.13525453597196702 -3555.1746174560607869 8205.3437408637073531 15526
445000000 308.40908425940608595 12869.405261306410466 4225.1348924218782486 -405.4427934366150339 -3567.4902830964656459 8198.0679689549579052 15529
446000000 311.89187808581550598 13014.736535517318771 4296.3558611663765987 -352.02017626759038649 -3447.1150888069983012 8095.4911262409659685 15498
447000000 310.50186675164934513 12956.733642314124154 4044.2012038785833283 -411.41322540112304296 -3610.7446427599384151 8066.3590720396450706 15534
448000000 307.80667940912815084 12844.267894914561111 4066.7164567666873154 -383.73608663216293735 -3683.126883096646452 8133.5794264954965911 15543
449000000 306.92539790777527742 12807.493463261753277 4329.1543530034341529 -354.47445439893357388 -3554.2392952917875846 8237.868102694155823 15527
450000000 312.45142551364904193 13038.085531961452944 4280.8634928893916367 -409.18102898082850061 -3476.6971122822169491 8166.7416341524367454 15511
451000000 312.02544882499995538 13020.310223392774787 4109.5459728551022636 -405.7755694833312532 -3595.0698126764546032 8110.3913550148881768 15527
452000000 309.35984096526038911 12909.078779296081848 4166.5665423013324471 -413.26736298987520968 -3600.8869733312626522 8180.7208786224700816 15529
453000000 310.30211126298337376 12948.398173393077741 4296.0239576105395827 -400.79541330472625305 -3554.7638522809966162 8251.583223196263134 15528
454000000 306.97588296425135468 12809.60012186745189 4145.9368018887253129 -394.25943501061590268 -3603.630485384631811 8143.8267222839731403 15525
455000000 308.14772108490853952 12858.499004698996941 4308.0568030561671549 -376.53547263300583836 -3428.1197828147642213 8112.7120585039374419 15505
456000000 308.62105475108307928 12878.250442269158157 4240.8818259207646406 -355.57083765712303602 -3555.9834384160667469 8152.4361019939551625 15515
457000000 311.23349567763182222 12987.263317443417691 4245.6192118651970304 -367.56527090338909147 -3526.2670742660898213 8139.4515570346757158 15523
458000000 313.85249549091093968 13096.549884203641341 4347.4148945034521603 -399.0671612987532626 -3435.5133266904276752 8181.9953824926333255 15511
459000000 311.22718904185671818 12987.000151876100063 4251.3496272399424925 -358.35577069204077816 -3508.0283581596313525 8117.7337560916148504 15522
460000000 312.59234876572378425 13043.966028140888739 4366.5338136679038143 -384.74771008298546349 -3496.4497139335499014 8247.7312376844383834 15514
461000000 310.68594642433174613 12964.414985144239836 4137.0203543252273448 -345.33819524465820905 -3643.5569204274538606 8125.9154699973405513 15548
462000000 308.54391607248146556 12875.031571727035043 4156.2879609219826307 -386.12397751422724923 -3647.1774982890929095 8189.589436725302221 15523
463000000 310.88124000832351612 12972.564266101246176 4181.5071024099552233 -368.1734100435108985 -3598.4928460874853045 8148.1733585409510852 15531
464000000 311.13979922669670941 12983.353518218385943 4177.1077637451980991 -358.62287803056506164 -3659.517874544262213 8195.2485163200253737 15534
465000000 313.67895795729418751 13089.308447546467505 4282.2601445760919887 -390.4168144657743369 -3528.4644815949645817 8201.1414406368312484 15526
466000000 312.11733348513018882 13024.144419559053858 4358.2692400181340417 -352.28344952680748747 -3435.2833049335795295 8145.8359944785206608 15509
467000000 309.25836334322292487 12904.844284562926987 4251.0926927749114839 -372.57366709877499034 -3583.5779210730961495 8207.2442809467829647 15522
468000000 311.41433059740347744 12994.809262056320222 4183.7654597591072161 -370.56989158450392097 -3596.185497927385768 8150.5208492709971324 15529
469000000 311.24748343743232226 12987.847003718427004 4339.9063564345842678 -368.2878309319534651 -3489.0396549484685238 8197.2338423150049493 15524
470000000 308.75343333629189146 12883.774383514473811 4291.8142360914698656 -344.86824766064364667 -3485.7178174564637629 8122.40030120857773 15512
471000000 307.32596729295181603 12824.208566727296784 4369.4092822728780448 -382.32728812821005704 -3416.9844848566617657 8168.7210552577507769 15517
472000000 313.03264858928235981 13062.339017637823417 4258.2615432053589757 -357.70599641271508062 -3424.3725652823331984 8040.3401049004078232 15505
473000000 311.46678720755124914 12996.998190363172398 4247.8647353206033586 -369.42571054912446016 -3530.9748383397063662 8148.2652842094339576 15519
474000000 313.25028069336224235 13071.420448400474925 4400.0105685899461605 -377.43796305825082982 -3479.4320943508819255 8256.8806259990778926 15514
475000000 311.12339397275025021 12982.668953877622698 4216.1904673588478545 -355.81966129530621856 -3524.1089718321190958 8096.1191004862739646 15520
476000000 311.01851716753049004 12978.292616805305443 4194.3391257719395071 -387.94206971389291994 -3547.2024337795464817 8129.4836292653781129 15528
477000000 309.36946211760351844 12909.480254203612276 4262.1957730864633049 -371.01228679963003287 -3598.0919966441088036 8231.3000565302027098 15524
478000000 309.61432692813644962 12919.698061141914877 4186.1053309928311137 -372.88025859424624286 -3597.8445000988285756 8156.8300896859063869 15539
479000000 310.42892500772126141 12953.689902972491836 4481.8774288035419886 -341.32164274915510305 -3409.1090161482184158 8232.3080877009160758 15515
480000000 312.88480997857305965 13056.169954884515391 4209.7480264027399244 -385.79725716889868181 -3529.6709732325011828 8125.2162568041403574 15519
481000000 311.74685446693990798 13008.684937756335785 4387.7362657697676696 -394.64958237010029052 -3468.0136433649490755 8250.3994915048169787 15526
482000000 308.57426075647299513 12876.297805621379666 4282.3726498429750791 -364.29208783167621277 -3573.3130094925450067 8219.9777471671968669 15527
483000000 312.90543795169611485 13057.030726370794582 4412.6541428965510931 -375.03834535190475208 -3428.5136391119231121 8216.2061273603776499 15515
484000000 309.91466132613788886 12932.230522989049859 4189.290634494562255 -365.34806592931499836 -3564.6784238582936268 8119.3171242821717897 15533
485000000 309.1578075678809796 12900.648256980444785 4259.9529834784880222 -381.84833189201606274 -3585.3239349090636097 8227.1252502795687178 15546
486000000 310.11197773048814952 12940.464212921968283 4190.8680574117643118 -427.6315350925860912 -3664.9220651317200463 8283.4216576360704494 15549
487000000 313.33895281472376837 13075.120590592854569 4286.7647631922100118 -367.74831264662441299 -3553.7462006866799129 8208.2592765255139966 15534
488000000 306.644369943407753 12795.766627225484626 4105.33846656177775 -383.12052476224585007 -3608.8545096729317265 8097.313500996955554 15518
489000000 308.74550748972359315 12883.443650936438644 4222.0233335157718102 -354.88994612294379749 -3528.3421533980140339 8105.2554330367293005 15522
490000000 307.64263945303696346 12837.422776590456124 4295.9530176746284269 -342.80055656221946947 -3518.9557060768975134 8157.709280313745694 15523
491000000 311.81202670481889072 13011.404468353382981 4254.0024804351260173 -348.33201575940773864 -3531.4950145329653424 8133.8295107274989277 15520
492000000 308.17830541837417968 12859.775238772845114 4348.1791636849311544 -359.80778387357088377 -3549.2732938751528309 8257.2602414336543006 15536
493000000 307.30705397715934168 12823.419345079195409 4295.4247931040345065 -359.75793762200748915 -3534.153742570313625 8189.336473296355507 15524
494000000 311.95717883793230385 13017.46142880273328 4384.5285434302804788 -372.40064384669290121 -3445.7032182572684178 8202.6324055342411157 15502
495000000 311.61583367494591812 13003.217654994943587 4230.1304459401544591 -344.50381122353900309 -3674.537433108706864 8249.1716902724001557 15539
496000000 313.13883475387234512 13066.769992129167804 4311.1275199871834047 -354.89061179458707329 -3508.2750119472102597 8174.2931437289807945 15531
497000000 307.02885629309020032 12811.810611997807428 4511.307026148393561 -375.60484516719554904 -3392.8203071116513456 8279.7321784272407967 15508
498000000 308.52417964490462055 12874.208002974166448 4229.2484584405265196 -344.58115967166617111 -3587.763844162181158 8161.5934622743734508 15524
499000000 311.12411588502425275 12982.699078092800846 4334.684996976489856 -334.45159536663442168 -3488.4472602626947264 8157.5838526058178104 15523
500000000 311.87572819075262487 13014.062626883949633 4286.8330999353911466 -366.69986026674564528 -3522.5538238669778366 8176.0867840691153106 15534
