# Steps Temp KinEng PotEng Epair Ebond Eangle Bonds
1000000 310.06755487930416848 12938.610520200425526 6720.7452040053503879 -243.4046471579099773 -1407.4848001128088981 8371.6346512760683254 15056
2000000 310.82407778229764972 12970.178980161528671 6072.1385218645446002 -203.66109587915784118 -1883.3416539834161085 8159.1412717271186921 15185
3000000 315.34478393930777429 13158.820633637958963 5698.9725876040538424 -226.87017134392687012 -2394.5900352507023854 8320.432794198681222 15260
4000000 310.16049282637743545 12942.488668303332815 5413.269929755803787 -256.74696904076057535 -2581.8200945589564981 8251.8369933555204625 15295
5000000 310.97045741696479126 12976.287162237478697 5228.804003719839784 -284.77532441884602576 -2744.0663228723965403 8257.6456510110838281 15346
6000000 308.94108380983635698 12891.604730008057231 4965.3459706389221537 -250.19779344076926009 -2995.928508799885094 8211.4722728795750299 15376
7000000 308.15947788746979086 12858.989596787429036 5279.2771557336564001 -285.97317059777117265 -2712.0220985032347016 8277.2724248346621607 15347
8000000 312.68964388892322859 13048.025994057292337 5038.1625874151231983 -254.23143093516324598 -2957.0475429133030048 8249.4415612635893922 15377
9000000 312.16864098193184418 13026.285397250645474 5050.0148252110138856 -243.32257149770578053 -2850.0407720122334467 8143.3781687209539086 15360
10000000 311.06751983900289815 12980.337417916074628 5007.8713053946603395 -278.2474208778959337 -3048.0305485266171672 8334.1492747991724173 15423
11000000 306.29307677604487026 12781.107739510885949 4896.2999005752099038 -297.79980053568755238 -3129.1637227823348439 8323.2634238932332664 15409
12000000 311.50270508148457793 12998.496984333145519 4908.9035076888194453 -300.46572908881614694 -3164.7231903331057765 8374.0924271107396635 15431
13000000 310.56852428138711275 12959.515151704395976 4804.9227633691716619 -301.04456234706481155 -3232.7766603700247288 8338.7439860862614296 15448
14000000 309.54408263033121784 12916.766881802881471 4966.5283220791725398 -299.03914366914034417 -3084.9259981686445826 8350.4934639169587172 15425
15000000 310.74276293282747474 12966.785844858439305 4583.3788793159756096 -316.68718009480744513 -3209.3624414302339574 8109.4285008410170121 15455
16000000 309.83242730459130598 12928.799032142756914 4716.7072798072476871 -314.00659123524513916 -3232.3244589616933808 8263.0383300041867187 15451
17000000 313.39370939612541633 13077.405492927926389 4803.2712856833804835 -295.10303710010475697 -3080.4949892936119795 8178.8693120770967653 15435
18000000 310.83203753645642564 12970.51112764770005 4794.5124703268156736 -275.13736138732161862 -3144.5741140977215764 8214.223945811860176 15431
19000000 313.59786116544137258 13085.924411430112741 4667.1546712229237528 -277.06800534643582523 -3307.500351226555722 8251.7230277959170053 15464
20000000 313.19375223497416982 13069.061608544834598 4849.025569975909093 -271.25099679724587531 -3204.5125280699903669 8324.7890948431449942 15458
21000000 307.94999369859141325 12850.248165162656733 4742.9430225436026376 -303.76644275491719327 -3220.6472861428255783 8267.356751441344386 15449
22000000 311.64619515116476123 13004.484589601393964 4446.091346128362602 -277.94429503656414226 -3495.5289499051136772 8219.5645910700404784 15485
23000000 311.4859153045646849 12997.796374479359656 4487.7492326448191307 -303.3747625934838652 -3335.1785220454844421 8126.3025172837869832 15475
24000000 312.57000091565220146 13043.033489010334961 4540.4995819097912317 -292.17367330121123814 -3363.235661719723339 8195.9089169307262637 15469
25000000 307.57036762596584367 12834.406991780528188 4707.416683986643875 -303.94842003029668831 -3345.3632871224936025 8356.72839113943337 15486
26000000 312.34920761590649363 13033.820146737258256 4607.2550686195163507 -293.48100063076918786 -3308.2109213160842955 8208.9469905663700047 15472
27000000 309.58185782911101569 12918.343178892479045 4712.8895108861706831 -289.26552468268306484 -3190.557669809079016 8192.7127053779313428 15462
28000000 307.98469756610273862 12851.696300635741864 4673.6986169232086468 -300.28071508093887587 -3311.1497779867486315 8285.1291099908958131 15482
29000000 311.43591192495892983 12995.709815459456877 4498.9947304768838876 -302.70258352575660865 -3439.5341464939788239 8241.2314604966195475 15482
30000000 312.50233700639051904 13040.209985053103082 4660.5676000849052798 -302.72088030970297723 -3287.0688950536732591 8250.3573754482822551 15475
31000000 307.76701757801430404 12842.61287175194775 4677.8599295907260966 -308.91832494600794234 -3290.9558671380782471 8277.7341216748136503 15455
32000000 310.51686196839733611 12957.359368115212419 4610.9561937306625623 -322.71440539847293394 -3269.6619484321827258 8203.3325475613182789 15479
33000000 315.25828495368801896 13155.211172835903199 4551.0669969278897042 -302.15628986786373389 -3306.1518490369358005 8159.3751358326890113 15476
34000000 308.93351043376179632 12891.28870544563506 4555.7174134262249936 -305.16092496475607732 -3375.6239998875389574 8236.5023382785220747 15471
35000000 308.55444241993484411 12875.470818941896141 4662.5618467041867916 -331.86333983894814992 -3200.9262587137000082 8195.3514452568342676 15466
36000000 309.42740829030145733 12911.898252952196344 4571.2799424726727011 -317.11285275551222185 -3375.4708430815626343 8263.8636383097473299 15477
37000000 309.13564043604799281 12899.723258925590926 4596.3483192221556237 -310.24813573540706102 -3312.9349940661822984 8219.5314490237433347 15473
38000000 308.24298665737302372 12862.474280791917408 4567.3619795892855109 -321.49282031264618809 -3375.6466682784111981 8264.5014681803422718 15475
39000000 311.23118405063127057 12987.166857040007017 4456.526729324605185 -352.89582978635451127 -3353.4140959666292474 8162.8366550775890573 15496
40000000 307.86816768066574923 12846.833699638293183 4440.0837740896104151 -349.03492965173359153 -3435.5062061796124908 8224.6249099209562701 15484
41000000 312.60430507672930389 13044.464945389483546 4611.9555546318624693 -320.64244495912976163 -3397.5553581613849019 8330.1533577523769054 15491
42000000 310.3721223640384892 12951.31962181419658 4384.3428479251360841 -306.75411804740019761 -3383.3648217123472932 8074.461787684882438 15500
43000000 310.75556329677425538 12967.319983051933377 4564.6587033191553928 -319.94590912811543149 -3305.1560665065544526 8189.7606789538249359 15485
44000000 310.72341098453546238 12965.978319795538482 4519.1298511537834202 -342.60286714223218496 -3420.7134505215231002 8282.4461688175379095 15503
45000000 305.3033473678383416 12739.807954571577284 4503.4039530550307973 -341.55476724051658266 -3424.3762292197143324 8269.3349495152615418 15494
46000000 309.00046986248656822 12894.082812585487773 4350.9615122603590862 -332.29239724023511826 -3561.7419760825787307 8244.995885583173731 15519
47000000 310.91079704145806772 12973.79763261716289 4383.9757085875426128 -327.49050936614798957 -3463.7244778238923573 8175.1906957775827323 15511
48000000 311.21363668304405792 12986.434634170207573 4552.7805714623336826 -341.72842263995960366 -3423.9259703453885777 8318.4349644476824324 15501
49000000 309.62221405384985928 12920.027177962181668 4558.7496111415384803 -334.7602260919191508 -3442.3926153942002202 8335.9024526276552933 15498
50000000 307.72224511699084815 12840.744590385202173 4437.0985704754984909 -348.78065613525882327 -3385.0292581050562148 8170.9084847158137563 15483
51000000 311.74171965923608241 13008.47067065250485 4427.4902017940839869 -327.59065211493850711 -3488.9544544617028805 8244.0353083707250335 15519
52000000 307.98940820815914776 12851.89286800278569 4418.4166653492084151 -318.36811247427192484 -3387.046799726491372 8123.8315775499722804 15486
53000000 310.04813728966462349 12937.800256031752724 4462.3880782272772194 -337.35830968387733719 -3494.3726857047586236 8294.1190736159114749 15509
54000000 311.45038858975931362 12996.313902938252795 4426.8793597801231954 -330.69667019241126127 -3418.3368589232486556 8175.9128888957820891 15496
55000000 312.60040208554414676 13044.302079968661928 4456.0884581677364622 -378.10718455951712258 -3439.0068220388784539 8273.2024647661310155 15495
56000000 305.620745003905256 12753.052437357597228 4302.6519162023632816 -318.70650834534933438 -3520.3512002002466943 8141.7096247479585145 15511
57000000 309.72056731453204748 12924.13129822027804 4256.6709596077216702 -349.7511297869932605 -3586.4151486761329579 8192.8372380708478886 15514
58000000 308.28480617094800209 12864.219340504796492 4256.3069672743076808 -317.55052228687748084 -3550.1281221851513692 8123.9856117463368719 15511
59000000 314.50133880733756087 13123.62505162367961 4479.6266929629618971 -332.27458572957402794 -3401.7055691040909551 8213.6068477966273349 15492
60000000 310.03253462735881385 12937.149182523813579 4311.216239615104314 -337.18489139926134612 -3491.1686844735013437 8139.5698154878673449 15511
61000000 307.6568052466279255 12838.013891923546907 4218.7184614298930683 -365.47563804414380684 -3577.8752057919700746 8162.0693052660080866 15509
62000000 312.03645535403279609 13020.769507797394908 4237.0704131320635497 -309.81867329587839777 -3476.1971391327992933 8023.086225560742605 15504
63000000 311.5637610489180247 13001.044749715636499 4469.3810011398309143 -313.18270118680817404 -3417.5478448091198516 8200.1115471357588831 15497
64000000 309.32576684086751584 12907.656921970481562 4360.7439159914629272 -340.29329927865461514 -3464.4175177044098746 8165.4547329745273601 15501
65000000 308.81261254960844553 12886.243835025750741 4272.3799758527566155 -333.80035781884407697 -3554.5400990607427048 8160.7204327323433972 15520
66000000 311.86978215194704944 13013.814508436751566 4360.7710629873436119 -341.13465922218944115 -3538.8597473999516296 8240.7654696094850806 15509
67000000 311.9164112935101798 13015.760266037257679 4413.2596819270092965 -365.71716842537017556 -3518.7813363132336235 8297.7581866656109923 15499
68000000 309.33205317776980792 12907.919240499129955 4377.9828422530426906 -328.70913856572911982 -3394.0518940249580737 8100.7438748437289178 15484
69000000 311.72954594351710966 13007.962681461784086 4475.6057872482724633 -336.11545679079961246 -3383.766879695958778 8195.4881237350309675 15505
70000000 310.68345077545956201 12964.310845809941384 4362.4141324717211319 -321.35046388755813496 -3470.2794108144639722 8154.0440071737439212 15517
71000000 310.04093660737942173 12937.499783369901706 4308.9296786056402198 -368.51048648576477262 -3586.9245036055708624 8264.364668696976878 15523
72000000 309.11080504801572033 12898.686918915773276 4156.4311685161637797 -376.96385161639966555 -3590.250281173987787 8123.6453013065511186 15522
73000000 315.42057106483957796 13161.983106087174747 4262.788335643265782 -389.86201240592293971 -3516.3286833936563198 8168.9790314428455531 15530
74000000 307.82755453165384552 12845.138979540060973 4406.657279431527968 -351.96996065084385918 -3450.5816922178782988 8209.2089323002492165 15504
75000000 310.82138407442062089 12970.066576149796674 4385.674586819639444 -344.18444436106858575 -3439.7778190270319101 8169.6368502077402809 15505
76000000 311.1087234840047131 12982.056778443487929 4206.3812659010054631 -351.04796424545594391 -3543.7804049113651672 8101.2096350578267447 15520
77000000 312.28117941894026899 13030.981441651585556 4348.7591483320547923 -329.8997390173203712 -3459.8875959638444328 8138.5464833132182321 15500
78000000 309.15282816950661982 12900.440474853045089 4370.0196630887803622 -357.41098970502031307 -3408.2429000071979317 8135.6735528009976406 15507
79000000 310.11328599087210023 12940.518804482100677 4348.8422531980177155 -325.62267341658935038 -3538.2763967784940178 8212.7413233931001741 15522
80000000 307.37021282289714463 12826.054860124375409 4321.8422089800906178 -324.43678899484893918 -3478.537883931471697 8124.8168819064121635 15511
81000000 312.74259551932101431 13050.235578747291584 4441.7727825163110538 -325.50380956587571291 -3465.5630075909721199 8232.8395996731596824 15504
82000000 309.44405861155865978 12912.593043549901267 4343.7551197689826949 -378.30557409803452629 -3528.7276007334503447 8250.7882946004665428 15517
83000000 308.90781666068994582 12890.2165464359623 4294.9408938913293241 -344.47315500264744514 -3534.8810564685809368 8174.2951053625583882 15514
84000000 310.32388870149293325 12949.306910184684966 4354.9507289946905075 -355.46354879667637761 -3534.9007665122198887 8245.3150443035847275 15520
85000000 310.75892290573705168 12967.46017402382131 4321.5437194910082326 -320.43342572301867222 -3503.2159269303642759 8145.1930721443914081 15525
86000000 306.91231765163917089 12806.947645626252779 4535.9094503195610741 -322.26372575272716858 -3433.9571980782466198 8292.1303741505362268 15509
87000000 310.59813487411605593 12960.750753174344936 4309.5632873121612647 -320.31842079526211364 -3515.9765242321827827 8145.85823233960582 15529
88000000 311.57124862321472847 13001.357193910593196 4231.5213763719166309 -388.03364336533132928 -3595.8791291020988865 8215.4341488393474719 15517
89000000 310.11172151600067082 12940.453521511626604 4352.9695499940125956 -354.74189420924255955 -3488.6565211196639211 8196.3679653229191899 15517
90000000 311.66300085519588947 13005.185864067409057 4331.5005715936795241 -339.6185142967578372 -3454.1651148636697144 8125.2842007541075873 15535
91000000 309.29613288664603488 12906.420345663766057 4225.8945123470748513 -342.77694678915196391 -3528.9417865881200669 8097.6132457243475073 15524
92000000 306.73196404856116715 12799.421785569564236 4384.0265389949527162 -365.91121552804042949 -3465.9456544033578211 8215.8834089263509668 15518
93000000 312.48390353167349076 13039.440786386088803 4249.3743917995834636 -375.19659269315229722 -3458.6900335766331409 8083.2610180693700386 15514
94000000 311.48527960342732968 12997.769847713518175 4120.8813057836305234 -364.99691567106231105 -3562.7494816515927596 8048.6277031062836613 15517
95000000 313.41455631037047169 13078.275400468139196 4252.1215196959565219 -369.83557460574934339 -3525.0538761555699239 8147.0109704572760165 15506
96000000 313.94918580274952546 13100.584612333912446 4484.829780765247051 -338.2197296596234537 -3495.0424701909951182 8318.0919806158672145 15514
97000000 313.23600398512076026 13070.824704780930915 4239.4332591472266358 -369.92462023410740812 -3579.2718126125755589 8188.6296919939086365 15524
98000000 309.45845310623087698 12913.193702204016517 4251.6639037081677088 -368.38209903270330869 -3584.6036762963735782 8204.6496790372439136 15522
99000000 313.11596570375604642 13065.815704175573046 4346.9513053793189101 -377.80959279661777828 -3421.6798013894754149 8146.4406995654117054 15504
100000000 311.38788663157851033 12993.705798733457414 4116.9272067522761063 -377.38989890404133121 -3614.1935597927158597 8108.510665449033695 15515
101000000 308.56992406299599452 12876.116842515239114 4194.858134859789061 -341.33683932908479619 -3627.3584733762381802 8163.5534475651111279 15526
102000000 310.56028138083718204 12959.171188983711545 4460.2329436852069193 -366.34832591879006713 -3426.3305133573808234 8252.9117829613787762 15501
103000000 309.78425124064267493 12926.788724008227291 4335.7132206141686765 -358.87626177332782618 -3556.1551182570001401 8250.7446006444988598 15531
104000000 306.95231529335416099 12808.61668161448506 4250.4945525773109694 -361.19483826488686873 -3535.2561592931006089 8146.9455501352967985 15532
105000000 310.14189963338878897 12941.712804854798378 4255.7803150790768996 -363.95851075183855983 -3552.8660730472147407 8172.6048988781312801 15532
106000000 313.72350523486301199 13091.167332376975537 4306.4727228223991915 -343.7455989970403607 -3609.0452820854188758 8259.2636039048593375 15525
107000000 308.31645607866215641 12865.540039244377112 4360.0222021597319326 -370.77891016628694842 -3412.4259102416085625 8143.2270225676275004 15498
108000000 309.64098222811469441 12920.810343092382027 4510.2017497705537608 -362.14684069684415135 -3350.8088478703102737 8223.1574383377082995 15511
109000000 307.71596524633747549 12840.482541682516967 4396.6727936440402118 -331.05935047319081832 -3379.5533349030738464 8107.2854790203055018 15500
110000000 308.87555167841469483 12888.870181643738761 4304.863321762322812 -396.29598172543808232 -3476.5312860489211744 8177.6905895366817276 15517
111000000 309.67749160040079914 12922.333819318491805 4168.2278937335750015 -370.85543247195073491 -3557.3597006005938965 8096.4430268061205425 15522
112000000 310.39040305100803607 12952.082444899097027 4216.3525852418861177 -353.51321385591552371 -3574.2817577579235149 8144.14755685572527 15520
113000000 309.83674136850959258 12928.979050954527338 4151.431046309674457 -373.34971942123331701 -3641.9062524212558856 8166.6870181521635459 15529
114000000 309.62420490638561432 12920.110252973281604 4128.5530490762648697 -374.60093564196881744 -3540.8338838857125666 8043.9878686039473905 15515
115000000 309.52324362243456335 12915.897304181620711 4177.6785560960124712 -332.3685196013195764 -3628.2263732135247665 8138.2734489108570415 15523
116000000 310.33237757124550171 12949.661136796779829 4372.2547735238631503 -319.05568467598607185 -3431.2320518237575016 8122.5425100236070648 15517
117000000 306.79891449632032163 12802.215517948452543 4455.3776638587660273 -331.91922329598480701 -3463.7760210678234216 8251.0729082225734601 15529
118000000 307.44060429368551013 12828.992180750616171 4320.7109982254760325 -318.83655502245869684 -3416.7030081521452303 8056.250561400080187 15501
119000000 308.80134550173551133 12885.773679597212322 4133.2516119886631714 -379.7799085232663856 -3601.4422864667139947 8114.4738069786435517 15529
120000000 309.80203479422414148 12927.530802532197413 4170.6373974106099922 -371.72582963590917871 -3534.2941387043074428 8076.6573657508261022 15530
121000000 310.50879882551089395 12957.022906387002877 4222.0298536922418862 -371.16068008060807415 -3587.2508044609626268 8180.4413382338116207 15542
122000000 313.9184963890957647 13099.303993436156816 4280.5404359535423282 -363.49712514671239205 -3600.0047218558161148 8244.0422829560702667 15534
123000000 310.24974190929981432 12946.212886155366505 4255.8171020928512007 -360.04584992808548805 -3501.521031262118413 8117.3839832830544765 15522
124000000 306.59401777346840845 12793.665513757016015 4377.283713054146574 -397.90510549532422147 -3415.3948000790360311 8190.5836186285077929 15494
125000000 314.07691921168293447 13105.914717991856378 4224.0702035829199303 -365.2023987967645553 -3626.967320212987488 8216.2399225926728832 15528
126000000 309.19531340571853661 12902.213314079705015 4216.9135467728165168 -356.46806112306967407 -3563.4324419079921427 8136.8140498038783335 15535
127000000 312.27418379314030972 13030.689525660549407 4123.393095881939189 -326.66738728787493073 -3638.5256245990681236 8088.5861077688814476 15532
128000000 307.9732811870204614 12851.219913860757515 4113.6130334523077181 -354.35498529047004013 -3641.0589381103645792 8109.0269568531412006 15538
129000000 313.29744647197071572 13073.388598984740383 4206.6277738191602111 -362.96369399664638422 -3483.0988144105326683 8052.6902822263382404 15511
130000000 310.95405219999048541 12975.602599439500409 4468.554370973182813 -381.38851010775374561 -3479.2199579929329047 8329.1628390738696908 15513
131000000 307.43037828189392258 12828.565466050336909 4218.0854482658069173 -368.25735795364670366 -3505.6098703331613251 8091.9526765526143208 15521
132000000 311.32807639562844315 12991.21001568263091 4243.893015016503341 -361.25811369663750838 -3552.5130774228418886 8157.6642061359825675 15525
133000000 310.14421816342377269 12941.809553310515184 4339.3069728876016597 -335.72565530946707213 -3489.0814413677085213 8164.11406956477731 15507
134000000 309.46729255908167033 12913.562558073805121 4148.9413692078560416 -327.37676107042375406 -3620.8118182359366983 8097.1299485142162666 15531
135000000 309.3860295445842894 12910.171585759117079 4253.0713596886871528 -374.02894426950808793 -3548.2066389279566465 8175.3069428861526831 15511
136000000 309.28857605562973276 12906.105011499488683 4343.1669384354654539 -372.02824465093726758 -3556.638124783688454 8271.8333078700907208 15521
137000000 308.74912374846587682 12883.594551482692623 4280.850993709262184 -366.47735627274448689 -3450.5444035507507579 8097.8727535327579972 15514
138000000 309.46839428071382372 12913.608531110570766 4375.5307676195279782 -337.80755735314437516 -3474.5446563086634342 8187.8829812813346507 15521
139000000 305.36688209953024398 12742.459154721127561 4376.9312832372788762 -332.31695053257988093 -3374.3055291192813456 8083.5537628891397617 15497
140000000 309.34716246238218673 12908.549726165114407 4314.2324510292728519 -359.72413368274828827 -3525.3562835340753736 8199.3128682460956043 15526
141000000 311.330928064212344 12991.32901113558728 4161.7603887898940229 -389.71756289846780419 -3606.32003610621814 8157.7979877945808767 15535
142000000 312.76238579354492231 13051.061394432426823 4315.0185388870586394 -396.13203420331149118 -3528.7793268258360513 8239.9298999162056134 15549
143000000 309.8509203645532466 12929.57071720431486 4083.0056100435226654 -375.29112555161884757 -3612.8655271458978859 8071.1622627410397399 15522
144000000 307.89103657744408338 12847.787981193345331 4347.0397537025000929 -368.57822149593641825 -3537.1180454731393183 8252.7360206715766253 15519
145000000 309.38715025504609457 12910.218351168599838 4139.3031908785360429 -353.7301238683290876 -3631.1523389320705064 8124.1856536789346137 15515
146000000 308.3194602282546839 12865.665397479737294 4424.8145999405005568 -353.81434970521871719 -3404.9740114266369346 8183.6029610723562655 15512
147000000 310.00387386534760026 12935.953215931889645 4212.7045195156597401 -373.30777928369298024 -3588.1117166865487889 8174.1240154859015092 15532
148000000 307.92720296133126112 12849.297145076108791 4401.809266185307024 -369.20316424765297825 -3410.2530716588325959 8181.2655020917918591 15502
149000000 309.85549556885064248 12929.761632975807515 4265.292561242676129 -344.63354775919310669 -3511.5018988034039467 8121.4280078052725003 15524
150000000 306.5001895757100101 12789.750216953128984 4348.9143354232628553 -369.45378242479830533 -3474.1056435018613229 8192.4737613499237341 15511
151000000 306.37988455677299271 12784.730085826357026 4360.6567259283347084 -372.9492760269589553 -3540.2418727191197831 8273.8478746744112868 15520
152000000 310.81516379161121222 12969.80701395010874 4182.5775739838445588 -388.57532348336548012 -3621.9075771212174004 8193.0604745884284057 15540
153000000 307.69975318201124992 12839.806038827753582 4357.2755227834295511 -364.37812728363849146 -3421.9041813833609922 8143.5578314504282389 15531
154000000 312.55140789777124155 13042.257632868759174 4216.3784516207451816 -378.59840312288451969 -3520.5884780956839677 8115.5653328393127595 15522
155000000 310.37058676413516878 12951.255543748784476 4443.2050663626214373 -368.18112856730562044 -3430.9098194198963938 8242.2960143498239631 15511
156000000 308.41886663827301618 12869.813463932348895 4135.5267093769380153 -375.99003284392557589 -3665.4897140218513414 8177.0064562427151031 15541
157000000 310.95702512008227814 12975.726654519015938 4359.9420354124931691 -346.46890748948931105 -3461.3377714387561355 8167.748714340738843 15510
158000000 310.72579609824310864 12966.077846678710557 4233.258405431826759 -360.80918469620291944 -3585.8526007915816081 8179.9201909196117413 15530
159000000 310.63876883085805503 12962.446341545026371 4148.1865127339633545 -372.17978114200161599 -3538.8380652755859046 8059.2043591515521257 15517
160000000 310.32012892558122985 12949.150020902336109 4030.9681590227714878 -377.95654849295442546 -3685.2306414310760374 8094.1553489468024054 15543
161000000 309.31014196875713651 12907.00492168382516 4371.0209085652331851 -368.59611021723696922 -3445.3898880744809503 8185.0069068569509909 15517
162000000 306.40615265446587046 12785.826210460510993 4336.3092316192978615 -343.92145933796007284 -3417.6816136814013589 8097.9123046386584974 15508
163000000 311.84199014662175387 13012.654793636473187 4269.1409209785033454 -373.7614405604122112 -3495.1754488117135224 8138.077810350629079 15526
164000000 308.71068975748630692 12881.990764075089828 4301.0671505033042195 -310.56209701516320365 -3552.2857942165655913 8163.9150417350329008 15524
165000000 311.61977863841082126 13003.382271850159668 4317.6198434482948869 -373.2555050422788554 -3464.9699099773242779 8155.8452584678980202 15516
166000000 308.45074630556138118 12871.143750162131255 4194.9920960138233568 -361.75827533293897886 -3613.8653568085101142 8170.6157281552714267 15531
167000000 307.51460767976550414 12832.080220678037222 4170.2101707226775034 -383.52412816712478616 -3609.3511232058581299 8163.0854220956607605 15537
168000000 312.01548593170855384 13019.894488195965096 4175.0879999771268558 -336.28024353495294463 -3608.5001620117441234 8119.8684055238245492 15542
169000000 314.84874466597733544 13138.121728320877082 4320.5424461912789411 -412.48539178524600857 -3427.4169906966212693 8160.4448286731458211 15508
170000000 311.31868543229364832 12990.818146184883517 4303.6832460736004577 -340.49997342280249768 -3417.1984948816166252 8061.3817143780197512 15507
171000000 309.28187892420419303 12905.825551189134785 4462.2891803051124953 -363.17131767080093141 -3467.35385290166505 8292.8143508775792725 15519
172000000 307.05669210318905016 12812.97215469944058 4156.1577234922979187 -358.08714152199240743 -3575.2177990899022006 8089.4626641041922994 15517
173000000 308.44057944503339286 12870.719503747068302 4177.4169439663719459 -376.54044930592323226 -3668.4367424294096054 8222.3941357017047267 15528
174000000 310.86154850153360485 12971.742571819140721 4323.5797827326387051 -357.07350747807868174 -3505.1862838787883447 8185.8395740895057315 15504
175000000 313.55539361487063843 13084.152310196252074 4288.7486226295950473 -359.26327551405614713 -3544.3517123134911344 8192.3636104571414762 15525
176000000 310.64875635162792378 12962.863104406120328 4285.4945453561795148 -361.67311945862638822 -3541.3662765542089801 8188.5339413690144283 15528
177000000 306.78062145197907284 12801.452179210697068 4364.7036812001724684 -350.72704818909096502 -3434.7418160443726265 8150.1725454336356051 15529
178000000 305.53331965881204724 12749.404321094043553 4275.4367756850388105 -322.13965176513943334 -3524.42111566497897 8121.997543115156077 15533
179000000 309.21472913530226378 12903.023500631299612 4185.4720048460312682 -366.13244215522109926 -3555.1211506466788705 8106.7255976479318633 15518
180000000 314.23431368862094359 13112.482531370216748 4215.3327403402563505 -365.09889601506904455 -3520.5417570735517074 8100.9733934288769888 15531
181000000 309.98569189984323202 12935.194512331816441 4093.5759486627680417 -382.52100024179986804 -3703.3080746862387969 8179.4050235908071045 15532
182000000 311.31172107697358342 12990.527535059685761 4186.3388188433664254 -344.31655541468461479 -3617.2815245436008809 8147.9368988016531148 15539
183000000 309.98538275027277678 12935.181612027281517 4401.3055601694677534 -359.94139018422208665 -3534.8192108755238223 8296.0661612292133213 15501
184000000 305.6876151716889467 12755.842819784775202 4323.0361294346876093 -358.12976362264794261 -3546.7470742749578676 8227.9129673322931922 15522
185000000 307.28940975945721448 12822.683080812943444 4134.9405024291454538 -370.04666589621490402 -3583.2259344015938041 8088.2131027269542756 15529
186000000 309.36655800801207761 12909.359070473421525 4301.4579956615771152 -359.94133348484547241 -3602.3477464245479496 8263.747075570972811 15526
187000000 310.33572456477753576 12949.800801347433662 4228.6071547067058418 -370.28578780622956401 -3591.045511516010265 8189.9384540289465804 15543
188000000 310.04783528239505586 12937.787653763718481 4256.4276487732240639 -328.51429971125361362 -3571.9927113078992988 8156.9346597923758964 15533
189000000 312.91313449680598069 13057.351890575047946 4129.1234333689444611 -359.79215579574599815 -3561.7308307976309152 8050.6464199623214881 15526
190000000 312.39709601348425849 13035.818451025936156 4376.9955382100106362 -373.23834126345025197 -3450.2896184724104387 8200.5234979458709859 15501
191000000 305.86664341402308764 12763.313374711360666 4124.1050972414641365 -369.62083514695814301 -3675.2822652401928281 8169.0081976286155623 15541
192000000 308.47897668016196349 12872.321757393292501 4088.8230173571141677 -377.16520107634613623 -3675.4404572158418887 8141.4286756493038411 15538
193000000 310.15973419229482033 12942.45701174730857 4318.6609339582364555 -369.70734676553570353 -3538.6826087870713309 8227.0508895108450815 15536
194000000 311.11468103195943513 12982.305377148604748 4312.7871661995213799 -370.26118237524622145 -3555.0190021065454857 8238.067350681312746 15531
195000000 309.79308827044758345 12927.157478768283909 4164.8324373283994646 -366.26730562963984994 -3519.7816657377879892 8050.8814086958282132 15526
196000000 313.55441481609364018 13084.111466528625897 4195.4382122094712031 -386.44194098625865763 -3551.0942883645316215 8132.9744415602599474 15530
197000000 312.40502789451358012 13036.149435412131425 4155.4774806980949506 -376.05530396550096839 -3643.6679186679361919 8175.2007033315312583 15524
198000000 312.26773487963322395 13030.420423076828229 4120.1849288551711652 -350.82593189830760139 -3549.0432197246132091 8020.0540804780912367 15528
199000000 314.06218737766056393 13105.299982719932814 4072.8641675310723258 -382.2032691182517965 -3694.5653580991092895 8149.6327947484342076 15545
200000000 311.38561031137152213 12993.610811624635971 4036.4136871622586114 -368.74465886765767664 -3600.1644266258804237 8005.3227726557961432 15542
201000000 312.09465467209543021 13023.198069886862868 4088.8889518006453727 -415.84468574288541731 -3650.1211309423310922 8154.8547684858622233 15556
202000000 309.43819900197559036 12912.348531652403835 4255.8406187226937618 -408.59376434319972304 -3565.4651678169520892 8229.8995508828447782 15533
203000000 310.63372738906480208 12962.235970447514774 4182.4613904756606644 -379.07552399036893576 -3602.1641878824320884 8163.7011023484619727 15539
204000000 310.93181181592331086 12974.674544689056347 4245.3023923695809572 -382.27659249590817581 -3515.4467506933160621 8143.0257355588055361 15537
205000000 309.68390502817516108 12922.601441140788666 4423.0596584246213752 -388.26168548424004712 -3438.5089098146954711 8249.8302537235576892 15534
206000000 307.60346720005003363 12835.78818272011813 4236.8111858011288859 -344.09544946633428708 -3550.377867262928703 8131.2845025303922739 15540
207000000 307.66832349264490176 12838.494529438645259 4192.7499233893222481 -404.64310136758172121 -3531.7637565926615935 8129.1567813495657902 15532
208000000 309.84563659717980499 12929.350234257781267 4183.3595937330110246 -385.43349958258806964 -3498.8543422760194517 8067.647435591618887 15518
209000000 308.86541583781774989 12888.447229639521538 4228.5267708153933199 -383.8257929235537631 -3535.4246445714047695 8147.7772083103518526 15517
210000000 311.80128659928732304 13010.956301364505634 4368.3984719619847965 -378.21268401463601094 -3489.6458749319631352 8236.2570309085822373 15522
211000000 312.39427594270568989 13035.700774097571411 4110.8209041386135141 -376.19965810266523931 -3465.0439599469737004 7952.0645221882532496 15500
212000000 308.58476210453841304 12876.736009652782741 4220.8578170670461986 -386.70014137895287831 -3599.1811548695177407 8206.7391133155160787 15530
213000000 311.58736920430845885 13002.029879320107284 4203.1388281168110552 -328.11317393755132343 -3557.4297844238299149 8088.6817864781914977 15529
214000000 307.72893411720502854 12841.023711393443591 4167.9719743870218736 -387.54607921928908354 -3637.1630492826543559 8192.681102888966052 15526
215000000 307.17437983875919372 12817.883070883945038 4145.6723358086755979 -380.41645959293225587 -3601.1065055835842941 8127.1953009851931711 15542
216000000 308.5827491043394275 12876.652010456022253 4470.665569621852228 -376.94777153341175335 -3382.5132893692702964 8230.1266305245335388 15513
217000000 312.42685840029071187 13037.060386613778974 4310.3585694727862574 -353.88595928470704166 -3477.6735967352087755 8141.9181254927034388 15518
218000000 311.92513148997295502 13016.124145533567571 4177.8186021221135888 -385.90013759968792328 -3513.8303968450982211 8077.5491365668995059 15546
219000000 309.94139055582621722 12933.345889905065633 4044.7076312243216307 -372.47744545253056003 -3551.9316601399414139 7969.116736816793491 15525
220000000 310.07097582496760424 12938.753270652234278 4145.6832446209537011 -341.19243202665376202 -3600.0228576820309172 8086.8985343296380961 15546
221000000 310.50552178616055699 12956.886160909618411 4296.8631905138527145 -331.30357112531737585 -3529.2946947967316191 8157.461456435902619 15527
222000000 309.77006206080005768 12926.196632805211266 4119.8691313291865299 -375.48955182895639382 -3603.0315229449015533 8098.3902061030439654 15529
223000000 310.2579731405091934 12946.556361933608059 4154.3140967754734447 -334.70281610111271675 -3524.5374775619261527 8013.5543904385122005 15518
224000000 306.62707350731631095 12795.044875315448735 4153.2863173766190812 -371.3376007833071526 -3615.2740251364643882 8139.8979432963915315 15530
225000000 308.84075079091547877 12887.417997685681257 4316.8474346169932687 -353.34493084879972002 -3465.2097269597115883 8135.4020924255037244 15517
226000000 308.69099932517394791 12881.169114629170508 4242.714833283360349 -369.68003308112361083 -3561.9701369956555936 8174.3650033601406903 15540
227000000 308.04096755549812769 12854.044355004236422 4126.1187666996820553 -365.60637950235980043 -3511.4593007958810631 8003.1844469979223504 15521
228000000 313.85580300546286026 13096.687901361205149 4147.5032641237285134 -360.65001050078433309 -3685.1618787414254257 8193.3151533659402048 15553
229000000 310.78378188619120692 12968.497498506711054 4173.6535406927123404 -364.64961362839937919 -3534.0766476492344736 8072.3798019703453974 15523
230000000 311.03840724644970805 12979.122597176685304 4240.0757455185757863 -368.25034569006527363 -3484.565877961363185 8092.8919691700057228 15521
231000000 312.03613930335370696 13020.756319520914985 4233.9561446699317457 -384.03213617890332898 -3571.1714526367404687 8189.1597334855759982 15540
232000000 309.86255259668695317 12930.056111173113095 3883.8291522434033141 -370.76727796841953477 -3790.8259198215282595 8045.4223500333519041 15560
233000000 312.69888151169260482 13048.411464904740569 4108.7039433767040464 -395.35579349105557867 -3670.5383496977992763 8174.5980865655583329 15534
234000000 309.90503612445274939 12931.828879109119953 3999.7285329255455508 -351.42814503694745554 -3694.4040795407436235 8045.5607575032363457 15550
235000000 310.9982136876739105 12977.445385890830948 4250.5840729864676177 -370.63059519551461563 -3503.4160432137450698 8124.6307113957282127 15513
236000000 306.94739795446662356 12808.411489127685854 4112.8021333058986784 -390.86159147146111081 -3643.5416676581394313 8147.205392435500471 15533
237000000 311.3627685232395379 12992.657661268935044 4302.2286239830027625 -389.94979689646260113 -3463.3372613709616417 8155.5156822504286538 15519
238000000 309.98577496327538938 12935.19797843260676 4249.7777598728371231 -344.42278130948614034 -3599.3198839731176122 8193.5204251554405346 15518
239000000 312.18712613313692827 13027.056752292752208 4034.818180034944362 -406.60389811917542602 -3530.0244934411039139 7971.4465715952237588 15540
240000000 310.46158441861553001 12955.052726624082425 4312.1480172698848037 -334.00400992525487709 -3539.4183037624179633 8185.5703309575583262 15517
241000000 309.51286783161430094 12915.464339448129977 4280.1945967716392261 -359.57075691782802096 -3507.085677179367849 8146.8510308688346413 15533
242000000 311.19635546565609729 12985.7135173117058 4125.3956581168822595 -393.24688950767779261 -3667.6388145250821253 8186.2813621496425185 15554
243000000 310.84206358661384684 12970.929498276944287 4231.2240546623106638 -369.86732354138780465 -3497.8507696570104599 8098.9421478607091558 15516
244000000 304.38058972714441097 12701.302791649499341 4302.6650592770502044 -327.55166255895863969 -3558.2730779773210088 8188.4897998133292276 15548
245000000 309.51355504327068502 12915.493015663447295 4348.79295826438738 -385.95628273908312167 -3495.6848857378463435 8230.4341267413183232 15521
246000000 310.08181851284342656 12939.205718234090455 4500.0324877540842863 -354.95662522544182593 -3380.8644015716236026 8235.8535145511486917 15504
247000000 311.45200060702120481 12996.381169774705995 4197.1933143670794379 -343.23288255805528024 -3568.4327505693945568 8108.858947494529275 15542
248000000 312.56449637358616656 13042.803793497974766 4265.9775954376191294 -399.93058407484448935 -3541.0900106112062531 8206.9981901236678823 15520
249000000 311.25371543890781822 12988.107054918831636 4236.086975561401232 -371.97021690081498946 -3551.8991198665698903 8159.9563123287862254 15514
250000000 310.54225449886075694 12958.418956764906397 4192.14175343379884 -377.16426615243608467 -3542.1527613254538664 8111.4587809116883363 15526
251000000 303.47346237470026153 12663.449855020691757 4314.9145411274075741 -393.24487744248870058 -3475.0577429009163097 8183.2171614708122434 15525
252000000 305.87444997039489181 12763.639129505143501 4201.0663695250896126 -354.32655556550059828 -3492.624219301791527 8048.017144392380942 15516
253000000 309.67910633085978134 12922.401199372210613 4252.6094072664709529 -369.84898808394757452 -3496.9372245288050181 8119.3956198792238865 15525
254000000 313.62334562071032451 13086.98783595117493 3965.6149134886077263 -346.78537495272973956 -3708.5767272047596634 8020.9770156460963335 15547
255000000 310.66518573438349904 12963.548675602514777 4091.9327226902532857 -387.85574160522946841 -3611.7273515551373748 8091.5158158506201289 15543
256000000 312.38150708440701919 13035.167950583101629 4138.9212655843803077 -396.42865211111006829 -3503.0638192317242101 8038.4137369272148135 15513
257000000 312.01851375769382457 13020.020834408362134 4325.49875233077546 -378.62570058374421933 -3447.4057257219665189 8151.5301786364861982 15515
258000000 308.91145278046309386 12890.368275750459361 4337.7939281596172805 -369.74444403372359602 -3565.9502009082061704 8273.4885731015474448 15521
259000000 310.63141145711011859 12962.139330405429064 4288.3058015633705509 -383.61932736120695608 -3488.9972328336948522 8160.9223617582701991 15533
260000000 308.943852842485569 12891.720277198990516 4189.8084686244192199 -413.52313622520671288 -3605.1132113189523807 8208.444816168577745 15528
261000000 313.04379583308673318 13062.804173839072973 4300.9270567691301039 -367.53596367499869757 -3514.99892975360126 8183.4619501977304026 15530
262000000 312.61014511738272859 13044.708640707642189 4258.4271650373102602 -367.81839618109995627 -3521.7541390101418983 8147.9997002285526833 15522
263000000 310.69117859341241683 12964.633314978642375 4352.2028082879241992 -346.44030242450827473 -3513.3723440135863711 8212.0154547260190157 15518
264000000 307.93841294473526204 12849.764919297949746 4318.2850304439925821 -369.68127706221048356 -3533.7294076943253458 8221.6957152005270473 15527
265000000 307.34213459314463535 12824.883201648190152 4179.13271972873099 -357.82475919979208356 -3534.6115077787981136 8071.5689867073215282 15541
266000000 310.20702154532710892 12944.43023543288291 4231.4187811065803544 -372.92950231961441432 -3603.1061143318493123 8207.45439775804698 15535
267000000 312.32969687343398846 13033.005995453644573 4126.0214736938942224 -373.37538680882090603 -3608.799976626471107 8108.1968371291859512 15534
268000000 311.85769128067090605 13013.30997620875678 4296.4563900808534527 -366.64853433583471087 -3476.9312928967146945 8140.0362173134035402 15532
269000000 309.99993194553917419 12935.788726083466827 4041.7119226415370576 -391.36698220632206358 -3676.9995084987813243 8110.0784133466404455 15536
270000000 313.93882519162758626 13100.152281024336844 4082.4736502296982508 -385.17927319888406146 -3653.8795220655397316 8121.5324454941219301 15545
271000000 311.36993320053892376 12992.956631501778247 4229.7937445947827655 -378.06782085120846659 -3547.753700220680912 8155.615265666671803 15527
272000000 311.63874753876496015 13004.173812950853971 3908.39340968935403 -367.57407076674849122 -3726.7678165538754911 8002.7352970099782397 15547
273000000 310.61286861377982405 12961.365567965558512 4196.3668705368509109 -398.412906839792754 -3531.2771973153112413 8126.0569746919545651 15519
274000000 305.51243416469264957 12748.532803678950586 4421.907491932508492 -405.034904470516949 -3439.9843534898782309 8266.9267498929038993 15516
275000000 304.62926224692847654 12711.679488049789143 4082.9358249944871204 -404.46968281239230691 -3629.7815811347782073 8117.1870889416586579 15550
276000000 310.384090940544354 12951.819050882004376 3993.6605895317493378 -370.38740309532170158 -3741.9955048861124851 8106.043497513182956 15551
277000000 313.23753594579170567 13070.888630987145007 4158.8621613243467436 -382.32564104505343039 -3581.8735162648495134 8123.0613186342488916 15521
278000000 308.93231058366831121 12891.23863766912109 4299.7483266507606459 -359.98264018672830389 -3457.0769986604036603 8116.8079654978937469 15509
279000000 308.3132918384022787 12865.408000688034008 4260.4726865219699903 -366.88806938713241834 -3513.3188724120736879 8140.679628321177006 15528
280000000 309.84016844520039058 12929.122057244050666 4186.4956718310995711 -347.116905364417903 -3580.130330238453098 8113.7429074339706858 15525
281000000 311.56038804359087635 13000.903999735435718 4388.1589927873465058 -358.05991992001594326 -3399.2022615457258325 8145.4211742530887932 15505
282000000 310.83221441368209526 12970.518508444229155 4201.7020117023421335 -377.63087910072380282 -3578.9159462564307432 8158.248837059498328 15518
283000000 313.53662734821853064 13083.369224667601884 4228.1614804764039945 -349.08844602175213367 -3501.061864999836871 8078.3117914979920897 15516
284000000 309.70067072885137804 12923.301046332413534 4436.6816188485408929 -359.85217194684651076 -3441.3274281078975037 8237.86121890328468 15521
285000000 309.19020733377487886 12902.000246072015216 4343.9207910169052411 -383.77688589421046572 -3520.8167084886404155 8248.5143853997560655 15523
286000000 308.49635925901168321 12873.047103899347348 4225.1618253848155291 -382.13225064087043847 -3623.4419234521128601 8230.7359994777980319 15525
287000000 310.53832392153356068 12958.254940219621858 4096.0706566677554292 -383.78115576115749263 -3614.0365325444763585 8093.888344973389394 15536
288000000 311.93054019817992639 13016.349842056166381 4140.3305613052216358 -373.79876310149171559 -3627.0469827498368431 8141.1763071565492282 15549
289000000 312.41572405398528645 13036.59576860400739 4250.0660088671866106 -352.29675307994415334 -3620.4561287557617106 8222.8188907028925314 15536
290000000 318.11150580034342283 13274.271399170647783 4309.5598004960756953 -368.67303771872127527 -3526.1813005187186718 8204.4141387335148465 15529
291000000 307.81383436559326583 12844.566459512934671 4224.9219027394292425 -371.46686754437780564 -3550.1844701655281824 8146.5732404493337526 15533
292000000 308.75745960598447937 12883.942393145220194 4210.3831705147185858 -349.57167805051403775 -3594.3974096908477804 8154.3522582560799492 15533
293000000 303.399458247453083 12660.361784165581412 4224.2674153570969793 -367.97904188184452323 -3607.3079410290042688 8199.5543982679464534 15534
294000000 311.38412247326851912 12993.548726580816947 4279.812578734863564 -353.31958750612420772 -3538.9671045408258578 8172.0992707818149938 15527
295000000 312.41350586009247081 13036.503207010940969 4283.441788493484637 -364.22073403829779181 -3603.9606018651174963 8251.6231243968995841 15537
296000000 309.26072779634955623 12904.942949313937788 4244.014282555286627 -412.72111427855497823 -3586.2625930797803449 8242.9979899136196764 15525
297000000 309.75541783567291532 12925.585553308796079 4142.1748894372822178 -375.61184670578001032 -3645.0499213946868622 8162.8366575377494883 15529
298000000 305.69636315559375817 12756.207858805466458 4412.0235501726983784 -374.7173895840807063 -3457.180759308159395 8243.9216990649383661 15527
299000000 309.49769541199310652 12914.831219261775914 4114.2637894213457912 -394.4118931890268982 -3573.3175909988885905 8081.9932736092614505 15525
300000000 306.80746904509902606 12802.572485238586523 4238.1326345449360815 -360.42116638115930982 -3595.6608495962664165 8194.2146505223608983 15531
301000000 307.70754159909336067 12840.131036698729076 4241.9865385951488861 -350.95480726286791651 -3521.115453978773985 8114.0567998367896507 15521
302000000 310.44306856009546891 12954.280090216085227 3976.4678794429582922 -378.85392979943736691 -3702.7359521202388351 8058.0577613626355742 15552
303000000 308.16249579769970524 12859.115529231617984 4314.5406121515452469 -381.97465672245914448 -3559.1359915510383871 8255.6512604250419827 15538
304000000 307.90373906962724959 12848.318035358664929 4350.9352017728306237 -371.20550721963121532 -3575.8421691905396074 8297.982878183000139 15544
305000000 311.25645155625852567 12988.221228608343154 4171.4448068887295449 -390.85622176318310039 -3561.5064347283487223 8123.8074633802607423 15541
306000000 308.66775497816274765 12880.199166151680402 4308.4388522094795917 -398.09540764990725847 -3468.0402091029368421 8174.5744689623243175 15510
307000000 314.54082631289526262 13125.272800466747867 4359.7191271430037887 -361.87443453331866294 -3461.344850451811908 8182.9384121281336775 15517
308000000 311.5131265871340247 12998.931856671481 4264.8473069011743064 -385.08576209411950231 -3532.9242992443805633 8182.8573682396745426 15525
309000000 311.19703860576510124 12985.742023628030438 4019.914874975143448 -349.48241820102214206 -3767.254104461568204 8136.6513976377336803 15555
310000000 312.47619922527781 13039.119298316107233 4264.4381002839927532 -363.09454055656976834 -3523.5879180662204817 8151.1205589067840265 15520
311000000 305.9284690990517106 12765.893259146676428 4291.9270899704206386 -359.27499057292379803 -3474.7887009024798317 8125.9907814458238136 15508
312000000 309.91743278069264989 12932.346171242130367 4285.8287317879330658 -353.51670075453370146 -3525.0328547037702265 8164.3782872462361411 15530
313000000 312.42701717451637933 13037.067012001809417 4325.0494564044856816 -364.9440079343820571 -3602.4517497346696473 8292.4452140735374996 15529
314000000 308.29037902473760369 12864.451886553342774 4348.5744515971964574 -368.07066656230625767 -3543.0598569628391488 8259.7049751223421481 15526
315000000 311.51116253423901981 12998.849899965434815 4298.6448307581013069 -356.3949770547432081 -3502.8325326386548113 8157.872340451497621 15515
316000000 308.80698863373237373 12886.009158240083707 4322.2914087108001695 -357.87906990601641155 -3371.7789098662160541 8051.9493884830326351 15516
317000000 308.17484641164406867 12859.630900095149627 4126.8553362603815913 -376.90258270223461068 -3586.9022987611433564 8090.6602177237591604 15532
318000000 308.44655203282320599 12870.968730039834554 4343.2368547973183013 -367.40719407653591588 -3533.2998853388403404 8243.9439342126952397 15511
319000000 310.0153845163256392 12936.433536518468827 4240.5887402915404891 -359.62090878462106502 -3491.6201473614473798 8091.8297964376097298 15525
320000000 311.46349677094843855 12996.860885840416813 4235.7854647131362071 -390.65902646109316265 -3578.5260572369606962 8204.9705484111891565 15532
321000000 309.46958767428202464 12913.65832946687442 4355.8528241714775504 -381.0658209757322652 -3473.6045617963218319 8210.523206943531477 15533
322000000 309.42527290020109376 12911.809146625584617 4164.7985036734662572 -341.96143110323407655 -3620.5323763567153037 8127.2923111334157511 15530
323000000 312.80883797793484291 13052.999767900324514 4283.164708781410809 -340.79916793875406711 -3468.8146048822109151 8092.7784816023759049 15522
324000000 311.39750254134111174 12994.107054876702023 4211.8690494061047502 -360.91133729167984256 -3550.9552095272979386 8123.7355962250812809 15524
325000000 310.72981207434361295 12966.245426774741645 4470.569868874084932 -352.76417517497498011 -3399.3366778536174024 8222.6707219026775419 15511
326000000 308.26075933851365107 12863.215905626762833 4336.9004184385403278 -379.67317325953416685 -3432.7776655616980861 8149.3512572597737744 15512
327000000 311.33568915712532998 12991.527683734129823 4364.2949250942201616 -374.07986812944659505 -3404.4677434406762586 8142.8425366643441521 15506
328000000 310.56633303726647455 12959.423714681122874 4329.0633345950109288 -366.81557329166275849 -3440.920930881062759 8136.7998387677371284 15513
329000000 306.65008799684551377 12796.005232217206867 4467.59244060040146 -408.71004483304920996 -3363.7004141378661188 8240.0028995713182667 15510
330000000 310.31093416566687893 12948.766338651528713 4033.8990192822798235 -380.13253023426909749 -3680.7328264640495945 8094.7643759805996524 15546
331000000 311.96817539756796123 13017.920297200760615 4168.5781719984861411 -429.44734525946768144 -3586.6474875711101049 8184.6730048290646664 15508
332000000 312.7168782443165469 13049.162439040515892 4178.2058774239694685 -391.8402836061586072 -3557.9833821627607904 8128.0295431928880134 15524
333000000 309.83891034304758705 12929.069558704641167 4261.4244248688664811 -378.74504262096962748 -3571.081478164199325 8211.2509456540356041 15528
334000000 308.2894558976325925 12864.413365973281543 4243.8946651606311207 -359.26689976491923062 -3501.7888128985450749 8104.9503778240959946 15518
335000000 308.12291814766007292 12857.464018807164393 4092.0639884717843415 -349.76351380416184611 -3752.7469919396244222 8194.5744942155706667 15533
336000000 308.70025548449854114 12881.555358976665957 4330.6783975752914557 -347.78071863783122808 -3522.5954035484346605 8201.054519761557458 15532
337000000 310.4590620630553417 12954.947472863495932 4094.0665808019007272 -333.5883009064577891 -3622.7647766158384002 8050.4196583241964618 15541
338000000 309.07874192657203594 12897.34897744497539 4205.665031376238403 -392.36482695048061942 -3534.0757557237843685 8132.1056140505033909 15518
339000000 312.33416711446784575 13033.19253128029959 4236.0155144557611493 -367.61318307534673977 -3608.1713327084544289 8211.800030239563057 15532
340000000 312.19375285439633672 13027.33327450235447 4365.4536280208230892 -339.58974427106647909 -3515.4233994402770804 8220.4667717321681266 15533
341000000 305.80335472586443757 12760.672441554912439 4250.7609409484357457 -344.55813734640162238 -3535.741330409555303 8131.0604087043930122 15533
342000000 309.93123237602560494 12932.922005722519316 4235.1651939510229568 -371.82506358051625739 -3547.1302081380672462 8154.1204656696054371 15533
343000000 307.71987043423121122 12840.645498768384641 4066.2397075796147874 -349.56580367087826744 -3666.2869932241837887 8082.0925044746782078 15550
344000000 306.62726687053969954 12795.052944045623008 4317.0036308769567768 -350.17525848314528503 -3497.1350340124772629 8164.3139233725796657 15520
345000000 313.09988315865649611 13065.144605945712101 4426.0302779767371248 -350.56085467720117776 -3427.1789084917772925 8203.7700411457153677 15508
346000000 307.11220864766096383 12815.288769047010646 4104.8197874138586485 -406.2892736731620289 -3675.1097806228835907 8186.2188417099041544 15530
347000000 309.1410826011701829 12899.950351550389314 4204.9275724191920744 -380.45593806470094478 -3508.0916359871525856 8093.4751464710461732 15540
348000000 310.61353860572893382 12961.393525630734075 4201.7645144491289102 -354.68308404837620174 -3603.8796847689623064 8160.3272832664679299 15533
349000000 306.3675353625869775 12784.214774207011942 3979.6951425580245996 -395.64226959144525608 -3696.8737725396058522 8072.2111846890757079 15536
350000000 308.09547151744754956 12856.31871594389122 4340.7845223874419389 -365.60184003504275552 -3479.6139746692188055 8186.000337091703841 15517
351000000 311.99309387953394435 13018.960104584148212 4060.0359021305648639 -387.70461041234574395 -3696.4362116534816778 8144.1767241963916604 15539
352000000 308.22272810834869006 12861.62892476738125 4254.5634285644373449 -377.83491434493004135 -3587.8801688665244001 8220.2785117758921842 15531
353000000 309.97024227131225871 12934.549824672310933 4187.0524441109891995 -362.82380005022923797 -3526.269130336193939 8076.1453744974123765 15525
354000000 308.78905407335196287 12885.26077845006148 4146.0292363507514892 -371.13862263878610293 -3580.5649016537754505 8097.732760643313668 15548
355000000 310.80476006227695507 12969.372883388250557 4089.0072331443248004 -395.22593619441317969 -3642.2841091323398359 8126.5172784710775886 15543
356000000 308.50804964925947615 12873.53492471086247 4105.961401666774691 -370.43816571385019643 -3603.0150434670240429 8079.4146108476488735 15527
357000000 309.10646755106978389 12898.505922282191023 4124.7860295315076655 -350.44094918749783574 -3695.8110469177181585 8171.0380256367252514 15534
358000000 309.88434788197645275 12930.965592681577618 4235.2709568418576964 -406.9855816684698766 -3492.3805879203787299 8134.6371264307072124 15517
359000000 312.74564976780624193 13050.363027527277154 4175.8347173985594054 -378.0607407572365446 -3612.8912246536242492 8166.7866828094192897 15529
360000000 308.97703795768495638 12893.105037629018625 4114.6201975460662652 -335.28460826755872404 -3780.6003250369249145 8230.5051308505499037 15560
361000000 312.53729103360046793 13041.6685592801241 4098.3671183053866116 -360.09858412232591718 -3705.9626083667544663 8164.4283107944665971 15553
362000000 311.19335827512622927 12985.588449466617021 4178.9849426935497831 -397.79474040560035064 -3549.3536228207499335 8126.133305919900522 15513
363000000 309.21107926891784246 12902.87119769326091 4267.7609525878815475 -354.67888111037359522 -3508.9593387943223206 8131.399172492577236 15536
364000000 309.28455077381602223 12905.937043091307714 4325.5898222053001518 -357.21077570421425662 -3426.7965936845084798 8109.5971915940244799 15522
365000000 312.72900072226354951 13049.668290163046549 4154.4478803722158773 -347.86131178187531532 -3555.2289536524554023 8057.5381458065467086 15513
366000000 308.59403753761216649 12877.123058262219274 4116.5520637591926061 -376.17262696123373189 -3537.1283878568274304 8029.8530785772545642 15534
367000000 311.05927949922181597 12979.993562052073685 4310.3094967920951603 -381.22253063972175369 -3416.2582969051227337 8107.790324336939193 15512
368000000 310.69242482754219736 12964.68531828491723 4084.2737580605607945 -412.36883614144238663 -3510.5403860274927865 8007.1829802294951151 15521
369000000 308.75547147060512998 12883.859431516601035 4077.3850082859135 -419.79168336056397948 -3619.050795275235032 8116.2274869217126252 15549
370000000 314.92213992048311866 13141.18439191510879 4270.2766888712922082 -405.31545279603187737 -3644.2975727190987527 8319.889714386423293 15556
371000000 313.92325811963263504 13099.502692641699468 4219.1517397710340447 -364.7352008585730232 -3552.1295684998358411 8136.0165091294438753 15532
372000000 310.76447745426122538 12967.691956223665329 4216.5501325109471509 -357.3645363562568491 -3607.7467051217167864 8181.6613739889207864 15535
373000000 312.29783118550562904 13031.676292559628564 4262.3942566831065051 -380.39961071587993047 -3592.0676974444568259 8234.8615648434424656 15538
374000000 306.55080708470421769 12791.862402585171367 4073.9662954216864819 -359.30686651634334794 -3612.6723908815388313 8045.9455528195685474 15537
375000000 311.98756505610521117 13018.729395850346918 4140.9355650754596354 -389.27478987265430987 -3490.7344268369370184 8020.9447817850505089 15527
376000000 308.83532455918117421 12887.191569935024745 4233.1850938566994955 -379.66810136511855944 -3507.9716441408918399 8120.8248393627100086 15523
377000000 311.7234621020971872 13007.708812737500921 4367.3884953227270671 -386.26838257437407265 -3530.9494972750449051 8284.606375172144908 15541
378000000 306.91360588824215938 12807.001401626846928 4138.3288980599591014 -347.38615025555083093 -3704.8229883011958918 8190.5380366167055399 15536
379000000 312.43813752693017705 13037.531046069434524 4221.6732530044437226 -391.3388325408962487 -3435.7851297234897174 8048.7972152688298593 15502
380000000 309.96636786998851676 12934.388152259514754 4298.3728560636482143 -402.09320575772392203 -3556.0079950893050409 8256.4740569106761541 15526
381000000 308.82695840460320369 12886.842464025901791 4201.7045329122302064 -357.19875372842079742 -3550.6458473942057026 8109.5491340348562517 15536
382000000 313.68467139702056556 13089.546860015578204 4144.3479523134164992 -395.61227451936707666 -3618.4411980555605624 8158.4014248883449909 15545
383000000 313.09944306263008684 13065.126241460337042 4313.621608017339895 -362.01349519135192168 -3458.0612547569580784 8133.6963579656494403 15521
384000000 310.47320659316841329 12955.537700906528698 4349.8423779038821522 -407.27461258543513622 -3512.0553931247623041 8269.1723836140790809 15523
385000000 307.14040180617860187 12816.465223312068701 4248.9996669696020035 -363.27699984429591495 -3460.22066164433636 8072.4973284582338238 15532
386000000 310.10665547232781591 12940.242123818026812 4204.0866805463483615 -376.89895788561761947 -3663.2022200382743904 8244.1878584702426451 15544
387000000 308.25441783957256803 12862.951285276707495 4384.8544942135686142 -353.98196621264787609 -3512.1412840486941604 8250.9777444749106508 15516
388000000 309.14571417192598801 12900.143619401744218 4382.0187235186876933 -320.92262841351828229 -3475.5074299952516412 8178.4487819274581852 15513
389000000 308.15469952268853149 12858.790203462151112 4174.752968635988509 -341.36629493908827726 -3632.2639153885684209 8148.3831789636451504 15540
390000000 310.48905931489633758 12956.199208984025972 4152.7532306962921211 -354.23371881888795087 -3570.139913516463821 8077.1268630316435519 15538
391000000 306.86327010681770844 12804.900972024224757 4225.5670798899554939 -363.53687860929500175 -3561.1984709640355504 8150.3024294632868987 15523
392000000 312.54573592361543888 13042.020950689899109 4350.5743567952231388 -370.27951523166143488 -3417.6717765729813436 8138.5256485998670541 15508
393000000 310.30837541304447313 12948.659566101230666 4242.9226403663014935 -375.9444895451728712 -3504.6539757669843311 8123.5211056784592074 15532
394000000 309.60241876786574267 12919.201153144511409 4242.7164530001018647 -347.08394401446031452 -3632.9974179349455881 8222.7978149495065736 15539
395000000 306.93650055688073053 12807.956758599357272 4189.0387180277975858 -343.25513428327428755 -3620.8549147686644574 8153.1487670797368992 15536
396000000 309.63174099983569931 12920.42472179293145 4097.4573034211516642 -377.74723398443990163 -3631.8382086794727002 8107.0427460850642092 15534
397000000 312.82181858852874257 13053.541427490778005 4161.5844341984739003 -380.22896387761807091 -3595.7360181729750366 8137.5494162490667804 15541
398000000 310.49256663912149179 12956.345563871544073 4194.9847362797108872 -379.2352098012528927 -3557.8284188356706181 8132.0483649166344549 15525
399000000 310.98217883725612865 12976.776277881815986 4317.2178745525361592 -381.39995208427365014 -3469.8755584572249973 8168.4933850940342381 15510
400000000 311.84728502732934885 13012.875740324214348 4186.3405963270924985 -382.57363711849052379 -3589.6250242442210947 8158.5392576898047992 15543
401000000 310.16751076969404721 12942.781515567736278 4451.0369220235988905 -356.75377370292216028 -3406.2328264751467941 8214.0235222016672196 15518
402000000 312.64617092562531298 13046.211938599315545 4305.2354109032512497 -366.07038267655832442 -3548.0795124261039746 8219.3853060059154814 15530
403000000 311.73703075789319428 13008.27501048978047 4416.6729032849953001 -388.5258762115052491 -3512.3572787688781318 8317.556058265377942 15544
404000000 312.22056567975641883 13028.452129728646469 4206.7327637758598939 -380.25887691286885683 -3593.5475527218814022 8180.5391934106100962 15512
405000000 308.09029454735724585 12856.10268947282384 4199.9161002918654049 -381.79760089571777826 -3578.4039912011799061 8160.1176923887624071 15528
406000000 306.29510175328010746 12781.19223848972797 4096.5611316483136761 -364.82722027443116986 -3646.7614457019617475 8108.1497976247073893 15535
407000000 306.73848394049571198 12799.693849966653943 4263.092779652975878 -381.5522431772204186 -3502.8042053241847498 8147.4492281543807621 15508
408000000 308.72443120400885164 12882.564172100990618 4178.5232367739854453 -371.50001318921010807 -3594.1264822383259343 8144.1497322015202371 15529
409000000 309.38027667521407693 12909.931527955635829 4342.0403602871574549 -356.62512946670597103 -3529.6509198237308738 8228.3164095775937312 15532
410000000 306.00410460437950633 12769.049404733454139 4336.0602655241609682 -394.34815220153188875 -3494.772851244886624 8225.1812689705802768 15517
411000000 312.63681696244935893 13045.821613057511058 4248.5405730814509297 -324.78012505426369216 -3521.7304050930242738 8095.0511032287386115 15521
412000000 312.96265400758863962 13059.418258542560579 4135.6102570116099741 -391.55830751893171282 -3695.7025961555850699 8222.8711606861270411 15555
413000000 311.27213941253972962 12988.875857121147419 4315.2990067012633517 -348.8241560175036966 -3541.4434567922007773 8205.5666195109697583 15517
414000000 306.76637756944813873 12800.857805354216907 4358.9049488276305055 -324.06355507616501654 -3509.4310303212841973 8192.3995342250800604 15532
415000000 311.37481044818440523 12993.160151046802639 4279.3651585419247567 -345.94582458813704307 -3511.9102801517774424 8137.2212632818391285 15521
416000000 308.12954167464772581 12857.74040772504668 4164.7219009030413872 -368.88969843736600751 -3598.7932871114007867 8132.404886451809034 15532
417000000 307.72913913921235007 12841.032266625550619 4320.236614285298856 -364.5256928878970939 -3467.5386488674694192 8152.3009560406635501 15509
418000000 308.47785435537127796 12872.274924620513048 4190.489734725042581 -392.0831911734028381 -3570.3330116444030864 8152.9059375428496423 15521
419000000 311.68905683259526995 13006.273137269614381 4301.1606463514781353 -396.7849393497851338 -3449.0452759176228028 8146.9908616188859014 15491
420000000 309.59487098715914044 12918.88619663481586 4109.6208710976079601 -374.03464826881389627 -3669.4298174902514802 8153.085336856673166 15541
421000000 311.23489120139004172 12987.321550361035406 4276.9034283097207663 -381.26416280993635155 -3443.8004019503937343 8101.9679930700513069 15527
422000000 310.09321806034631663 12939.681402654874546 4352.767851050893114 -391.18466575617196668 -3458.0190451304115413 8201.9715619374765083 15510
423000000 309.17876995449734068 12901.522982993325058 4072.9495875293441713 -355.83958474689018203 -3686.6340304384211777 8115.4232027146554174 15535
424000000 311.45125459937565893 12996.350040099192483 4149.9877462459135131 -357.77685630606595169 -3545.4944628653729524 8053.2590654173518487 15527
425000000 308.5586291971233095 12875.645526287195025 4177.0192054578128591 -370.56856191372298781 -3576.6124444330621373 8124.2002118045984389 15543
426000000 307.35521728208192371 12825.429120800494275 4272.5050847164666266 -350.29424843960794078 -3479.8199704998260131 8102.6193036559006941 15522
427000000 307.19401908284527281 12818.702584329135789 4144.7595207286431105 -369.77541885927945486 -3675.8015990682351912 8190.3365386561563355 15546
428000000 307.1404097474571131 12816.465554688596967 4176.0694091445921003 -377.85924556291320187 -3670.2387443340990103 8224.1673990416056768 15541
429000000 311.40733901358726143 12994.517514730636321 4181.7424980343821517 -371.19321340345379667 -3556.0607149857887634 8108.9964264236241434 15517
430000000 306.20972141553494339 12777.629457028771867 4378.2708535581259639 -331.52313329786699114 -3482.8600673426917638 8192.6540541986851167 15519
431000000 308.55456618681006375 12875.475983530606754 4262.5518231569421914 -374.10596220937100043 -3519.8137239222251083 8156.4715092885380727 15510
432000000 308.55588057708297356 12875.530830880950816 4285.7069207674021527 -365.33293283814077768 -3621.0409389343099065 8272.0807925398530642 15540
433000000 308.90993968322140972 12890.305136684210083 4275.8431283531172085 -361.70233597738780418 -3468.1493277232875698 8105.6947920537922982 15519
434000000 309.77116013891776447 12926.242453804094112 4152.7882717102384049 -357.85199229650055486 -3597.5315711541029486 8108.17183516084242 15535
435000000 310.38757760661201246 12951.964543738491557 4265.4217778288484624 -394.83457972636404065 -3597.8311102910506634 8258.0874678462623706 15533
436000000 310.04292182503041886 12937.582623246502408 4133.6878027858383575 -381.69194106500577846 -3555.5781189929684842 8070.9578628438121086 15523
437000000 309.42049468566528958 12911.609759569802918 4134.6728709192530005 -378.09190565093592795 -3613.2871682290642639 8126.0519447992537607 15541
438000000 308.4595537886767147 12871.511271987292275 4127.8575882608020038 -356.63220898693560912 -3506.0884288540646594 7990.5782261018011923 15527
439000000 308.0135323854929652 12852.899530356618925 4136.5512158705396359 -374.80549799115129872 -3686.4913616850385552 8197.8480755467280687 15542
440000000 309.7167601791121001 12923.972432703323648 4410.6599383524771838 -389.77230886411416577 -3515.6805507583439976 8316.1127979749344377 15520
441000000 310.37434962202701172 12951.41256163710932 4351.3690390646797823 -372.14949194058317516 -3463.4776199318403087 8186.9961509371041757 15536
442000000 308.58619267588949242 12876.795705048969467 3936.8704184551147591 -384.62150682609427577 -3751.8361339099164979 8073.3280591911243391 15556
443000000 312.27365960444444681 13030.667652125999666 4180.0922249984050723 -389.6526454462032234 -3564.9923893191944444 8134.7372597638022853 15535
444000000 309.92879709728123316 12932.8203855346419 4149.3929865412483196 -348.28859538675283147 -3653.8154703629775213 8151.4970522909788997 15537
445000000 310.21708833306973929 12944.850305974743605 4311.8189880556037679 -376.67901390514174409 -3428.3195035293410911 8116.8175054900875693 15521
446000000 313.93702515840311662 13100.077168590132715 4177.2856051831613513 -370.63189984267717136 -3621.3876298640298046 8169.3051348898679862 15524
447000000 305.41829017748204933 12744.6043294991523 4180.9554308464985297 -362.04875144586867464 -3691.9293508890705198 8234.9335331814381789 15534
448000000 312.06808731715062777 13022.089457738402416 4081.509916540660015 -371.98249179848346557 -3675.1115029077905092 8128.6039112469343308 15531
449000000 309.05482220757465939 12896.350846802186425 4337.9720716917290702 -338.32659823712799607 -3501.8741495705917259 8178.1728194994484511 15494
450000000 312.65704216343220878 13046.665577522970125 4249.8167064761755682 -367.94874781748069381 -3634.088829865223488 8251.8542841588787269 15533
451000000 307.69782802853416115 12839.725705330618439 4276.422583079089236 -380.53860849212969697 -3503.6314666568841858 8160.592658228102664 15531
452000000 312.56640929217979874 13042.883616453489594 4362.6443527788833308 -345.73512658126685437 -3474.729607132107958 8183.1090864922580295 15518
453000000 311.09670612947252266 12981.555313948643743 4356.3655169557860063 -363.00582208786204319 -3468.7824523071481053 8188.1537913507954727 15513
454000000 308.02314419596223161 12853.300615443075003 4055.1390038372132949 -376.75465836196690361 -3648.6018884498203079 8080.4955506490014159 15530
455000000 310.6611166178579424 12963.378878043702571 4242.915677919099835 -400.93157932755536876 -3570.3653957470701243 8214.212652993726806 15533
456000000 309.51706705974515899 12915.639566350833775 4097.3668191686047066 -356.1963452734722182 -3675.9861177593993489 8129.5492822014757621 15544
457000000 308.16442899957212376 12859.196198575089511 4157.3070012196594689 -375.1341202635194918 -3545.8730015916662524 8078.3141230748451562 15505
458000000 310.50076454471752641 12956.687649026600411 4362.8693673299712827 -374.33783044642143523 -3471.1976029340157766 8208.4048007104083808 15513
459000000 313.30362291886143566 13073.646331983436539 4268.2046024319515709 -343.03783729294809746 -3569.8718689680072202 8181.1143086929068886 15543
460000000 311.52056736052611541 12999.242347941444677 4245.922866546635305 -355.80318790761276659 -3536.9775487201063697 8138.7036031743537023 15501
461000000 313.10311935544962125 13065.279647130171725 4151.2679085349500383 -330.95241387860477289 -3581.6994602400009171 8063.9197826535555578 15524
462000000 312.05891618933321752 13021.706761616240328 4377.5057840628887789 -391.1811379771682482 -3467.4531241680037965 8236.1400462080600846 15527
463000000 308.61008641204301739 12877.792751470298754 4272.3218449909290939 -368.50783586643206036 -3448.6390854277792641 8089.4687662851411005 15508
464000000 307.52514072262550826 12832.51974728123605 4239.2063034810526005 -398.51466148908690457 -3501.0152739928639676 8138.7362389630034158 15522
465000000 308.06758268394332845 12855.154960662515805 4221.209148709512192 -387.16191523551225373 -3553.4129004156561678 8161.7839643606812388 15541
466000000 307.78672638678466456 12843.435288017321 4305.1766038942505475 -363.28302947651764043 -3518.9429245261708274 8187.4025578969403796 15502
467000000 314.00850034011688194 13103.05971069588486 4129.3073713697131097 -399.46913802851747732 -3791.0207932594184967 8319.7973026576491975 15542
468000000 307.60898867065668583 12836.018584632714919 4070.9490786051887881 -357.6754959024150935 -3681.4044478222235739 8110.0290223298270575 15530
469000000 306.62959002982023549 12795.149885672162782 4518.1036775882903385 -382.13122154073630554 -3427.3601848829985101 8327.5950840120240173 15519
470000000 312.16799003359761855 13026.258234244285632 4195.1704145822041028 -371.91687513673269905 -3591.1355409567277093 8158.2228306756642269 15519
471000000 310.29560195820050694 12948.126550780463731 4168.4550028750272759 -355.85594282921192644 -3572.0063735761286807 8096.317319280367883 15529
472000000 307.46911642475726012 12830.181945217207613 4142.884440037270906 -402.47498995771348973 -3608.2426595837951027 8153.602089578779669 15524
473000000 310.21435695569522295 12944.736330076664672 4207.8504814834150238 -333.66795210324141863 -3533.3859154232486617 8074.9043490099047631 15538
474000000 307.33332391959328334 12824.51554669136749 4257.1812363598965021 -361.66862544321469386 -3556.231600396252361 8175.081462199363159 15531
475000000 311.00136865000712305 12977.577037294509864 4250.2208878002975325 -361.3252059094430706 -3580.6561487145972933 8192.2022424243386922 15517
476000000 313.08855135601180564 13064.671748406753977 4231.533241511648157 -369.07243660791596085 -3552.7742629606482296 8153.3799410802130296 15522
477000000 307.23756048053218137 12820.519495441925756 4157.6162658113698853 -383.5635278084323545 -3545.8512686442663835 8087.0310622640681686 15506
478000000 313.10716697267093878 13065.448547558278733 4217.2553642646744265 -385.55651336440212162 -3577.9326176307886271 8180.744495259865289 15533
479000000 307.5931887590299425 12835.359280234124526 4434.5202925754856551 -320.17404342722602451 -3472.0097041213102784 8226.7040401240228675 15511
480000000 315.06333162005353188 13147.076089968257293 4326.6671346307393833 -338.91723431923406906 -3452.6724787150719749 8118.2568476650449156 15507
481000000 309.88000356451135531 12930.784311438917939 4193.2392562641543918 -395.64234701790019244 -3597.2735437593692041 8186.1551470414242431 15537
482000000 315.35064893823107468 13159.065370423784771 4376.9048476626549018 -386.76855279307369528 -3451.0849989742632715 8214.7583994299911865 15516
483000000 310.44245285457236605 12954.254397834431074 4191.511649734879029 -392.58847214586069185 -3584.8878685013714858 8168.9879903821110929 15521
484000000 310.13794320762707457 12941.547709696737002 4043.23433500171177 -410.29702803209062267 -3657.5563762033798412 8111.087739237182177 15544
485000000 309.53140508525348196 12916.237868639356748 4280.5764985362093284 -364.87264264001834135 -3522.5322710250197815 8167.9814122012476219 15515
486000000 309.4021881342559368 12910.845857204249114 4300.6915608913632241 -360.9798469804388219 -3564.1737710524066642 8225.8451789242099039 15526
487000000 306.11310480146505597 12773.597804185514178 4219.1576379653333788 -355.31405274810549599 -3582.2031159622292762 8156.674806675668151 15529
488000000 310.18053366627498235 12943.324939683074263 4059.7543097837469759 -361.52731038731468516 -3607.5527794393055956 8028.834399610366745 15526
489000000 312.51619727774004787 13040.788351444149157 4243.8790083323856379 -372.88857096960987292 -3603.1889111254049567 8219.9564904273993307 15534
490000000 308.76881001762257029 12884.416027206953004 4214.411408298792594 -375.40450167468810605 -3598.3956229225141215 8188.2115328959953331 15522
491000000 312.18652623709476757 13027.031719614808026 4164.3989462966364954 -366.72906682588143212 -3583.5171498650497597 8114.6451629875673461 15527
492000000 310.7575651802998209 12967.403518368146251 4217.7033604921398364 -369.29404701240946451 -3637.3838063078619598 8224.3812138124103512 15523
493000000 308.73638072555075951 12883.062806036405163 4188.326709338436558 -399.33437407874936298 -3541.3273210813513288 8128.9884044985356013 15532
494000000 313.0044488198734598 13061.16228751111521 4172.7375385657005609 -357.57170422249907915 -3626.3425394089135807 8156.6517821971137892 15538
495000000 306.48036831073295616 12788.923108074692209 4274.8581685684603144 -370.30933912742125358 -3578.0059020076387242 8223.1734097035205195 15526
496000000 309.85475226586493136 12929.730616161312355 4252.360000413113994 -374.18625382391536505 -3525.0788899211675016 8151.6251441581971449 15518
497000000 311.16642357412808906 12984.464508569837562 4305.9689437902297868 -350.30966139019483307 -3506.1626332078371888 8162.4412383882618087 15527
498000000 311.68598372384411732 13006.144901481664419 4341.5354594144155271 -390.73351088808152554 -3585.5580669759515331 8317.8270372784481879 15529
499000000 307.87495162319873998 12847.116782433782646 4141.0318324826494063 -386.74850270270576402 -3549.1132527400595791 8076.8935879254140673 15521
500000000 307.86926366588687642 12846.879433304035047 4171.5273612303681148 -365.56178864948492446 -3579.6128317278135 8116.7019816076663119 15531
