# Steps Temp KinEng PotEng Epair Ebond Eangle Bonds
1000000 306.99008412704966986 12810.192713099555476 6750.5378985673869465 -270.79632561825985704 -1254.7152841403124057 8276.049508325959323 15011
2000000 309.68846766483574129 12922.791832485409032 6327.9516071933812782 -189.9794824508558122 -1847.4511437728572218 8365.3822334170945396 15164
3000000 312.39262349006679642 13035.631819959155109 5820.060394790416467 -195.87932565194279277 -2221.9743729454098684 8237.9140933877679345 15231
4000000 310.55066499448309969 12958.769912953088351 5556.4987134718176094 -226.41963312308814693 -2452.1080858507921221 8235.0264324456984468 15280
5000000 312.73047951171406567 13049.729997621439907 5086.8536074269604796 -218.11690165364962013 -2809.0055014470453898 8113.9760105276554896 15356
6000000 308.98462049765458914 12893.421444585752397 5244.6196900973955053 -206.25993724074010061 -2720.7859321866612845 8171.6655595247975725 15351
7000000 309.72274377172237791 12924.222118209201653 5198.231771230074628 -241.43433388001483308 -2711.3577648973468968 8151.0238700074360167 15344
8000000 312.65911432300089245 13046.752045343202553 5111.5548044880306406 -259.12760360753759414 -2824.5866854366204279 8195.2690935321879806 15373
9000000 309.50520352747440711 12915.144520606674632 5067.4101232546427127 -280.00500616518098695 -2834.359380572696864 8181.7745099925214163 15388
10000000 309.452607789774504 12912.949786735254747 4737.5317010214312177 -263.41519457112519831 -3146.7581263292722724 8147.70502192182812 15416
11000000 306.37456797891059068 12784.508233751932494 4899.726248624310756 -231.41026671661802538 -3020.221839026960879 8151.3583543678914793 15407
12000000 309.57613284927430186 12918.104284873490542 4920.5842319367329765 -244.53811334893140383 -3036.3902578589832046 8201.5126031446488923 15411
13000000 310.03659382331875349 12937.318566113694033 4996.2389661241350041 -268.14946606102444093 -2923.9792768508700647 8188.367709036029737 15402
14000000 312.24910075346974736 13029.642851554042863 4840.2085176121217955 -263.75084369312043009 -3113.6117877081474035 8217.5711490133908228 15417
15000000 312.34747116978434178 13033.74768768854301 4772.8291254100622609 -259.23667204720993595 -3194.1195034730621956 8226.1853009303340514 15435
16000000 311.84909630864376595 13012.951322122764395 4751.3052362417838594 -312.93541293667658465 -3202.1391109760561449 8266.3797601545174984 15426
17000000 313.05561622589226545 13063.29741944410307 4793.3522151784218295 -282.37759494607570332 -3153.6091956968757586 8229.3390058213735756 15440
18000000 311.9870960809299163 13018.709826285452436 4950.752842099602276 -275.50855886283153495 -3019.2093197317653903 8245.4707206941984623 15429
19000000 310.29612840077965075 12948.148518365867858 4789.6099041287643558 -281.9633465006698998 -3072.8234404859072129 8144.3966911153420369 15435
20000000 311.18978547605394169 12985.439362421113401 4585.6629571952380502 -291.49336688485902869 -3273.9999314091646738 8151.156255489261639 15455
21000000 309.94598784287660465 12933.537727153621745 4515.069433937366739 -290.65916597303873914 -3347.1799936326406169 8152.9085935430466634 15469
22000000 310.28744745141551675 12947.786276586615713 4632.6871098063047612 -264.66421523014344075 -3264.3674973229835814 8161.7188223594321244 15451
23000000 310.3113029262224245 12948.781726424704175 4760.2426556177197199 -288.88976729643542285 -3160.8092926311428528 8209.9417155452974839 15446
24000000 305.89585286237286255 12764.532237084285953 4828.277890043635125 -293.25176916935765803 -3191.8695886653058551 8313.3992478782984108 15462
25000000 310.7549384088321176 12967.293907502991715 4653.6281205099003273 -305.33129015905956294 -3333.5701900020312678 8292.5296006709904759 15462
26000000 307.37955424336553278 12826.444662279564 4631.8018200032629466 -275.4289088476065217 -3224.4466547978818198 8131.677383648750947 15446
27000000 308.10887981136085045 12856.878222057815947 4790.3424374161659216 -311.54445189026483831 -3251.2404707758396398 8353.1273600822714798 15472
28000000 309.15722635691457754 12900.624004000066634 4667.3330462530966543 -280.86308964283250589 -3162.5851635303620242 8110.781299426291298 15443
29000000 312.14513966230981623 13025.304725727570258 4553.6547958321734768 -268.9915385459795516 -3305.2535209361103625 8127.899855314261913 15462
30000000 308.0979497670539331 12856.422129235363172 4584.3661198118252287 -298.96974650349011426 -3283.6490509696986919 8166.9849172850135801 15492
31000000 308.83865838730736186 12887.330685114886364 4719.7284745644574286 -292.13702321401609652 -3249.0685009276794517 8260.9339987061521242 15477
32000000 308.51566118900990432 12873.852541780885076 4619.3426562853255746 -281.29019355184692586 -3325.8837943525631999 8226.5166441897363256 15483
33000000 311.4231443484935653 12995.177045433787498 4718.441328785938822 -307.72835589803338507 -3166.5703893043255448 8192.7400739882978087 15460
34000000 309.00883800133186696 12894.432001294833753 4557.8184668636768038 -309.15954877600995587 -3340.1891000298437575 8207.1671156695301761 15483
35000000 307.56150658875145609 12834.037235230649458 4543.331969510352792 -281.29325310189699394 -3390.3763663571767211 8215.0015889694259386 15486
36000000 308.5834014152637792 12876.679230321033174 4630.374363529139373 -307.07718758071388265 -3260.3091233582581481 8197.7606744681106647 15462
37000000 310.56293476208782067 12959.281910231464281 4683.6524713795652133 -286.01028981645134763 -3348.0255684285357347 8317.6883296245523525 15473
38000000 309.71577417356036221 12923.93128830880778 4534.6608324455382899 -310.02546894084173346 -3335.4094336598318478 8180.0957350462122122 15477
39000000 306.65468849424729569 12796.197203428460853 4521.8020789901738681 -292.78590182038465173 -3440.6799759991840801 8255.2679568097410083 15477
40000000 308.82917043644903288 12886.934768486851681 4560.5552617650700995 -315.98816904303220099 -3403.1015157933356932 8279.6449466014382779 15484
41000000 306.05244443009405586 12771.066546377887789 4702.1007863942959375 -330.45112096660784573 -3298.3823317011801919 8330.9342390620840888 15479
42000000 309.01957720194974399 12894.880130523146363 4419.2523943825817696 -342.38085681920023262 -3466.4228710610950657 8228.05612226287667 15487
43000000 311.69624664887567178 13006.573156510905392 4663.3915078805121084 -314.35443636224215425 -3264.3545423441282765 8242.1004865868835623 15482
44000000 306.04317445312011614 12770.679725442547351 4621.3704498793722451 -325.80614135049484048 -3297.7686742041228172 8244.9452654339911533 15474
45000000 309.37671331450354728 12909.782834757490491 4728.1702735391581882 -322.76822063658840989 -3225.238491787366911 8276.1769859631149302 15483
46000000 311.04964866915452149 12979.591683308986831 4519.1580949030758347 -315.06289326724362354 -3326.2802123908704743 8160.5012005611897621 15484
47000000 311.03507797484712682 12978.9836721330812 4464.4063161116209812 -300.55129182626671991 -3449.405632804297511 8214.3632407421846438 15503
48000000 309.07579744807844691 12897.226109186707617 4472.5934727286548878 -347.21100312677265265 -3465.7736982831838759 8285.5781741386090289 15497
49000000 311.18493858464250934 12985.237109591949775 4478.7198802826651445 -312.79982971141328107 -3378.1382536612150034 8169.6579636552942247 15499
50000000 307.68528017212480563 12839.202103862520744 4626.8396947645032924 -331.18061384762211219 -3258.5579483845508548 8216.5782569966759183 15461
51000000 312.81009272495140294 13053.052126435402897 4530.1549361163652065 -357.35484655121427977 -3381.3272032612485418 8268.8369859288286534 15497
52000000 306.53811184522243138 12791.332651063186859 4584.2988463338942893 -294.35023359516213759 -3335.8360132164989409 8214.4850931455548562 15473
53000000 310.24497182918815952 12946.013838535762261 4362.0997779863728283 -325.66710326511616813 -3458.2812709682239074 8146.0481522197123923 15503
54000000 310.42358058046357883 12953.466888788478173 4285.3702238373734872 -333.68128709368374984 -3505.5475285860807162 8124.5990395171374985 15501
55000000 307.19175760909473638 12818.608216738592091 4257.6671852489362209 -326.90496624413742666 -3487.0847895576516748 8071.6569410507254361 15501
56000000 311.16316489629707576 12984.328529288541176 4711.2081648657385813 -340.86001041724159677 -3200.7943793706926954 8252.8625546536713955 15452
57000000 308.42984049662391044 12870.271385042997281 4511.7835614706018532 -324.93048614184954204 -3308.7935613768449912 8145.5076089892954769 15493
58000000 307.08596593996367119 12814.193703895731232 4555.3307932971938499 -326.39789760154485521 -3328.9507557943511529 8210.6794466930914496 15498
59000000 311.77431280264920588 13009.830729070790767 4350.5585516409637421 -312.2450466826982165 -3400.3536980742010201 8063.1572963978642292 15505
60000000 314.19090205656499393 13110.671035164376008 4490.9760687143661926 -283.47423335406443812 -3480.3898236280956553 8254.8401256965262291 15510
61000000 308.62574446707549214 12878.446136425871373 4568.8387360311844532 -276.22218996926392265 -3300.3642034079239238 8145.4251294083724133 15478
62000000 309.58945179357408506 12918.660062574585027 4373.3580951246476616 -324.29629257220688032 -3443.197911933319574 8140.8522996301735475 15499
63000000 310.32223210843017114 12949.237783273170862 4475.0764160689859636 -324.04390606666515851 -3456.6213154826227765 8255.7416376182736713 15504
64000000 309.28588274047194773 12905.9926238752887 4435.8258119250094751 -324.69336748136510096 -3362.100424671372366 8122.619604077747681 15501
65000000 311.62520654585210877 13003.608769525319076 4415.7285828430185575 -343.00156619875906472 -3498.3636652911704914 8257.0938143329476588 15514
66000000 307.73408757555534976 12841.238756758164527 4339.6135320437770133 -327.53829887438087098 -3514.098464962309663 8181.2502958804670925 15516
67000000 310.9520397380950385 12975.518622705263624 4633.520843383123065 -304.88502706194788061 -3263.6990210818235028 8202.1048915268947894 15476
68000000 312.69250406894082062 13048.145344678416222 4332.1285471340088407 -313.78690896542843802 -3411.6624149793187826 8057.5778710787571981 15505
69000000 309.07475627500889459 12897.182662742152388 4122.9795589293062221 -316.5078305683742883 -3599.2038278228606032 8038.6912173205409999 15507
70000000 309.70546360930637775 12923.501045372950102 4379.9889062517804632 -310.42270109873254569 -3491.5935982109167526 8182.0052055614296478 15514
71000000 310.67428888669309117 12963.92853521822326 4493.8048723007032095 -323.41857719765897627 -3425.7060804183738583 8242.9295299167351914 15492
72000000 308.48253270311681717 12872.470144398928824 4371.2051635266971061 -308.13523526391111318 -3506.894602557482358 8186.2350013480909183 15522
73000000 309.6911524258970303 12922.90386316119293 4312.8383004447259736 -344.012369375255048 -3478.3109569628882127 8135.1616267828703712 15506
74000000 310.67524922246883534 12963.968608455088543 4427.9239056734641053 -340.90623086241504325 -3437.000043840122089 8205.8301803760004987 15502
75000000 311.34239493178182556 12991.807504712336595 4312.7375042210860556 -328.12475215715437571 -3480.3686035291339067 8121.2308599073749065 15511
76000000 308.72689470333097006 12882.666969887293817 4404.5580342948505859 -316.96511195276593753 -3505.2619644119822624 8226.7851106595990132 15508
77000000 311.87189110499832623 13013.90251158866522 4353.5535031689723837 -319.54981345803628301 -3464.4683510857939837 8137.571667712802082 15510
78000000 306.56062069745667031 12792.271908549926593 4492.57907755359156 -312.09135757636749986 -3263.41239805981877 8068.0828331897764656 15481
79000000 306.94689748770821325 12808.390605470676746 4264.6148741238412185 -319.66038326527984736 -3519.6168840260488651 8103.8921414151691351 15519
80000000 307.48970133053006748 12831.040919573595602 4425.5989040628428484 -345.79872911919915168 -3460.498171014667605 8231.895804196708923 15499
81000000 310.53710797521131326 12958.204200773880075 4315.6192855139142921 -336.33688891822816913 -3527.6630048949446063 8179.6191793270863855 15519
82000000 313.69499331653099716 13089.977576787665384 4548.9614634685522105 -308.1817303967155226 -3478.6899580298709225 8335.833151895138144 15498
83000000 313.93210905509761233 13099.872027662144319 4281.7708711029563347 -348.70143806457372193 -3441.3842375008262024 8071.8565466683558043 15493
84000000 312.19627661591039214 13027.438586931089958 4537.4963135550642619 -351.84333274680761861 -3364.6728181108555873 8254.0124644127281499 15495
85000000 306.94070024135248786 12808.132004544419033 4310.8915997579342729 -313.13820385979073535 -3538.8290547908882218 8162.8588584086128321 15509
86000000 312.01318412304715366 13019.79843749574502 4299.2112110847911026 -350.8730023311760533 -3498.0704539446851413 8148.1546673606526383 15521
87000000 310.23021265294971727 12945.397962318005739 4301.5199125079552687 -331.29532133610121036 -3453.8943410306451369 8086.7095748747005928 15510
88000000 309.64703301860060947 12921.062832655396051 4526.5889206734600521 -343.03574905776270043 -3369.1078884513044613 8238.7325581825280096 15497
89000000 312.91396555827276416 13057.386569407024581 4300.5630876697350686 -318.8619697793479304 -3548.3437016023067372 8167.7687590513905889 15519
90000000 308.17047913877456722 12859.448660961114001 4474.6470335361100297 -317.33156244082073272 -3440.2127604659926874 8232.1913564429232792 15507
91000000 307.09115352923492992 12814.410173487804059 4149.7252605340399896 -309.5897295192976344 -3589.3846470093612879 8048.6996370626984572 15535
92000000 307.3971012536248395 12827.176870238658012 4331.4049042899832784 -337.08725532368487166 -3458.5714754430455287 8127.0636350567147019 15522
93000000 309.05606372081274458 12896.402653113393171 4545.988490272553463 -340.33124033005742604 -3392.9202771494929038 8279.2400077521033381 15503
94000000 317.15077282176656581 13234.181587682447571 4239.5220291551249829 -350.52511084642441119 -3549.3315733255576561 8139.378713327107107 15518
95000000 315.30208171670926731 13157.038739925268601 4322.3355953969348775 -366.50402639972350016 -3476.8242019792269275 8165.6638237758852483 15506
96000000 311.64202000629700251 13004.310367653759386 4298.3972562558801656 -332.72592305866123752 -3426.8488892310497249 8057.9720685455913554 15503
97000000 313.38538065897631668 13077.057948386740463 4381.1205741858157126 -335.33599838001396165 -3506.837965166291724 8223.2945377321211708 15516
98000000 312.82642078779662143 13053.733469718114065 4236.2423628213718985 -356.38088933723952323 -3583.3768483095645934 8176.0001004681753329 15511
99000000 310.80244815798789659 12969.276411414046379 4504.4714464549342665 -359.53750011340571291 -3350.5021740306738138 8214.511120599012429 15495
100000000 314.8421085244874007 13137.844813020505171 4401.3953409332589217 -325.80174059732900105 -3440.0336897567590313 8167.2307712873480341 15496
101000000 306.78102850612026486 12801.469164912396081 4218.6571502837387015 -332.86839656578189306 -3495.235852748819525 8046.7613995983410859 15511
102000000 309.29274063446570153 12906.278792543946111 4290.9926073478445687 -340.45037735916241672 -3497.109142144624002 8128.5521268516313285 15511
103000000 308.51422027236600343 12873.79241469259614 4379.6937956258934719 -332.2739196007208875 -3440.142575397449491 8152.1102906240639641 15503
104000000 310.29112652549378026 12947.939798313815118 4167.674503100963193 -320.96889660231249763 -3620.532720418536428 8109.176120121812346 15525
105000000 310.2839503238220118 12947.640347187812949 4147.3404117275367753 -374.80016879855406842 -3587.279093478230152 8109.4196740043207683 15537
106000000 308.56536799733953558 12875.926725367844483 4287.9052891484498105 -331.94635592841035532 -3518.3654190773322625 8138.2170641541924851 15514
107000000 307.00052709431867015 12810.628480996074359 4360.1268453070779287 -370.2883260992950909 -3427.2995273083652137 8157.7146987147389154 15508
108000000 305.94741235449032501 12766.683730127106173 4292.8821325094104395 -321.32877407626733657 -3505.9413849500397191 8120.1522915357172678 15527
109000000 313.15467807730107097 13067.431108031054464 4054.7736461803842758 -357.53285788765322195 -3624.33069140134603 8036.6371954693831867 15526
110000000 310.53638042329725977 12958.173841225770957 4141.1152263325875538 -337.04437348256948326 -3530.1697709932641374 8008.329370808420208 15521
111000000 308.26306064091636472 12863.311935201638335 4345.5903667515549387 -339.09950228363936731 -3505.5420419227643833 8190.2319109579584619 15518
112000000 312.17676134150161715 13026.624246537208819 4146.8763421173334791 -313.55236742047884491 -3650.4216857424030422 8110.8503952802147978 15530
113000000 314.37640248076854732 13118.411663625280198 4148.6678887621583272 -361.78901828111622763 -3662.6096507167289928 8173.0665577600038887 15518
114000000 306.97859609489358945 12809.713336359318419 4209.9439888173874351 -359.88981783178735441 -3577.2385197905723544 8147.0723264397465755 15521
115000000 309.94153849964942538 12933.352063358164742 4191.0210202596654199 -370.22136754461223518 -3564.4665789659293296 8125.7089667702066436 15512
116000000 310.67360884919958153 12963.90015836895509 4479.5243147184410191 -344.91251108976740625 -3364.4536671272585409 8188.890492935464863 15488
117000000 312.92305130998113327 13057.765702924181824 4402.3835604786081603 -372.57975468472778857 -3452.6615762196183823 8227.6248913829549565 15519
118000000 311.08436515607388628 12981.040345369272472 4299.342162981731235 -345.93949815332342723 -3497.8363665853585189 8143.1180277204130107 15506
119000000 309.39561480049235342 12910.571562767285286 4177.114250474711298 -345.61289697693257494 -3574.5554830785440572 8097.2826305301878165 15516
120000000 310.53800967854800774 12958.24182737522824 4329.9619716459556003 -312.03181228835859429 -3420.402621337070741 8062.3964052713854471 15517
121000000 309.53251100869005086 12916.28401701052826 4365.3707857907320431 -359.9436660308183491 -3392.5179374354074753 8117.832389256958777 15493
122000000 306.50947760931171615 12790.137791361930795 4409.7698811684113025 -345.09790083366988256 -3387.5929790773561763 8142.4607610794364518 15488
123000000 312.69892495706511681 13048.413277808880594 4296.7980057898121231 -369.19020386485271956 -3535.5621513579235398 8201.5503610125888372 15519
124000000 310.79621870447545007 12969.016466535960717 4315.8660265358412289 -333.23796509601999105 -3515.6395200938413836 8164.7435117257009551 15513
125000000 306.51556750846060595 12790.391912865308768 4138.0930510704911285 -341.20299974761974227 -3534.6899191823013098 8013.9859700004126353 15510
126000000 311.03189419705728369 12978.850818307657391 4327.2578046084563539 -347.24461652122289479 -3548.0308276996365748 8222.5332488293170172 15521
127000000 309.78216242755524945 12926.701561263971598 4401.9027961510628302 -349.63164686029750783 -3492.4451138764757161 8243.9795568878362246 15496
128000000 311.45804757306638066 12996.633499750081683 4222.9594460400667231 -326.99323157017244057 -3579.6630227805380855 8129.6157003907774197 15510
129000000 310.16805313724114512 12942.804147675933564 4251.8716405078903335 -327.80360831521466025 -3484.4230008557387919 8064.0982496788446952 15518
130000000 309.96378940444913042 12934.280557121523088 4224.7395305669151639 -330.10691282868583585 -3587.203915525370121 8142.0503589209711208 15501
131000000 307.83627406690669659 12845.502831445164702 4386.4763797841860651 -357.65559387360639221 -3473.7227491903590817 8217.8547228481511411 15520
132000000 309.94767527710934019 12933.608141016577065 4383.6465648183420853 -352.190959641586403 -3429.4481746662136175 8165.2856991261414805 15502
133000000 308.81242761385794893 12886.236117960197589 4232.9890342872822657 -361.83056743818400491 -3526.6918863928608516 8121.5114881183262696 15523
134000000 312.40438197603583603 13036.122482293432768 4278.938968794673201 -366.11127969894459966 -3616.1016924593268413 8261.1519409529428231 15528
135000000 313.18195333286536197 13068.569259711332052 4378.439804038269358 -363.493613152911621 -3462.618567633098337 8204.5519848242802254 15518
136000000 311.39224972084718956 12993.88786329269351 4358.8282352677852032 -358.43556731864316589 -3430.5919104741192314 8147.8557130605477141 15505
137000000 308.26671649247231244 12863.464487891069439 4235.350329923051504 -353.76308563419786424 -3516.1696390548636373 8105.2830546121122097 15523
138000000 310.85561973653301493 12971.495174179493915 4267.5970940570987295 -321.09533481578165492 -3547.4226695385368657 8136.1150984114174207 15521
139000000 306.21875612831451008 12778.006460775139203 4264.0297935079724994 -378.41008424071463878 -3544.7799153313744682 8187.2197930800612085 15526
140000000 313.67061570361738632 13088.960338982747999 4410.6813130198788713 -371.11546482902315347 -3365.1338569784611536 8146.9306348273639742 15492
141000000 311.13252865364484023 12983.050129129471316 4131.0167413916606165 -363.13536917080205058 -3580.5413472306931908 8074.6934577931560852 15531
142000000 311.21550491802918259 12986.512592552026035 4203.2952068932991097 -372.70480569663789083 -3497.2009443170927625 8073.2009569070296493 15522
143000000 309.90403087836580198 12931.786931838625605 4191.6466706805767899 -351.60941327106831977 -3653.2872257127064586 8196.5433096643519093 15535
144000000 311.84325055938433024 13012.707388593840733 4092.4358743310795035 -372.94120229589952942 -3653.5251892422083984 8118.9022658691883407 15536
145000000 310.16191165970610655 12942.547873891095151 4206.6197779806188919 -336.10649321600885742 -3599.8831093018015963 8142.6093804984275266 15533
146000000 308.65125496936155969 12879.510647846236679 4338.6205462002271815 -347.18187506741560355 -3424.248247273513698 8110.0506685411583021 15519
147000000 310.39107641650650748 12952.110543336955743 4354.8667615662352546 -355.32847764170480787 -3558.9971009914447677 8269.1923401993844891 15515
148000000 311.20915525027436388 12986.247631330770673 4350.8842391189882619 -330.62575106691116389 -3501.6217163483511285 8183.1317065342509522 15515
149000000 309.63109846887806498 12920.397910029889317 4481.1398349424025582 -364.26860245251020842 -3479.6259493597526671 8325.03438675466532 15507
150000000 305.84641106268543354 12762.469111873322618 4268.6809657698049705 -358.74885819024535749 -3527.9657272110748636 8155.395551171126499 15533
151000000 312.90358821801561362 13056.953540018073909 4221.5826586366620177 -377.57338620616246772 -3607.3093701244488329 8206.4654149672733183 15527
152000000 315.51861607458340586 13166.074363539179103 4450.8959230850286986 -400.66538222440055961 -3436.7485521319022155 8288.3098574413306778 15501
153000000 309.76405192352581253 12925.945839634043296 4032.7477730164623608 -377.40285614548974991 -3686.4138295304410349 8096.5644586923936004 15541
154000000 309.7911862548045292 12927.078110775015375 4343.3908445520046371 -349.18083039816548307 -3468.0667418682264724 8160.6384168183958536 15500
155000000 308.88433502403449893 12889.236696250798559 4136.9015827873472517 -380.14160493875044722 -3595.4053622792116585 8112.448550005308789 15529
156000000 311.6070152451636659 13002.84967638332455 4393.2325208820111584 -335.73099670141823481 -3497.1217406182640843 8226.0852582016923407 15516
157000000 307.38301341446680226 12826.589007816199228 4365.8123062790728 -356.11350053741858801 -3504.1107828795675232 8226.0365896960593091 15527
158000000 308.34564943288512495 12866.758230035788074 4123.6958183021779405 -397.99901018589292789 -3651.7577039156949468 8173.452532403765872 15539
159000000 310.55193817707362314 12958.82304077443041 4214.8668799127135571 -378.3286942472092278 -3588.9429460274891426 8182.1385201874109043 15533
160000000 309.5647304673442477 12917.62848217670944 4235.9483507074164663 -365.62091321424497892 -3524.4623412005717 8126.0316051222325768 15533
161000000 308.44802471188631898 12871.03018252178299 4361.5613677571273001 -401.69902009705310775 -3367.3213888741493065 8130.5817767283297144 15501
162000000 311.79531434599653039 13010.707089029832787 4425.8509943979843229 -347.69059285614446253 -3387.3259693416425762 8160.8675565957710205 15505
163000000 308.78778780994321096 12885.207939354824703 4348.4816753940458511 -376.34674405139975306 -3487.1177288056069301 8211.9461482510523638 15522
164000000 311.39874810174802633 12994.159030069626169 4308.5498263417475755 -323.01091994168848487 -3496.5194127873683101 8128.0801590708042568 15516
165000000 311.34838608166870699 12992.057505570970534 4133.0368615537072401 -372.28457287356002325 -3618.5201180181466043 8123.8415524454139813 15536
166000000 306.00846649576368463 12769.231419306934185 4077.6555953234001208 -410.07890157400515818 -3674.8411070644901883 8162.5756039618954674 15534
167000000 310.80120879889466323 12969.224694991771685 4294.9388074756780043 -371.29587492703666385 -3487.0673391759337392 8153.3020215786482368 15517
168000000 310.10512195195872209 12940.178132528168135 4112.6920911377110315 -359.64306723549952949 -3604.281809120523576 8076.6169674937345917 15522
169000000 308.59734233788395841 12877.260962157326503 4199.5816633058602747 -388.38317409445755857 -3579.2679786469043393 8167.2328160472225136 15513
170000000 308.32297121960721142 12865.811905390464744 4071.7162819606214725 -422.04900737322157056 -3720.9055671816931863 8214.6708565155349788 15534
171000000 311.80100971645396157 13010.944747497987919 4245.4182198936614441 -351.36160370907145989 -3663.9494588195811957 8260.7292824223150092 15539
172000000 309.70250017077859184 12923.377385943549598 4221.614201984218198 -363.15965412231469145 -3466.6278011150566272 8051.4016572215896304 15509
173000000 309.43332876395038511 12912.145304607338403 4218.0863392299925181 -378.8040018285903443 -3586.6037256986223838 8183.4940667572054736 15522
174000000 311.31418938253403894 12990.630533402430956 4435.269032068159504 -344.47664754415609423 -3357.704573891020118 8137.4502535033370805 15498
175000000 311.10383225178003386 12981.852675344911404 4166.0912884427543759 -377.86640810226754184 -3618.5266594681565948 8162.4843560131785125 15533
176000000 313.50397818474817768 13082.006828624205809 4333.0723186946197529 -370.49721125012268885 -3510.3452664702040238 8213.9147964149469772 15519
177000000 311.38014579130089032 12993.382786164502249 4327.104740288758876 -353.64861119363894204 -3580.1890487620303247 8260.942400244428427 15536
178000000 313.65674011899307061 13088.3813335938612 4337.0498885906754367 -376.78822099554446368 -3479.6584869895095835 8193.4965965757291997 15511
179000000 309.92363637542234756 12932.605037075622022 4234.9026244230108205 -369.10194984178195909 -3513.5861826292643855 8117.5907568940565397 15518
180000000 307.33945905923468445 12824.771556006298852 4323.1236080475173367 -342.06031409621135708 -3596.0499642599270373 8261.2338864036537416 15533
181000000 306.89986604675215176 12806.428060576319695 4120.6534723029471934 -383.1564361171177211 -3678.462219057430957 8182.2721274774939957 15537
182000000 309.53454608519029989 12916.368937415134496 4207.033336455960125 -375.91831825841563841 -3481.6202112125492931 8064.5718659269241471 15521
183000000 307.79581498638162884 12843.814540372197371 4310.0632974989002832 -395.90869574365302697 -3492.3572697801414506 8198.3292630226933397 15512
184000000 309.83791802825049899 12929.028151035663541 4285.3350980059249196 -389.73773253056276644 -3431.1549216045950743 8106.2277521410824193 15517
185000000 307.32919842986734693 12824.343396771360858 4142.7964910897480877 -381.07329249217468714 -3596.3147077391531639 8120.1844913210761661 15522
186000000 310.32912785486712437 12949.525531462202707 4308.555747213496943 -392.86425627844516839 -3545.6797219379877788 8247.0997254299309134 15517
187000000 308.21138396176411334 12861.15555213605694 4314.900626283550082 -363.04308126700209414 -3541.6992994257448117 8219.6430069762973289 15542
188000000 311.29798251708984935 12989.954247488487454 4192.0424043103175791 -361.95943481967947264 -3571.8443314733649459 8125.8461706033613154 15520
189000000 309.657786229178555 12921.511546496365554 4270.6523900167167085 -377.83182708351910151 -3595.6956648876112013 8244.1798819878476934 15539
190000000 310.40484065498947075 12952.684902433982643 4151.4474421447921486 -354.37362610576315092 -3643.9407861720246729 8149.7618544225806545 15536
191000000 308.8219787438745243 12886.634670950885265 4305.4247592601659562 -376.56177435478105053 -3550.1981505430171637 8232.1846841579645115 15525
192000000 310.1973507585742027 12944.026689362839534 4134.9311899576414362 -395.81273402851934406 -3549.1021737138958088 8079.8460977000568164 15523
193000000 305.72940984453759938 12757.58684293488659 4289.9130171049182536 -354.53538230090725847 -3489.8353758224184276 8134.2837752282439396 15528
194000000 311.4019657941238961 12994.293299095101247 4162.5243234580484568 -396.86385418490709753 -3573.9866501507394787 8133.3748277936938393 15525
195000000 307.61840301742915926 12836.411429882964512 4275.3419931987664313 -362.42504375561156849 -3541.9240019002809277 8179.6910388546593822 15533
196000000 312.50715200764778956 13040.410907158437112 4260.096243345300536 -429.15974233218241807 -3518.5516325533153577 8207.8076182307995623 15529
197000000 306.8708612192259011 12805.217736694758059 4264.5797049915581738 -442.8584679387749361 -3526.2818569555538488 8233.7200298858861061 15532
198000000 312.40875270614662895 13036.304865692476596 4174.2274244856034784 -378.61554988516280673 -3611.4617393145394999 8164.3047136853056145 15521
199000000 311.03078519246736278 12978.804541365008845 3963.7417143737056904 -364.99045418097387028 -3657.8413514688231771 7986.5735200235021694 15538
200000000 307.85249779196709596 12846.179820883240609 4341.9330900184149868 -373.16478503924486176 -3461.3058801806755582 8176.403755238336089 15519
201000000 315.01392281588675814 13145.014341606254675 4293.7074944983542082 -388.03091915555313562 -3529.1435804883076344 8210.8819941422152624 15533
202000000 311.87402966433813845 13013.991750162444077 4295.0311178834272141 -347.89423758614532289 -3445.9872272750749289 8088.912582744647807 15524
203000000 308.64667732979199855 12879.319630454832804 4174.1862548744466039 -373.66572358148664534 -3637.874723168312812 8185.726701624245834 15546
204000000 309.31477965563766475 12907.198444751033094 4182.286312225904112 -392.77471762241378883 -3556.1586204318514319 8131.2196502801707538 15535
205000000 313.50724229919796926 13082.143034766688288 4168.4878347677167767 -366.98435054018273149 -3531.4350271136036099 8066.9072124215035728 15541
206000000 316.06801843681910213 13189.000023034939659 4190.0041688739502206 -346.01138577006247488 -3558.6664139417393926 8094.6819685857526565 15525
207000000 313.79181131443175445 13094.01763304789165 4290.1901066104701385 -393.49093690022289138 -3517.3336874395495215 8201.0147309502426651 15537
208000000 310.01225049458236072 12936.30275893126236 4195.310923743631065 -383.52274575376793564 -3565.7294014273429639 8144.563070924742533 15545
209000000 309.71957841401479072 12924.090033023598153 3984.3481485483271172 -386.59650761521584172 -3713.0525492983852018 8083.9972054619283881 15540
210000000 314.48864009031956357 13123.095154989812727 4272.2310780104598962 -401.4400264111410479 -3603.1427923483261111 8276.8138967699269415 15536
211000000 311.81404447379981093 13011.488666543593354 4290.6888812757233609 -380.37584854174099291 -3565.4921942968621806 8236.5569241143257386 15532
212000000 309.87212681363035927 12930.455627543393348 4154.3214384794082434 -375.35125896861404726 -3517.0204456206820396 8046.6931430687036482 15510
213000000 307.50712434359314784 12831.767953333059268 4049.2333524836549259 -404.2800447317212047 -3655.327039306684128 8108.8404365220594627 15553
214000000 310.81897032018900973 12969.965854144535115 4313.3775889038306559 -360.72936914620072457 -3509.8629812328495063 8183.9699392828815689 15529
215000000 313.52071469545404625 13082.705215766241963 4210.2588979006159207 -394.53170579991973455 -3590.6020550410257783 8195.3926587415626273 15541
216000000 311.44041698733656176 12995.89780432367661 4159.5449689551669508 -415.74790385491905909 -3605.4806579839587357 8180.7735307940438361 15532
217000000 307.38277575534942798 12826.579090691018791 4258.6042263572526281 -354.09677433339538766 -3581.4773496268435338 8194.1783503174920043 15537
218000000 311.37231603188172357 12993.056063145608277 4184.7450590353955704 -361.08207232433403533 -3584.1367720395001015 8129.9639033992298209 15516
219000000 309.89418158329885955 12931.375936909409575 4140.3011590922724281 -387.4588476262227914 -3621.0522112885932984 8148.8122180070877221 15538
220000000 310.58568701952691526 12960.231324618191138 4041.3167770832551469 -369.27574526939247335 -3615.4019089343860287 8025.9944312870338763 15537
221000000 306.43928957037280725 12787.208959613117258 4292.9724515753478045 -387.08923377680775957 -3581.4730965130966069 8261.5347818652517162 15538
222000000 311.74350442591980936 13008.545146039001338 4198.3134034452805281 -367.82414959880912875 -3551.5922503932188192 8117.729803437308874 15525
223000000 312.35645582192529446 13034.122602486566393 4042.7339140214876352 -370.94795697001973167 -3711.5579538735473761 8125.2398248650551977 15542
224000000 308.22511255835962629 12861.728423955577455 4250.2529906785466665 -351.21460608052336738 -3556.0180191482063492 8157.4856159072769515 15529
225000000 311.14881146431093839 12983.729584112967132 4183.7137090464930225 -362.54527699327729806 -3598.3156073154113983 8144.5745933551806957 15524
226000000 309.45610229555671822 12913.095606730172221 4317.966039416316562 -373.47787955453077302 -3573.5866549823904279 8265.0305739532377629 15528
227000000 311.07663105789168867 12980.71761413690183 4340.8611213509138906 -376.35520816075950279 -3490.7830658633110943 8207.9993953749853972 15525
228000000 308.43277771065112347 12870.393950166999275 4251.173868449103793 -354.01180890467162499 -3648.3702322893409473 8253.5559096431170474 15527
229000000 305.91849247567853354 12765.476951016074963 4175.3822403589647365 -375.23583334026284319 -3595.1565868904094714 8145.7746605896354595 15548
230000000 308.36169731013603723 12867.427881633182551 4292.9039541247057059 -355.04999811018024047 -3510.7011964413873102 8158.6551486762737113 15528
231000000 309.37712444716436266 12909.799990649122265 4229.7984356665574524 -367.57683210138100094 -3605.7058235255567524 8203.0810912934957742 15534
232000000 311.49381514668135651 12998.126021934278469 4206.2758936692298448 -387.84044387791527697 -3630.2495009130966537 8224.3658384602422302 15534
233000000 308.25901031852527012 12863.142921891232618 4223.2408817372233898 -362.60929090326192181 -3660.0376053569984833 8245.8877779974845907 15531
234000000 308.56008448059805005 12875.706252879770545 4275.9128410873527173 -392.76056877916892063 -3517.1519531833487235 8185.8253630498711573 15518
235000000 311.91261788728763804 13015.60197341719504 3997.8650853577546513 -352.64327934252014529 -3692.3966046651721626 8042.9049693654469593 15539
236000000 311.69394574053370661 13006.477143379537665 4015.5822430145440194 -419.95534561614954328 -3707.0547446790797039 8142.5923333097725845 15558
237000000 311.00800771554247603 12977.854074610502721 4183.0629739068062918 -388.29891663352498199 -3601.9667030826567498 8173.328593622986773 15531
238000000 308.4179429516037203 12869.77492000258826 4117.4725315987407157 -414.66979116038407938 -3637.7843781210490306 8169.9267008801734846 15551
239000000 308.7701741503973949 12884.47295023031802 4246.2795661291938814 -392.85144278397785911 -3554.7762097080772037 8193.9072186212488305 15514
240000000 310.58166714361095728 12960.063581789256205 4209.605764151103358 -394.76594933525439046 -3502.4999078806204125 8106.8716213669786157 15517
241000000 309.29419019425819215 12906.339280296650031 4310.5689609380096954 -400.25918363197212102 -3515.4238319458095248 8226.2519765157921938 15547
242000000 310.51464874936334581 12957.267014114846461 4311.3185160819994053 -358.47277509383593497 -3524.2786862968860078 8194.0699774727218028 15518
243000000 311.29581014466083388 12989.863597949955874 4304.1171452586731903 -373.57190903463254017 -3510.9785092574297778 8188.667563550734485 15527
244000000 312.34182933770148338 13033.512263288950635 4257.329080565201366 -375.7935940710254954 -3612.8087302177655147 8245.9314048539927171 15525
245000000 309.13443555125559215 12899.672981059346057 4177.8759492157105342 -387.8304500914541677 -3692.6951347045528564 8258.4015340117184678 15531
246000000 311.86721011118225988 13013.707181394067447 4287.8509728918206747 -344.62960083530026623 -3557.5303285811232854 8190.0109023082450221 15548
247000000 310.27833280379195457 12947.40593729030843 4197.6604148581927802 -377.3054616662249714 -3497.2991857087072276 8072.2650622331257182 15523
248000000 309.58968064940279419 12918.669612352969125 4116.9953379408234468 -356.49875408017567224 -3517.4739273800369119 7990.9680194010370542 15531
249000000 310.18919916129033254 12943.686536577699371 4132.3891579747742071 -398.85233225270383173 -3705.8589077262877254 8237.1003979537654232 15546
250000000 311.67621996861475964 13005.737475989577433 4017.7889147328123727 -374.32384298942639589 -3680.3519031895930311 8072.4646609118317429 15537
251000000 309.28975691530013137 12906.154286836796018 3955.5437701344444577 -389.83053788730290989 -3770.4940197672649447 8115.8683277890122554 15561
252000000 309.29229307927499804 12906.260116799878233 4219.7471435499510335 -374.42800335105818021 -3607.3442500234355066 8201.5193969244446635 15509
253000000 308.94771265672602567 12891.881340916723275 4182.0863778862931213 -357.42007855049871523 -3593.9739561577598579 8133.4804125945520354 15535
254000000 309.89447445669139825 12931.388158035735614 4407.2146440160140628 -381.27392477413326333 -3431.7789406382471498 8220.2675094283949875 15524
255000000 312.88997270387238814 13056.385386943818958 4327.6297340251139758 -380.04015598119644892 -3498.9128892213161635 8206.5827792276249966 15517
256000000 311.95107177357562023 13017.206591023386864 4401.5117588294679081 -390.51588017883733528 -3511.6825288575055311 8303.7101678658109449 15517
257000000 310.91312950828529438 12973.894962632361057 4341.2490525477696792 -351.3977281820710914 -3558.9610961725184097 8251.6078769023588393 15531
258000000 311.56647715899561035 13001.158088534455601 4262.4671756257894231 -397.27567282040990904 -3579.7733366991760704 8239.5161851453758572 15534
259000000 307.38935506789528063 12826.853634612760288 4335.1750844138623506 -358.91434773703417704 -3472.8629804299503121 8166.9524125808475219 15521
260000000 311.10231521795799381 12981.78937201161898 4083.1231156867229402 -369.25093140315470919 -3702.7949798073477723 8155.1690268972270133 15527
261000000 309.40414148915118631 12910.927367500311448 4148.7345823045588986 -360.0603282262193261 -3630.4537973743754264 8139.2487079051534238 15532
262000000 313.7264803432028657 13091.291478768493107 4202.6769543347490981 -379.46367791302515116 -3487.8359974778350079 8069.9766297256092002 15528
263000000 308.71849520140722234 12882.316472448123022 4201.9356708218856511 -407.11540428282296489 -3541.1916483882787361 8150.2427234929882616 15518
264000000 306.88967752241433118 12806.002910166003858 4113.2958989065136848 -386.04282505905899825 -3652.7802207146282854 8152.118944680200002 15546
265000000 310.96903400730548128 12976.227765686942803 4374.5164985671872273 -361.78517598985746417 -3499.6927038813591935 8235.994378438401327 15525
266000000 307.68005259024181441 12838.983965444353089 4213.1820338187462767 -399.51385085644471928 -3549.5733896130386711 8162.2692742882300081 15522
267000000 310.36423818539287822 12950.990627970235437 4214.9339805716044793 -355.84549920618968599 -3554.2150415058399631 8124.9945212836337305 15534
268000000 311.55883581995914255 13000.839227989099527 4277.5431336731135161 -350.34057897867597831 -3614.9188739628502844 8242.8025866146399494 15540
269000000 311.60337825979428317 13002.697910948916615 4358.9536689380638563 -362.70009520128542135 -3583.1599756502578202 8304.8137397896061884 15529
270000000 306.05645675717983067 12771.233974206519633 4184.0695771639802842 -395.06992739368320144 -3574.5262389845415782 8153.6657435422057461 15521
271000000 307.20494378250327827 12819.158454128153608 4279.0248607647408789 -411.5199028375202488 -3524.2277892068877918 8214.7725528091505112 15532
272000000 304.97463095668501865 12726.091157865237619 4172.9881757954644854 -409.21372616839471448 -3594.6233706955713387 8176.8252726594291744 15537
273000000 310.86728656663314041 12971.982011864685774 4283.5525098557027377 -389.24878398654163902 -3459.4445935498224571 8132.2458873920677433 15514
274000000 309.67256763560277477 12922.128350343315105 4293.3567123642060324 -382.85322758659782494 -3587.9044440241677876 8264.1143839749711333 15544
275000000 308.58439036260330113 12876.720497471529598 4119.1977646333853045 -362.55370218672220517 -3698.3515188027263321 8180.1029856228324206 15545
276000000 310.32909943221022786 12949.524345431345864 4295.3428543839700069 -405.49771920327145835 -3544.394762690861171 8245.2353362781013857 15537
277000000 312.37753901805172063 13035.002369682160861 4264.1820713614797569 -353.90620100398473369 -3554.0356247528070526 8172.1238971182719979 15519
278000000 312.94697835058929059 13058.764139085780698 4345.1557183494815035 -376.15028233712075689 -3445.6674360833048922 8166.9734367699074937 15502
279000000 308.39535262561707896 12868.832262749785514 4302.2318532393528585 -359.63747235409596215 -3556.6482356841534056 8218.5175612776019989 15525
280000000 310.93209706388000768 12974.686447618450984 4104.7855563407410955 -381.6317600256771243 -3662.8544786109332563 8149.2717949773505097 15546
281000000 308.96476220296784732 12892.592790518263428 4124.209411623408414 -352.65095188898533252 -3689.2907981752050546 8166.1511616875995969 15543
282000000 310.61994026488235932 12961.660656367781485 4042.407532648122924 -349.21507486532664188 -3761.8963100130640669 8153.5189175265140875 15546
283000000 308.96181760319058185 12892.469917199025076 4167.2296433193032499 -378.06049706748405015 -3660.2793164124077521 8205.5694567991959048 15555
284000000 309.14253031420122397 12900.01076224076678 4192.1937577030785178 -385.43946665246647854 -3598.6741692482682993 8176.3073936038126703 15525
285000000 310.77489594522995731 12968.126702764318907 4252.3082120011968073 -398.01118581981876332 -3554.3226545979305229 8204.6420524189470598 15524
286000000 310.10456164439148097 12940.154751812351606 4286.4635678944132451 -388.18803343806405337 -3563.92490448725448 8238.5765058197303006 15528
287000000 311.1806182983083886 12985.05683112897168 4258.7448424880249149 -372.96979935934143668 -3525.2053881957117483 8156.9200300430784409 15525
288000000 307.99738740754264654 12852.22582690629315 4240.9623142968957836 -418.66461504823422501 -3534.6848939305582462 8194.3118232756878569 15519
289000000 310.60870726309872225 12961.191921626710609 4257.9371017783250863 -364.78126488584337039 -3507.9864715337462258 8130.7048381979147962 15536
290000000 310.91373247046658435 12973.920123255262297 4170.0331283801533573 -410.25751927521628204 -3612.3871710589373833 8192.6778187143063406 15533
291000000 311.1378738262543493 12983.273174415795438 4244.5821741403306078 -368.43414331202734502 -3487.9375353329314748 8100.9538527852892003 15523
292000000 312.947408123042635 13058.782072785385026 4188.5198957255879577 -368.28478419078737716 -3583.0244993634519233 8139.8291792798281676 15529
293000000 312.44539490180483199 13037.833884420060713 4078.0898792857906301 -364.5033795346654415 -3696.3807276910520159 8138.9739865115061548 15550
294000000 309.51708780584584702 12915.640432051590324 4203.1204297001359009 -391.68991132230007679 -3477.0874768875582959 8071.8978179099940462 15503
295000000 312.30567913657597501 13032.003774686290853 4157.9155063097523453 -395.00188815794564334 -3619.4663477537237668 8172.3837422214210164 15534
296000000 308.89589471588874403 12889.719063232709232 4233.6770063139938429 -391.15369954484322079 -3649.0510913153780166 8273.8817971742137161 15540
297000000 313.6871696833122769 13089.651109405067473 4223.1511390356790798 -406.03966445187364798 -3497.3799378893399989 8126.5707413768932383 15525
298000000 305.92854088036642679 12765.896254463210425 4014.451523810037088 -349.40351657629258852 -3737.7794612853658691 8101.6345016716959435 15538
299000000 310.58698137215736779 12960.285335830578333 4242.5549356916053512 -394.61805893566514669 -3538.0741218672064861 8175.2471164944781776 15528
300000000 309.58989262835154932 12918.678457886831893 4008.7840694216811244 -392.79748101653262893 -3679.9661433147794014 8081.5476937529929273 15548
301000000 311.07733546838954908 12980.747008031667065 4077.7832786256285544 -411.91360925070165422 -3694.9044849073197838 8184.6013727836507314 15546
302000000 308.58991389361864321 12876.950985361600033 4386.7495791018700402 -429.71009677723145614 -3535.2141752163206547 8351.6738510954219237 15535
303000000 310.9659241953411879 12976.097998334107615 4195.740963562705474 -394.32917809406330889 -3651.6678716831370366 8241.7380133399055921 15550
304000000 310.71445136769938244 12965.604449679725803 4392.9925101272147003 -366.56493722132734092 -3453.9834112323883346 8213.5408585809309443 15521
305000000 310.16484712446532512 12942.670366021011432 4236.9375907376088435 -402.98668871227454247 -3531.6044087000618674 8171.5286881499450828 15511
306000000 307.52348505323692507 12832.45065891313061 4050.664142222854025 -367.29433605160431853 -3551.6239386951069719 7969.5824169695652017 15537
307000000 310.7581143562048851 12967.426434577955661 4326.1899853042941686 -373.65805891754405366 -3653.8881001214467688 8353.7361443432855594 15537
308000000 309.90262585724826749 12931.728302611780236 4252.3277997122440865 -361.7168020089844731 -3569.2741373976714385 8183.3187391189003392 15546
309000000 309.76858546690351659 12926.135016963684393 4296.8013258189566841 -360.28301595032087334 -3556.8093465383958574 8213.8936883076748927 15531
310000000 309.99091678206752931 12935.41253809765476 4249.9661897211854011 -347.77438143690994821 -3611.4755110590358527 8209.2160822171317704 15550
311000000 309.39828659067040917 12910.683052189386217 4224.1590723038825672 -368.28264002285629886 -3495.1635653501220986 8087.6052776768610784 15521
312000000 313.37537285947149712 13076.640339327295806 4310.4153156616848719 -410.84180260465996071 -3507.8620863934220324 8229.1192046597661829 15531
313000000 306.63021816559785293 12795.176096747951306 4092.9952865320492492 -401.80218849770642464 -3587.4251516458980404 8082.2226266756533732 15526
314000000 304.37099927466124427 12700.902597796773989 4249.3789480316554545 -403.07176161609754672 -3518.2913092975577456 8170.7420189453105195 15537
315000000 310.02273963118074107 12936.740453398175305 4190.1339941495325547 -370.76772901876040578 -3530.4704524654534907 8091.372175633747247 15521
316000000 309.19719341852470507 12902.291763930677917 4334.3597921318623776 -405.69486195223987579 -3398.8502166003936509 8138.9048706844951084 15524
317000000 311.01556054318865563 12978.169241720708669 4097.5476693188184072 -373.14448834418840306 -3571.8064966977008226 8042.4986543607074054 15528
318000000 311.65503200263555073 13004.853336919861249 4103.1245190789932167 -388.1335007579161811 -3557.7985434094084667 8049.0565632463167276 15521
319000000 308.936832053844455 12891.4273112038627 4053.8747184274716346 -378.0855805623194783 -3692.423412713199923 8124.3837117029916044 15545
320000000 311.64118340379440042 13004.27545760344583 4248.8356564145415177 -373.52800646357570713 -3543.7614772204387918 8166.1251400985556756 15520
321000000 308.17733216562521648 12859.734626531873801 4257.0707574520265553 -375.52617790771955697 -3559.6067491153175979 8192.2036844750637101 15534
322000000 312.61629826587625303 13044.96540150243527 4232.8388145404469469 -388.28467800751542427 -3608.2294391593482032 8229.3529317073098355 15531
323000000 309.97571004295622288 12934.77798581526622 4071.7189425216388372 -374.33253449622532116 -3709.5670575946396639 8155.6185346125039359 15541
324000000 307.78169621841749404 12843.225387341388341 3987.2116236820256745 -369.82523659299101837 -3733.6043521912097276 8090.6412124662274437 15561
325000000 309.12404554435283899 12899.239423112050645 4184.7865767142466211 -427.09560754582287245 -3510.0521847518493814 8121.9343690119185339 15523
326000000 315.03063153110537087 13145.711568888194961 4339.7465992144452684 -353.66104959278050046 -3484.5297801327310481 8177.9374289399565896 15526
327000000 311.37576610210726358 12993.200028917624877 4151.8735355141743639 -358.72955199119849112 -3580.3874479245064322 8090.9905354298789462 15554
328000000 311.55800590445494436 13000.804596976262474 4329.7953197479855589 -366.81547007668098104 -3461.6836709270010033 8158.2944607516674296 15520
329000000 310.24960234570801276 12946.20706239557876 4336.8629628163625966 -345.95580373054559686 -3524.841133566874305 8207.6599001137819869 15538
330000000 309.19260739808055405 12902.10039681912167 4053.9347041242781415 -367.05837584496907766 -3621.53953023901704 8042.5326102082653961 15527
331000000 314.91661250338052014 13140.953741864990661 4264.9609602946920859 -368.04058113327926094 -3458.7523848620503486 8091.7539262900218091 15502
332000000 315.44078250170633737 13162.826496198644236 4192.5474062920466167 -346.60287486583956706 -3641.924777355076003 8181.0750585129626415 15535
333000000 313.54583342267562784 13083.75337905572087 4169.5108112088237249 -364.03143931397761435 -3739.6492847102517771 8273.1915352330524911 15549
334000000 311.65434415721040295 13004.824634258411606 4096.0774109229605529 -368.13171219409161949 -3608.726304771177638 8072.9354278882292419 15547
335000000 308.14366305512686495 12858.329669771823319 4083.8103365027691325 -368.54555974384527417 -3677.4209124898789014 8129.776808736492967 15538
336000000 309.07339283035958033 12897.125768433135818 4269.6488924117584247 -393.45566898123286137 -3543.3565814395742564 8206.4611428325661109 15536
337000000 307.07109882404620294 12813.573323532202267 4201.5796364483921934 -359.44686211218504468 -3579.5385761134566565 8140.565074674034804 15534
338000000 307.36028291271071566 12825.640501258441873 4170.9124023160311481 -405.21704681189066832 -3590.3870423288171878 8166.516491456739459 15533
339000000 308.31046905958419302 12865.290210757622845 4195.8024903031564463 -365.57046032010725867 -3549.6085698488454909 8110.981520472109878 15519
340000000 306.82935547464683168 12803.485770047462211 4261.5969280818681 -399.38568451601213383 -3536.1444286199248381 8197.1270412178055267 15523
341000000 307.70469733625799336 12840.01235027551229 4239.2795490456592233 -371.6056099554198795 -3608.2592004681755498 8219.1443594692555052 15524
342000000 310.67204680702843689 12963.834976911073682 4111.4843096070599131 -391.37228936798487666 -3611.882402697409816 8114.7390016724548332 15515
343000000 310.16703577792742408 12942.761694940352754 3952.3302777577341658 -397.24984919897030977 -3705.68136338670638 8055.2614903434105145 15544
344000000 307.97547240820972547 12851.311349927142146 4226.7217147189730895 -368.36113484279900376 -3570.6321482550047222 8165.7149978167763038 15527
345000000 310.49893129736631181 12956.611150621360139 4274.8706271737091811 -410.87213527607491415 -3563.8890437535628735 8249.6318062033460592 15528
346000000 309.73133559301527384 12924.580640820220651 4263.4184760105772511 -368.45212716864699587 -3583.9448197560641347 8215.8154229352876428 15539
347000000 309.96823038198073164 12934.465871830225296 4285.0162327894768168 -348.60045984791150886 -3638.5175038652814692 8272.1341965026695107 15528
348000000 312.24042072497974232 13029.280648201356598 4004.3366733607267633 -393.46624303229731368 -3729.4095527673357537 8127.2124691603603424 15531
349000000 313.12121620949125145 13066.034799168495738 4208.5331991976945574 -364.5653608465599973 -3592.107770859530774 8165.2063309037857834 15525
350000000 309.6698137867862215 12922.013436748815366 4273.0786670224933914 -361.23263082395715173 -3629.7680170390326566 8264.079314885482745 15526
351000000 306.55825839525232368 12792.173333553375414 4259.9901957460760968 -380.66392969117652001 -3543.5699178515928907 8184.2240432888465875 15541
352000000 312.8101771829487916 13053.05565072911304 4132.3815188134194614 -373.97364175426037036 -3615.931407309570659 8122.2865678772504907 15549
353000000 312.87276420510391972 13055.667304514041462 4282.4242531756226526 -401.9598229507639644 -3577.0633416682976531 8261.4474177946849522 15541
354000000 311.96577987935256715 13017.820336154545657 4238.9010326597644962 -395.93136514330819864 -3499.3940267719808617 8134.2264245750529881 15529
355000000 313.20130371317719664 13069.376719344991216 4172.1008779995199802 -392.91503894926654539 -3561.3021898500719544 8126.3181067988589348 15527
356000000 309.55626653643963664 12917.275296221838289 4375.7305960619278267 -381.91077458333006689 -3435.5066483431419329 8193.1480189884005085 15534
357000000 309.14806956435546681 12900.241906064722571 4227.8131024426475051 -404.25613389144950816 -3563.318021359168597 8195.3872576932662923 15526
358000000 312.1361357492896218 13024.929007204644222 4320.7343203587133758 -407.96017785736478345 -3462.8104002883824251 8191.5048985044595611 15524
359000000 308.16152800962117908 12859.075145022379729 4254.2307860422288286 -374.45892412730779597 -3484.4585556226666085 8113.1482657922042563 15531
360000000 309.5536839150691435 12917.167527667830655 4031.3406453895695449 -397.43821068188947265 -3624.0268336117278523 8052.8056896831858467 15536
361000000 303.72715974844430775 12674.036230335419532 4164.8082604576866288 -399.08240926776420565 -3473.3685633495201728 8037.2592330749703251 15514
362000000 310.8765873737813763 12972.370119292634627 4278.2153152089376817 -399.3472965995309778 -3518.9220311396093166 8196.4846429480785446 15527
363000000 312.87720472928435811 13055.852600305142914 3958.6794745846027581 -393.59122572218234382 -3764.4319435891875401 8116.7026438959728694 15564
364000000 312.74492762354026354 13050.332893631453771 4177.4110759637060255 -372.8690488869665387 -3617.1813396580819244 8167.4614645087531244 15535
365000000 310.99062726056405381 12977.128816730111794 4276.9405176341206243 -367.8311527265143468 -3483.9492752158735129 8128.7209455765096209 15528
366000000 307.69427661784652628 12839.577510787326901 4386.6995341923739034 -380.58885669415673192 -3477.4385053867495117 8244.7268962732796354 15514
367000000 311.58777612602125373 13002.046859495785611 4104.7408902983797816 -383.37693335488552293 -3622.6124648808759048 8110.7302885341405272 15519
368000000 310.78085723140793561 12968.375457459360405 4320.8371993739874597 -365.68983250885293046 -3582.0864530659828233 8268.6134849488225882 15541
369000000 311.72025556091540466 13007.575009033065726 4359.8458018896599242 -346.82148637907107513 -3447.161672127505426 8153.8289603962366527 15516
370000000 315.38431923220878161 13160.470376568486245 4114.5752808676807035 -377.58902270664589196 -3644.6581953810323284 8136.8224989553582418 15532
371000000 312.14215710268967996 13025.18026840634775 4533.7228162556102689 -396.91037135977171602 -3449.0740787657168767 8379.7072663810995437 15517
372000000 308.05854451369958724 12854.777812641837954 4151.0127754759323579 -373.6916594946155783 -3598.0692559559788606 8122.7736909265258873 15526
373000000 311.97156471060657168 13018.0617276750163 4025.2460139975291895 -363.95845609837647316 -3625.0286166739806504 8014.2330867698865404 15523
374000000 309.02462146887665995 12895.090619508853706 4098.2545658514854949 -374.62311016215949167 -3644.0856751930095925 8116.9633512066557159 15547
375000000 308.60613393736184662 12877.62782118434734 4241.5754093524656128 -407.84086237821975374 -3539.3678598227115799 8188.7841315533969464 15527
376000000 311.33694902793035908 12991.58025607649688 4217.2909978026118551 -386.22155637206469692 -3569.7747105103353533 8173.2872646850119054 15539
377000000 313.90894382195688195 13098.905380476713617 4324.6327419794288289 -394.73504349270814373 -3535.4541321227370645 8254.8219175948725024 15517
378000000 310.78403243553685797 12968.507953519976581 4028.4277729577879654 -369.84964555756403115 -3758.7130977759175039 8156.9905162912700689 15534
379000000 310.9587887737433789 12975.800248893707248 4039.360072583395322 -370.15277268504416952 -3591.6347492338700249 8001.1475945023112217 15540
380000000 308.61027142085043806 12877.80047158439811 4195.4074126287841864 -382.66578089266602092 -3576.1567824291482793 8154.2299759505976908 15547
381000000 307.20438644536682204 12819.135197363544648 4224.1090956954485591 -349.85923672272406293 -3564.0119521473125133 8137.9802845654858174 15529
382000000 312.8954974739450563 13056.615926537720952 4210.7485719539899947 -396.18609794656038048 -3513.1796391363077419 8120.1143090368595949 15526
383000000 309.34946352581391693 12908.64574576812447 4274.5895416791718162 -356.82080155180346992 -3483.1134975225140806 8114.523840753488912 15519
384000000 309.81711458269757031 12928.160057372680967 4146.1898738948439131 -399.71876296459231526 -3565.1162979434202498 8111.0249348028555687 15543
385000000 312.70192735418390839 13048.538562916386581 4297.856359082439667 -372.45053280193837963 -3511.9823627246414617 8182.2892546090188262 15536
386000000 310.23066169519233881 12945.416700114312334 4262.6417840080393944 -390.34698853965608123 -3505.5848078324779635 8158.5735803801735528 15530
387000000 307.8779552045562582 12847.242116957628241 3995.9022593771874199 -414.60481179951432296 -3673.160856782389601 8083.6679279590916849 15549
388000000 308.16445973788563606 12859.1974812344979 4066.4263694075898457 -384.13646755722061243 -3625.6469273017778505 8076.2097642665876265 15537
389000000 305.16559417922280772 12734.059739941039879 4001.2800986551965252 -419.95916449858219721 -3653.9943114360476102 8075.2335745898262758 15545
390000000 307.5604798114576397 12833.994389498206147 4216.1410818890899463 -381.92540157711641768 -3644.3981252056209996 8242.464608671827591 15550
391000000 309.90390753369365484 12931.78178486775505 4171.9723134182677313 -371.78645324488309143 -3563.7608161852513149 8107.5195828484011145 15529
392000000 311.29642352266603211 12989.889193208104189 4093.4656695317939921 -400.23350623994065245 -3606.9655243479728597 8100.6647001197070495 15535
393000000 309.93435583676534861 12933.05234261636906 4073.7601181557624841 -356.65249244408363438 -3631.6805206618400916 8062.0931312616858122 15542
394000000 311.20762977530114313 12986.183975762085538 4254.9776921515313006 -369.46023144648756897 -3505.8954638944705948 8130.3333874924874181 15512
395000000 305.7647904169616595 12759.063216194110282 4204.7370935290118723 -396.09153196593200619 -3569.7192376959419562 8170.5478631908863463 15543
396000000 308.892188946154306 12889.56442753956253 4237.3890670000237151 -417.20779843400885056 -3587.4752039687200522 8242.0720694027531863 15537
397000000 308.77664567517035721 12884.742996345081337 4108.2838086610890969 -389.86105217261587086 -3608.0653293359919189 8106.210190169696034 15540
398000000 308.62177624160568712 12878.280548885342796 4277.2274787319292955 -388.31583797981852513 -3648.2667779519779288 8313.8100946637241577 15543
399000000 309.91790929667803312 12932.366055472661174 4263.1317376226534179 -358.30831991879517773 -3654.0678605810498993 8275.5079181224973581 15536
400000000 308.62901223806170492 12878.582495149621536 4303.246846671799176 -374.2848906161176501 -3559.66706480697394 8237.1988020948901976 15535
401000000 308.98481531019012891 12893.429573793346208 4027.378742983981283 -417.55656968703857501 -3600.8218070055836506 8045.7571196766029971 15536
402000000 312.21164511587346624 13028.079889228518368 4180.9915715065826589 -348.86926382771270028 -3531.922946511099326 8061.7837818453954242 15510
403000000 307.05203553886974532 12812.777843907673741 4098.4379839215325774 -379.83863938461416865 -3702.2222653024232386 8180.4988886085693593 15543
404000000 309.90061372439203069 12931.644339607808433 4327.2801206225612987 -371.70186850012106561 -3457.5643435925067024 8156.5463327151901467 15511
405000000 310.53477298163329579 12958.106765321515923 4388.71476081631954 -378.93225327435857253 -3493.7229009621332807 8261.369915052811848 15508
406000000 311.79505727030561957 13010.696361682883435 4384.3863603975396472 -413.18012448448143914 -3487.9846050706128153 8285.5510899526343565 15530
407000000 309.49779195666729947 12914.8352479126861 4221.5150254371346819 -358.25142963030435794 -3532.348275027589807 8112.1147300950278805 15547
408000000 308.09781078386282616 12856.41632969474631 4242.816562258904014 -375.27699349085946778 -3497.5936107843872378 8115.6871665341514017 15531
409000000 311.48362822772060099 12997.700938513713481 4212.8993649700987589 -365.59456026883719915 -3594.6933101750028072 8173.1872354139395611 15529
410000000 304.13965904958268993 12691.249149627674342 4275.7917683945579483 -399.13076610540633737 -3495.926201291041707 8170.8487357910071296 15530
411000000 309.11659694542879606 12898.928605295472153 4296.1592285756169076 -380.43808669721840943 -3534.256393111865691 8210.8537083847004396 15517
412000000 310.66941583218027745 12963.725190645749535 4124.4111553348966481 -394.93061899898469846 -3642.645544054425045 8161.987318388305539 15537
413000000 309.36820012432298199 12909.42759329382352 4233.6010678374668714 -364.12436246726781519 -3638.4292544163304228 8236.1546847210647684 15534
414000000 310.55464248717009923 12958.935887199389981 4177.8529434240299452 -395.64445246349680474 -3533.9097278759027176 8107.4071237634288991 15527
415000000 310.67983947249672383 12964.160152060236214 4105.9426488288681867 -362.82770732860615226 -3612.6290952883214231 8081.3994514457945115 15546
416000000 308.64966736885241971 12879.444399880831043 4186.7565551075613257 -374.67289732877350161 -3581.7074818820101427 8143.1369343183459932 15527
417000000 314.244130647600457 13112.892176967538035 4073.5961994757954017 -376.31430341505136994 -3664.5922553957630043 8114.5027582866114244 15543
418000000 305.90340398024210344 12764.847332848305086 4182.3346168931293505 -353.00464118977220096 -3545.5544016606663718 8080.8936597435676958 15520
419000000 313.87621392746234505 13097.539615660085474 4010.2021864140988328 -411.30496458339263199 -3744.3394687994896231 8165.846619796981031 15550
420000000 310.04221327679607612 12937.553056690780068 4066.5268965908612699 -354.67669244395108308 -3663.417524980278813 8084.621114015090825 15524
421000000 306.87292173344570756 12805.303718573681181 4170.8350814520381391 -395.93354065697099031 -3629.0984043587868655 8195.867026467796677 15545
422000000 312.4890639525654592 13039.656122286252867 4358.9748496934280411 -394.63404434876326832 -3448.5274099106786707 8202.136303952869639 15516
423000000 309.30644811589718302 12906.850783262305413 4152.9888513540390704 -397.55078956841180116 -3585.5823309936331498 8136.1219719160835666 15526
424000000 311.12748510098549559 12982.839669948978553 4130.7537373164050223 -389.54791506454949968 -3609.8041614766621024 8130.1058138576154306 15531
425000000 310.75674373071274204 12967.369240624144368 4077.6593454614189795 -367.36384399135522472 -3659.042876348054051 8104.0660658008282553 15542
426000000 310.13820499689103372 12941.558633733358874 4203.1306598967930768 -386.16963613500865904 -3569.980873858457926 8159.2811698902587523 15528
427000000 309.33747904738777379 12908.14565313926505 4284.7487134769871773 -365.79605240878095174 -3528.7542887431163763 8179.2990546288847327 15513
428000000 309.32476939163461793 12907.615300049919824 4048.5901155617070799 -378.45715419861471673 -3625.9460982465243433 8052.9933680068461399 15539
429000000 312.20061089845506785 13027.619449432979309 4159.9681644690272151 -402.76643916711509519 -3549.475068634521449 8112.2096722706637593 15523
430000000 309.25536716794510994 12904.719259082639837 4279.4438490434713458 -374.61220957722161984 -3504.4654249352461193 8158.5214835559399944 15535
431000000 310.27975797494480048 12947.465407345080166 4069.7073524417937733 -373.56114189700286943 -3600.9504126080182687 8044.2189069468149683 15523
432000000 310.76760540774682795 12967.82248059243102 4164.1896809959935126 -412.41027655732909807 -3636.5695873438194212 8213.1695448971422593 15546
433000000 308.00541333060289162 12852.560735512201063 4128.4093386895365256 -417.61996340612893164 -3616.1941426891726223 8162.2234447848377386 15533
434000000 311.02205494213671955 12978.440242337283053 4055.1908294848990408 -368.32579354550409789 -3699.8934541447179072 8123.4100771751209322 15546
435000000 310.5755719843215843 12959.809240788843454 4204.9462671027395118 -386.852505958163988 -3557.4799310724210955 8149.2787041333249363 15524
436000000 310.54699409151885447 12958.616732193075222 4279.004723894124254 -400.34094333183088565 -3502.9583384154666419 8182.3040056414220089 15526
437000000 312.21539304921088842 13028.236284339665872 4270.9524029257545408 -362.51041917141606064 -3554.007949031829412 8187.4707711289993313 15523
438000000 311.71822471149636158 13007.490265017624552 4314.3183274740749766 -399.39983583867257266 -3467.7510187844673055 8181.469182097214798 15513
439000000 314.29496165356403026 13115.013271477953822 4275.7282354328845031 -360.4408960362865173 -3598.4197239591740072 8234.5888554283446865 15530
440000000 312.05951376847968959 13021.731697613928191 4229.1403760283683368 -405.65213141491841498 -3517.6054910684460992 8152.3979985117330216 15536
441000000 313.6086425715425321 13086.374301824022041 4274.153032164987053 -386.52790065460857249 -3557.3878721648779901 8218.0688049844738998 15536
442000000 309.72460929832016063 12924.299963574458161 4280.5218701982248604 -391.86997354932981352 -3518.4714761531708973 8190.8633199007254007 15512
443000000 309.69957794332430012 12923.255446184657558 4260.4868394629193062 -375.63051800210018882 -3614.1391787949310128 8250.2565362599507353 15552
444000000 308.67777873957555812 12880.617441275366218 4119.0797352431582112 -424.75937636109063078 -3635.4682227071630223 8179.307334311411978 15533
445000000 308.19912663332002012 12860.644073923451288 4170.7616624412803503 -347.25987251078117879 -3521.1353973234354271 8039.1569322754958193 15531
446000000 312.02265005906758688 13020.193435480699918 4059.4720312839895087 -404.92868767088708637 -3678.2995103639332228 8142.700229318809761 15553
447000000 310.4048497951263812 12952.685283836906819 4186.3410418188532276 -364.23274227487615917 -3478.7862339444054669 8029.3600180381345126 15533
448000000 311.22850364679999302 12987.055008184286635 4295.8942930858374893 -387.49176371749263126 -3476.02284744180497 8159.4089042451341811 15534
449000000 310.85197255118703197 12971.342983116790492 4367.1323786687262327 -386.44796543808917022 -3518.0897603993817029 8271.6701045061981858 15521
450000000 309.73697128835829062 12924.815809143725346 4175.3831361609527448 -385.79246615345630289 -3575.1913416597499236 8136.3669439741588576 15535
451000000 314.21669170693894557 13111.747194976614992 4075.7399137205129591 -364.93125595048275045 -3672.699780699996154 8113.3709503709915225 15548
452000000 312.71589373206347773 13049.121356958903561 3963.8517450157460189 -390.44325072718743286 -3640.7838787293039786 7995.0788744722367483 15538
453000000 310.80003193113208226 12969.175586230230692 4146.7524771653625066 -357.64970974021139227 -3625.6183519038049781 8130.0205388093800138 15535
454000000 308.77104735241766775 12884.509387518477524 4050.8040306764714842 -411.6377283916478973 -3684.2233539684020798 8146.6651130365216886 15549
455000000 311.87289399952305757 13013.944360732326459 4249.540869626712265 -386.53106816949173208 -3535.4784589160635733 8171.5503967122676841 15519
456000000 315.32802159941138598 13158.12116868616431 4137.6201539798121303 -427.56519808054645182 -3582.3505425449156974 8147.5358946052747342 15539
457000000 310.83400818334996529 12970.5933595104907 4413.305362465914186 -372.78104308594782879 -3471.1847593606462397 8257.2711649125085387 15511
458000000 308.78217189343700966 12884.973596369742154 4186.2522853121445223 -365.83814323896467613 -3568.6702018857631629 8120.7606304368719066 15536
459000000 311.73732457728380041 13008.287271091054208 4221.2242099453578703 -350.13270157301906238 -3484.8294809619246735 8056.1863924803001282 15516
460000000 312.10272354190811939 13023.534770590311382 4232.3893689938659008 -388.27486094864292454 -3599.8175222953832417 8220.4817522378907597 15537
461000000 310.07478183566655616 12938.912089236424436 4249.677248330823204 -386.5667808640300791 -3495.4795975158622241 8131.7236267107145977 15531
462000000 308.97677463817854004 12893.094049737888781 4251.5876009040748613 -406.9970104721462576 -3591.2523110920283216 8249.8369224682483036 15530
463000000 313.48441332862091713 13081.190419266531535 4035.5657556482633481 -413.81304083138820715 -3676.7051986792512253 8126.0839951589023258 15529
464000000 310.04326821207183684 12937.597077409627673 4096.0441611893129448 -375.5230344418673667 -3673.7096931229625625 8145.2768887541442382 15541
465000000 309.89324710746291203 12931.336942765419735 4170.9194861803107415 -408.48100290685761138 -3577.7285128605635691 8157.129001947731922 15541
466000000 312.5392002553434736 13041.748227972124369 4243.1806033422080873 -381.05898587206354478 -3559.4699775384942768 8183.7095667527655678 15533
467000000 306.0839905253192228 12772.382913192566775 4258.3152971843710475 -395.19142373113811573 -3470.7563594768598705 8124.2630803923684653 15528
468000000 309.65500784529217526 12921.395609093642634 4208.9723069144147303 -365.18863290385013443 -3611.0686773467714374 8185.2296171650359611 15537
469000000 311.26351207800109933 12988.515852600628932 4096.2812405614149611 -391.67082841701233065 -3653.6478003279898985 8141.5998693064175313 15539
470000000 310.11127031240084762 12940.434693525428884 4280.2535924008661823 -370.85478068403767793 -3525.3074887623834002 8176.4158618472883973 15512
471000000 309.27508843783544989 12905.542195330112008 4213.3665024215661106 -369.04385034241784069 -3632.991348679436669 8215.4017014434211887 15532
472000000 305.21622216600212596 12736.172362793871798 4289.1310200878506294 -364.47276953205238215 -3529.3926535456921556 8182.9964431655953376 15528
473000000 309.45549006145552084 12913.070059205261714 4298.656716422646241 -396.23164593560954927 -3609.7535596350694505 8304.6419219933250133 15534
474000000 311.05687113667778476 12979.893065033091261 4192.2772445280261309 -405.98581792396055334 -3554.7025717179303683 8152.9656341699164841 15524
475000000 310.57453079031063226 12959.765793470438439 4121.0057618799401098 -342.3760313511708091 -3712.7406227956489602 8176.1224160267593106 15544
476000000 308.36665918848080992 12867.634932678483892 4206.9257617464090799 -379.04435164633628119 -3589.4580980735950106 8175.4282114663401444 15538
477000000 312.12971176853847055 13024.66094502393571 4182.3730134570478185 -387.83694303427910199 -3534.1450886974321293 8104.355045188758595 15539
478000000 307.35513120963167921 12825.425529138314232 4287.3913282010789771 -397.71317048548485218 -3550.4626479558919527 8235.5671466424555547 15519
479000000 309.07338532426717848 12897.125455216211776 4143.2963077998811059 -414.54240057815542286 -3604.2088158278857009 8162.0475242059228549 15534
480000000 307.92447241856905293 12849.183204005032167 4229.9686492451637605 -387.64064705087696439 -3540.2409801567873728 8157.8502764528275293 15527
481000000 311.98307614725905523 13018.542081046500243 4112.4902035065824748 -374.62290013978099523 -3622.9157584873428277 8110.028862133705843 15541
482000000 313.81248354635198439 13094.880251381187918 4123.8215023340144398 -366.64060894050930983 -3665.2565174778574146 8155.7186287523818464 15540
483000000 312.96029490450251842 13059.319817039966438 4363.0702027412698953 -390.32353196408826079 -3499.6051016030469327 8252.9988363084048615 15520
484000000 310.11724463974707078 12940.683992407033656 4324.0628933391944884 -376.40235406490103287 -3513.7041211018649847 8214.1693685059599375 15527
485000000 314.49645807933723063 13123.421386849156988 4163.1411705425916807 -394.00228713076273834 -3533.513918708410074 8090.657376381764152 15529
486000000 311.71416422962278148 13007.320827768677191 4208.5310065764606406 -396.93666085225004281 -3595.8426256558791465 8201.3102930845889205 15526
487000000 312.15611117954284737 13025.762549147208119 4111.2363035754133307 -354.53914358478544955 -3584.2328339348832742 8050.008281095082566 15533
488000000 309.99688602879848531 12935.661624973516155 4227.1323090841842713 -402.99734813024224422 -3569.1411597509340936 8199.2708169653596997 15533
489000000 308.30356584637985407 12865.002150992635507 4186.2411942712478776 -379.14662787751137785 -3578.7284748085285173 8144.116296957286977 15525
490000000 307.64836186269525342 12837.661563360115906 4196.2267002813969157 -360.20294344593412461 -3583.3532449895196805 8139.7828887168507208 15535
491000000 311.31609262759747025 12990.709952697396147 4230.9420164542980274 -397.74720622125664704 -3573.2807116405383567 8201.9699343160937133 15524
492000000 306.59442185374467726 12793.682375364209292 4247.2021751075481006 -354.93514705137442888 -3548.8949851060842775 8151.0323072650062386 15536
493000000 308.78125974851457158 12884.935534058147823 4381.3698939328041888 -369.60543304990665092 -3429.8000501992519276 8180.7753771819616304 15513
494000000 310.68943710980113337 12964.560645723768175 4468.3197549026172055 -363.25751602649654615 -3493.7369083859985039 8325.3141793151116872 15529
495000000 311.72023318434258954 13007.574075295382499 4100.3262451207083359 -361.11996940960000302 -3659.1352843074182601 8120.5814988377260306 15539
496000000 310.10833928404923654 12940.312386519526626 4289.3500988805835732 -394.8394130419371777 -3490.5057814881374725 8174.6952934106584507 15519
497000000 308.19865087753345279 12860.624221414769636 4182.9508097263042146 -398.397682620846183 -3674.0536169919732856 8255.4021093391238537 15540
498000000 310.63683832639549109 12962.365784760044335 4158.1555972632895646 -374.41032541462777772 -3635.7722435825126013 8168.3381662604297162 15542
499000000 311.66081514178443967 13005.094657831559743 4128.582604322548832 -407.86106993982832591 -3707.1137315653882069 8243.5574058277652512 15551
500000000 312.77933881382102754 13051.768816163730662 4193.2861493283762684 -386.5039948879564804 -3516.305432924971683 8096.0955771413046023 15535
