# Fix print output for fix saveBond
1000000 99331 99110
2000000 210168 209918
3000000 320868 320633
4000000 434093 433869
5000000 547578 547345
6000000 670073 669810
7000000 798308 798051
8000000 929240 928953
9000000 1057181 1056934
10000000 1179249 1178990
11000000 1298146 1297891
12000000 1414208 1413982
13000000 1534344 1534110
14000000 1660291 1660032
15000000 1786725 1786440
16000000 1906946 1906693
17000000 2019644 2019419
18000000 2134107 2133860
19000000 2247686 2247425
20000000 2365988 2365734
21000000 2481366 2481127
22000000 2589535 2589285
23000000 2697798 2697551
24000000 2814999 2814739
25000000 2924566 2924332
26000000 3038585 3038349
27000000 3159016 3158740
28000000 3275209 3274990
29000000 3389507 3389250
30000000 3512459 3512160
31000000 3642975 3642689
32000000 3767527 3767271
33000000 3890084 3889849
34000000 4002604 4002365
35000000 4121112 4120856
36000000 4242446 4242203
37000000 4360986 4360706
38000000 4481599 4481350
39000000 4596058 4595805
40000000 4712743 4712511
41000000 4830752 4830512
42000000 4947432 4947179
43000000 5068657 5068422
44000000 5181858 5181610
45000000 5295770 5295538
46000000 5404361 5404134
47000000 5513536 5513297
48000000 5623301 5623070
49000000 5739419 5739149
50000000 5856823 5856591
51000000 5981083 5980850
52000000 6097341 6097104
53000000 6209499 6209252
54000000 6323182 6322929
55000000 6437914 6437658
56000000 6552953 6552713
57000000 6674326 6674058
58000000 6794045 6793792
59000000 6912337 6912060
60000000 7027839 7027606
61000000 7143062 7142800
62000000 7258248 7258025
63000000 7370399 7370162
64000000 7483596 7483370
65000000 7596772 7596552
66000000 7702005 7701755
67000000 7813614 7813369
68000000 7931387 7931126
69000000 8046312 8046067
70000000 8156733 8156494
71000000 8266460 8266221
72000000 8377555 8377302
73000000 8492366 8492144
74000000 8609563 8609298
75000000 8729405 8729141
76000000 8851810 8851579
77000000 8970438 8970198
78000000 9084141 9083907
79000000 9195169 9194949
80000000 9309337 9309070
81000000 9425879 9425630
82000000 9542634 9542373
83000000 9662814 9662573
84000000 9780149 9779906
85000000 9901472 9901254
86000000 10017714 10017491
87000000 10134355 10134085
88000000 10252072 10251820
89000000 10367829 10367584
90000000 10484771 10484526
91000000 10599115 10598877
92000000 10723274 10723011
93000000 10848892 10848613
94000000 10969077 10968818
95000000 11093959 11093694
96000000 11219824 11219581
97000000 11339291 11339030
98000000 11461041 11460800
99000000 11577207 11576982
100000000 11692781 11692538
101000000 11810749 11810502
102000000 11927146 11926907
103000000 12041693 12041451
104000000 12155460 12155217
105000000 12270247 12270000
106000000 12384117 12383887
107000000 12495235 12494998
108000000 12610258 12610019
109000000 12725134 12724902
110000000 12836366 12836127
111000000 12950887 12950649
112000000 13063719 13063487
113000000 13174560 13174335
114000000 13280214 13279967
115000000 13388741 13388524
116000000 13500267 13500032
117000000 13610510 13610285
118000000 13722633 13722384
119000000 13834665 13834410
120000000 13948620 13948398
121000000 14068807 14068554
122000000 14181349 14181087
123000000 14292258 14292040
124000000 14402048 14401807
125000000 14521631 14521353
126000000 14639543 14639307
127000000 14754155 14753931
128000000 14865619 14865381
129000000 14976673 14976430
130000000 15089718 15089470
131000000 15203216 15202991
132000000 15316239 15315997
133000000 15436681 15436446
134000000 15549698 15549472
135000000 15663078 15662848
136000000 15775997 15775750
137000000 15891190 15890942
138000000 16006316 16006091
139000000 16129074 16128823
140000000 16252110 16251856
141000000 16376170 16375904
142000000 16500105 16499838
143000000 16623386 16623149
144000000 16739188 16738942
145000000 16856799 16856570
146000000 16972117 16971884
147000000 17090024 17089789
148000000 17203760 17203498
149000000 17330164 17329899
150000000 17453933 17453700
151000000 17565489 17565250
152000000 17675090 17674842
153000000 17787664 17787445
154000000 17902787 17902532
155000000 18020570 18020318
156000000 18137026 18136801
157000000 18257051 18256790
158000000 18372906 18372665
159000000 18487568 18487320
160000000 18602568 18602326
161000000 18710426 18710200
162000000 18824282 18824008
163000000 18940331 18940111
164000000 19050132 19049897
165000000 19168220 19167980
166000000 19288546 19288282
167000000 19407516 19407258
168000000 19530691 19530422
169000000 19655283 19655021
170000000 19771618 19771400
171000000 19889928 19889677
172000000 20006999 20006764
173000000 20126690 20126437
174000000 20248016 20247754
175000000 20373939 20373667
176000000 20491167 20490913
177000000 20612032 20611790
178000000 20727146 20726908
179000000 20839686 20839424
180000000 20955195 20954964
181000000 21065965 21065729
182000000 21179583 21179366
183000000 21300092 21299818
184000000 21421382 21421129
185000000 21541716 21541468
186000000 21654914 21654673
187000000 21764509 21764285
188000000 21874407 21874163
189000000 21989118 21988861
190000000 22104435 22104183
191000000 22221650 22221403
192000000 22337670 22337396
193000000 22458053 22457796
194000000 22570064 22569829
195000000 22682402 22682154
196000000 22796989 22796736
197000000 22910721 22910489
198000000 23023736 23023478
199000000 23142069 23141835
200000000 23255201 23254958
201000000 23366064 23365821
202000000 23477251 23477014
203000000 23591304 23591098
204000000 23705879 23705639
205000000 23824372 23824121
206000000 23944584 23944330
207000000 24063423 24063171
208000000 24180033 24179798
209000000 24291843 24291634
210000000 24405577 24405324
211000000 24516283 24516056
212000000 24627675 24627462
213000000 24740701 24740461
214000000 24854745 24854507
215000000 24970007 24969777
216000000 25089212 25088953
217000000 25207935 25207698
218000000 25325315 25325036
219000000 25443616 25443363
220000000 25553878 25553663
221000000 25666105 25665862
222000000 25782499 25782255
223000000 25892172 25891933
224000000 25998670 25998431
225000000 26111400 26111170
226000000 26223728 26223492
227000000 26336328 26336083
228000000 26450518 26450290
229000000 26557467 26557272
230000000 26664367 26664112
231000000 26791091 26790832
232000000 26917940 26917689
233000000 27041530 27041258
234000000 27158326 27158083
235000000 27270407 27270195
236000000 27380607 27380391
237000000 27491788 27491562
238000000 27603998 27603763
239000000 27715875 27715637
240000000 27826947 27826723
241000000 27941362 27941097
242000000 28054558 28054306
243000000 28168622 28168398
244000000 28284182 28283946
245000000 28402591 28402345
246000000 28519008 28518779
247000000 28633838 28633628
248000000 28744196 28743941
249000000 28852592 28852349
250000000 28966718 28966487
251000000 29079478 29079221
252000000 29189751 29189524
253000000 29297007 29296772
254000000 29413357 29413107
255000000 29532964 29532717
256000000 29650975 29650738
257000000 29769718 29769464
258000000 29889154 29888929
259000000 30000497 30000270
260000000 30115363 30115100
261000000 30229609 30229375
262000000 30346238 30346010
263000000 30461613 30461379
264000000 30575972 30575743
265000000 30691996 30691765
266000000 30808926 30808674
267000000 30925745 30925521
268000000 31039908 31039685
269000000 31157152 31156885
270000000 31274418 31274168
271000000 31387984 31387740
272000000 31498657 31498418
273000000 31619737 31619465
274000000 31741867 31741594
275000000 31850695 31850458
276000000 31963889 31963657
277000000 32083652 32083414
278000000 32202653 32202431
279000000 32317229 32316992
280000000 32431072 32430814
281000000 32553511 32553250
282000000 32676251 32676004
283000000 32788916 32788680
284000000 32900886 32900686
285000000 33009752 33009528
286000000 33122348 33122091
287000000 33238910 33238627
288000000 33359262 33359015
289000000 33477404 33477187
290000000 33586345 33586106
291000000 33699902 33699661
292000000 33818227 33817975
293000000 33937739 33937462
294000000 34060020 34059765
295000000 34174970 34174714
296000000 34289241 34288990
297000000 34406047 34405815
298000000 34524314 34524090
299000000 34641744 34641481
300000000 34759111 34758853
301000000 34876157 34875914
302000000 34994547 34994286
303000000 35110840 35110599
304000000 35235167 35234900
305000000 35357261 35356996
306000000 35477276 35477015
307000000 35590797 35590551
308000000 35701514 35701284
309000000 35816131 35815874
310000000 35932012 35931742
311000000 36043932 36043707
312000000 36158954 36158697
313000000 36271487 36271261
314000000 36390491 36390235
315000000 36504342 36504121
316000000 36618601 36618355
317000000 36735056 36734787
318000000 36851768 36851567
319000000 36959980 36959760
320000000 37071272 37071024
321000000 37189835 37189579
322000000 37302361 37302134
323000000 37415291 37415060
324000000 37524635 37524404
325000000 37639940 37639705
326000000 37753396 37753163
327000000 37870140 37869898
328000000 37990589 37990312
329000000 38117140 38116859
330000000 38253930 38253630
331000000 38386135 38385903
332000000 38511266 38510982
333000000 38638851 38638589
334000000 38766266 38766024
335000000 38888448 38888186
336000000 39007778 39007516
337000000 39133404 39133143
338000000 39249254 39249017
339000000 39362425 39362211
340000000 39470650 39470410
341000000 39581653 39581436
342000000 39691348 39691117
343000000 39799314 39799069
344000000 39912366 39912113
345000000 40030084 40029832
346000000 40147169 40146905
347000000 40266726 40266464
348000000 40383393 40383129
349000000 40501680 40501445
350000000 40615349 40615089
351000000 40728129 40727888
352000000 40842834 40842615
353000000 40954016 40953779
354000000 41064971 41064732
355000000 41179311 41179060
356000000 41289723 41289492
357000000 41412743 41412473
358000000 41536219 41535961
359000000 41651159 41650910
360000000 41770475 41770206
361000000 41893091 41892826
362000000 42012985 42012725
363000000 42129973 42129715
364000000 42244966 42244708
365000000 42353893 42353657
366000000 42467252 42467014
367000000 42583893 42583660
368000000 42697444 42697192
369000000 42816999 42816738
370000000 42935895 42935643
371000000 43056717 43056464
372000000 43178290 43178032
373000000 43297069 43296819
374000000 43413833 43413589
375000000 43532068 43531795
376000000 43649543 43649293
377000000 43773928 43773691
378000000 43893428 43893192
379000000 44006032 44005771
380000000 44121553 44121310
381000000 44239075 44238816
382000000 44350564 44350332
383000000 44466964 44466714
384000000 44577476 44577269
385000000 44687549 44687316
386000000 44797219 44797004
387000000 44909379 44909135
388000000 45026113 45025871
389000000 45139242 45139038
390000000 45253520 45253283
391000000 45367528 45367278
392000000 45487025 45486781
393000000 45601709 45601470
394000000 45715388 45715146
395000000 45834389 45834155
396000000 45949447 45949188
397000000 46066134 46065884
398000000 46185907 46185657
399000000 46305063 46304809
400000000 46422505 46422239
401000000 46535883 46535635
402000000 46651767 46651516
403000000 46773226 46772953
404000000 46895853 46895603
405000000 47017243 47017002
406000000 47130293 47130055
407000000 47244755 47244520
408000000 47358816 47358557
409000000 47470527 47470288
410000000 47581484 47581233
411000000 47694704 47694445
412000000 47810947 47810697
413000000 47923158 47922931
414000000 48032623 48032400
415000000 48140948 48140756
416000000 48251128 48250897
417000000 48360676 48360458
418000000 48466453 48466242
419000000 48570546 48570309
420000000 48681602 48681380
421000000 48790599 48790335
422000000 48905278 48905043
423000000 49018434 49018202
424000000 49127593 49127377
425000000 49229444 49229230
426000000 49337715 49337488
427000000 49446333 49446080
428000000 49559382 49559119
429000000 49679855 49679620
430000000 49794192 49793965
431000000 49907105 49906887
432000000 50020851 50020634
433000000 50137045 50136780
434000000 50258353 50258114
435000000 50376635 50376393
436000000 50495061 50494804
437000000 50614723 50614492
438000000 50734564 50734312
439000000 50852894 50852640
440000000 50972165 50971931
441000000 51087841 51087613
442000000 51206792 51206563
443000000 51318336 51318115
444000000 51437160 51436901
445000000 51559484 51559229
446000000 51674737 51674515
447000000 51788268 51788035
448000000 51896502 51896291
449000000 52001342 52001132
450000000 52117270 52117009
451000000 52232738 52232499
452000000 52345194 52344953
453000000 52467804 52467548
454000000 52588798 52588546
455000000 52708328 52708065
456000000 52828913 52828656
457000000 52943569 52943323
458000000 53054687 53054464
459000000 53165439 53165210
460000000 53279392 53279143
461000000 53389201 53388978
462000000 53502194 53501967
463000000 53616182 53615925
464000000 53741210 53740949
465000000 53866114 53865872
466000000 53982877 53982621
467000000 54097686 54097467
468000000 54207667 54207412
469000000 54320360 54320106
470000000 54437324 54437078
471000000 54552794 54552564
472000000 54676083 54675808
473000000 54789116 54788885
474000000 54901784 54901505
475000000 55020814 55020554
476000000 55135494 55135259
477000000 55243561 55243330
478000000 55356795 55356559
479000000 55468719 55468464
480000000 55580984 55580753
481000000 55694553 55694331
482000000 55807059 55806820
483000000 55927157 55926856
484000000 56048821 56048562
485000000 56165017 56164781
486000000 56281222 56280987
487000000 56402677 56402411
488000000 56526166 56525893
489000000 56653666 56653421
490000000 56777558 56777296
491000000 56898872 56898641
492000000 57012639 57012390
493000000 57131667 57131423
494000000 57254315 57254063
495000000 57376631 57376382
496000000 57495260 57495037
497000000 57608153 57607906
498000000 57728071 57727829
499000000 57855105 57854805
500000000 57973895 57973650
