# Steps Temp KinEng PotEng Epair Ebond Eangle Bonds
1000000 309.12054903609771372 12899.093519557221953 11714.136686011341226 -226.58965558976387911 3694.1848243358504078 8246.5415172652556066 14038
2000000 309.56825866606368436 12917.775708122637297 11714.50662686616306 -264.15814362045614416 3764.4792980696129234 8214.1854724170061672 14036
3000000 310.61129391319428805 12961.299858292806675 11649.8664945416931 -253.43950573601844667 3645.2325364928478848 8258.0734637848654529 14049
4000000 308.00785984370963888 12852.66282449159371 11718.341639019970899 -257.70628154351811645 3753.4638083026966342 8222.5841122607926081 14034
5000000 308.31748818482782326 12865.583107341901268 11661.244252748501822 -229.64230401840578111 3729.1391018208469177 8161.7474549460603157 14041
6000000 306.59385575446162875 12793.65875296959166 11635.573184884940929 -252.41455109837113469 3686.7680700876730953 8201.2196658956381725 14044
7000000 312.15951107580195867 13025.90442124189758 11646.195029889275247 -244.14231358284044404 3700.626413962512288 8189.7109295096033748 14038
8000000 311.63989265668300277 13004.221596843453881 11640.03783608195954 -251.48417063486743928 3671.6981437987710706 8219.8238629180577846 14035
9000000 309.82929487347098529 12928.668320929637048 11727.129593344063323 -224.9827356799056588 3727.2487358674161442 8224.8635931565531791 14022
10000000 307.73083052812955884 12841.10284551100267 11628.974503501209256 -247.09139955815481926 3678.205793505560905 8197.8601095538033405 14071
11000000 308.21152226177048306 12861.161323168495073 11669.889778818325794 -251.63099152660720392 3674.7920269318874489 8246.7287434130448673 14043
12000000 309.24870576235178987 12904.441289552669332 11743.557198455418984 -221.45355677739556199 3702.1122537145502065 8262.898501518264311 14054
13000000 311.0002313806270422 12977.52958090852735 11772.339404146139714 -225.86991079144016226 3706.8353903852439544 8291.3739245523356658 14055
14000000 308.05050904328317074 12854.44250564041613 11742.14786779471433 -253.37718538936402979 3715.9101138317550976 8279.6149393523246545 14052
15000000 307.48084715263348698 12830.67144925179673 11775.777346630002285 -245.45489848498425545 3779.0878737719235687 8242.1443713430653588 14021
16000000 313.34581355526972857 13075.406878043468168 11655.821762773644878 -240.22443651995217806 3674.7378836247789877 8221.3083156688171584 14054
17000000 308.99912583433268765 12894.026728494980489 11665.086191820693784 -255.41916771967348154 3699.2217164213134311 8221.2836431190535222 14012
18000000 310.40506935667997368 12952.694445780432943 11627.822021569820208 -242.56140074037506338 3722.6844558477105238 8147.6989664624834404 14022
19000000 312.96852668918921836 13059.663315913909173 11749.087525229075254 -270.10505083151224426 3738.0608834923295944 8281.1316925682585861 14052
20000000 311.17090499044519447 12984.651510722735111 11506.956192358728003 -239.1793092802215881 3597.926705353916077 8148.2087962850337135 14068
21000000 312.26105240248489281 13030.141574265426243 11569.854278842867643 -248.86529591683938634 3716.6861560638990341 8102.0334186958098144 14065
22000000 310.37509413459383723 12951.443628925440862 11519.677695124570164 -239.92048730607382367 3612.9037786179660543 8146.6944038126794112 14078
23000000 309.37862596830359507 12909.8626466636033 11521.788286469040031 -233.67340550202021632 3580.6859686202869852 8174.7757233507727506 14049
24000000 310.24539201911875352 12946.031372372408441 11785.52510034115403 -234.96640723913415627 3753.2853157051922608 8267.2061918750969198 14020
25000000 312.50524647718197002 13040.331392497379056 11584.851855707274808 -235.95988363874906213 3620.9612758042885616 8199.8504635417375539 14051
26000000 309.38533081171664207 12910.14242878254845 11590.567866762950871 -227.34804078039309161 3702.8049593780597206 8115.110948165283844 14036
27000000 307.22595202295678973 12820.035093546452117 11799.651611670873535 -245.98209052150340881 3771.7070527636024053 8273.9266494287730893 14024
28000000 312.70819863672045358 13048.800253251043614 11661.392265587395741 -263.76991252018450496 3696.970614770516022 8228.1915633370663272 14045
29000000 312.01235792521555368 13019.763961615288281 11598.54526170175086 -211.43958341221002684 3602.551934406089913 8207.4329107078701782 14064
30000000 308.77072083435018612 12884.495762455046133 11619.068397459277548 -244.79131006399660464 3625.2557125081029881 8238.6039950151716766 14052
31000000 310.68276863422209999 12964.282381174889451 11599.682364989967027 -240.18818059974483958 3768.7547585609863745 8071.1157870287252081 14045
32000000 311.45967959298212691 12996.701601264474448 11467.232046058172273 -222.04029927269803579 3537.142672739853424 8152.1296725910178793 14051
33000000 307.64690610275374638 12837.600816885362292 11562.842394829163823 -236.64909704154774772 3613.7687147572019057 8185.7227771135112562 14068
34000000 309.09551177888710072 12898.048755877680378 11503.106362711601832 -234.80295454699356128 3604.6053996308696696 8133.3039176277270599 14049
35000000 312.62607190822507164 13045.373239567803466 11599.653741114652803 -216.28335543139149877 3595.3760014626727752 8220.5610950833706738 14053
36000000 310.42939240931804079 12953.709406874535489 11623.929239189836153 -238.15114706484777685 3701.689602104979258 8160.3907841497048139 14016
37000000 309.45472067287624895 12913.037953881730573 11758.50018766957146 -252.56261475146175144 3665.6587344575186762 8345.4040679635145352 14071
38000000 312.88359042566065682 13056.119064941682154 11522.586804274742462 -248.30746065859017335 3598.502795570591843 8172.3914693627411907 14050
39000000 309.21128365099735902 12902.879726222230602 11730.98400732063601 -240.14251577146785621 3780.4540156440643841 8190.6725074480400508 13992
40000000 311.04387656559219977 12979.350822894215526 11638.720291019204524 -240.11343089493428238 3748.5119710106018829 8130.3217509035384865 14011
41000000 313.56999303238353605 13084.761519944413521 11762.90494245537775 -252.75250949011615376 3699.7119031359302426 8315.9455488095645705 14044
42000000 308.44849703575715694 12871.049891822251084 11823.177722295091371 -231.36201023483459949 3801.8942307229635844 8252.645501806960965 14019
43000000 311.22524393899823281 12986.918985923997752 11729.350219607062172 -223.18053839131215454 3785.0834597325633695 8167.4472982658098772 14017
44000000 312.33344963683515516 13033.162592115430016 11693.470317953502672 -240.13256572358972107 3677.5295466156057955 8256.0733370614852902 14033
45000000 312.90839565385459764 13057.154146430910259 11818.392537429661388 -234.20812832785080104 3741.0141042984205342 8311.5865614590893529 14031
46000000 310.31272958195802403 12948.841258428677975 11660.222748098534794 -239.38682589624511365 3673.2992952001986851 8226.3102787945827004 14060
47000000 308.90698480055357322 12890.181834276812879 11700.355682869638258 -243.91145166201891925 3784.2969121833320969 8159.9702223483245689 14019
48000000 307.68877419889764724 12839.34790386916211 11607.983292420096404 -228.87445330792547793 3767.7154170417888963 8069.1423286862318491 14009
49000000 309.16905743822871955 12901.117695619030201 11633.302607139350584 -248.60456121977978228 3680.7772153573846481 8201.1299530017458892 14031
50000000 312.12194485449685999 13024.336844439572815 11786.855112044708221 -243.89460735250804646 3758.0278999981474044 8272.7218193990684085 14044
51000000 309.92517841954742153 12932.66938404784014 11718.290642248222866 -242.95605252142721042 3678.6318856850039083 8282.6148090846472769 14036
52000000 303.93995011365313985 12682.915623275966936 11708.497279183618957 -236.33689501540533229 3737.8365228811380803 8206.997651317886266 14023
53000000 311.54690432904220643 13000.341346442093709 11580.307329594001203 -235.24619240464593872 3631.5480983382240083 8184.0054236604237303 14068
54000000 309.59464198189976969 12918.876640620936087 11605.526900778739218 -248.17927769549567074 3623.6846121328899244 8230.0215663413437142 14063
55000000 307.5435134515130926 12833.28641112441619 11553.87275448017499 -248.39285849009817753 3708.5703147778667699 8093.6952981924068808 14024
56000000 312.66724058608627956 13047.091140973789152 11668.980920126858109 -247.17113425615559663 3743.790781798919852 8172.361272584093058 14019
57000000 309.22759152611064337 12903.560227103997022 11664.610138358832046 -224.69034856187482774 3735.3499080547157973 8153.9505788659907921 14038
58000000 311.0493154686661228 12979.577779399091014 11717.058725442489958 -239.15250081891065292 3687.5743793409892533 8268.6368469204135181 14031
59000000 307.7604428080273351 12842.338517383737781 11917.88518685854433 -263.56816663425382785 3771.4084573075142544 8410.0448961852853245 14021
60000000 308.0572176816897354 12854.722446118217704 11590.880451433124108 -261.41602299296698675 3616.3656573101625327 8235.930817115928221 14042
61000000 308.89664274871813632 12889.750277415823803 11639.057969863912149 -216.45081476819868271 3641.9270745734975208 8213.5817100586136803 14044
62000000 308.89466476227079283 12889.667739285492644 11762.546347488178071 -243.41604990911798723 3835.1769810291830254 8170.7854163681131467 14020
63000000 310.94916742067351834 12975.398765610179908 11723.701798105845228 -228.38668960622567283 3746.2010056330823318 8205.8874820789897058 14028
64000000 310.73867011820925654 12966.615058417088221 11408.023949420696226 -246.09680650587822015 3616.7336656148459042 8037.3870903117303897 14065
65000000 310.10165388363088823 12940.033415724859879 11550.098774135753047 -247.13069156396460357 3652.5740474701806306 8144.6554182295349165 14032
66000000 309.54278859534326784 12916.712883845193574 11533.227060617557072 -248.77295504225116929 3557.2580814181615096 8224.741934241646959 14039
67000000 306.56129678687454998 12792.300120652473197 11763.838071935566404 -245.26035149309714711 3782.145250454640518 8226.9531729740228911 14044
68000000 309.80576483034434432 12927.686450821822291 11597.751219194004079 -224.72486077935826643 3640.1713346986966826 8182.3047452746650379 14061
69000000 307.59379548790661829 12835.384598035045201 11812.316828733019065 -226.85567445722725211 3854.2693988510195595 8184.9031043392260472 14051
70000000 310.75083728103766134 12967.122774166431554 11537.765866592671955 -262.47958128032126979 3635.4949678147318082 8164.7504800582619282 14052
71000000 310.30115326415631216 12948.35819767324756 11815.285303204367665 -219.58459534364521915 3709.9283118962885055 8324.9415866517247196 14034
72000000 312.15814819631015098 13025.847550515976764 11778.324693046233733 -222.39700540860982869 3716.3271943813419966 8284.3945040735015937 14050
73000000 308.0188691033817463 12853.122222841313487 11544.425760540656483 -204.38465829744461644 3652.0571525298905726 8096.7532663082101863 14054
74000000 311.85224706123483429 13013.082797860808569 11563.931890986139479 -238.84237651332742303 3666.1520469524671171 8136.6222205470003246 14050
75000000 311.35671451953987798 12992.405037623781027 11637.79694972949801 -248.94493504148499596 3683.6790353691926612 8203.062849401791027 14052
76000000 309.57964035174398987 12918.250647198859951 11712.132361439829765 -244.7868061956804695 3758.7214057679288999 8198.1977618675809936 14036
77000000 309.7233989850517446 12924.24945918681442 11649.482201917422572 -252.89467328822684067 3720.7854776209410375 8181.591397584709739 14042
78000000 307.04117480748334401 12812.32464339971375 11679.608376823342041 -229.91232097621480079 3716.9961104529866134 8192.5245873465701152 14038
79000000 307.4273119204308955 12828.437511815654943 11650.284005225748842 -232.13926270609948688 3690.2820630077103488 8192.1412049241371278 14035
80000000 310.4276428828586063 12953.636402004798583 11816.904050033623207 -228.82380812953283566 3759.813570759401955 8285.9142874037534057 14032
81000000 313.56296948455593565 13084.468438812958993 11589.4765981391065 -243.15250062858186197 3631.1162486332796107 8201.5128501344079268 14051
82000000 311.68517707233149849 13006.111241237040304 11606.485454423804185 -230.4770919536658198 3736.2306567808154796 8100.7318895966545824 14028
83000000 308.42935884614979614 12870.251286558672291 11777.656357701082015 -228.28398869115599723 3779.9330908936358355 8226.0072554986036266 14044
84000000 311.25306457103243929 12988.079895269887857 11603.655950155593018 -246.1612843106883588 3648.2549756870430429 8201.5622587792367995 14058
85000000 309.90682594564430019 12931.90356541193978 11556.22900766487146 -240.1454136217831774 3644.6410318465782439 8151.7333894400771896 14060
86000000 306.58818947348339634 12793.422308357694419 11751.644857319552102 -234.18907517153860454 3729.3289866987215646 8256.5049457923687442 14019
87000000 308.15090604334022828 12858.631907790670084 11598.054105961760797 -242.11056009183351989 3618.8376075572605259 8221.3270584963338479 14045
88000000 309.29917018217821578 12906.547087024824577 11853.229300585358942 -235.15677347789579699 3760.316770304837064 8328.069303758418755 14058
89000000 307.130490615011297 12816.05164556010277 11730.587875720004376 -237.08560301693302108 3720.2611656198341734 8247.4123131171036221 14036
90000000 311.23888668091092313 12987.488275168416294 11645.654332644615351 -223.67149300936534928 3634.8876455091935895 8234.4381801447871112 14053
91000000 313.10084211450259772 13065.184621600377795 11612.867516868349412 -227.34989307671574466 3682.5134462086880376 8157.7039637363777729 14071
92000000 311.92810019730711701 13016.248024821614308 11755.703252244446048 -247.96046646952635228 3800.0238433932549924 8203.6398753207195114 14017
93000000 308.07459464069000887 12855.447558117173685 11624.624127039898667 -229.90032858096085988 3644.8217298537392708 8209.7027257671197731 14026
94000000 309.51027872077082748 12915.356300099057989 11764.986433809892333 -245.62996610608126957 3770.0029721495075137 8240.6134277664641559 14037
95000000 309.68291183574183378 12922.559996849491654 11714.332364904028509 -244.52056614550883751 3716.9227641729994502 8241.9301668765365321 14032
96000000 305.23830097019083496 12737.093675080997855 11809.873635962501794 -237.56014409240543728 3752.1110986377757399 8295.3226814171321166 14030
97000000 309.91000078470278822 12932.036046238765266 11647.007452063884557 -252.82025332375209814 3687.0979469120875365 8212.729758475546987 13995
98000000 309.30950778835330084 12906.97845837569912 11653.655234037983973 -213.40103740155387868 3669.9076395947445235 8197.1486318447932717 14034
99000000 313.53825338088182662 13083.437076343769149 11728.187246581688669 -250.6218513420643319 3723.3689068051717186 8255.4401911185814242 14021
100000000 311.34628177446001018 12991.96969628244733 11660.415057699532554 -217.32800173011139577 3685.4336891246794039 8192.3093703049635224 14027
101000000 312.80629428616674659 13052.89362381477622 11629.273780721312505 -229.88451347000116698 3637.77544948586592 8221.3828447054493154 14055
102000000 313.72003740622596979 13091.022625575573329 11674.933869755266642 -264.04711184091956966 3745.8455605041672243 8193.1354210920198966 14061
103000000 310.93748884836577417 12974.911437941920667 11712.068784998518822 -245.07879629080764516 3708.6956864077260434 8248.4518948816003103 14026
104000000 310.85777447155737718 12971.585087738058064 11692.452425974548532 -253.67801611345851143 3678.2858411146162325 8267.8446009733906976 14040
105000000 311.49845124988661382 12998.319478917313972 11648.703362815009314 -264.32729511451674398 3651.6106215775907913 8261.4200363519357779 14049
106000000 311.364835307817998 12992.743904799639495 11678.289083393568944 -246.11493964499570097 3747.4769592467782786 8176.9270637917861677 14037
107000000 307.90379474698949025 12848.320358683673476 11684.532983315737511 -250.10187397819910871 3743.4695678756816051 8191.16528941825527 14028
108000000 307.46505090078989042 12830.01229756995599 11736.219711345451287 -229.21846495542192201 3694.7339535269411499 8270.7042227739329974 14048
109000000 308.70658259529801626 12881.81937893317081 11534.985555040970212 -245.94697017465915678 3635.9239121442374199 8145.0086130713925741 14057
110000000 311.96774578862994076 13017.90237032438381 11655.487635358658736 -272.2117311102081203 3718.8491879507523663 8208.8501785181142623 14064
111000000 308.71759120774680696 12882.278750275321727 11738.286394701159224 -243.81227835489767131 3683.36922709384271 8298.7294459622135037 14040
112000000 307.25160423774099172 12821.105518396941989 11550.082196513951203 -242.70018805585260679 3679.097492557759324 8113.6848920120446564 14035
113000000 308.24309642089417594 12862.478861043629877 11700.776720125335487 -248.97038723479630562 3649.3491978840984302 8300.3979094760343287 14019
114000000 306.46746562523918556 12788.384700170861834 11737.764587949623092 -246.30656034326725035 3637.4497136533177581 8346.6214346395736356 14061
115000000 310.33724703939816436 12949.864331716325978 11475.489423227974839 -220.12475507403684105 3575.8387065806791725 8119.7754717213319964 14060
116000000 307.44509902852962568 12829.17973866380089 11684.898055405899868 -245.83152551875537029 3723.7446780179670895 8206.9849029066881485 14020
117000000 312.61576436495738562 13044.943122692748148 11565.163485963772473 -247.05056046049304541 3652.0292742847423142 8160.1847721395224653 14067
118000000 309.65447048871646984 12921.373186085062116 11662.694028173034894 -229.7604726841677234 3635.2023904614361527 8257.2521103957660671 14080
119000000 310.45279774857317534 12954.686073294320522 11568.5572942747458 -262.78251001126483288 3632.9860412199595885 8198.3537630660503055 14068
120000000 306.19816981791291255 12777.147427805895859 11603.372293499942316 -235.53432729261999157 3593.9982539290845125 8244.9083668634775677 14094
121000000 311.99716505186631821 13019.129987928408809 11590.884469872671616 -254.05720421406854825 3639.7292731628267575 8205.2124009239141742 14074
122000000 309.54411266379719336 12916.768135050158889 11760.1011229513133 -232.67985259213867266 3686.3006150147502922 8306.4803605287015671 14061
123000000 313.9698323980954342 13101.446160895009598 11626.719137279749702 -246.06421652900237973 3645.3591719965165794 8227.4241818122354744 14041
124000000 312.5262208429218731 13041.206618379435895 11680.823583210094512 -246.31786456278592823 3704.9776428488899001 8222.1638049239918473 14064
125000000 308.20696469667245765 12860.971143451863099 11686.717509414163942 -243.27495093367627987 3666.0091218690063215 8263.983338478832593 14071
126000000 312.0332226165912175 13020.634610966004402 11819.050181172744487 -257.87430415440792331 3803.5561135826960708 8273.3683717444564536 14024
127000000 314.20277302670808695 13111.16639127874987 11842.844591429555294 -251.13923740820973762 3741.154326295579267 8352.829502542184855 14023
128000000 311.14061408604140979 12983.387520962382041 11707.635564186102783 -227.81024844522852391 3736.2492794904860602 8199.1965331408446218 14017
129000000 304.73077564037185994 12715.915475465046256 11791.137675979283813 -237.07673128157711062 3717.3871389000396448 8310.8272683608192892 14018
130000000 309.84191908217752598 12929.195108453870489 11725.994365758251661 -259.67799638418068753 3830.7778922748907462 8154.8944698675404652 14025
131000000 309.53987114353691368 12916.591143366256802 11656.801108269221004 -256.41120897021812652 3623.4135730294992754 8289.798744209940196 14054
132000000 310.39086601340545712 12952.101763560633117 11678.680889871886393 -227.89483718469409723 3726.5646157074215807 8180.0111113491593642 14032
133000000 308.27826608864404534 12863.94643359670772 11715.803749570530272 -253.78968588241127691 3732.1989126291136927 8237.3945228238262644 14047
134000000 309.15720399808276397 12900.623071002686629 11688.766127828755998 -226.37514627339621143 3687.5549561535185603 8227.5863179486314039 14022
135000000 313.36714628311852948 13076.297057788577149 11780.402046168754168 -264.38166642676907259 3702.9416841622214633 8341.8420284333024028 14012
136000000 306.83995625772263338 12803.928123338764635 11599.462145916158988 -235.29526136085286225 3667.116487794070963 8167.6409194829393527 14063
137000000 309.66495599356045432 12921.810729004819223 11791.627331377025257 -261.42890941147140893 3726.793812818252718 8326.2624279702449712 14021
138000000 306.79163914517295098 12801.911929477448211 11803.512857897283538 -208.2133478430891671 3769.8653144533227533 8241.860891287051345 14049
139000000 312.80467282814174723 13052.825963030762068 11763.017816253242927 -250.31368851863280156 3774.296954323999671 8239.0345504478755174 14001
140000000 309.35104712350101863 12908.711826702332473 11574.856784814557614 -253.66259770323941325 3638.5400820204449701 8189.9793004973516872 14066
141000000 310.10373865730059606 12940.120409910839953 11548.251193033176605 -233.59461255426819548 3759.3296507140630638 8022.5161548733813106 14003
142000000 308.99995904267598235 12894.061496912592702 11712.928954023322149 -233.57158276699968269 3812.8491176569150412 8133.6514191334072166 14023
143000000 309.71489805561128605 12923.894729343723156 11755.144317659553053 -237.08638496812181984 3863.4104224837797119 8128.8202801438965253 14018
144000000 310.26812188719583219 12946.97985248778059 11660.478638909822621 -248.54010901260764399 3641.1221176030940114 8267.8966303193337808 14046
145000000 309.22389826087805886 12903.406113203203859 11592.153386855821736 -248.51788604397796689 3624.3670378847286884 8216.3042350150699349 14061
146000000 308.5012577772403688 12873.251511030921392 11590.614405462107243 -258.34104186929971547 3666.8217224963427725 8182.1337248350646405 14045
147000000 307.23768622721570409 12820.524742644791331 11632.567636671978107 -242.69074735385626695 3655.7804793852151306 8219.4779046406183625 14043
148000000 310.62337951957812265 12961.804170825480469 11637.994551992749621 -237.7006816162985956 3607.5748547807011164 8268.1203788283455651 14077
149000000 307.30135441032740573 12823.181511503215006 11613.487365094973939 -249.35115611538515168 3711.2279996003885572 8151.6105216099713289 14049
150000000 313.06740414020856633 13063.789309775045695 11625.738082286672579 -227.49747253648195056 3622.2872779917197477 8230.9482768314355781 14029
151000000 313.30094056808280811 13073.534401884795443 11621.15522365025754 -253.59733436778762439 3640.3214999796414304 8234.4310580384044442 14067
152000000 306.04883932380465694 12770.916111205202469 11656.312609105594674 -249.27391798068680373 3694.4384570944725965 8211.1480699918101891 14031
153000000 309.83416431047919559 12928.871514549577114 11628.037379757364761 -228.005317389254202 3628.3174905768682947 8227.7252065697502985 14072
154000000 309.70040197692537731 12923.289831755324485 11783.274856232686943 -223.64256335127211628 3769.3714675505430023 8237.545952033415233 14041
155000000 313.41514164299752565 13078.299825438654807 11779.03537168794719 -222.20655256581579806 3699.0914920388377141 8302.1504322149266955 14028
156000000 308.37156678155707823 12867.839718488563449 11703.08168518479215 -211.93320009781433555 3708.522378448467407 8206.492506834139931 14034
157000000 310.16647834525304006 12942.738434189101099 11735.562821843745041 -239.63841995164159471 3767.1851188765995175 8208.0161229187851859 14005
158000000 308.91956371678912774 12890.706731820517234 11571.053465004548343 -228.59963439064517843 3644.9712024164959985 8154.6818969786963862 14042
159000000 307.47265030179187306 12830.329408109913857 11529.433900292748149 -209.19794912570293377 3625.1145879248406345 8113.5172614936100217 14073
160000000 310.07456800546111708 12938.903166452657388 11581.321773044292058 -225.50022675401052652 3650.894543537816844 8155.9274562604859966 14051
161000000 310.38031684078595163 12951.661563889025274 11763.269427535786235 -226.24959777803056227 3738.9305651544782449 8250.5884601593388652 14012
162000000 308.43698382159573157 12870.569464278232772 11677.044602628231587 -257.67680696825374298 3744.3535470832230203 8190.3678625132633897 14028
163000000 307.46553596703165567 12830.032538588662646 11796.278916513409058 -238.50768904942856352 3854.9573691431246516 8179.8292364197150164 14016
164000000 308.29803321300613561 12864.771283276077156 11703.065847163219587 -252.73553592018248537 3792.9128336331068567 8162.8885494502956135 14002
165000000 311.67954488318588346 13005.876219221403517 11687.786994402249547 -238.85267011517646552 3811.6002966736550661 8115.0393678437703784 14014
166000000 309.24340373479782329 12904.220044638750551 11627.314608255823259 -231.2248179790255449 3755.4162946826932057 8103.1231315521563374 14005
167000000 306.16298392636264225 12775.679178260237677 11741.459296351105877 -240.69961179641285298 3719.244749325363955 8262.9141588221555139 14039
168000000 310.91543894921176161 12973.99133181448633 11753.120908719485669 -232.62153924261616567 3760.2810995843146884 8225.461348377786635 14023
169000000 310.34825472675146329 12950.3236644557619 11571.653780316479242 -259.45164975125521778 3719.9282780889629976 8111.1771519787707803 14029
170000000 310.57137612165684004 12959.634154321520327 11694.398443665213563 -234.57418455408497948 3673.9517435547641071 8255.0208846645346057 14052
171000000 309.43898911237118909 12912.381501663345261 11605.344975014209922 -237.53427084253843304 3725.4884198754548379 8117.3908259812924371 14044
172000000 311.47607474374996173 12997.385744016164608 11809.589779424764856 -240.18990547362002985 3754.3612516052280625 8295.4184332931581594 14049
173000000 310.33831456013683692 12949.908877605899761 11677.817451373970471 -253.52512855288483706 3714.0461617352948451 8217.2964181915594963 14062
174000000 307.67960011524792208 12838.965084404966547 11732.500609015820373 -241.74785518439620091 3701.1355996957436219 8273.1128645044736913 14073
175000000 312.49976269079530766 13040.102563085476504 11525.329745675995582 -246.64756498951896901 3552.3134252278059648 8219.6638854377069947 14095
176000000 307.10042687125411476 12814.797134840962826 11647.448990329830849 -241.44832512153072912 3707.0166244962347264 8181.8806909551276476 14041
177000000 314.45996788182708315 13121.898710754998319 11514.325941092614812 -238.01883779285620335 3613.3605517778032663 8138.9842271076668112 14081
178000000 310.79503619692559369 12968.967122435347846 11638.225510805834347 -213.24342459678965156 3785.936272479301806 8065.5326629233222775 14059
179000000 311.361636248390937 12992.610413296557454 11731.096117621249505 -259.38016002229022661 3718.824102258943185 8271.6521753845954663 14046
180000000 307.30245755144881059 12823.227543772938589 11668.561496762222305 -226.37564083501956702 3701.3256010164395775 8193.6115365808018396 14039
181000000 310.15137016817624271 12942.107994738760681 11788.653327827696558 -267.72419886148770729 3732.0703484411451427 8324.3071782480401453 14023
182000000 309.02461778508563839 12895.090465790297458 11684.895034079530888 -220.77793169223363634 3712.4899931667355304 8193.1829726050309546 14030
183000000 313.98649062745619176 13102.141281484904539 11606.862689295912787 -233.95389780095203491 3729.2611881338302737 8111.5553989630352589 14025
184000000 313.36397859573003188 13076.164875389211375 11868.713108510028178 -261.52271621533787993 3823.6280772967447774 8306.6077474286212237 14022
185000000 309.50487994560376137 12915.131018065922035 11658.318740866568987 -224.38654636690867505 3712.9476310108202597 8169.7576562226586248 14035
186000000 310.49135812271788382 12956.295134464122384 11711.912127154560949 -225.40515222384027538 3659.3185763786391362 8277.9987029997628269 14059
187000000 309.21862728659999675 12903.186164091557657 11686.313649484916823 -234.3184058567245529 3747.5102193530474324 8173.1218359885942846 14044
188000000 308.67259298450949245 12880.401048221667224 11554.847181129889577 -241.14978426535907374 3722.3257932764254292 8073.6711721188230513 14059
189000000 312.21868732052007545 13028.373748878429979 11760.90821519781457 -233.78446676465028986 3721.735789612204826 8272.9568923502592952 14023
190000000 311.53685455949766947 12999.921986041728815 11605.685657139149043 -228.86256085384718517 3671.9723164217066369 8162.5759015712901601 14018
191000000 309.40903063117150396 12911.131383378087776 11750.569327886294559 -256.39185332895010561 3797.3582317502000478 8209.6029494650447305 14025
192000000 312.82877893977280337 13053.83187153245126 11578.797566520561304 -260.93120161669190793 3770.8950420915166433 8068.8337260457365119 14046
193000000 308.37464429802150789 12867.968138203159469 11612.61959592902349 -240.17273532462678531 3665.952841444826845 8186.83948980882451 14043
194000000 311.16784338633470952 12984.523755004573104 11546.675223510959768 -217.64926916505928034 3520.9669414977561246 8243.3575511782619287 14070
195000000 309.80121950445413859 12927.496781827259838 11498.713924385630889 -237.34351972780029882 3579.4580719794744255 8156.5993721339555123 14066
196000000 312.82478415781059766 13053.665175833049943 11586.624646888500138 -237.66236596858797725 3641.7756315585647826 8182.5113812985227923 14048
197000000 311.28198648385733804 12989.286759256950972 11582.91199362719999 -210.1180178045723892 3630.5151821584463505 8162.5148292733265407 14046
198000000 312.12890025948632911 13024.62708208215372 11514.441892202901727 -238.90313136158005136 3596.8212208396153073 8156.5238027248669823 14061
199000000 307.12917436322646836 12815.996720531918982 11649.494256441212201 -233.04725860378738389 3671.5798377166483988 8210.9616773283505609 14052
200000000 309.42571754335079959 12911.827700854957584 11685.521341291983845 -260.75667697465593164 3710.3966007364506368 8235.881417530188628 14041
201000000 312.41016946388253928 13036.363984669158526 11640.4062670152598 -236.89526626757128724 3721.8809598785123853 8155.4205734043189295 14056
202000000 310.33754103054587858 12949.876599484743565 11564.240486086990131 -245.65277672861913061 3704.9500762142706662 8104.9431866013383114 14049
203000000 311.23351782636626695 12987.264241673779907 11694.79180510070546 -247.28001724043852505 3673.3511068033176343 8268.7207155378273455 14049
204000000 310.01501669090322366 12936.418187766865231 11754.396912356729445 -217.91403338205168438 3691.2697299846749956 8281.0412157541068154 14029
205000000 309.04081668264052496 12895.766419217286966 11557.178497539993259 -238.51172442431470699 3670.4170556638823655 8125.2731663004251459 14056
206000000 307.59158021257036353 12835.292158228559856 11512.19348089092091 -247.78186109498045653 3617.9201530714517503 8142.0551889144480811 14061
207000000 306.90530726731174127 12806.655113786071524 11586.240912867478983 -238.13267968861453028 3665.1382809524429831 8159.2353116036501888 14070
208000000 312.33158085925924752 13033.084611092188425 11533.798490563576706 -284.12864875554225819 3648.4287119095451999 8169.4984274095750152 14073
209000000 311.89367171467404205 13014.811380707837088 11666.975566065601015 -230.94259621822448025 3621.6327753559671692 8276.2853869278569618 14078
210000000 309.44910745302007626 12912.803723423430711 11664.196833330963273 -266.03698868069290029 3708.9744093688423163 8221.2594126428139134 14046
211000000 307.28322868192583428 12822.425154585207565 11583.925279910188692 -227.24302569615463199 3637.4003982351559898 8173.7679073711869933 14045
212000000 308.95018750631021476 12891.984612330847085 11618.639463416584476 -243.08987051308614014 3715.855644972961727 8145.8736889567098842 14065
213000000 306.78192209742809382 12801.506453012083512 11777.775612609411837 -237.01027962587642151 3759.5328863582062695 8255.2530058770826145 14034
214000000 310.07065819381097072 12938.740016425017529 11689.347575351006526 -243.12012302485354098 3700.7567349472883507 8231.7109634285734501 14061
215000000 310.37581586475289441 12951.473745541261451 11769.988970085214532 -244.02748264721520854 3684.8497880697241271 8329.1666646627054433 14036
216000000 315.71291984935987784 13174.182341381027072 11732.049076231895015 -249.27239557676921322 3671.1437692604208678 8310.1777025482442696 14043
217000000 312.25694169313322845 13029.970041106196732 11521.199301431843196 -226.39945853828766076 3718.8922472620552071 8028.7065127080768434 14047
218000000 311.47312368755365242 12997.262601281148818 11577.263365057639021 -225.08321265536574174 3607.7692238491408716 8194.5773538638622995 14068
219000000 307.18502581941987728 12818.32731019633502 11783.603283995944366 -226.67198051823069704 3626.486038049515173 8383.7892264646598051 14074
220000000 309.71169673750523543 12923.76114358967061 11650.926544584011936 -244.8734784429482545 3703.5951535151452845 8192.2048695118137402 14043
221000000 311.18360722237304117 12985.181554028025857 11625.364075289910033 -234.67170927318633744 3669.5778556272380229 8190.4579289358598544 14054
222000000 307.7121245692896423 12840.32227652844449 11613.860364352800389 -238.80499328525721126 3652.3638204049102569 8200.3015372331465187 14053
223000000 310.68634928868516454 12964.431796012964696 11560.575950124966766 -244.24628360674577721 3626.7751734750822834 8178.0470602566310845 14050
224000000 307.64111194468165422 12837.359036172070773 11640.467958701476164 -271.89779318565604171 3706.0359417457020754 8206.3298101414329722 14053
225000000 312.04491135519396039 13021.12236285707877 11691.176205056861363 -228.2725379089011426 3704.1547132796049482 8215.2940296861561364 14036
226000000 307.11093554532499184 12815.235644574559046 11729.240509025466963 -250.201249835677487 3800.9617875637181896 8178.4799712974272552 14016
227000000 313.81831035205016178 13095.123394426371306 11580.588246467897989 -235.15085235524023233 3686.7395610602070519 8128.9995377629311406 14053
228000000 311.37345386712257778 12993.10354314403412 11570.275837706260063 -249.10069880489996308 3600.974851022258008 8218.4016854889032402 14059
229000000 311.08385499021801479 12981.019056984834606 11695.726759063883947 -233.25658971925835772 3710.5338192944582261 8218.4495294886855845 14041
230000000 307.22960953265828721 12820.187715427577132 11598.208744086407023 -252.14087701791015661 3681.9967998019219522 8168.3528213023946591 14049
231000000 312.45514335968942987 13038.2406715790421 11675.088261935197806 -246.58472902733160481 3724.8927657647382148 8196.7802251977918786 14054
232000000 308.86533522837044075 12888.443865939492753 11498.328886718780268 -223.9620495776892426 3560.6554951902403445 8161.6354411062275176 14058
233000000 310.80752697306519394 12969.488342037406255 11699.140409835668834 -224.89007169666788855 3689.0837844221173327 8234.9466971102192474 14054
234000000 307.85139020781093677 12846.133603212963862 11494.54906315469816 -239.42878244354426442 3566.7630171552191314 8167.2148284430249987 14076
235000000 309.18283648920299811 12901.692672817027415 11632.473861511127325 -264.78809161155737684 3688.0392805729075008 8209.2226725497748703 14046
236000000 306.55088844262900238 12791.865797517937608 11795.785201651693569 -245.55340232677639278 3793.9072467780770239 8247.4313572003920854 14019
237000000 309.55761009376362836 12917.331360665386455 11649.066647550876951 -238.72706731540756664 3680.7254453656078113 8207.0682695006762515 14036
238000000 311.63810577726968631 13004.14703329621625 11653.952124846757215 -254.27441728564539858 3623.8577604120937394 8284.3687817203062878 14051
239000000 311.28517889433288701 12989.419973310190471 11652.619684061102816 -232.6621938799252689 3672.1925427634082553 8213.0893351776176132 14038
240000000 312.25716176877381258 13029.979224501728822 11567.893575753467303 -244.56958666001392544 3661.1966996212759113 8151.2664627922058571 14036
241000000 311.35242924281266141 12992.226220054279111 11607.359459783066995 -237.23506284849420922 3806.8852278429180842 8037.709294788643092 14029
242000000 308.14285404056283824 12858.295910920938695 11664.955362546650576 -239.98683245435648814 3750.4168462851689583 8154.5253487158370262 13994
243000000 309.03588607529451338 12895.560673059477267 11710.518591063566419 -225.59829731587964829 3659.0139839903827124 8277.1029043890648609 14027
244000000 310.42395318838578078 12953.482437105953068 11769.01283574419358 -240.78275329124574 3738.53601198380602 8271.259577051632732 14013
245000000 310.73014548739871543 12966.259339554695543 11697.868884472467471 -255.43605576482997321 3691.0608717078976042 8262.2440685293986462 14032
246000000 310.5672325401117746 12959.461249459574901 11699.731750501194256 -253.77462737308081842 3675.296708288939044 8278.209669585337906 14019
247000000 310.30737599548041317 12948.617862045437505 11619.588229406021128 -224.48114593157737318 3649.2990828344754846 8194.7702925031244376 14069
248000000 313.10596629042544237 13065.398445057426215 11556.561835120239266 -209.89249122413937698 3647.0252124278740666 8119.4291139165043205 14036
249000000 307.01226809511575766 12811.118413702804901 11647.121349321039816 -216.96279637228252568 3692.2153272874547838 8171.8688184058664774 14025
250000000 307.86290353399726882 12846.614035431597586 11600.695602237583444 -271.84909128314666305 3617.8206212288259849 8254.7240722919032123 14057
251000000 309.92769227636932783 12932.774283170016133 11632.858681991885533 -234.10643619771633439 3650.9674037942936593 8215.9977143953092309 14036
252000000 309.17746388923052336 12901.468483031831056 11695.632841657823519 -235.69517759226729936 3741.8182187636548406 8189.509800486435779 14030
253000000 312.42084091155106762 13036.809286678017088 11562.501838044983742 -215.50838638085372168 3635.2818040176534851 8142.7284204081834105 14067
254000000 309.54337367199286746 12916.737298134192315 11669.305057334879166 -231.99544565345067326 3715.4492315953648358 8185.851271392966737 14049
255000000 307.73577151355704018 12841.309024729131124 11544.306193545664428 -243.08351436280321423 3604.2077154230796623 8183.1819924853880366 14067
256000000 308.98276412219377107 12893.343981082432947 11733.704626253167589 -235.97515206492286666 3737.5552573912705157 8232.1245209268199687 14044
257000000 308.61548247527019839 12878.017920338632393 11590.658393190229617 -226.87531525231608498 3680.5710756754929207 8136.9626327670521277 14048
258000000 309.23564683369403383 12903.896361877861636 11591.32137341644011 -248.76614749105138458 3733.970321877148308 8106.1171990303437269 14008
259000000 309.59472388494162942 12918.880058300543169 11725.793390348935645 -242.50269365094791851 3727.2955171106414127 8241.0005668892408721 14031
260000000 310.3781004078254 12951.569075776775207 11684.121889279471361 -257.70446860287671598 3731.5335294998635618 8210.2928283824840037 14045
261000000 311.63726197903088178 13004.111822979632052 11690.088756983126586 -241.06256027885865478 3716.0752825841718732 8215.076034677815187 14026
262000000 310.90159133687654958 12973.413493663345434 11480.864739760920202 -272.31728110326923797 3590.5383983426081613 8162.6436225215802551 14064
263000000 310.41043574158430829 12952.918376221028666 11618.621076646009897 -221.52052626225736276 3673.7148269442404853 8166.426775964026092 14059
264000000 310.34926678680773193 12950.365896062019601 11678.407084506347019 -242.79376714173270102 3724.8833745339779853 8196.3174771141020756 14040
265000000 309.29823259232739474 12906.507962938099809 11496.479185335238071 -239.8901785758122287 3568.3630624139232168 8168.0063014971256052 14039
266000000 310.74666509945774351 12966.948675871937667 11633.73272598515905 -235.68540322466424186 3618.510225013987565 8250.9079041958357266 14062
267000000 309.19358262888846411 12902.141091601250082 11551.723895917546542 -234.71505616635843694 3591.6846843806597462 8194.7542677032470237 14066
268000000 310.3820423325835236 12951.733565831740634 11550.349170780644272 -257.92739800596120858 3704.7797361344546516 8103.4968326521502604 14033
269000000 309.04930732010478778 12896.120719593091053 11550.784255106849741 -252.03761768612548622 3597.808861486011665 8205.0130113069644722 14048
270000000 309.35860503374743757 12909.027205901111302 11675.651899991140453 -236.93776455735488184 3610.8486300711724653 8301.7410344773234101 14046
271000000 312.77444877443286941 13051.564762840265757 11676.026635295933374 -246.35218467722987157 3764.2180175435987621 8158.1608024295646828 14055
272000000 311.07144106248546223 12980.501044140763042 11634.898229263886606 -233.68098735880460026 3676.3934990317752636 8192.1857175909135549 14032
273000000 312.63730946981468151 13045.84216458209994 11740.082866518694573 -253.82719759064866594 3713.7119563457235927 8280.1981077636191912 14026
274000000 311.67299688542817648 13005.602982014412191 11595.288385422145438 -243.15212037687709312 3702.760595579954952 8135.6799102190689155 14045
275000000 312.62604683484346424 13045.372193296712794 11597.506211248113686 -235.84087223574380232 3672.8549348047008607 8160.4921486791572534 14040
276000000 311.90902894852996496 13015.452212889091243 11806.034328612951867 -217.27881030505716353 3727.2820054514913863 8296.0311334665202594 14044
277000000 310.86431762193478789 12971.858122671819729 11655.086582334048217 -244.87526477821708681 3712.6858027830066931 8187.2760443292590935 14037
278000000 309.5977394781131693 12919.005894057687328 11550.595131965155815 -243.19252565206409145 3650.9329699771551532 8142.8546876400632755 14056
279000000 311.29278597847394394 12989.737404454941498 11714.659691323322477 -228.39371202408810291 3676.9097167730237743 8266.1436865743871749 14066
280000000 313.3664228897588373 13076.266871770121725 11459.907373747018937 -253.17390780352664592 3540.300667482850713 8172.7806140676948417 14070
281000000 311.92213880498877643 13015.999265697510054 11759.559866484996746 -263.47069981095501134 3687.8964170462204493 8335.1341492497303989 14057
282000000 309.49659263100733142 12914.785202019920689 11853.304184771572181 -261.71503057759184685 3763.9404556539134319 8351.0787596952504828 14046
283000000 309.78277839983684316 12926.727264777020537 11564.908072846337745 -255.40620208951119707 3624.866712466115132 8195.4475624697333842 14044
284000000 312.56547929013873954 13042.844808993622792 11766.943963169615017 -233.62433239846643573 3754.6309990846530127 8245.9372964834292361 14043
285000000 313.18715914623970775 13068.786489765336228 11633.105595731576614 -239.87313609091495437 3721.1648427629988873 8151.8138890594937038 14058
286000000 310.89891270718555916 12973.30171883958792 11628.661275281447161 -245.99251763273181837 3706.852778577011577 8167.8010143371684535 14058
287000000 311.05901829260830027 12979.982662328498918 11669.292864086382906 -254.28337688789696358 3688.9994276448569508 8234.5768133294222935 14036
288000000 311.993923690289364 13018.994731225991927 11679.930873346045701 -239.45772930134654644 3697.9761921239278308 8221.412410523462313 14058
289000000 308.10700499635908045 12856.799989102693871 11733.727895981730398 -266.97471260900658763 3739.7560602838466366 8260.9465483068888716 14030
290000000 311.35499429274142358 12992.333255380841365 11636.873332522871351 -232.68908464727184082 3710.3191196305833728 8159.2432975395586254 14045
291000000 311.35990729335651395 12992.538266838648269 11638.5221082683438 -234.71096042643233659 3666.8577002949150483 8206.3753683998602355 14040
292000000 308.44613098924600081 12870.951160581917065 11586.445227202908427 -220.76990468636546439 3698.0784871827040661 8109.1366447065702232 14048
293000000 305.91922958569631419 12765.507709408175288 11603.243683598579082 -219.02666284645817996 3635.2761103769234978 8186.9942360681125137 14073
294000000 308.3882937237334545 12868.537706351558882 11621.660167171125067 -247.31699079095693605 3656.0485726776951196 8212.9285852843877365 14049
295000000 310.68735177180809615 12964.473627989502347 11577.47932225490149 -227.13939634040966098 3693.2196534987715495 8111.3990650965397435 14070
296000000 309.48820990743655557 12914.435404713902244 11765.111277209207401 -237.78639139951579295 3780.6091517575673606 8222.2885168511547818 14025
297000000 308.39342121056864698 12868.751667967548201 11629.165445639804602 -237.21530076272713927 3538.6359179335668159 8327.7448284689653519 14069
298000000 313.31780548423654409 13074.238147175572522 11775.643034829508906 -238.61985101122814967 3744.3665120591549567 8269.8963737815829518 14044
299000000 308.71141636563459087 12882.021084241399876 11519.50187500150605 -213.29714151064874272 3651.9695321320896255 8080.8294843800667877 14050
300000000 311.08095298675090135 12980.897961139757172 11743.798442714178236 -247.15540399430409479 3709.0344853936721847 8281.9193613148090662 14034
301000000 309.74072717602837201 12924.972536176128415 11885.598000157282513 -240.69511358641744891 3819.5221045306720953 8306.7710092130291741 14006
302000000 313.79976262262027831 13094.349428097579221 11829.01794919292297 -263.2102560090840484 3832.1050604336396646 8260.1231447683676379 14012
303000000 309.62708870194370547 12920.230589032178614 11622.16617741756636 -242.00696897888724379 3670.1389242340192141 8194.0342221624341619 14023
304000000 309.80524658795332016 12927.66482541681944 11693.355931990936369 -251.71308910526713021 3800.1518611926408084 8144.9171599035616964 14025
305000000 311.18958795859907696 12985.431120341672795 11623.793177162364373 -240.7991853420563757 3783.4978715334018489 8081.0944909710196953 14009
306000000 308.20067781314469357 12860.708802113429556 11704.936409344769345 -246.87963224908565962 3689.778795683869248 8262.0372459099853586 14043
307000000 308.6003799052448926 12877.387714861351924 11654.029657825361937 -248.24140711654456481 3707.1142700680884445 8195.1567948738156701 14047
308000000 308.46035354610347667 12871.54464455301968 11672.537051354654977 -240.16320000944295998 3650.9961004633987613 8261.7041509006976412 14068
309000000 312.69429909003304147 13048.220247964563896 11742.64659497186949 -227.50032290945426894 3783.8427072595682148 8186.3042106217544642 14020
310000000 309.07884188297316541 12897.353148461656019 11590.560558433040569 -233.8145287942078312 3638.366135471384041 8186.0089517558662919 14050
311000000 306.57629467541647728 12792.92595794314002 11756.447920100041301 -231.22929659952882275 3634.2339796163305436 8353.443237083238273 14053
312000000 311.27079926271403565 12988.819934866914991 11479.656045899657329 -233.82102889385117805 3569.4188521124970066 8144.0582226810092834 14058
313000000 307.79049954869054773 12843.592735875252401 11520.344379902478977 -209.23135987216602416 3666.9997805563657494 8062.5759592182785127 14051
314000000 313.67400639679846108 13089.101827048083578 11666.674984203782515 -224.84616933814035633 3684.4673675825865757 8207.0537859593368921 14050
315000000 308.10451719548120764 12856.696177252328198 11741.346819184147535 -233.20553452513283332 3722.2534794133916876 8252.2988742958877992 14056
316000000 308.74490854303570586 12883.418657873491611 11620.396190445508182 -238.51552209951290706 3635.5638016929515288 8223.3479108520696172 14055
317000000 307.68269512816868883 12839.094234217987832 11758.993856202503594 -231.89545845922850731 3706.3458590975278639 8284.5434555642041232 14068
318000000 308.66471466046317573 12880.072298680532185 11676.716841251993174 -262.29878427380407402 3634.4713090578215997 8304.5443164679745678 14040
319000000 309.78048261560701349 12926.631465466449299 11553.173829200151886 -257.04697991323263295 3636.8853176499360416 8173.3354914634492161 14055
320000000 312.16726182407387569 13026.227847255204324 11561.807020594382266 -234.56626161979684753 3729.9302130819710328 8066.4430691322086204 14059
321000000 311.26918352325037631 12988.752512709086659 11660.485098652756278 -231.86385943447928071 3776.3796716425295017 8115.9692864447069951 14017
322000000 312.56985527697321459 13043.02741174712537 11737.917640026227673 -241.75864048268184092 3678.747266854202735 8300.9290136547078873 14067
323000000 310.09538132032184876 12939.771671945669368 11544.046903589203794 -254.8205015511369993 3617.9890262143326254 8180.878378926008736 14064
324000000 311.84858474886658541 13012.929975572276817 11598.483048848700491 -230.4937379075554702 3752.9387511010118033 8076.0380356552432204 14017
325000000 308.52684777488747159 12874.319339662322818 11755.16809439703502 -260.12217547525546024 3733.3596840689251621 8281.9305858033658296 14022
326000000 313.2275966522910835 13070.473880570900292 11598.356807467582257 -257.1020264163624347 3697.0893914719435998 8158.3694424120021722 14055
327000000 308.48708022536601447 12872.659905043950857 11716.85526272174684 -232.79967672514439414 3705.8439100739724381 8243.8110293729187106 14024
328000000 309.01604356734742396 12894.732677746742411 11596.775562313376213 -245.0806121848468706 3708.7145618018957975 8133.1416126963285933 14036
329000000 310.76044688675688121 12967.523767252283506 11668.968752358461643 -240.83735200604618854 3688.2726097896747888 8221.53349457483273 14038
330000000 308.51372218696252503 12873.771630405624819 11713.21472323999842 -243.97310149018537118 3801.6273402607862408 8155.5604844693989435 14003
331000000 311.07426112447654987 12980.618720702439532 11941.546625837414467 -255.624039075100427 3844.9637124142036555 8352.206952498312603 14027
332000000 310.01114334785279425 12936.256559514080436 11742.916368493330083 -224.14485771819633442 3741.533136932187972 8225.5280892793416569 14007
333000000 308.51142697516735325 12873.675854981811426 11631.449332697329737 -257.58977450243969542 3651.6619267202795527 8237.377180479488743 14060
334000000 309.40483894541841892 12910.956471206436618 11600.997435184486676 -220.80162817168792344 3647.8615278404276978 8173.9375355157462764 14064
335000000 310.52329750059232083 12957.627912318726885 11658.888365066002734 -224.77549386757527827 3620.5552208359449651 8263.1086380976321379 14045
336000000 312.56923252945438207 13043.001425514537914 11599.109474494873211 -242.36208273319053319 3610.7534902295387838 8230.7180669985245913 14045
337000000 313.96801901719447869 13101.370491484156446 11639.224715373300569 -210.01977994751774759 3686.847037059912509 8162.3974582609052959 14069
338000000 310.37818212125921491 12951.572485544349547 11797.314477938925847 -218.56810349488813472 3695.2820569406667346 8320.6005244931475318 14046
339000000 313.50510278112545848 13082.053756186567625 11719.644663488708829 -251.4377094147544085 3691.1435524103594616 8279.9388204931019573 14047
340000000 310.44117497730593414 12954.201074111962953 11628.346795653716981 -243.06298387414545914 3707.6217222633122219 8163.7880572645508437 14049
341000000 312.68662493635446253 13047.900018118012667 11590.773220268873047 -243.8312383010285771 3691.978350174692423 8142.626108395209485 14051
342000000 309.42884273071365442 12911.95810979795715 11556.098005896506947 -236.22278062870279314 3684.7636126245461128 8107.5571739006645657 14045
343000000 311.63314881482887131 13003.940187383524972 11557.101760772939087 -240.11945466273039074 3614.7316347324790513 8182.489580703190768 14032
344000000 310.38523090251061376 12951.86661962519247 11601.385833474188985 -232.64546852114426656 3676.120516885350753 8157.9107851099815889 14054
345000000 308.66994794764559629 12880.290675171489056 11686.238806890916749 -225.07834017642679214 3669.3301152565027223 8241.9870318108405627 14044
346000000 314.79180966963969013 13135.745924303366337 11644.989484634639666 -243.42479710266269421 3699.1867891211040842 8189.2274926161971962 14033
347000000 309.47220554955629268 12913.767569108465977 11808.643331031831622 -218.28420845879281842 3766.650911502253166 8260.2766279883726384 13995
348000000 306.64631962045365299 12795.847984050926243 11805.39636641911784 -233.59955124550003802 3792.1415437871842187 8246.8543738774333178 14016
349000000 312.67840330021385853 13047.556942726252601 11626.317025488320724 -242.87549394010628134 3698.13210307612826 8171.0604163523003081 14045
350000000 307.64618203817877884 12837.570602858195343 11625.707254287115575 -225.31421779413926743 3644.594229677772546 8206.4272424034825235 14047
351000000 311.73068687077346794 13008.010290484946381 11662.189018302899058 -236.19894123140369402 3662.8175904582240037 8235.5703690760801692 14064
352000000 311.38630948589280933 12993.639987030686825 11728.678953482609359 -226.46745174137998902 3691.5569403154390784 8263.5894649085494166 14038
353000000 304.60013413703109109 12710.464019797078436 11532.231274686475444 -235.23924300893486361 3674.3961187357608651 8093.0743989596503525 14037
354000000 308.93280642842802308 12891.259328457703305 11692.0274202373148 -262.77930798127704293 3656.0301242297146018 8298.7766039888756495 14058
355000000 308.03944540164366117 12853.980838020390365 11543.288608972554357 -232.79886074190306999 3616.0285927347536017 8160.0588769797032 14053
356000000 307.38403306526026881 12826.631556171470947 11612.24788442438512 -229.90211325253125096 3648.514767627780202 8193.6352300491362257 14042
357000000 306.09410308074706109 12772.80489354486599 11762.00685973508007 -239.04426606601771255 3749.9552602389703679 8251.0958655621288926 14034
358000000 309.45764555362848114 12913.160004358394872 11682.834886207136151 -239.17373655894797935 3626.3448839244483679 8295.6637388416347676 14016
359000000 309.34336117412800604 12908.391104640799313 11718.082903793016158 -229.08094427210545518 3704.270652928187701 8242.8931951369340823 14035
360000000 309.86214735269953735 12930.039201006164149 11762.538472292704682 -234.79809954827763363 3769.4792790625783709 8227.8572927784043713 14016
361000000 308.96486918900023966 12892.597254869926473 11750.628625567980635 -260.5063588518510187 3742.7502779635460683 8268.3847064562869491 14008
362000000 310.8905178521237076 12972.951415306342824 11668.416181602151482 -210.32535454169192235 3632.666413011395889 8246.0751231324484252 14052
363000000 310.77648146144912289 12968.19286375572301 11712.387352414498309 -237.97903624254666965 3716.0096700344929559 8234.3567186225518526 14012
364000000 306.41873547356249219 12786.351270864204707 11463.398195505522381 -254.5882437386158017 3612.7718005602782796 8105.2146386838594481 14031
365000000 310.61050815705584682 12961.267069977875508 11659.720081003506493 -256.23640354421138454 3658.4744596724322037 8257.4820248752839689 14066
366000000 307.89327143228814521 12847.881238020579985 11629.513332190264919 -243.35977745171567221 3662.5861117866415952 8210.2869978553389956 14014
367000000 311.64798977414818637 13004.559476275113411 11525.93380501478714 -251.17670470981551034 3603.3591780408196428 8173.7513316837830644 14053
368000000 311.92054607202874195 13015.932803563344351 11609.941058410482583 -250.20667575725389042 3671.9188215533949915 8188.2289126143414251 14065
369000000 309.01182318469636812 12894.556568100604636 11810.105902076888015 -255.70080875050962277 3694.0616866851896702 8371.7450241422084218 14066
370000000 308.80806511726927965 12886.054078132527138 11623.466294412635762 -242.04526146566885814 3643.1702033110941557 8222.3413525672112883 14066
371000000 309.57123359935889084 12917.899847209828295 11586.509311846815763 -232.81809027058412198 3650.4312555832657381 8168.8961465341344592 14054
372000000 310.93080582819737856 12974.632566471182145 11562.10891263799931 -236.90522553595175737 3605.6048873460481445 8193.4092508279027243 14074
373000000 312.14104509086968164 13025.133865976920788 11772.321572471624677 -278.57359533800899953 3785.8873276679678384 8265.0078401416649285 14009
374000000 310.79400541310133121 12968.924109516960016 11527.962216139665543 -248.74447226349650464 3615.3208642040931409 8161.3858241990692477 14026
375000000 312.84586778016273456 13054.54496081434263 11662.998377680714839 -238.49505632891197138 3653.0610990355125978 8248.4323349741134734 14049
376000000 310.91426564030319923 12973.942371558086961 11718.98565638027867 -233.84528985246149091 3693.9345477809538352 8258.8963984517868084 14017
377000000 307.99927306815737893 12852.304512431055628 11725.076765120418713 -258.49030695835494953 3763.7169653674554866 8219.850106711319313 14037
378000000 311.53793532879745953 12999.967084772028102 11426.947656897313209 -249.14842643987088877 3605.0542731155542242 8071.0418102216308398 14065
379000000 312.72108664654007271 13049.338048763060215 11694.517081936999602 -254.61586321101310659 3721.6573320464549397 8227.4756131015583378 14042
380000000 311.04756500170498157 12979.504735283760965 11698.946831378791103 -243.17558811212339265 3711.8001474615684856 8230.3222720293451857 14050
381000000 312.41073212680981896 13036.387463670283978 11679.683910855714203 -229.08976788847613193 3660.898053678738961 8247.8756250654514588 14048
382000000 309.3743834851256338 12909.68561479872551 11782.841096121179362 -257.53247155880973196 3830.4430838178232079 8209.9304838621665112 14041
383000000 308.88702730895681725 12889.34904088496296 11589.6175023947726 -235.40275627037220829 3588.9032142736455171 8236.1170443914998032 14073
384000000 310.50052850807088589 12956.677799604462052 11648.895527308763121 -245.71528773655529676 3696.7947817763620151 8197.816033268956744 14027
385000000 308.54666700028616333 12875.146363432500948 11756.127515126654544 -234.45583359235368448 3739.5361773359359177 8251.0471713830738736 14049
386000000 308.39482980128786949 12868.810446148017945 11549.928632050756278 -256.67488078727819811 3708.3771287781637511 8098.2263840598716342 14034
387000000 308.00830597673740385 12852.681440891135935 11716.939815377016203 -234.20445237039268704 3674.1154806234021635 8277.0287871240070672 14045
388000000 311.81508026049999671 13011.531888223787973 11550.217657278592014 -230.85677780680663318 3630.6115822008819123 8150.4628528845169058 14047
389000000 307.78283684005020859 12843.272983611375821 11658.882525143271778 -247.23572209994628679 3576.9186885174149211 8329.1995587258024898 14078
390000000 312.22734341575278449 13028.734953535542445 11634.597422142374853 -229.630815522261571 3667.8412797883415806 8196.3869578762933088 14057
391000000 310.15883974156230352 12942.419687785237329 11395.643965518687764 -218.64363813273681103 3604.2235205188185319 8010.0640831326063562 14065
392000000 312.45381030535202171 13038.185045407897633 11751.135363168090407 -235.73701595559896305 3743.5155463375981526 8243.3568327860921272 14020
393000000 310.52323055908618699 12957.625118959467727 11562.368539187746137 -251.7956364047042257 3569.0100040657894169 8245.15417152666123 14033
394000000 309.13287048129819823 12899.607673256912676 11485.074993061991336 -243.4355069672695322 3622.1303954836207595 8106.380104545640279 14034
395000000 309.09558142765928324 12898.051662206711626 11489.833554369895865 -226.65751757455134907 3620.9686751653966894 8095.5223967790516326 14052
396000000 312.2014387178668926 13027.65399297931981 11538.773073936647052 -222.14098630527988121 3699.9398782494190527 8060.9741819925084201 14033
397000000 309.89157710443379301 12931.267256278002606 11560.335885533491819 -204.81975304084863865 3743.3599740238087179 8021.7956645505328197 14049
398000000 310.82207099146745577 12970.095240071541411 11490.459392221593589 -231.29943932276057694 3629.3299350196962223 8092.428896524659649 14041
399000000 310.81376241239502178 12969.748536693832648 11752.474250900215338 -236.84213385201849178 3895.2161415157820556 8094.100243236453025 14029
400000000 308.22341023273850169 12861.657388699410149 11764.200370272603323 -259.95135515082404254 3792.6850554211487179 8231.4666700022789882 14028
401000000 310.51909689421177063 12957.452627903923712 11750.275803494832871 -256.41159335110955908 3773.9180181051638101 8232.7693787407770287 14030
402000000 311.85160838478117284 13013.056146939898099 11684.475342395799089 -241.189943092307999 3698.9039416518735379 8226.76134383623139 14026
403000000 307.14584681379062658 12816.692434549308018 11695.23103131418975 -260.56163769080842485 3701.7904201548035417 8254.002248850196338 14037
404000000 304.94798546562475394 12724.979285224831983 11701.023985379615624 -224.24309702192920213 3691.6603388297376114 8233.6067435718068737 14037
405000000 308.76395372040002485 12884.213381888717777 11633.247589926651926 -235.52880494117607668 3630.9451907984666832 8237.8312040693617746 14051
406000000 306.46756725594860882 12788.388941053679446 11554.212747145025787 -246.43564104382960522 3629.1498941606887456 8171.4984940281647141 14044
407000000 307.99985754541489769 12852.328901708404373 11696.265553286739305 -231.09843692698029827 3655.7947189688816252 8271.5692712448362727 14041
408000000 308.1388918013101943 12858.13057317543462 11540.610080485042999 -225.29883688341311654 3667.3423303735517038 8098.5665869949025364 14045
409000000 313.0187257668594043 13061.758041093075008 11625.893406232142297 -223.76020295832256579 3628.3421463019640214 8221.3114628885014099 14042
410000000 307.66131150063853283 12838.201930512657782 11599.449741229233041 -252.03780172524182035 3597.3521390692421846 8254.1354038852332451 14056
411000000 309.66914592212310708 12921.985567851796077 11587.64479262401801 -257.03465275932290979 3629.4510368449291491 8215.2284085384108039 14073
412000000 311.98412923472017155 13018.58602465907461 11797.256739981356077 -246.41306755832954423 3748.0120108542041635 8295.6577966854820261 14026
413000000 311.50842183788091688 12998.735535201454695 11629.606433836703218 -224.50229478306150099 3689.7237573330371561 8164.3849712867267954 14034
414000000 307.96424490943616092 12850.842844817654623 11809.03547038502802 -217.00256736987657291 3815.2932818876788588 8210.7447558672265586 14022
415000000 311.70433060901928002 13006.910486909113388 11540.267015376357449 -246.94357637719681975 3644.6387114796852984 8142.5718802738701925 14062
416000000 303.77146181950195114 12675.884883100383377 11705.469831961809177 -221.97788195287168378 3695.2332759560622435 8232.2144379586188734 14056
417000000 306.76710297229209345 12800.888075225155262 11737.353528424784599 -220.03449869277343964 3695.2019812833109427 8262.1860458342471247 14045
418000000 310.44013332835254459 12954.157607809556794 11540.864464188438433 -237.3085252546558479 3575.2539945291837284 8202.9189949139108649 14069
419000000 307.62633054263261556 12836.742232507691369 11698.788942342320297 -255.10598218867878018 3760.4079421165724852 8193.4869824144261656 14024
420000000 310.88243092008747226 12972.613960895929267 11594.003989203949459 -256.18599872019450459 3649.4074985355582612 8200.7824893885845086 14048
421000000 309.40865965198111098 12911.115903024920044 11597.327328556053544 -229.4964670998089673 3645.3602362282681497 8181.4635594275941912 14088
422000000 315.81800671717934392 13178.567444021105985 11546.656123276103244 -228.94101065051512478 3656.2080723508047413 8119.3890615758136846 14040
423000000 310.06712010205836805 12938.592377659040721 11607.66680002344583 -234.56427906683015294 3623.3114154528338986 8218.9196636374435911 14041
424000000 309.20291407296161879 12902.530477457827146 11430.932188341270376 -237.44524884942637755 3575.1661174340715661 8093.2113197566231975 14050
425000000 309.82055943387359775 12928.303805362320418 11798.102297227307645 -266.95538000859414751 3865.624981887879585 8199.4326953480231168 14032
426000000 310.96368637993015227 12976.004617967268132 11582.433409186905919 -228.58361544742570004 3671.9075901753894868 8139.1094344589409957 14039
427000000 309.91189031006553023 12932.114893033121916 11634.769237055226768 -219.41652128345182859 3712.3227921332781989 8141.8629662053990614 14069
428000000 308.79023958251264048 12885.31024780297048 11743.975862601468179 -243.84628350489617787 3763.9154821934539541 8223.906663912908698 14041
429000000 310.446312783712699 12954.415466346748872 11585.134615526192647 -227.07894812423859321 3591.9353676017399266 8220.2781960486900061 14076
430000000 307.18567616446995316 12818.354448028638217 11761.148798729209375 -272.38451028329296832 3671.2267292181390985 8362.3065797943618236 14049
431000000 309.70816458564007689 12923.613752685456348 11712.641657234511513 -256.77887938983269578 3763.0524581851350376 8206.3680784392108762 14060
432000000 310.90033494701788186 12973.361066575160294 11586.537185392182437 -230.51700680079039785 3692.2075621501817295 8124.8466300427908209 14059
433000000 309.31722252407701035 12907.30038164443431 11591.437096313191432 -238.512401163852644 3701.8535146504609656 8128.095982826582258 14034
434000000 310.18287628018862279 12943.422693119546238 11708.404844869066437 -223.10736552013634082 3868.5069342509987109 8063.0052761382039535 14020
435000000 310.16108359311607501 12942.513320030413524 11392.810759402134863 -257.22508738054466448 3603.0140346607886386 8047.0218121218922533 14052
436000000 311.68327111781024996 13006.031708880844235 11853.051602321645987 -246.36855327289478623 3733.8373586954462553 8365.5827968990961381 14035
437000000 312.82294820986174955 13053.588564736301123 11749.811571517660923 -241.84748782808915735 3704.3450253466589857 8287.3140339990914072 14042
438000000 312.93605264264812149 13058.308227212759448 11701.922663376955825 -257.29196217309629446 3754.4626644103100261 8204.7519611397419794 14042
439000000 307.27244096388801609 12821.97500080453392 11572.536909667709551 -248.11681821502821776 3684.7926463192370647 8135.8610815635020117 14046
440000000 310.4108566367997355 12952.935939488053918 11709.591154182628088 -238.64169783041808159 3768.3625557941027182 8179.8702962189436221 14002
441000000 315.46774272708006492 13163.95150218575327 11766.737120501762547 -230.03508113685757053 3833.6745285519782556 8163.0976730866423168 14018
442000000 312.67595897629649926 13047.454945098143071 11784.025553698626027 -227.77972679117266352 3783.9281642042242311 8227.8771162855737202 14037
443000000 309.25576769734897198 12904.735972517752089 11744.220398194209338 -219.20818859768883158 3769.2593893058146932 8194.1691974860841583 14029
444000000 309.54132926526307301 12916.651988394409273 11674.778137610799604 -252.70023430166492062 3681.6764169556699926 8245.8019549567943614 14022
445000000 310.47569795116135083 12955.64166118947287 11870.673724901373134 -222.65047941919760888 3855.1375685323164362 8238.1866357882536249 14039
446000000 310.73164664740608032 12966.321980499735218 11588.979907909013491 -244.17470134988383279 3647.05775071686503 8186.0968585420323507 14045
447000000 307.50383844153469681 12831.630838029401275 11524.520735653397423 -232.65601441859342913 3642.6155467460162072 8114.5612033259749296 14028
448000000 307.30425675984321288 12823.302621788338001 11796.675040781468851 -240.02969236909606821 3803.5405150915157719 8233.1642180590515636 14020
449000000 313.41808840250763524 13078.422788880003282 11605.351573313408153 -214.53297154660532442 3764.2860112285725336 8055.5985336314406595 14033
450000000 310.29725397330065562 12948.19548666110677 11613.534201046575618 -231.39574085634779976 3693.0016761541814958 8151.9282657487419783 14053
451000000 309.34626591649242755 12908.512314775569394 11718.010718847619501 -226.08208440572727227 3700.3998332209498585 8243.6929700323980796 14047
452000000 311.55341144132358977 13000.612877565215967 11728.37193225300507 -250.74253785546980566 3771.0782150881282178 8208.0362550203462888 14024
453000000 313.54321672034524227 13083.644188359154214 11591.882489537736546 -235.43585760263269435 3661.3556047283841508 8165.9627424119853458 14033
454000000 310.22531953955098061 12945.193780721121584 11802.688094521639869 -265.2674064117021544 3725.8728481509328958 8342.0826527824083314 14040
455000000 307.22733280155784996 12820.092711172846975 11668.901162772879616 -238.04151996744042208 3750.4191932390149304 8156.5234895013054484 14057
456000000 310.05250689927424901 12937.982592674121406 11808.344253432753248 -239.36185443871741541 3764.9752873337392884 8282.7308205377321428 14031
457000000 309.41388185042882242 12911.333816801161447 11689.533470995753305 -227.07769507366583639 3723.5776422536132486 8193.0335238158040738 14034
458000000 309.98612609125274275 12935.212630427213298 11713.843740273654475 -235.56102833125493135 3753.5722010502022385 8195.8325675547075662 14052
459000000 309.80094055018440713 12927.485141523098719 11599.838565837075294 -259.737543381679302 3624.0803506410784394 8235.4957585776774067 14071
460000000 310.5058698528019363 12956.900685159695058 11624.693780170919126 -253.39904282053140605 3667.94916877202877 8210.1436542194223875 14033
461000000 311.03653173878410598 12979.044335317837977 11636.691103496643336 -235.6181368586982785 3826.8099181573115857 8045.4993221980303133 14003
462000000 308.2177022745839281 12861.419204967298356 11569.265075667368365 -244.40422921523904165 3637.4774476757370394 8176.1918572068716458 14025
463000000 308.37293881082661073 12867.896971019703415 11566.168669630034856 -267.75514690115983285 3733.3813634937932875 8100.5424530374011738 14024
464000000 309.91742916901733906 12932.346020532842886 11785.57667211486114 -240.73455404382951883 3746.138468894964717 8280.1727572637264529 14021
465000000 311.12986067933223922 12982.938798937178944 11781.103957134233497 -235.34927418382937958 3817.6445167375986784 8198.8087145804638567 14032
466000000 311.13774714533423094 12983.267888228769152 11684.312179195629142 -251.2121397327731529 3713.7690122945405165 8221.7553066338623466 14023
467000000 311.22408024941529447 12986.870427066280172 11570.346181859871649 -233.30151423826447399 3713.2558122863433709 8090.3918838117933774 14045
468000000 308.96585253542332339 12892.638288303365698 11766.805314222123343 -234.17944523782915667 3761.4516146035566635 8239.5331448563956656 14068
469000000 308.26326853015956431 12863.320610078795653 11605.539422887661203 -232.07088992628322899 3603.9479316067654509 8233.6623812071793509 14016
470000000 313.14088880284191418 13066.855704223800785 11713.439267360598024 -215.60077999234187018 3694.8572942254377267 8234.1827531275012007 14015
471000000 311.85524134803364404 13013.207744537963663 11712.891718145463528 -246.60461198328135879 3703.777398802879361 8255.718931325865924 14055
472000000 311.68854661299451436 13006.251846642491728 11608.588861378670117 -220.76303760461354386 3569.2825214495073851 8260.0693775337767875 14059
473000000 308.33610761239037856 12866.360065516177201 11638.354896804496093 -210.39633411496294002 3605.5834268025319034 8243.1678041169288917 14037
474000000 311.08291718216247546 12980.979923792785485 11714.574522476519633 -228.54933625598147273 3736.7645880567342829 8206.3592706757663109 14026
475000000 309.89182170769782942 12931.277463171034469 11724.681139732161682 -244.0860428250230143 3737.6925551694812384 8231.0746273877011845 14033
476000000 309.73861162015646187 12924.884257499337764 11778.093528173278173 -246.31211626394141945 3709.161136005251592 8315.2445084319660964 14056
477000000 312.77543147394180778 13051.605769279038213 11594.680910503522682 -216.33318951512168837 3657.916098184798102 8153.0980018338450463 14063
478000000 312.34083221079612258 13033.470654818587718 11674.394099563760392 -237.92601389639281706 3767.9402683057669492 8144.3798451543862029 14021
479000000 309.08954426420768868 12897.799741277489375 11707.092085795857201 -257.47222907019283866 3818.4454871656712385 8146.1188277003793701 14023
480000000 308.56270385463187722 12875.815555062141357 11536.755066204619652 -254.54944959652181069 3690.8296899906708859 8100.4748258104718843 14062
481000000 309.17995678315378427 12901.572507406628574 11616.220789368435362 -230.445292051904147 3672.6058868599170637 8174.0601945604221328 14062
482000000 306.57158179026799871 12792.729296975545367 11661.646694543906051 -248.6643742023773882 3726.2300869725213488 8184.0809817737645062 14040
483000000 309.00802911836802878 12894.398247935409017 11501.611093552166494 -233.82006781092096048 3663.0120209458109457 8072.4191404172779585 14038
484000000 305.86505492417933283 12763.247089635478915 11659.551526591987567 -241.93539745674715391 3713.6020808110342841 8187.8848432377008066 14049
485000000 308.13948172025345684 12858.155189525405149 11608.238148606098548 -249.58405304384064038 3651.2580144173361987 8206.5641872326050361 14036
486000000 310.93290756510293704 12974.720268505172498 11663.396972592963721 -238.5113495352850066 3734.6024433554730422 8167.3058787727741219 14025
487000000 307.64287092797900414 12837.43243566014462 11545.538352814914106 -237.16560665251373052 3669.5454694659388224 8113.1584900014886443 14043
488000000 309.90535105640020674 12931.842020702764785 11621.58016605053308 -230.66000059215622287 3728.7485260820508302 8123.4916405606381886 14036
489000000 308.08818000500525613 12856.014453088557275 11601.247705860470887 -228.30346730897133511 3654.3209528298812074 8175.2302203395611286 14064
490000000 305.29411927565797669 12739.422881419977784 11640.447337008779868 -234.89478567318263913 3747.8978185094010769 8127.4443041725626244 14025
491000000 311.16785011428771668 12984.524035751017436 11663.797556999492372 -228.15174832826124884 3612.6370782355793381 8279.3122270921739982 14048
492000000 313.85322269312166554 13096.580229159202645 11741.034726561345451 -244.48982721685874253 3680.5130066251167591 8305.0115471530862123 14076
493000000 311.71332876539327117 13007.285965216633485 11696.019772242501858 -224.96464309081386546 3758.2128275948753071 8162.7715877384407577 14064
494000000 309.51982364553754223 12915.754594154846927 11595.558890419099043 -225.746603619648738 3582.1315881986447494 8239.1739058401017246 14049
495000000 310.77348332479721194 12968.067756430513327 11657.078477411594577 -240.55554910847814654 3662.6429250243445495 8234.9911014957287989 14045
496000000 309.96599242363430449 12934.372485498926835 11631.958808995834261 -227.77129588868325527 3623.8278374626606819 8235.9022674218576867 14039
497000000 308.58903181865491661 12876.914177820064651 11637.866826144199877 -233.73988674616470007 3690.6500860888418174 8180.9566268015232708 14049
498000000 311.24467248119219676 12987.729707124804918 11644.979067018713977 -226.4825214867976797 3713.3313831075738563 8158.1302053979379707 14025
499000000 310.20735894487637552 12944.444314562701038 11646.626435808206224 -244.50183771439333213 3677.3064172764084105 8213.8218562461916008 14015
500000000 309.1092225810946843 12898.620885166577864 11692.639626337786467 -245.19774182537094021 3687.6824047931845598 8250.1549633699705737 14031
