# Fix print output for fix saveBond
1000000 121441 121597
2000000 242331 242497
3000000 363761 363943
4000000 484188 484350
5000000 604816 604969
6000000 726683 726807
7000000 848917 849039
8000000 970764 970906
9000000 1092737 1092883
10000000 1214377 1214540
11000000 1335794 1335921
12000000 1458132 1458250
13000000 1580530 1580658
14000000 1703122 1703265
15000000 1825003 1825123
16000000 1947222 1947339
17000000 2069899 2070032
18000000 2192295 2192434
19000000 2314707 2314842
20000000 2437368 2437499
21000000 2559542 2559683
22000000 2682308 2682434
23000000 2804186 2804334
24000000 2925621 2925770
25000000 3048264 3048380
26000000 3170885 3170983
27000000 3293259 3293389
28000000 3415185 3415305
29000000 3537044 3537142
30000000 3659176 3659294
31000000 3781641 3781747
32000000 3904905 3905018
33000000 4028189 4028336
34000000 4151144 4151264
35000000 4274197 4274339
36000000 4397475 4397593
37000000 4519350 4519452
38000000 4641947 4642048
39000000 4764688 4764825
40000000 4887064 4887196
41000000 5009337 5009485
42000000 5131976 5132081
43000000 5255453 5255583
44000000 5377971 5378097
45000000 5499934 5500073
46000000 5622017 5622139
47000000 5744782 5744892
48000000 5868242 5868358
49000000 5990783 5990907
50000000 6113153 6113277
51000000 6235301 6235429
52000000 6357477 6357590
53000000 6480584 6480707
54000000 6603330 6603447
55000000 6725915 6726036
56000000 6847540 6847662
57000000 6969250 6969382
58000000 7090868 7091005
59000000 7213334 7213476
60000000 7335465 7335597
61000000 7458109 7458232
62000000 7580406 7580536
63000000 7702748 7702870
64000000 7825344 7825463
65000000 7948128 7948238
66000000 8070840 8070961
67000000 8193130 8193240
68000000 8315723 8315869
69000000 8437673 8437807
70000000 8559749 8559881
71000000 8682374 8682496
72000000 8804850 8804969
73000000 8927629 8927743
74000000 9050828 9050962
75000000 9173694 9173800
76000000 9296823 9296941
77000000 9419428 9419545
78000000 9541461 9541584
79000000 9664848 9664967
80000000 9788044 9788168
81000000 9910063 9910175
82000000 10032318 10032437
83000000 10155474 10155612
84000000 10277841 10277959
85000000 10399867 10400012
86000000 10521706 10521826
87000000 10644169 10644280
88000000 10766518 10766647
89000000 10889189 10889304
90000000 11012464 11012603
91000000 11134936 11135071
92000000 11256789 11256919
93000000 11379597 11379749
94000000 11502317 11502427
95000000 11624212 11624349
96000000 11746766 11746890
97000000 11868804 11868940
98000000 11991204 11991338
99000000 12115036 12115141
100000000 12237442 12237560
101000000 12360155 12360293
102000000 12482600 12482734
103000000 12605155 12605266
104000000 12727959 12728102
105000000 12849901 12850031
106000000 12972892 12973046
107000000 13095626 13095766
108000000 13217740 13217871
109000000 13340600 13340732
110000000 13463171 13463290
111000000 13585864 13585997
112000000 13708643 13708796
113000000 13830968 13831090
114000000 13953421 13953554
115000000 14075645 14075765
116000000 14197918 14198027
117000000 14320559 14320692
118000000 14442877 14443000
119000000 14564973 14565100
120000000 14687262 14687406
121000000 14808966 14809096
122000000 14931162 14931294
123000000 15052437 15052573
124000000 15173774 15173913
125000000 15296754 15296891
126000000 15419791 15419913
127000000 15542013 15542130
128000000 15665186 15665326
129000000 15787876 15788004
130000000 15910981 15911077
131000000 16033935 16034051
132000000 16156989 16157111
133000000 16280388 16280498
134000000 16403486 16403592
135000000 16526622 16526748
136000000 16649552 16649684
137000000 16771270 16771392
138000000 16893380 16893503
139000000 17015700 17015837
140000000 17138316 17138442
141000000 17260523 17260656
142000000 17382046 17382162
143000000 17504138 17504267
144000000 17626666 17626795
145000000 17748834 17748970
146000000 17871576 17871697
147000000 17993783 17993901
148000000 18116177 18116331
149000000 18238270 18238411
150000000 18360081 18360213
151000000 18482587 18482724
152000000 18605217 18605341
153000000 18727212 18727346
154000000 18849713 18849861
155000000 18972527 18972666
156000000 19095076 19095206
157000000 19216901 19217024
158000000 19338891 19339030
159000000 19461355 19461515
160000000 19583376 19583519
161000000 19706203 19706328
162000000 19828899 19829044
163000000 19951480 19951615
164000000 20073478 20073607
165000000 20195447 20195585
166000000 20318269 20318416
167000000 20441029 20441180
168000000 20564100 20564218
169000000 20686809 20686941
170000000 20809228 20809372
171000000 20931445 20931585
172000000 21053560 21053686
173000000 21176647 21176779
174000000 21298603 21298734
175000000 21420961 21421080
176000000 21543638 21543774
177000000 21666464 21666581
178000000 21788157 21788302
179000000 21910480 21910586
180000000 22031933 22032072
181000000 22153735 22153876
182000000 22275946 22276070
183000000 22398106 22398231
184000000 22521416 22521546
185000000 22643281 22643415
186000000 22765316 22765450
187000000 22888538 22888669
188000000 23011392 23011522
189000000 23134058 23134192
190000000 23256905 23257035
191000000 23378892 23379022
192000000 23501249 23501374
193000000 23624165 23624288
194000000 23747045 23747156
195000000 23869868 23869984
196000000 23991988 23992120
197000000 24114625 24114779
198000000 24237097 24237223
199000000 24359535 24359666
200000000 24482878 24483004
201000000 24605667 24605782
202000000 24727169 24727303
203000000 24849340 24849458
204000000 24971845 24971964
205000000 25093992 25094131
206000000 25216198 25216348
207000000 25338225 25338339
208000000 25460922 25461060
209000000 25583442 25583568
210000000 25706302 25706452
211000000 25828599 25828728
212000000 25951007 25951126
213000000 26073918 26074030
214000000 26196294 26196437
215000000 26319263 26319368
216000000 26441882 26442015
217000000 26564529 26564673
218000000 26685853 26685970
219000000 26808775 26808899
220000000 26931682 26931791
221000000 27054867 27054983
222000000 27178384 27178490
223000000 27300940 27301052
224000000 27424077 27424199
225000000 27546771 27546900
226000000 27669204 27669341
227000000 27791360 27791512
228000000 27913803 27913938
229000000 28036460 28036594
230000000 28158631 28158760
231000000 28281009 28281146
232000000 28403720 28403832
233000000 28526346 28526484
234000000 28649536 28649642
235000000 28772245 28772382
236000000 28894580 28894725
237000000 29017441 29017579
238000000 29139456 29139603
239000000 29261862 29261995
240000000 29384564 29384678
241000000 29506968 29507091
242000000 29629404 29629542
243000000 29752384 29752512
244000000 29874695 29874809
245000000 29997244 29997385
246000000 30119554 30119694
247000000 30241022 30241143
248000000 30363117 30363238
249000000 30484891 30485018
250000000 30606733 30606852
251000000 30729826 30729944
252000000 30852145 30852259
253000000 30975001 30975138
254000000 31097946 31098068
255000000 31219817 31219946
256000000 31342038 31342158
257000000 31464310 31464412
258000000 31587254 31587362
259000000 31710487 31710600
260000000 31833669 31833797
261000000 31956248 31956384
262000000 32078127 32078263
263000000 32200305 32200431
264000000 32322901 32323035
265000000 32444746 32444875
266000000 32567953 32568081
267000000 32690087 32690212
268000000 32812491 32812625
269000000 32934908 32935051
270000000 33057103 33057232
271000000 33180629 33180739
272000000 33302575 33302706
273000000 33424578 33424705
274000000 33546099 33546246
275000000 33668485 33668619
276000000 33790752 33790878
277000000 33912515 33912638
278000000 34034338 34034476
279000000 34156682 34156812
280000000 34278980 34279099
281000000 34401048 34401192
282000000 34523306 34523456
283000000 34645374 34645496
284000000 34767356 34767505
285000000 34888788 34888901
286000000 35010559 35010702
287000000 35132780 35132921
288000000 35254668 35254784
289000000 35376667 35376808
290000000 35499052 35499177
291000000 35621461 35621589
292000000 35743891 35744013
293000000 35866632 35866758
294000000 35988159 35988292
295000000 36110587 36110720
296000000 36234047 36234190
297000000 36356287 36356430
298000000 36478009 36478152
299000000 36600015 36600141
300000000 36722166 36722288
301000000 36844238 36844370
302000000 36967214 36967336
303000000 37090183 37090304
304000000 37212410 37212550
305000000 37334064 37334190
306000000 37455792 37455917
307000000 37578621 37578736
308000000 37701271 37701389
309000000 37823097 37823215
310000000 37945350 37945514
311000000 38067704 38067833
312000000 38189745 38189872
313000000 38312953 38313069
314000000 38434834 38434959
315000000 38557494 38557619
316000000 38680751 38680886
317000000 38802390 38802527
318000000 38924956 38925102
319000000 39047894 39048020
320000000 39170977 39171096
321000000 39293032 39293162
322000000 39414996 39415135
323000000 39537672 39537807
324000000 39659915 39660057
325000000 39782479 39782594
326000000 39905328 39905454
327000000 40027919 40028039
328000000 40149861 40150015
329000000 40271846 40271980
330000000 40394388 40394496
331000000 40516642 40516783
332000000 40639550 40639670
333000000 40762237 40762365
334000000 40884949 40885085
335000000 41007086 41007217
336000000 41129170 41129293
337000000 41250959 41251098
338000000 41373095 41373224
339000000 41496206 41496343
340000000 41618396 41618508
341000000 41740848 41740964
342000000 41863827 41863957
343000000 41986370 41986506
344000000 42108966 42109116
345000000 42231520 42231650
346000000 42354374 42354492
347000000 42477294 42477432
348000000 42599295 42599432
349000000 42721566 42721685
350000000 42843988 42844109
351000000 42966101 42966235
352000000 43088323 43088446
353000000 43211225 43211341
354000000 43334284 43334413
355000000 43457094 43457211
356000000 43579107 43579226
357000000 43701575 43701708
358000000 43823373 43823501
359000000 43945155 43945286
360000000 44067294 44067428
361000000 44189921 44190052
362000000 44312873 44313000
363000000 44435005 44435127
364000000 44557000 44557146
365000000 44679295 44679447
366000000 44801606 44801752
367000000 44924541 44924674
368000000 45046640 45046755
369000000 45168575 45168700
370000000 45290924 45291074
371000000 45412823 45412947
372000000 45534944 45535059
373000000 45657598 45657717
374000000 45779760 45779894
375000000 45902049 45902162
376000000 46024522 46024622
377000000 46146862 46146973
378000000 46269474 46269591
379000000 46392018 46392149
380000000 46514352 46514476
381000000 46637730 46637871
382000000 46760179 46760317
383000000 46882823 46882944
384000000 47005344 47005452
385000000 47127739 47127873
386000000 47249803 47249926
387000000 47372063 47372191
388000000 47495704 47495826
389000000 47618236 47618372
390000000 47740150 47740266
391000000 47862301 47862405
392000000 47984324 47984432
393000000 48107420 48107535
394000000 48229911 48230027
395000000 48353441 48353555
396000000 48476520 48476640
397000000 48600103 48600239
398000000 48722685 48722793
399000000 48845902 48846024
400000000 48967521 48967656
