# Fix print output for fix saveBond
1000000 121414 121576
2000000 241420 241578
3000000 361466 361617
4000000 482597 482752
5000000 604329 604477
6000000 725834 725962
7000000 848168 848311
8000000 970029 970173
9000000 1091973 1092104
10000000 1214011 1214143
11000000 1336884 1337014
12000000 1459959 1460077
13000000 1583036 1583137
14000000 1704932 1705059
15000000 1827530 1827670
16000000 1951085 1951224
17000000 2073605 2073710
18000000 2196600 2196725
19000000 2319334 2319450
20000000 2441705 2441851
21000000 2564297 2564419
22000000 2687043 2687174
23000000 2809715 2809862
24000000 2932280 2932429
25000000 3054015 3054143
26000000 3177300 3177430
27000000 3300715 3300834
28000000 3423564 3423686
29000000 3546522 3546658
30000000 3669341 3669469
31000000 3791734 3791846
32000000 3914433 3914579
33000000 4036921 4037033
34000000 4158803 4158929
35000000 4280570 4280687
36000000 4402883 4402998
37000000 4525827 4525939
38000000 4648807 4648924
39000000 4771196 4771335
40000000 4893461 4893586
41000000 5016205 5016332
42000000 5138482 5138625
43000000 5260990 5261127
44000000 5383695 5383836
45000000 5506139 5506263
46000000 5628908 5629028
47000000 5751720 5751849
48000000 5873732 5873866
49000000 5995751 5995881
50000000 6118724 6118851
51000000 6240816 6240962
52000000 6362604 6362727
53000000 6484556 6484665
54000000 6606500 6606630
55000000 6728168 6728297
56000000 6850846 6850972
57000000 6973345 6973473
58000000 7096278 7096401
59000000 7219453 7219598
60000000 7341892 7342007
61000000 7464004 7464124
62000000 7586615 7586752
63000000 7709283 7709410
64000000 7832101 7832216
65000000 7954765 7954886
66000000 8076696 8076824
67000000 8198895 8199027
68000000 8321257 8321394
69000000 8443705 8443843
70000000 8566474 8566586
71000000 8688560 8688677
72000000 8810722 8810852
73000000 8932909 8933025
74000000 9055027 9055144
75000000 9178159 9178283
76000000 9300276 9300419
77000000 9423023 9423168
78000000 9545384 9545517
79000000 9667189 9667320
80000000 9789544 9789682
81000000 9910830 9910951
82000000 10031980 10032132
83000000 10153890 10154031
84000000 10275897 10276033
85000000 10398518 10398664
86000000 10521702 10521840
87000000 10644358 10644500
88000000 10766082 10766218
89000000 10888697 10888839
90000000 11010785 11010930
91000000 11133497 11133619
92000000 11255045 11255207
93000000 11377492 11377611
94000000 11498522 11498661
95000000 11620702 11620840
96000000 11743379 11743510
97000000 11866050 11866188
98000000 11988049 11988198
99000000 12109600 12109726
100000000 12231574 12231700
101000000 12354849 12354982
102000000 12477925 12478041
103000000 12601010 12601134
104000000 12723854 12724000
105000000 12845710 12845838
106000000 12968611 12968752
107000000 13091041 13091180
108000000 13212603 13212761
109000000 13334703 13334817
110000000 13456330 13456465
111000000 13578884 13579016
112000000 13700643 13700789
113000000 13822830 13822957
114000000 13944551 13944688
115000000 14067066 14067193
116000000 14190417 14190543
117000000 14313821 14313954
118000000 14435699 14435824
119000000 14557636 14557758
120000000 14679732 14679860
121000000 14802250 14802382
122000000 14923953 14924082
123000000 15046407 15046555
124000000 15168920 15169044
125000000 15291331 15291439
126000000 15413567 15413704
127000000 15536172 15536333
128000000 15658026 15658145
129000000 15780313 15780433
130000000 15903162 15903281
131000000 16026168 16026299
132000000 16148471 16148585
133000000 16271003 16271103
134000000 16393659 16393782
135000000 16516299 16516435
136000000 16638005 16638137
137000000 16759919 16760062
138000000 16882366 16882521
139000000 17004222 17004352
140000000 17126933 17127064
141000000 17248792 17248922
142000000 17370524 17370638
143000000 17493006 17493120
144000000 17615122 17615262
145000000 17736703 17736833
146000000 17859174 17859315
147000000 17981500 17981642
148000000 18104315 18104430
149000000 18227590 18227720
150000000 18350831 18350931
151000000 18473163 18473300
152000000 18595294 18595427
153000000 18717478 18717624
154000000 18839828 18839945
155000000 18962424 18962545
156000000 19084920 19085054
157000000 19206150 19206274
158000000 19328287 19328404
159000000 19450989 19451124
160000000 19573845 19573976
161000000 19696448 19696581
162000000 19818804 19818948
163000000 19941385 19941529
164000000 20063716 20063841
165000000 20186013 20186163
166000000 20308395 20308532
167000000 20431271 20431393
168000000 20552876 20552984
169000000 20675151 20675277
170000000 20797618 20797771
171000000 20919282 20919411
172000000 21041821 21041960
173000000 21164275 21164402
174000000 21286625 21286749
175000000 21408870 21408995
176000000 21531073 21531204
177000000 21653648 21653799
178000000 21776221 21776359
179000000 21898515 21898643
180000000 22020821 22020953
181000000 22142862 22142975
182000000 22265633 22265766
183000000 22388312 22388433
184000000 22510728 22510874
185000000 22633619 22633741
186000000 22755833 22755961
187000000 22878264 22878399
188000000 23000829 23000965
189000000 23123370 23123498
190000000 23245135 23245285
191000000 23366672 23366798
192000000 23489097 23489217
193000000 23611168 23611272
194000000 23734199 23734332
195000000 23856003 23856139
196000000 23978237 23978359
197000000 24100814 24100930
198000000 24223863 24223959
199000000 24346450 24346571
200000000 24469869 24469996
201000000 24592056 24592182
202000000 24713910 24714034
203000000 24835884 24836018
204000000 24958401 24958539
205000000 25080010 25080140
206000000 25202133 25202263
207000000 25324653 25324791
208000000 25447079 25447220
209000000 25569085 25569205
210000000 25691509 25691646
211000000 25813429 25813576
212000000 25936118 25936249
213000000 26058361 26058481
214000000 26180904 26181030
215000000 26303572 26303705
216000000 26425636 26425783
217000000 26548043 26548159
218000000 26670429 26670547
219000000 26793392 26793519
220000000 26915652 26915776
221000000 27038342 27038455
222000000 27160901 27161034
223000000 27283573 27283678
224000000 27406471 27406586
225000000 27529443 27529570
226000000 27652226 27652366
227000000 27774311 27774427
228000000 27897350 27897460
229000000 28020764 28020913
230000000 28142776 28142901
231000000 28264848 28264971
232000000 28387140 28387266
233000000 28510315 28510420
234000000 28632859 28632969
235000000 28754441 28754568
236000000 28877052 28877169
237000000 28999203 28999332
238000000 29120180 29120312
239000000 29243098 29243227
240000000 29365928 29366055
241000000 29488778 29488905
242000000 29611664 29611790
243000000 29733560 29733702
244000000 29856607 29856740
245000000 29978597 29978714
246000000 30100619 30100766
247000000 30222698 30222828
248000000 30344619 30344741
249000000 30466926 30467065
250000000 30588932 30589061
251000000 30711198 30711317
252000000 30834173 30834284
253000000 30956619 30956770
254000000 31078658 31078766
255000000 31201010 31201151
256000000 31323413 31323543
257000000 31446370 31446500
258000000 31568193 31568315
259000000 31691141 31691264
260000000 31813989 31814129
261000000 31936149 31936280
262000000 32059201 32059331
263000000 32180760 32180899
264000000 32302159 32302298
265000000 32424006 32424135
266000000 32546372 32546500
267000000 32668461 32668582
268000000 32790093 32790215
269000000 32912363 32912487
270000000 33035112 33035247
271000000 33157088 33157214
272000000 33280024 33280145
273000000 33402361 33402485
274000000 33524118 33524256
275000000 33646404 33646560
276000000 33769471 33769579
277000000 33892955 33893073
278000000 34015998 34016106
279000000 34138624 34138747
280000000 34261623 34261757
281000000 34384861 34385006
282000000 34507646 34507781
283000000 34630292 34630447
284000000 34753434 34753561
285000000 34876024 34876152
286000000 34997678 34997819
287000000 35119900 35120019
288000000 35241621 35241752
289000000 35364471 35364616
290000000 35486960 35487104
291000000 35608690 35608828
292000000 35731854 35731999
293000000 35854790 35854930
294000000 35977966 35978112
295000000 36100977 36101083
296000000 36223406 36223517
297000000 36346490 36346601
298000000 36470305 36470437
299000000 36592676 36592816
300000000 36714978 36715092
301000000 36838318 36838443
302000000 36961137 36961260
303000000 37083396 37083511
304000000 37206136 37206265
305000000 37328409 37328532
306000000 37450445 37450621
307000000 37573322 37573458
308000000 37695970 37696103
309000000 37818441 37818586
310000000 37941156 37941293
311000000 38063370 38063486
312000000 38185736 38185864
313000000 38308397 38308513
314000000 38430388 38430514
315000000 38552923 38553036
316000000 38675115 38675256
317000000 38798408 38798549
318000000 38921171 38921307
319000000 39044111 39044222
320000000 39165962 39166083
321000000 39289087 39289186
322000000 39411614 39411737
323000000 39534802 39534920
324000000 39658088 39658207
325000000 39779996 39780096
326000000 39902361 39902481
327000000 40024894 40025006
328000000 40146769 40146895
329000000 40268859 40268978
330000000 40391139 40391269
331000000 40513790 40513924
332000000 40636891 40636998
333000000 40758848 40758952
334000000 40881328 40881461
335000000 41003581 41003714
336000000 41125909 41126046
337000000 41248058 41248176
338000000 41370165 41370297
339000000 41493327 41493448
340000000 41615212 41615356
341000000 41736498 41736620
342000000 41858307 41858446
343000000 41980100 41980234
344000000 42101693 42101823
345000000 42223933 42224066
346000000 42346420 42346551
347000000 42469092 42469201
348000000 42591566 42591688
349000000 42713640 42713781
350000000 42836250 42836387
351000000 42958363 42958503
352000000 43081038 43081170
353000000 43203836 43203952
354000000 43326210 43326341
355000000 43449255 43449376
356000000 43571066 43571206
357000000 43693729 43693862
358000000 43815778 43815900
359000000 43938447 43938580
360000000 44060413 44060556
361000000 44182700 44182813
362000000 44304970 44305119
363000000 44426960 44427099
364000000 44550190 44550347
365000000 44672901 44673021
366000000 44795139 44795249
367000000 44916661 44916794
368000000 45039222 45039350
369000000 45161231 45161373
370000000 45283918 45284042
371000000 45406671 45406815
372000000 45529602 45529734
373000000 45653151 45653290
374000000 45776138 45776265
375000000 45898920 45899051
376000000 46021266 46021401
377000000 46143749 46143884
378000000 46266177 46266285
379000000 46388140 46388273
380000000 46510620 46510740
381000000 46633867 46633998
382000000 46755840 46755947
383000000 46879026 46879137
384000000 47000355 47000481
385000000 47122694 47122825
386000000 47245731 47245851
387000000 47368099 47368210
388000000 47490082 47490217
389000000 47612896 47613028
390000000 47735472 47735605
391000000 47858812 47858937
392000000 47981587 47981737
393000000 48104201 48104341
394000000 48227029 48227167
395000000 48349657 48349807
396000000 48472620 48472744
397000000 48595204 48595340
398000000 48718109 48718249
399000000 48840729 48840852
400000000 48963679 48963811
