# Steps Temp KinEng PotEng Epair Ebond Eangle Bonds
1000000 309.00133686963039281 12894.118991371613447 4007.1209485317858707 -3056.1048313645887902 -1350.6112980533589507 8413.8370779497345211 15544
2000000 309.12011842039407838 12899.075550670166194 3977.2500880622997101 -2877.3157896601060202 -1446.115334032152532 8300.6812117545578076 15548
3000000 308.93435060634118372 12891.323764469398157 4013.5822559790976811 -2925.0602352163523392 -1441.4364240411307492 8380.0789152365814516 15555
4000000 310.18202677262956968 12943.38724456239288 3801.670020376620414 -2881.1178556295308226 -1478.0425376108998989 8160.8304136170509082 15551
5000000 308.09559199663164009 12856.323743342643866 3789.0948893593013054 -2939.7185404139181628 -1411.0947354564073066 8139.9081652296263201 15558
6000000 308.81523521707401869 12886.353274637625873 3801.0979826089974267 -2902.6839219454254817 -1599.808518662260667 8303.5904232166831207 15578
7000000 309.69696590207985309 12923.146449987561937 3945.2492975607847256 -2844.4950452222569766 -1512.3890785902674452 8302.1334213733098295 15563
8000000 312.27824965415544511 13030.859187372252563 3787.9776876775235905 -2818.4774023504819525 -1476.372654126099178 8082.8277441541049484 15562
9000000 312.14790374270666007 13025.420066269134622 3726.0817282236530446 -2821.0381031934466591 -1637.1380309057210525 8184.2578623228191645 15575
10000000 310.66625206595836062 12963.593171870232254 3968.8086592758422739 -2763.8022577191013625 -1501.9472554878564097 8234.5581724827989092 15574
11000000 309.91831745845541946 12932.383087394202448 3948.5144817260024865 -2843.6986604930107205 -1483.0461068856491238 8275.2592491046634677 15576
12000000 309.69988686587356597 12923.268337015970246 3870.9579456337087322 -2821.9082008721961756 -1592.7927946002005228 8285.6589411061049759 15588
13000000 308.3215783748451031 12865.753784262960835 3687.7938565593731255 -2817.2013486763266883 -1731.1469352917144988 8236.1421405274140852 15605
14000000 304.95367430599520731 12725.216671203166698 3957.2251883133176307 -2701.1120602941418838 -1512.3666778556603276 8170.7039264631193873 15579
15000000 308.79621310195295791 12885.559512971985896 3794.8779330223624129 -2790.0083164057459726 -1515.5812134783468537 8100.4674629064547844 15566
16000000 309.57358224760588428 12917.997852449134371 3810.0452122664351009 -2817.6627319602125681 -1536.3713243967920334 8164.0792686234399298 15567
17000000 309.18324077420385265 12901.709542967040761 3788.6673146909624847 -2774.4328828189277374 -1617.6956509016167729 8180.7958484115079045 15601
18000000 307.96632755701733686 12850.929750285446062 3899.5860123087613829 -2809.9321758970163501 -1550.6835161598692139 8260.2017043656469468 15581
19000000 309.81624366477331023 12928.123715396102853 3794.3612664111860795 -2842.7004169494894086 -1567.6361923158710852 8204.6978756765474827 15590
20000000 308.42916182094893429 12870.243065020184076 3872.9728994887991576 -2877.8823651082830111 -1393.3355713593957717 8144.1908359564786224 15560
21000000 309.3383601096003872 12908.182418420357862 3711.9199814512753619 -2968.2600876373526262 -1463.445248195748718 8143.6253172843762513 15584
22000000 312.68998762941276937 13048.040337784148505 3778.7019885696913661 -2964.6913111228973321 -1532.3145046340991939 8275.7078043266883469 15575
23000000 309.66131264679188462 12921.658698119656037 3655.9496867383513745 -2912.8796364219083443 -1546.8800549043940009 8115.7093780646528103 15559
24000000 312.1610543212963762 13025.968818345287218 3739.7591790014148501 -2912.6095285033616165 -1510.2208405290307383 8162.5895480338076595 15557
25000000 311.41192037260964298 12994.708687328708038 3410.9827542882540001 -3130.723430231922066 -1630.735112266754868 8172.4412967869311615 15578
26000000 305.48977453989010655 12747.587254700218182 3583.2337184440166311 -2879.1584944319988608 -1654.4000801297743237 8116.7922930057902704 15576
27000000 308.38730019511274349 12868.49624803171173 3603.5414108878289881 -3042.677280467034052 -1559.1160937931558692 8205.334785148019364 15587
28000000 310.40243515916461092 12952.584525038490028 3798.3195948333441265 -2882.7533765817752283 -1541.4055293551873547 8222.4785007703067095 15584
29000000 304.08100939509381533 12688.801795737741486 3584.9434683669874175 -2865.1729157451982246 -1621.9458447597894519 8072.0622288719769131 15570
30000000 308.01970964810419673 12853.157297393996487 3687.8489625793517916 -3009.961529428218455 -1564.8046426384535152 8262.6151346460246714 15578
31000000 308.23400946674098577 12862.099677350423008 3721.3267868796888251 -2917.9522112226904937 -1595.8566105461450206 8235.1356086485247943 15594
32000000 312.16727114328807602 13026.228236130727964 3915.0616105785989021 -2795.4152847002674207 -1517.9164032604996919 8228.3932985393657873 15560
33000000 311.95364011018989459 13017.313763497944819 3611.0731175024848199 -2867.8583521168193329 -1590.7424401198354644 8069.6739097391382529 15594
34000000 309.73036727350853425 12924.54023443535516 3750.5804997304185235 -2946.4678617203262547 -1511.5980582846377729 8208.6464197353816417 15580
35000000 309.81610498582233504 12928.117928550926081 3833.3818262515678725 -2864.1551574688865003 -1596.3068512115919475 8293.8438349320476846 15589
36000000 308.79567592615541116 12885.537097506981809 3856.8213287500425395 -2763.1921909593256714 -1624.8957263869874623 8244.9092460963565827 15591
37000000 309.77246578074419858 12926.296936096114223 3648.7790027729906797 -2911.4458275161396159 -1635.3649165340198124 8195.5897468231505627 15594
38000000 309.79271008672719745 12927.141697781895346 3719.8794588098539862 -2854.7260595606021525 -1583.453640023198659 8158.0591583936547977 15589
39000000 308.7925475118322538 12885.406553908220303 3768.4573277507488456 -2921.7740774588301065 -1559.9107602138465154 8250.1421654234254675 15567
40000000 313.54313246629618561 13083.640672575873396 3671.5229607487244721 -2919.0999120853985005 -1601.4664945846886894 8192.0893674188118894 15581
41000000 307.18682889552030701 12818.402549604763408 3740.580220616650422 -2914.4344814899641278 -1660.8734985328510447 8315.8882006394651398 15579
42000000 309.54301183116604079 12916.722199109946814 3687.5152008381819542 -2866.1298790969758556 -1506.9010329520256164 8060.5461128871847905 15563
43000000 313.35577745086965251 13075.822655064966966 3733.5975756235689005 -2980.2884114983471591 -1489.8379301253007725 8203.7239172472181963 15569
44000000 310.52440885851018493 12957.674287461890344 3846.461318156741072 -2831.905870708807015 -1465.5448842758059982 8143.9120731413531757 15565
45000000 309.64076943451158286 12920.801463564328515 3587.0438744974562724 -2970.7440861546929227 -1601.1438510228567793 8158.9318116750064291 15582
46000000 305.55798159313206952 12750.43342316493181 3745.2045426063264131 -2909.1017699977965094 -1547.5269494278797993 8201.8332620320034039 15586
47000000 316.39589449070814453 13202.681753010918328 3676.5632515999250245 -2888.4703512998394217 -1611.6531585404572979 8176.6867614402217441 15577
48000000 310.06028312749089082 12938.307081923730948 3673.766823167273742 -2986.5310098907648353 -1527.5700123035644538 8187.8678453616030311 15572
49000000 310.83443490482466132 12970.611165897758838 3705.2500654939867673 -2899.5254904359035208 -1543.4554720835490116 8148.2310280134406639 15576
50000000 311.31662266149606921 12990.732070142672455 3662.521359789777307 -3006.6657286950785419 -1534.5649309013920174 8203.7520193862474116 15579
51000000 306.78668351547867132 12801.70513917808421 3655.9461061991059978 -3018.7343841017168415 -1493.9207084178833611 8168.6011987187057457 15560
52000000 308.80523557469376783 12885.936005961611954 3597.5326210982784687 -2983.9923471001857251 -1545.1348353100968325 8126.6598035085617084 15583
53000000 307.92837672681389449 12849.346124384594077 3638.7483691260972591 -2884.1570435797448226 -1629.2848487557325825 8152.1902614615755738 15597
54000000 310.37799520317446422 12951.564685759238273 3832.8873052024600838 -2921.595779816374943 -1495.54852481512944 8250.0316098339644668 15576
55000000 308.50927793431407054 12873.586179031668507 3691.8280296794378046 -2946.4296645993435959 -1610.5358614585809391 8248.7935557373639313 15577
56000000 308.31829841897899769 12865.616917084156739 3582.0970830707069581 -3031.6088974450885871 -1599.7984059364052882 8213.5043864522012882 15580
57000000 310.98911072624559893 12977.06553424028607 3526.0516287646887577 -2968.9605433576853102 -1565.0478351526403458 8060.0600072750148684 15578
58000000 308.68539433837764818 12880.935227722957279 3663.3247696613489097 -2929.105856704112739 -1624.7811592497951096 8217.2117856152563036 15583
59000000 308.6596141804477611 12879.859464014838522 3803.1838054226432178 -2899.5200154430522161 -1464.9512867973057837 8167.6551076630012176 15561
60000000 310.17918647062600712 12943.268723418192167 3527.1563889693038618 -3064.2047012867642479 -1649.184001915641602 8240.5450921717092569 15591
61000000 311.15827582222368619 12984.124516246078201 3555.9728483970284287 -3006.2225317136344529 -1545.8739717551468402 8108.0693518658090397 15586
62000000 311.53281048533642661 12999.753233459707189 3714.8595128556544296 -2873.368453178260097 -1528.9795062569639867 8117.207472290880105 15569
63000000 311.92079064222394891 13015.943009076469025 3751.6076312346281156 -2938.5267002642608531 -1554.0426990197900068 8244.1770305186782934 15579
64000000 309.32359707073305799 12907.56638102143188 3688.7726413543091439 -2922.1113515573724726 -1528.818784744925324 8139.7027776566064858 15591
65000000 310.1707247594536625 12942.915630089108163 3581.6002872954250051 -2956.1935275374826233 -1622.0964647950236213 8159.8902796279317045 15585
66000000 309.58758604900464206 12918.582208113728484 3754.4846719290339934 -2957.8687900834274842 -1510.4369082977941616 8222.7903703102547297 15578
67000000 313.7278956500674667 13091.350537202693886 3547.6073117175474181 -2903.5303892592537522 -1667.8143972757670781 8118.9520982525682484 15574
68000000 307.98575697843210719 12851.740508174694696 3539.4436340746237875 -2947.224421775423707 -1565.8218928481669536 8052.4899486982139933 15569
69000000 309.51319582071778314 12915.478025895479732 3548.0496021517133158 -3100.0857676469968283 -1603.6921099645537652 8251.8274797632639093 15568
70000000 310.14806871868853477 12941.970230666378484 3561.6399995546425998 -2940.5580262538633178 -1632.2971270550744975 8134.4951528635810973 15594
71000000 312.55940389561288839 13042.591292744375096 3442.8206815283510878 -3121.4894579777433137 -1638.233717116029311 8202.5438566221237124 15589
72000000 308.25157629820830607 12862.832712416016875 3555.4604811413169045 -2996.9796486487871334 -1618.9077774181605491 8171.3479072082645871 15576
73000000 308.54448875233867966 12875.055468718217526 3643.4639808842302955 -2972.1809646193637491 -1537.1577097730241803 8152.8026552766186796 15590
74000000 310.40318825170089667 12952.615950354875167 3508.2078145493687771 -2986.2054432832437669 -1648.6629972456948963 8143.0762550783074403 15589
75000000 308.85703824520936678 12888.09764644014831 3554.7851371129813742 -3050.3470258815905254 -1571.3042932423379625 8176.4364562369100895 15582
76000000 312.57249602924736109 13043.137606008400326 3775.4345556230432521 -2971.6025360399148667 -1511.3695213552368841 8258.4066130181945482 15563
77000000 307.71772354639176683 12840.555912659976457 3679.6751732827301566 -3052.8213500910555922 -1420.9062475417481437 8153.4027709155343473 15561
78000000 307.68968710735833838 12839.385998041956555 3490.8288776245512963 -3103.8610693136333794 -1480.2121906972352008 8074.9021376354194217 15573
79000000 312.4965532190105364 13039.968637091784331 3674.9072145309637563 -2977.0397080684028879 -1553.5865134207679148 8205.5334360201341042 15575
80000000 307.18091654032338056 12818.155836719308354 3650.2213003234737698 -3069.4118250187771082 -1578.8320265254965307 8298.4651518677474087 15568
81000000 309.84805499894520153 12929.451150197006427 3827.2129417222522534 -2813.5552009808743605 -1557.5889030743428521 8198.357045777469466 15585
82000000 309.18875795917534788 12901.939766047111334 3711.1632910741227533 -2935.0354597779569303 -1495.1176037142647601 8141.3163545663446712 15554
83000000 310.64520826259285968 12962.715048469943213 3477.8478416030197877 -2992.3046386417836402 -1622.7513148801074294 8092.9037951249119942 15565
84000000 309.66548726281808968 12921.832897999600391 3606.3634114481078541 -2974.7292300345052354 -1531.0453900972140673 8112.1380315798269294 15570
85000000 312.85743306926735841 13055.027561360331674 3530.1053875717652772 -3116.2880408999353676 -1487.7786688252735985 8134.1720972969742434 15560
86000000 307.31807180888006314 12823.879101126443857 3603.4396549507373493 -3050.3232582313476087 -1546.4642379825259013 8200.2271511646104045 15568
87000000 307.64368053967376682 12837.466219428313707 3500.4370401540113562 -2993.3962876078494446 -1610.9536090236056225 8104.7869367854655138 15564
88000000 308.7287477478597566 12882.744294396281475 3606.8704162524718413 -3025.4118813665022572 -1599.2040265363480103 8231.4863241553230182 15570
89000000 306.02746139292588623 12770.024045211790508 3477.5728337412228939 -3184.4429050189846748 -1441.9197544441135506 8103.935493204321574 15564
90000000 309.88618779496817979 12931.042369233062345 3573.8431705581615461 -3082.5145419994896656 -1484.7291485973471481 8141.0868611549976777 15561
91000000 311.03516917288777677 12978.9874776777433 3475.8838592768188391 -3077.8261589236954023 -1547.5582680365200758 8101.2682862370347721 15584
92000000 312.46539411276972942 13038.66841869271957 3425.1835493700868938 -3158.427096253190939 -1424.3355042043031062 8007.9461498275813938 15544
93000000 307.54183213411539555 12833.216252506956153 3649.5228700861562174 -2967.1034900610302429 -1524.0348916589418877 8140.6612518061283481 15587
94000000 308.76896161976895883 12884.422353315878354 3732.5475057660869425 -3020.6940762837089096 -1464.3515287900308977 8217.5931108398290235 15567
95000000 308.50191243509470951 12873.278828829472332 3708.8303834257362723 -3033.5714427840275675 -1507.2519280644337414 8249.6537542741971265 15568
96000000 308.92023823742476907 12890.734878460354594 3738.4709938481446443 -2873.2062978339718029 -1584.8627318476962955 8196.5400235298129701 15575
97000000 308.12651100774309043 12857.613942965743263 3809.4635102628267305 -2873.0006624129573538 -1558.3514858310256841 8240.8156585068099957 15568
98000000 307.32854456232303164 12824.31611195115147 3737.4423186235958383 -2874.5586380404065494 -1483.8772240977391448 8095.8781807617415325 15557
99000000 307.32922294145805608 12824.344419599839966 3633.4821142654454889 -3035.2269838594247631 -1624.0218907935154675 8292.7309889183852647 15580
100000000 312.69291401124894492 13048.162450898584211 3544.4984853832484077 -2974.3981193802828784 -1533.940468057391854 8052.8370728209247318 15580
101000000 310.49389898163957469 12956.40116033963568 3608.2283082167646171 -2911.6713429974643077 -1625.0688617248442824 8144.968512939073662 15573
102000000 310.34318561432257866 12950.112138708005659 3463.1938888477079672 -3013.114049945700117 -1657.8819806532951588 8134.189919446703243 15590
103000000 311.04778451870220124 12979.513895368023441 3597.7859901943420482 -3022.8835772025931874 -1498.8979874698234198 8119.5675548667586554 15582
104000000 305.3152015911481385 12740.30261186806456 3700.0831048723393906 -2822.8857386042413964 -1542.0948693310483577 8065.0637128076277804 15560
105000000 307.97933537532537684 12851.472545209186137 3498.1203869838709579 -2962.5927113906318482 -1606.0922790718834676 8066.8053774463860464 15578
106000000 310.80347772930389283 12969.31937373645269 3580.5788274164215181 -3013.2461354414012931 -1520.6673788148889344 8114.4923416727115182 15565
107000000 310.65946222687352929 12963.309843021306733 3798.9714551328170273 -2986.7054443668753265 -1537.6748313668144874 8323.3517308665068413 15567
108000000 309.53604711133021965 12916.431572774105007 3632.3058575531376846 -3008.5248887454790747 -1429.6994245162311472 8070.5301708148472244 15548
109000000 313.70963883811009509 13090.588710382893623 3470.9234566197915228 -3052.002841617242666 -1656.3681866764766255 8179.2944849135110417 15592
110000000 307.38324476982700162 12826.59866189593231 3630.8979858125885585 -2989.5309038650862021 -1518.2171209294692744 8138.6460106071444898 15571
111000000 308.54728987313524158 12875.172354894912132 3473.2577876783943793 -2958.2303165663570326 -1671.1299818174625216 8102.6180860622134787 15574
112000000 309.49043861011722356 12914.52840482144893 3900.1050673063400609 -2886.2854921500756973 -1454.9334520256993528 8241.3240114821164752 15560
113000000 308.68609017535248995 12880.964263858666527 3607.7541511177059874 -2980.8372824111479531 -1613.6914318014112268 8202.2828653302640305 15579
114000000 308.68484279199697085 12880.912212597088001 3636.8706181538454985 -2945.6498490497269813 -1552.0085318503261078 8134.5289990538985876 15569
115000000 309.55762244124332483 12917.331875905463676 3512.1676309908971234 -3080.8581389269543251 -1548.8369855750918305 8141.8627554929435064 15579
116000000 308.82137241020933516 12886.609369641490048 3616.435840311633001 -2886.844712766601333 -1605.7980322667817745 8109.0785853450161085 15580
117000000 306.23621655965916943 12778.735055938122969 3609.2194571096752043 -2997.9868701181867436 -1541.9310522443531681 8149.1373794722130697 15573
118000000 305.29677477144554132 12739.533690903886963 3575.5014802526166022 -3022.1642895937811772 -1573.5109754859499844 8171.1767453323482187 15581
119000000 310.96548578511834648 12976.079704194549777 3604.1118388563618282 -2975.2667386822708977 -1637.6627626696035804 8217.0413402082376706 15584
120000000 311.78316871504432584 13010.200271770369 3611.2304929083911702 -3055.8234579214731639 -1497.6780611858621342 8164.7320120157264682 15578
121000000 311.76401720318699518 13009.401110591150427 3594.9467585579668594 -2960.0042669431113609 -1592.636850448610403 8147.587875949689078 15574
122000000 310.37796071412975607 12951.563246587968024 3600.6777985251565042 -3028.5986435592421913 -1519.5764590850460536 8148.8529011694454312 15577
123000000 311.43165985931176465 12995.532383733856477 3614.4733269437024319 -2992.9037065542065648 -1457.3723268026033111 8064.7493603005113982 15558
124000000 311.16500666332439096 12984.405383205888938 3536.2206482177184625 -3007.365132792631357 -1645.9973549548251412 8189.5831359651765524 15582
125000000 310.26492159115753111 12946.84630938293958 3431.5810506620846354 -3042.5454423526616665 -1640.2786898552244566 8114.4051828699712132 15598
126000000 309.89508903719155342 12931.413803472027212 3668.6843170220136017 -2950.41192335144342 -1587.0564896431615125 8206.1527300166180794 15569
127000000 307.6693757963600433 12838.538440346783318 3584.0023271973227565 -2938.0753755727755561 -1508.8196417570029553 8030.8973445271003584 15545
128000000 306.41717853420180973 12786.286302338234236 3532.5310257801593252 -2987.1698596872492999 -1594.0679932048860792 8113.7688786722947043 15587
129000000 312.55602294588356926 13042.450211257299088 3572.9511273237194473 -2898.9291490640475786 -1595.4118360472336917 8067.2921124350004902 15586
130000000 311.1763789592424132 12984.879930462731863 3548.4244766764986707 -2911.9377906452809839 -1689.1644085792734131 8149.5266759010519309 15587
131000000 312.3193081380038052 13032.572490562812163 3795.5134964440057956 -2953.2362583183448805 -1556.4038280468105313 8305.1535828091600706 15575
132000000 312.17837877004649272 13026.691739177626005 3458.6890740918488518 -3036.1100146326111826 -1718.1854002549794131 8212.9844889794403571 15592
133000000 307.57194537683380986 12834.472828736563315 3506.1010902369116593 -3020.9676084552825159 -1681.8621975886167093 8208.930896280809975 15606
134000000 306.41417670407906826 12786.161040890545337 3726.3740119843578213 -2899.4641742217741012 -1583.2856989451970549 8209.1238851513298869 15583
135000000 307.98444181714734214 12851.685628651290244 3651.5251040201665091 -2976.9032048398153165 -1552.0203173019749556 8180.4486261619558718 15570
136000000 307.20909751550209421 12819.331782593615571 3598.884031103626512 -3063.8967948809372501 -1481.9132391585851565 8144.6940651431496008 15574
137000000 310.58815953305594348 12960.334498552563673 3488.2305107009096901 -3005.3917229383696395 -1607.6279333973034227 8101.2501670365827522 15563
138000000 312.2164867295333579 13028.281921825766403 3710.5281525375321507 -2975.8121996712907276 -1440.8722214355784672 8127.212573644400436 15551
139000000 310.98642249938512805 12976.95335894238633 3572.7817757131579128 -2933.8148353777337434 -1550.1522991994429503 8056.748910290335516 15576
140000000 311.88002978492949069 13014.24212535386323 3543.2848781650486671 -2944.4513209511833338 -1592.3755029676590311 8080.1117020838910321 15575
141000000 309.30901308742926403 12906.957815317502536 3588.942191074497714 -2990.929795152052975 -1508.6646826245714692 8088.5366688511221582 15576
142000000 307.10366542049723648 12814.932274189301097 3609.3813626950714024 -2854.9343044223760444 -1649.5111681612015673 8113.8268352786490141 15592
143000000 310.39749989513057926 12952.378584564725315 3468.1705608124857463 -2986.5023854428695813 -1641.4392619596630993 8096.1122082150177448 15592
144000000 308.85827705548882705 12888.149339961324586 3577.2116996125419064 -3104.2299549504041352 -1534.6912504841993723 8216.1329050471431401 15566
145000000 308.42835183962773726 12870.209265828108983 3593.2509118354419115 -3086.1784806839791599 -1495.2103322374910022 8174.6397247569111641 15576
146000000 309.26785473154103556 12905.240344630519758 3717.8652867587588844 -2999.3792085828545169 -1487.058663938546033 8204.303159280159889 15565
147000000 306.80785464559579623 12802.588575714889885 3615.2578397659626717 -2940.640272592778274 -1571.0248892597355734 8126.9230016184756096 15564
148000000 313.51124835987332062 13082.31020110829013 3552.5269808072480373 -2930.1990306588922977 -1639.8976326766226066 8122.6236441427627142 15591
149000000 307.14961952646245891 12816.849863661438576 3684.8450837892069103 -2991.3475220509089922 -1612.4474797219254469 8288.6400855620413495 15576
150000000 310.187456891462773 12943.613834515310373 3417.9161130670486273 -3120.382881368787821 -1719.9890788049892763 8258.288073240826634 15606
151000000 309.20137315887836849 12902.466177640402748 3562.7414068584484994 -2993.2689712842670815 -1621.7758553285279959 8177.7862334712426673 15569
152000000 309.89229336683979454 12931.297144733456662 3584.2314315319244997 -2965.8557654828146042 -1570.4949468123027145 8120.5821438270413637 15573
153000000 309.43859019301368107 12912.364855412826728 3678.8778502248551376 -2901.7558562868475747 -1578.0616917678783011 8158.6953982795803313 15560
154000000 309.38971875569120584 12910.325530487896685 3497.9544241609664823 -2898.67263032146775 -1744.5457926529788892 8141.1728471354126668 15589
155000000 310.80508150218059882 12969.386296548233076 3560.3585625132004679 -2970.314043445317111 -1600.6912535970991485 8131.3638595556167274 15585
156000000 310.91824179277938356 12974.108289879590302 3637.9400963025213969 -2993.9041504454289679 -1504.2246551224520772 8136.068901870402442 15572
157000000 307.73179291564076721 12841.143004363422733 3778.7051124301078744 -2907.123824316441187 -1497.9874124102666428 8183.8163491568157042 15582
158000000 309.68210868023777493 12922.52648248757032 3592.9284444204104148 -2953.1056835654590031 -1640.9113998939940302 8186.9455278798641302 15589
159000000 309.58691488259358948 12918.554201440183533 3728.6918647156703628 -2985.5900684269490739 -1437.3824463631422077 8151.6643795057607349 15571
160000000 310.57523908768899901 12959.795349558353337 3492.0081963112979793 -2991.5074295604622421 -1648.7348835905129363 8132.2505094622738397 15575
161000000 312.11720800044906809 13024.13918328912041 3616.9551606531654215 -2977.8048683265533327 -1553.1781366915010949 8147.9381656712193944 15573
162000000 312.27171135109176703 13030.586354708941144 3456.8785936825665885 -3037.0844521301492023 -1588.4902231686103278 8082.4532689813258912 15562
163000000 308.40543998651799029 12869.253191775798769 3640.2026094641496456 -2953.1815286768205624 -1607.9851804624727265 8201.3693186034433893 15562
164000000 308.15622535583889885 12858.853873976981049 3526.5116010326164542 -3027.104242189137949 -1615.1486036905184847 8168.7644469122733426 15581
165000000 314.13437864105515018 13108.312405739770838 3691.1640949855031977 -3035.1514440957134866 -1530.7162507619627831 8257.0317898431785579 15556
166000000 308.0000019420491526 12852.334927143125242 3680.8641775745791165 -2979.0412304921642317 -1557.8381619138372116 8217.7435699805810145 15569
167000000 310.35262893014993324 12950.50619278940394 3702.0220309780547723 -2910.8190058967547884 -1577.6575683338419367 8190.4986052086505879 15584
168000000 310.44536094204607934 12954.375747555126509 3655.344710947351814 -2959.3399909381223551 -1593.4609346722709233 8208.1456365577450924 15598
169000000 308.33874044801410719 12866.469929428614705 3653.2670622299065144 -2981.4542161906110778 -1570.7436313144526139 8205.464909734970206 15580
170000000 311.75091978984659136 13008.854577013653397 3701.2750201000508241 -2952.5398992512482437 -1527.0487349829966206 8180.8636543342963705 15553
171000000 309.75153570668567227 12925.423558433278231 3627.9114201019983739 -2867.9004423107062394 -1553.6569408682426001 8049.4688032809472134 15577
172000000 309.16406883374270365 12900.909529335689513 3646.4292834500665776 -2934.4912279280620169 -1617.7089844626884769 8198.6294958408179809 15567
173000000 309.13601520338471573 12899.738897351891865 3623.1891266660441033 -3001.5795202012654954 -1592.2268579966657853 8216.9955048639749293 15579
174000000 308.08597875093232688 12855.922598366392776 3674.3364279166466986 -3004.8120424129847379 -1566.5707833782489615 8245.7192537078808527 15582
175000000 306.0333630514332981 12770.270311741935075 3551.9598818451358966 -3011.3629593793493768 -1515.1975080160000289 8078.5203492404853023 15581
176000000 312.98517467634007971 13060.35800911318438 3784.4334916777002036 -2906.870979572199758 -1495.3266719037169423 8186.6311431536169039 15575
177000000 308.75368383602545919 12883.784836457507481 3628.5363796821056894 -2977.4068472880708214 -1547.345710217849728 8153.2889371880264662 15555
178000000 313.1420012609113428 13066.902125274484206 3707.6309394140012046 -2972.735913061546853 -1605.6018321798092074 8285.9686846553559008 15568
179000000 310.99994783836916667 12977.517749155145793 3497.4619609459577987 -2994.4981142943115628 -1570.47015465774939 8062.4302298980182968 15578
180000000 309.96978837942879181 12934.530884508445524 3674.6755716016064071 -2930.2894338254641298 -1510.8883861211893418 8115.8533915482603334 15574
181000000 304.7305950480096044 12715.907939641960184 3597.9183228276447153 -2944.6125821495388664 -1618.1946069852544952 8160.7255119624369399 15593
182000000 312.21590849929162914 13028.257793226139256 3753.9267172749309793 -2889.3225405750526988 -1596.6620219133051251 8239.9112797632878937 15573
183000000 309.8955571984351991 12931.433339072889794 3445.9259552901371535 -3017.9318102596707831 -1659.5516391649491652 8123.4094047147573292 15585
184000000 312.84518148156593043 13054.516322699504599 3646.2361351870081307 -3006.5656517856832579 -1516.5451868926224961 8169.3469738653138847 15560
185000000 309.60296773334403042 12919.224060573556926 3516.383576182654906 -3098.0132875441272517 -1642.9256839532745289 8257.3225476800580509 15584
186000000 309.49435274239476712 12914.691735141781464 3749.6629705252353233 -2956.605950541299535 -1462.4622176188190679 8168.7311386853543809 15578
187000000 312.32138723031715699 13032.659247675108418 3595.0081749789637797 -3084.4134829037757299 -1480.6899869986132217 8160.1116448813518218 15571
188000000 309.36848667146495018 12909.439550436089121 3558.2212789717323176 -2983.2000221134994717 -1528.2877157946613806 8069.70901687989317 15570
189000000 308.04453219406451581 12854.193101525212114 3556.6931854029621718 -3067.0537542187985309 -1537.3478574770215346 8161.094797098782692 15578
190000000 312.90164489558844707 13056.872448360451017 3527.6263602319568236 -3039.1354182448221763 -1545.4371950987745095 8112.1989735755541915 15556
191000000 312.97602301664852575 13059.976125363984465 3603.4557386125416087 -2988.7622413090039117 -1569.3519487647656661 8161.5699286863118687 15580
192000000 308.49195518641818126 12872.863329173185775 3741.2858595672169031 -2988.0843700333357447 -1503.4392957421696337 8232.8095253427218267 15586
193000000 312.81831794991006745 13053.395351582652438 3377.5744716617955419 -3134.9521953232838314 -1677.478259534593235 8190.0049265196721535 15602
194000000 311.17133496562098571 12984.669452881615143 3779.3027185921623641 -3011.7657384600051955 -1487.7619982082790102 8278.8304552604458877 15573
195000000 308.55251748263282252 12875.390494465391384 3566.3615243919707609 -3033.0694848009447924 -1561.4008024924034999 8160.8318116853188258 15570
196000000 312.51381861672115292 13040.689093821096321 3450.7029084218170283 -3034.3123380159113367 -1623.7384968511084935 8108.7537432888366311 15584
197000000 309.42350266298745964 12911.735277530042367 3481.8571590819769881 -3056.8149897279254219 -1544.3726481137937299 8083.0447969236956851 15590
198000000 309.23767805845290013 12903.981121555616483 3390.468824890882388 -3018.4613055786526274 -1769.2603408463287451 8178.190471315862851 15610
199000000 309.90207318722298169 12931.705240598064847 3602.58615641726783 -3001.786549733584252 -1596.5491401666172351 8200.921846317469317 15585
200000000 313.24456954440972822 13071.18213152160024 3569.9533390002034139 -2889.5713593133659742 -1594.9747893286362341 8054.499487642206077 15579
201000000 307.44860500432992012 12829.326037283761252 3532.0166441686833423 -2974.6414706032519462 -1570.5454501236995384 8077.2035648956343721 15580
202000000 312.41432217099821855 13036.537270326198268 3636.8717082670436866 -3027.786453701287428 -1545.0088332065986378 8209.6669951749299798 15582
203000000 309.00567522819034139 12894.300023958934617 3553.1043404199526776 -3075.5448150476859155 -1553.7789154822719411 8182.4280709499116711 15572
204000000 310.81078421652364341 12969.624261464688971 3634.8713411313829056 -3087.5697877321367741 -1444.0846760244439793 8166.5258048879632042 15568
205000000 307.92763905432997262 12849.315342521704224 3490.9624862181753997 -3031.7250841610375574 -1583.6347673760710677 8106.3223377552849342 15576
206000000 312.01604195580586065 13019.917690169604612 3543.4637508235018686 -2976.0984778869665206 -1694.8942800822824211 8214.456508792751265 15576
207000000 306.75478708082806634 12800.374153273778575 3618.2859270261628808 -2975.6153016334783388 -1526.9629845184563237 8120.8642131780970885 15568
208000000 309.94976559950544015 12933.695366741807447 3600.0729262046288568 -2900.5436826050763557 -1592.4538707047433945 8093.0704795144483796 15565
209000000 309.90012575280883311 12931.623977353969167 3521.6914863544070613 -3068.692143670277801 -1609.446491204531867 8199.830121229217184 15586
210000000 311.48038045829065368 12997.56541442210073 3447.505325463293957 -2984.5584124201586746 -1680.3958561039462438 8112.459593987397966 15569
211000000 309.56888325598049505 12917.801771235470369 3514.5604759490393008 -2973.3954452578518612 -1508.8315565088100811 7996.7874777157012431 15559
212000000 309.71890404900744898 12924.061892877874925 3715.7107365691981613 -2992.2043313066515111 -1441.7684724750679379 8149.6835403509176103 15575
213000000 308.79273297235226892 12885.414292871544603 3393.1379289552287446 -3019.7442954710149934 -1538.6330344860568857 7951.5152589122999416 15586
214000000 312.94282196874166857 13058.590700088203448 3640.849595848044828 -3001.9500236276244323 -1517.3805140546132861 8160.1801335302825464 15580
215000000 307.76647508130741926 12842.59023425412488 3589.9032062592482362 -3016.8306599417319376 -1585.6006405196535525 8192.3345067206337262 15573
216000000 313.21583400856360413 13069.983044740181867 3656.1484257138545217 -3000.3189686642726883 -1545.0706414142507583 8201.5380357923786505 15559
217000000 305.78387214534564009 12759.85946542344027 3518.2755682531546881 -2956.0061525173473456 -1631.1369574824102529 8105.4186782529122866 15590
218000000 307.88793820814879609 12847.658691324320898 3564.5775804451391195 -2967.359588929974052 -1557.077300707431732 8089.0144700825449036 15588
219000000 310.46633713624777329 12955.251049735896231 3658.802928485297798 -2898.8463543223333545 -1559.9233388587492755 8117.5726216663806554 15579
220000000 310.38659659978901573 12951.923607932727464 3444.0809569542852842 -3015.1842059131422502 -1646.3727751509277368 8105.6379380183552712 15582
221000000 313.09205902478549888 13064.818117671717118 3704.2980778089349769 -2962.7007964332215124 -1580.9306439637609856 8247.9295182059177023 15593
222000000 309.12291266366946729 12899.192149859181882 3684.0042121616461372 -3129.3104460338058743 -1475.5062871894826912 8288.8209453849340207 15573
223000000 309.80993155591386312 12927.860321445950831 3496.7493080941962944 -2989.4844862074724006 -1679.7972398650922514 8166.0310341667609464 15601
224000000 308.05436337308867678 12854.60334050167512 3492.4666420271769312 -3022.7119217321783253 -1689.9476100281672188 8205.1261737875211111 15591
225000000 309.80462245580531544 12927.638781405928967 3587.3980954695089167 -3000.0502397388108875 -1540.3084096665688776 8127.7567448748886818 15579
226000000 312.64279054334906505 13046.07088079112691 3657.8940812407104204 -2994.9688904342579008 -1427.1182960527685282 8079.9812677277368493 15566
227000000 313.40771924323240682 13077.990100870008973 3403.2423645471290001 -2915.7457561601295311 -1671.9340425355328534 7990.922163242791612 15590
228000000 310.48602620733305457 12956.072642380040634 3608.6185288414944807 -2994.0979078311752346 -1672.5996891911245257 8275.3161258637956053 15596
229000000 310.58945764334197293 12960.388666565755557 3662.5152797033492789 -2997.830407767847646 -1464.6307352723074473 8124.9764227435043722 15557
230000000 307.50601484824113641 12831.721655911715061 3846.6891358229886464 -2960.6482649255854085 -1479.9795538937619312 8287.3169546423359861 15581
231000000 308.18764225830568648 12860.16484978974222 3595.0343637406235757 -2971.7918124628386067 -1561.1426365117799833 8127.9688127152421657 15583
232000000 307.82474810434609935 12845.021871931357964 3630.6780291369686893 -2927.0705736707614051 -1572.6564241143896652 8130.4050269221197595 15580
233000000 307.75925048934880124 12842.288763880816987 3303.9228779835652858 -3050.354183467236453 -1650.8187867996521163 8005.0958482504538551 15601
234000000 308.97475458351277666 12893.009756169798493 3482.0173081810457916 -3113.8800666292686401 -1647.9973686964503941 8243.8947435067657352 15596
235000000 307.04557192022912204 12812.50812770284756 3708.0334326041438544 -2867.6189054514152303 -1547.3197989201037217 8122.9721369756643981 15579
236000000 312.26126464761154011 13030.150430906454858 3642.1860584331343489 -2958.9825118556427697 -1556.9592379346468078 8158.1278082234239264 15589
237000000 312.53373208306521747 13041.520050111357705 3633.055884875999709 -2864.905392693021895 -1662.2135948695840852 8160.1748724386052345 15577
238000000 311.08964453763718438 12981.260645303142155 3656.9816465213161791 -3042.0184387548706582 -1566.1091405795859828 8265.1092258557728201 15574
239000000 310.88489673070012032 12972.716855128594034 3566.902651637060444 -3010.4986881554705178 -1547.3845009969377315 8124.7858407894691481 15577
240000000 307.6484192394141246 12837.663957596489126 3529.7215219635527319 -3047.6338975485596166 -1550.4321866950931508 8127.7876062072045897 15579
241000000 310.77880814717792646 12968.289952535165867 3553.5539533608457532 -3028.7473124699781692 -1546.0072644810406928 8128.3085303118641605 15579
242000000 311.25662484422474563 12988.228459630961879 3489.8669541164967995 -3056.4374243067322823 -1535.4083172508821917 8081.7126956741112735 15580
243000000 308.47665157982345363 12872.224734769586576 3558.2569650039722546 -2988.0817318308486392 -1562.719218709048846 8109.0579155438699672 15564
244000000 308.57504581837861224 12876.330564967112878 3619.282623099779812 -3061.8758020200612009 -1472.2786947518839042 8153.4371198717253719 15573
245000000 311.79871699018070785 13010.8490757909276 3424.50506241765288 -3019.5643010271842286 -1674.7602880560136782 8118.8296515008505594 15589
246000000 312.83369929645431284 13054.037189946842773 3688.0731588910844039 -2931.0789233874138517 -1560.6627626512959068 8179.8148449297950719 15559
247000000 309.57258822800963571 12917.956373641683967 3444.5618441761548638 -3060.6709265893232441 -1552.375449855431043 8057.6082206209102878 15576
248000000 309.50494101711700523 12915.133566480006266 3468.861864499854164 -3028.3899184782612792 -1471.2967687328241482 7968.5485517109391367 15584
249000000 309.51500461476820192 12915.553503904582612 3579.9367449165565631 -3050.2360062755087711 -1464.4671387813862111 8094.6398899734513179 15567
250000000 308.74085402438930714 12883.24946946023374 3512.7421191164266929 -2977.0780489757948999 -1587.9583151094934692 8077.778483201715062 15577
251000000 310.76478552702872094 12967.704811594980129 3560.2070894562552894 -2993.8521758016750027 -1603.6944084834651676 8157.7536737413956871 15587
252000000 306.90735813648353769 12806.740693192959952 3508.6806504173432586 -2992.4944766233461451 -1659.6475696052038984 8160.822696645893302 15595
253000000 310.6669628760207047 12963.622832808327075 3580.2389064030244299 -3030.3705354066132713 -1526.759052542634663 8137.3684943522712274 15555
254000000 307.70468997298405611 12840.012043018166878 3361.0632936475399219 -3065.3877488897073817 -1648.516097263589927 8074.9671398008376855 15598
255000000 306.16894687850492573 12775.92800247323612 3592.4581622751989016 -2940.6983240550662231 -1520.1486130467544626 8053.30509937701936 15565
256000000 314.44287402757555583 13121.185412252883907 3641.6627399212848104 -2907.135457901823429 -1672.0104820337010096 8220.808679856809249 15576
257000000 308.79586194496283724 12885.544859766725494 3662.6662656844755475 -2915.3166592618877075 -1531.818424969171474 8109.8013499155349564 15576
258000000 313.67224916876949692 13089.028500804482974 3540.6775681697199616 -2933.485684638550083 -1628.8362854292872726 8102.9995382375573172 15584
259000000 310.03471522890367851 12937.240175449855087 3538.2642779939915272 -3042.9339287694497216 -1550.4256013206090756 8131.6238080840494149 15583
260000000 307.58119680627589787 12834.858875713820453 3713.3709223567652771 -3056.1049292574134597 -1397.2134286299142332 8166.6892802440943342 15566
261000000 307.54041726174284577 12833.157212203395829 3632.2421164374104592 -3024.5576755669130762 -1515.3174961477207034 8172.1172881520451483 15575
262000000 309.99183583077217463 12935.450888492758168 3787.6102430203854965 -3053.5003157057944918 -1323.0039485276947744 8164.1145072538747627 15576
263000000 309.77047142534354407 12926.213714916208119 3502.132545245111487 -3030.7644153072237714 -1510.1941878029322197 8043.0911483552672507 15567
264000000 311.51073704526118036 12998.832145008238513 3628.0155665103420688 -2948.7743970631991033 -1513.799282200338439 8090.5892457738791563 15567
265000000 307.56771014246055529 12834.296099352419333 3534.9857987364093788 -2988.5505482167864102 -1589.0685785438536186 8112.6049254970484981 15577
266000000 308.64594428691606254 12879.289041777890816 3675.298290591571913 -3040.5227517434459514 -1456.920072762625523 8172.74111509764316 15578
267000000 311.46714569316321786 12997.013149379805327 3448.8956820964808685 -3028.2576270768454378 -1590.4511750627739275 8067.6044842361006886 15585
268000000 308.97262627210830033 12892.920945225554533 3400.2944998483771997 -3125.9908973674951085 -1631.6578015401178163 8157.943198755991034 15584
269000000 311.53001694223894447 12999.636663487966871 3522.152676131091539 -3045.1680985826901633 -1534.2351948129685297 8101.5559695267493225 15582
270000000 310.86613656019164864 12971.934023982019426 3733.6921694445500179 -3025.9454775415551921 -1462.8061519202719865 8222.4437989063771965 15571
271000000 310.06633690199726061 12938.559696005026126 3534.526835459013455 -3016.8294886927924381 -1576.4161365827326335 8127.7724607345380718 15580
272000000 307.80451415560878559 12844.177542436453223 3587.2695462076799231 -3094.443922078243304 -1516.1833378580336102 8197.8968061439572921 15585
273000000 310.88260061735780937 12972.621042084698274 3486.6002849049573342 -3104.7111702517281628 -1537.8351100533050158 8129.1465652099905128 15582
274000000 307.00431473159000006 12810.786532887266731 3493.7102761009591632 -3132.5048838828543012 -1478.9102534300695879 8105.125413413881688 15568
275000000 309.37831737990171632 12909.849769775712048 3821.3063947392197406 -2922.7408264368268647 -1520.5754001463396889 8264.6226213223853847 15550
276000000 311.86612192097561547 13013.661773001495021 3403.220279612433842 -3075.5230368462007391 -1619.7277897270269023 8098.4711061856614833 15598
277000000 306.39282820322875978 12785.270202963951306 3441.9708419915405102 -3088.3153478796039053 -1622.3183008632449855 8152.604490734389401 15588
278000000 309.5374208982852906 12916.488898650579358 3417.6546889912360712 -3010.9296878703826224 -1646.9003602265293011 8075.4847370881470852 15598
279000000 309.75662790318233419 12925.636047441321352 3615.8700642571930075 -2869.6478452072942673 -1642.7727427897862071 8128.2906522542725725 15583
280000000 311.72934103857249966 13007.954131114513075 3583.3914669923733527 -2938.5207236862397622 -1478.9102952917530729 8000.8224859703659604 15572
281000000 311.29681432845393374 12989.905500892669806 3582.9886716146761501 -2945.7357332925666924 -1572.8783570611253708 8101.6027619683682133 15561
282000000 310.62822530369390961 12962.006377449011779 3774.4783090286318838 -2859.621229056167067 -1550.3206861648036465 8184.4202242496021427 15571
283000000 307.39412472051742498 12827.052664393926534 3601.942809935164405 -2991.7019042156875912 -1486.6446383553054602 8080.2893525061581386 15551
284000000 311.88175673505924124 13014.314188150388873 3608.090782683856105 -2928.8465378886185135 -1589.4340215535532934 8126.3713421260272298 15579
285000000 309.19221117987501657 12902.083863283245591 3515.7101823162502114 -2965.593336582250231 -1627.7780972586108419 8109.081616157111057 15578
286000000 309.4322352453266376 12912.09967386866083 3392.4265257710421793 -3080.9778499413769168 -1576.2077468259799389 8049.6121225383994897 15565
287000000 311.91021774593878035 13015.501819455203076 3484.6840859058361275 -3059.425537795760647 -1596.5975420679274066 8140.7071657695241811 15587
288000000 309.67571614700204918 12922.259732560101838 3674.9575403687176731 -2994.1647101801413555 -1548.6438077621764933 8217.7660583110355219 15575
289000000 312.81917460489199811 13053.43109839004137 3679.9553236784331602 -3066.4846531453067655 -1465.4744087243798276 8211.9143855481197534 15561
290000000 305.79947406802176602 12760.510508067844057 3754.5356134579910758 -2978.1204041512164622 -1424.2968360283118727 8156.9528536375200929 15562
291000000 306.60741938029667608 12794.224740829849907 3421.999992472361555 -3034.4867635000782684 -1561.3937655014658503 8017.8805214739049916 15568
292000000 310.35698349837110754 12950.687901779303502 3659.8374340949608268 -3118.6374903424011791 -1498.9982282839532672 8277.4731527213152731 15561
293000000 310.26383377144566111 12946.80091645050743 3481.629424890811606 -2996.5368973386166545 -1565.0366599200774544 8043.2029821495052602 15566
294000000 307.97411601011771154 12851.254749659403387 3689.3972240457715088 -2999.8054693615249562 -1485.3906300834978538 8174.5933234907952283 15560
295000000 308.4979069187014602 12873.111685199870408 3465.5759782928485038 -2989.48809190211432 -1576.1277711511540929 8031.191841346117144 15600
296000000 310.81654869410573383 12969.864803659813333 3363.0163585355721807 -3076.3653577001750818 -1672.4840240203134272 8111.8657402560611445 15595
297000000 308.31533033762542573 12865.493063917252584 3544.2924458527604656 -2936.8481622111416982 -1710.8582795397996961 8191.9988876037004957 15595
298000000 312.59108379628162311 13043.913243040757152 3588.5293338932551706 -3060.8593404341409041 -1499.357619359715045 8148.7462936871115744 15574
299000000 309.00288690571534289 12894.183671835207861 3488.9226471992542429 -3010.8288639292709377 -1657.8938110016142673 8157.6453221301389931 15566
300000000 306.10688831054022785 12773.338400214950525 3543.0044184218668306 -3047.6931685893523536 -1542.4147447987381838 8133.1123318099571406 15592
301000000 312.83611221156331794 13054.137876936896646 3592.9963569338824527 -3014.4240768272884452 -1525.3549006484847723 8132.7753344096554429 15581
302000000 307.01637309663863107 12811.289708683700155 3601.1445772634206151 -3001.4175203762511046 -1520.2301126661336639 8122.7922103058053835 15583
303000000 309.22508378118271821 12903.455583021133862 3440.4111216776177571 -3067.0372854525726325 -1623.0521427403023154 8130.5005498704922502 15591
304000000 309.28835191741688959 12906.095658579479277 3637.3960778017999473 -2945.8468300793979324 -1566.896554024221814 8150.1394619054190116 15577
305000000 311.99727165138239116 13019.134436151378395 3765.3441746617163517 -2923.9563418943007491 -1573.0825500000655666 8262.3830665560817579 15583
306000000 306.48037962195172668 12788.9235800733004 3966.3191884986804325 -2972.34001805251728 -1335.730537440497983 8274.3897439916963776 15530
307000000 311.81001019646777195 13011.320322767185644 3563.4933137409079791 -3031.9756033435305653 -1591.6813042256212611 8187.1502213100602603 15570
308000000 306.21890101830018693 12778.01250679660734 3722.6412166495165366 -2924.9751377087368382 -1571.1386131070489682 8218.7549674653018883 15573
309000000 310.819642184918564 12969.993889957766442 3505.4914106544888455 -2977.1045286729845429 -1578.0216935877683682 8060.6176329152422113 15561
310000000 313.29141361529781307 13073.136857770328788 3542.8571306637895759 -3019.8847103629132107 -1590.931818983527819 8153.6736600102312877 15569
311000000 309.96498267511248059 12934.330350349209766 3608.1827660031767664 -2905.2875634813103716 -1613.3496405231826429 8126.8199700076711451 15590
312000000 306.13029584185545673 12774.315158105808223 3443.4868782731637111 -3040.0770442986886337 -1649.3441476813970894 8132.9080702532501164 15578
313000000 309.35789689034629646 12908.997656238414493 3752.5366783224239953 -2876.1454376269211934 -1531.5222475677501279 8160.2043635170957714 15590
314000000 309.98615636828179731 12935.213893837979413 3629.5112002070054587 -2952.4831479070021487 -1540.588337550881306 8122.5826856648882313 15580
315000000 307.43146619321066737 12828.610862805291617 3539.3622714963858016 -2908.6558442559271498 -1631.5747982084271825 8079.5929139607405887 15593
316000000 309.64102426175759319 12920.812097087360598 3569.6694903509242067 -2981.2800678647090535 -1623.9440127598847994 8174.8935709755178323 15565
317000000 310.68519634597942058 12964.383685604807397 3629.8703467032000844 -2913.6300281562025702 -1598.2659921561637475 8141.7663670155670843 15565
318000000 307.42240249922019757 12828.232649720524932 3722.2838738140467285 -2957.2658711528520143 -1505.4391098059659271 8184.9888547728642152 15570
319000000 307.35276169424520276 12825.326653147501929 3487.6440302403075293 -2997.0775112898722909 -1658.6994742888416567 8143.4210158190217044 15595
320000000 310.21188738107701965 12944.633278778221211 3395.8413483055592224 -2953.1113772412427352 -1671.0711074501839448 8020.0238329969861297 15585
321000000 309.27010659971659834 12905.334311396174598 3503.3337883667427377 -2966.9765635822673175 -1672.0523212674111164 8142.3626732164211717 15607
322000000 310.12385096131129103 12940.95966337081336 3678.519405307928082 -2951.7609129481311356 -1612.3441992868972648 8242.6245175429576193 15583
323000000 307.73196332834720579 12841.15011540616797 3566.339935320247605 -3026.5894476579142065 -1662.5857947133690686 8255.5151776915317896 15588
324000000 308.54074403336414889 12874.899207737162214 3606.9562559727241933 -2959.156284976187635 -1632.6838259783567082 8198.7963669272685365 15587
325000000 311.16658050042417472 12984.471056846798092 3317.2523115942894947 -3005.7136207915791601 -1672.6572594599906552 7995.6231918458597647 15606
326000000 310.20402526852484471 12944.305205716147611 3468.550866829554252 -2931.2110523569635916 -1638.8562413763584118 8038.6181605628753459 15586
327000000 307.94068135416216592 12849.859576302893402 3493.1844733112184258 -3028.9360744916316435 -1671.1404166855486437 8193.2609644883996225 15594
328000000 310.43547336211264565 12953.963155061223006 3600.3240566252034114 -3057.954222360298445 -1524.4348096322505626 8182.7130886177528737 15580
329000000 311.65093764221683159 13004.682485974788506 3511.8871671807291932 -3077.8793618805625556 -1560.1586227526531729 8149.9251518139453765 15587
330000000 311.13834606361513124 12983.292880106338998 3750.5789749061314069 -2993.0916500921848638 -1568.8597571206951216 8312.530382119010028 15576
331000000 305.96606458163694242 12767.462056974229199 3480.9527445685398561 -3045.2008523358817911 -1624.0051782010154966 8150.1587751054375985 15572
332000000 313.0006752260882763 13061.00482163156812 3616.9871012006433375 -2951.4279367340400313 -1571.1747149525322129 8139.5897528872155817 15599
333000000 307.55180100768325246 12833.632237250893013 3452.5386117453590487 -2949.483624276401315 -1692.4862840490886811 8094.5085200708481352 15602
334000000 309.5110219489948804 12915.387313793871726 3666.4941294042218942 -2933.9411660657287939 -1530.0659699598099905 8130.5012654297606787 15573
335000000 312.04371577456339537 13021.072473238249586 3666.1375116727585919 -2965.6705470965375753 -1494.1014913285980583 8125.9095500978946802 15573
336000000 309.71815728513092836 12924.030731646082131 3647.6601562759869921 -3019.6783309316274426 -1476.4610001859182375 8143.7994873935322175 15569
337000000 311.0879355180213679 12981.189330717554185 3448.8568218259633795 -3114.9118093957395104 -1531.9816888819011638 8095.7503201036033715 15588
338000000 310.54903460294087836 12958.701879388052475 3580.0846587931300746 -2991.6220742712016545 -1544.402260957908311 8116.1089940222391306 15574
339000000 311.72397148853980298 13007.730068598300932 3637.64253368003574 -2919.6957223507833987 -1619.5975085772724924 8176.9357646080916311 15585
340000000 309.16130012265631422 12900.793995563046337 3792.4576127888994961 -2885.2334739774905756 -1503.5907147825139418 8181.2818015489037862 15562
341000000 309.71275843697645769 12923.80544656730126 3724.1772788882994973 -2911.7749664774300982 -1529.0471500550511337 8164.9993954207811839 15584
342000000 312.16846815062683618 13026.278185283750645 3730.2940482581352626 -2953.2403201068664202 -1514.9730246452240863 8198.5073930102262239 15567
343000000 309.02922431151034743 12895.282688582788978 3648.1795099111532181 -2891.3928926625285385 -1575.8551938177420197 8115.4275963914242311 15572
344000000 308.74015871106132636 12883.220455175447569 3672.5025483963672741 -3004.0456463435434671 -1482.6378163104891428 8159.1860110503985197 15576
345000000 309.01441692235601977 12894.664800519127311 3406.4899488214418852 -3013.7690740485841161 -1619.3107457385822272 8039.5697686086077738 15573
346000000 307.77255902594254167 12842.844107285409336 3622.7771455373804201 -2971.6299530861415406 -1538.5111445210297916 8132.9182431445515249 15575
347000000 312.05101232393548116 13021.376946276403032 3553.8547440968532101 -3000.4680129537009634 -1631.1036155642900667 8185.4263726148437854 15597
348000000 313.14276686971663821 13066.93407287424634 3526.9991372610320468 -3094.4952279505823753 -1555.7742654255921479 8177.2686306372052059 15584
349000000 315.24837646719890927 13154.797707945719594 3624.7912627446339684 -3041.1740406307458215 -1522.9603612878274816 8188.925664663207499 15565
350000000 312.70225868615125364 13048.552388855961908 3582.6408436306082876 -3014.5007050453637021 -1553.8896855408906958 8151.0312342168635951 15569
351000000 309.98987758788786095 12935.369174228930206 3525.3108696566268918 -3080.4975954346591607 -1574.7919662175136182 8180.6004313087996707 15566
352000000 309.8256606965486526 12928.516672687119353 3536.1113378787172223 -2968.4501347569239442 -1520.2036475471363701 8024.7651201827775367 15574
353000000 305.1880093560351952 12734.995088506064349 3450.260179442367189 -3077.9217878816316443 -1619.4000691445996836 8147.5820364685987442 15590
354000000 308.94074723645297809 12891.590685352784931 3652.87427290893811 -3070.5985596078571689 -1466.5558638400052587 8190.0286963567996281 15575
355000000 312.13326118696676303 13024.809056433510705 3516.271224398895356 -3015.3090693794410981 -1642.9011136654587517 8174.4814074437945237 15585
356000000 308.6072482334921574 12877.674318934296025 3560.9791092919490438 -2981.6349392670549605 -1628.4219902529860065 8171.0360388119906929 15566
357000000 311.10005452922695213 12981.695037178651546 3307.0429816145560835 -3137.5847947150905384 -1638.6182855624015247 8083.2460618920486013 15573
358000000 309.1340899421182371 12899.658559356881597 3593.0809686573284125 -3037.2292372435413199 -1557.6861084887261768 8187.9963143895956819 15584
359000000 308.83567473918191126 12887.206182372123294 3400.2023154737253208 -3168.0297358901507323 -1602.1646862012944439 8170.3967375651709517 15573
360000000 312.90224843054875237 13056.897632884480117 3289.1363029379335785 -3038.371910714186015 -1664.0146312025065072 7991.5228448546258733 15563
361000000 310.54099697725172291 12958.366482450634066 3414.0820935646793259 -3090.8452892517279906 -1634.4780030524289032 8139.405385868835765 15593
362000000 311.58956842483485161 13002.12164918570852 3580.0627196177229052 -3054.4667988817463993 -1535.2602560169757453 8169.7897745164455046 15557
363000000 311.8283480196642472 13012.085530053127513 3556.6764539940677423 -3038.5840653445366115 -1484.5924769554367231 8079.8529962940410769 15567
364000000 308.41762804491207817 12869.76177946282769 3632.1838668104519456 -3075.0809264419895044 -1490.4903989147417178 8197.755192167182031 15549
365000000 312.42460143370698233 13036.966207099912936 3241.7149775660154774 -3117.4575976304831784 -1724.5573220061460233 8083.7298972026437696 15586
366000000 310.04295161921146473 12937.583866508812207 3594.5125663314338453 -3026.2778279688786824 -1505.5673682969500078 8126.3577625972611713 15596
367000000 311.42235677962219143 12995.144181476485755 3598.1722903635363764 -3074.5235564983941003 -1531.2764766404568491 8203.9723235023884627 15573
368000000 310.57726096295527896 12959.879719097116322 3496.1342317374355844 -3018.0950890020626503 -1570.9948293016491334 8085.224150041147368 15578
369000000 307.29360182387324585 12822.858008785578932 3466.8526076110947542 -3023.039578472273206 -1506.3456447086571188 7996.2378307920243969 15564
370000000 310.84756010702813001 12971.158859058934468 3629.8548831441748916 -2965.5634943347768058 -1514.978562317672413 8110.396939796623883 15582
371000000 308.98474234539372674 12893.426529092062992 3470.8946808830269219 -3116.5263177852948502 -1534.885762787967451 8122.3067614562896779 15562
372000000 307.1594279041127038 12817.25915117396471 3531.8822423822671226 -2984.2278481255070801 -1578.6064695397853939 8094.7165600475600513 15574
373000000 308.57108822837926709 12876.165421227324259 3481.2026894633609118 -3076.1022436514422225 -1529.9952968369466362 8087.3002299517502252 15567
374000000 310.11722214958933819 12940.683053929637026 3606.7884099835659981 -3024.7745527274541928 -1531.0725944272444394 8162.6355571382655398 15579
375000000 307.44883552904440194 12829.335656702010965 3577.7325088089282872 -3081.1543091013081721 -1536.1308912655219956 8195.0177091757577728 15575
376000000 311.27492282752456276 12988.992004463358171 3402.6615035968893608 -3097.4579614435469921 -1552.5960493740205948 8052.715514414457175 15571
377000000 310.58390139639857352 12960.156813493664231 3444.7410759451058766 -3071.0071987945175351 -1576.7854756798496965 8092.5337504194721987 15571
378000000 313.4291976301417435 13078.886358728817868 3225.3805662430040684 -3195.6347461739842402 -1628.4969089866772265 8049.5122214036646255 15598
379000000 309.89810888887859619 12931.539816930038796 3357.3508909847596442 -3154.7981898260795788 -1587.3210069589806608 8099.4700877698205659 15573
380000000 311.60659398477628201 13002.832097878273999 3361.7151561082991975 -3159.80721384869139 -1664.5809685996239295 8186.1033385566142897 15586
381000000 309.16655245773182514 12901.013166891338187 3444.4533469107873316 -3060.3312605019345938 -1609.0579156312605846 8113.84252304398251 15575
382000000 314.40209134837380134 13119.483617937876261 3382.4247773369297647 -3172.4732788717519725 -1635.8994536755676563 8190.7975098842489388 15599
383000000 311.06414397925931326 12980.196548825755599 3344.1794230759323909 -3078.1548027010308033 -1596.1652281702563414 8018.4994539472190809 15595
384000000 315.32290833001974306 13157.907800340775793 3473.0414249137575098 -3006.9008979194695712 -1545.7539571794966378 8025.6962800127239461 15580
385000000 307.08961313061746523 12814.345895179920262 3634.8179320527606251 -3116.2212353234745024 -1416.8952913586704199 8167.9344587349050926 15575
386000000 311.94989310677885896 13017.157407191099992 3405.4158450648747021 -3012.457478567968792 -1611.7136185259446393 8029.5869421587885881 15586
387000000 311.23780158348995428 12987.442995832718225 3317.0400086969889344 -3114.2424724423772204 -1609.8741176948692555 8041.1565988342354103 15595
388000000 306.59259325939035534 12793.606071120899287 3366.8185144464214318 -3065.5605425438725433 -1681.9910046587829129 8114.370061649076888 15571
389000000 312.4345236250093194 13037.380243869474725 3502.5610742843819025 -2995.7963888824951937 -1549.0128466173102879 8047.3703097841871568 15574
390000000 309.94433900653075398 12933.46892391718211 3532.3415127783509888 -3089.7017555107695443 -1521.8133372060788133 8143.8566054951988917 15573
391000000 307.39699038670761411 12827.172243944036381 3484.5744202426790253 -3044.6328384018888755 -1578.6467076858132259 8107.8539663303808993 15581
392000000 306.5629339585648836 12792.36843714196948 3500.006694989107018 -3209.2795754790645333 -1503.2435253254345753 8212.5297957936054445 15556
393000000 310.1899239554325618 12943.716781048511621 3613.7099476979246901 -3048.5749510004848162 -1550.8206144627815775 8213.1055131611919933 15566
394000000 307.08958077207859105 12814.344544911164121 3471.779042323018075 -3101.8490298506599174 -1507.1998922197590218 8080.827964393437469 15568
395000000 307.4842361889071185 12830.812868177103155 3632.6089895223331041 -3079.5728179711950361 -1459.7447745513777591 8171.9265820449072635 15556
396000000 309.93347686419252796 12933.015664532516894 3517.6823584932681115 -3093.9993608044114808 -1549.713739575269301 8161.3954588729484385 15582
397000000 310.91250222636290346 12973.868787186551344 3481.397240805697038 -3175.4138410887426289 -1499.3263907707510043 8156.1374726651902165 15570
398000000 305.72412934112026051 12757.366496187887606 3346.1856844028643536 -3162.7495915329836862 -1608.9983199949974733 8117.9335959308464226 15566
399000000 308.47244009298606215 12872.048996331162925 3425.0653257613075766 -3108.9564805627751412 -1592.6717512483980954 8126.6935575724801311 15583
400000000 310.66034536062409188 12963.346694744281194 3670.7933339513410829 -3044.8516387505424063 -1489.2563329687911846 8204.9013056706753559 15574
