# Steps Temp KinEng PotEng Epair Ebond Eangle Bonds
1000000 309.34721321453542942 12908.551843969231413 3744.7559785821413243 -3087.3405883117047779 -1372.5268206679349987 8204.623387561779964 15524
2000000 311.57534985574159236 13001.528331617466392 3922.8070110693543029 -2969.8738605043581629 -1443.3459906543803299 8336.0268622280927957 15543
3000000 311.80947435821673253 13011.297963115803213 3871.8883102348777356 -2939.8329788419937358 -1524.183665790894338 8335.9049548677649 15566
4000000 307.12376454000235526 12815.770977481482987 3754.266300728731494 -2883.0927647264516054 -1628.9146294658607985 8266.2736949210429884 15589
5000000 310.4600451361695832 12954.988494892204471 3904.5353903903119317 -2815.3784275019261258 -1498.7713338145147191 8218.6851517067516397 15569
6000000 311.92026180227531995 13015.920941452768602 3862.4434952791943942 -2765.563301968122687 -1604.6799600643878421 8232.6867573117051506 15577
7000000 313.07532031329679967 13064.119638694623063 3926.6148478601689931 -2787.0359759087541534 -1448.1381823729298048 8161.7890061418538608 15568
8000000 308.94539000702138765 12891.78442055395135 3586.240007704616346 -2851.8102289156695406 -1697.3384543572942675 8135.3886909775801541 15593
9000000 308.01850158769707377 12853.106887014559106 4005.4799790471170127 -2840.5289502488053586 -1500.764069706719738 8346.7729990026418818 15567
10000000 308.2919778024041193 12864.518600923194754 3710.3634119853554694 -2875.7697473681923839 -1631.2510208670819338 8217.3841802206297871 15573
11000000 309.43772405460839536 12912.328712877737416 3766.4688293203253124 -2800.6937823055022818 -1695.3552868221427161 8262.5178984479716746 15613
12000000 309.42385747365057114 12911.750083197086497 4035.1428609161685017 -2828.6046535223290448 -1435.4283679461709653 8299.1758823846685118 15568
13000000 313.45838487440840936 13080.104294561773713 3681.8729000385887957 -2917.5330026199394524 -1621.48332840306648 8220.8892310615956376 15590
14000000 309.72812320426515953 12924.44659310634961 3648.6380649525303852 -2837.0506092923687902 -1698.7636946119800996 8184.4523688568788202 15590
15000000 308.98878768324811972 12893.595334405927133 3808.242745349768029 -2775.3046252671711045 -1548.2984437554666783 8131.8458143724055844 15574
16000000 310.44261653250958943 12954.261227846302063 3709.5264898895629813 -2901.194428947367669 -1565.2034963221808539 8175.9244151591128684 15566
17000000 307.69248583880710157 12839.502784515087114 3646.5295407494650135 -2915.1207342811912895 -1654.1269885992157924 8215.7772636298723228 15606
18000000 309.44346861606271659 12912.568424005512497 3706.9564008446031949 -2916.6185802172853982 -1686.3627308124405317 8309.9377118743286701 15606
19000000 310.48380110864684411 12955.979792661271858 3691.3841272874947208 -2846.6484876781837556 -1706.4280252014750658 8244.4606401671535423 15595
20000000 313.44560732697931371 13079.571108464140707 3605.9243653988341975 -2907.4573717334474168 -1558.4530441727908965 8071.8347813050722834 15589
21000000 312.68953867634655808 13048.021603709028568 3618.0544958833925193 -2798.0913223782308705 -1705.4696172625049257 8121.6154355241287703 15591
22000000 306.79616899971665589 12802.100952878097814 3771.9788155969972649 -2956.817688161263959 -1457.9769759086207159 8186.7734796668828494 15578
23000000 310.35369792408511103 12950.550800153050659 3737.3638254916404549 -2923.9549271992232207 -1496.0443003124705683 8157.3630530033333343 15578
24000000 307.78523029717007375 12843.372858651455317 3804.7422514635627522 -2871.7804323308546373 -1521.1711568724847439 8197.6938406669032702 15566
25000000 307.82944097660254101 12845.217697793792468 3724.827137610293903 -2936.425904605190226 -1596.0241448151550685 8257.2771870306387427 15584
26000000 310.10271150555428221 12940.077548553106681 3935.5671897805264052 -2867.1058041395849614 -1504.0483423867071906 8306.7213363068185572 15572
27000000 304.37699812036510139 12701.15291978922869 3348.4965218457959963 -3081.9425126021469623 -1716.8642484920587776 8147.3032829400017363 15601
28000000 307.65573338933273817 12837.969165076583522 3727.671771561861533 -2874.1318910464515284 -1620.2118964629121365 8222.0155590712238336 15600
29000000 309.66946546154633779 12921.998901707846017 3691.9337595765637161 -2875.2285528100605916 -1574.9939742268475129 8142.1562866134718206 15571
30000000 310.67190360764027446 12963.829001435469763 3728.1643667743696824 -2885.1928111670854378 -1594.4040860090378828 8207.7612639504932304 15569
31000000 311.35975644920227978 12992.531972359493011 3950.0646219969075901 -2760.0642781194728741 -1480.5967081424237222 8190.7256082588046411 15564
32000000 315.0188457286750463 13145.219766682790578 3813.8870612977380006 -2742.5354121848968134 -1624.7063593956045224 8181.1288328782402459 15588
33000000 310.28080851889654923 12947.509244821178072 3678.4941855088818556 -2773.4214589099001387 -1599.8817066337596771 8051.7973510525407619 15581
34000000 312.19797609303981289 13027.509503324370598 3648.0195759098069175 -2855.2409750583065033 -1730.0122596904780039 8233.27281065859097 15587
35000000 308.99910605284668463 12894.0259030460129 3608.9913956974005487 -2880.238950640231451 -1657.270075691549664 8146.5004220291812089 15598
36000000 306.71515697395375355 12798.720453911650111 3859.8660880735401406 -2928.5169424067157706 -1544.4689976870017745 8332.852028167257231 15598
37000000 311.21046667775868855 12986.30235504880693 3658.53448446081984 -2858.3721561690817907 -1634.4961159973249778 8151.4027566272270633 15590
38000000 308.61064460171365909 12877.81604380976205 3732.5525365997282279 -2758.0986757470009252 -1574.5979265291239244 8065.2491388758535322 15585
39000000 308.56196055408673828 12875.784538349487775 3947.1805345992443108 -2804.9722110667707966 -1541.9046026074083784 8294.0573482734234858 15594
40000000 309.62372203685202976 12920.090103619604633 3607.2970213313601562 -2818.3260139422600332 -1696.8418126296373885 8122.4648479032575779 15582
41000000 311.68460734674818013 13006.087467522862426 3927.8297765406350663 -2921.7493789191494216 -1485.3575990851275037 8334.9367545449113095 15575
42000000 308.28926168757959658 12864.405261906294982 3790.3211971007267493 -2915.9777194635503292 -1543.4089204108395279 8249.7078369751179707 15580
43000000 311.88962625428064257 13014.64257028062093 3562.4962405158457841 -2837.1921049653833506 -1581.4211717145294642 7981.1095171957576895 15584
44000000 308.63733719339217032 12878.929881881718757 3636.9358809866571391 -2891.6042913770438645 -1616.7089179918905302 8145.2490903555917612 15584
45000000 307.67812249359513999 12838.903425676857296 3541.0868115243038119 -3024.7987298333573563 -1604.0329347052352205 8169.9184760628968434 15580
46000000 307.80808501202966454 12844.326548418297534 3577.6790365359593125 -2907.878943519405766 -1595.5470184854298168 8081.1049985407944405 15588
47000000 311.11387024003880697 12982.271544131544943 3779.5593790445518607 -2899.4816706061346849 -1574.5019832344637507 8253.5430328851507511 15587
48000000 309.5692351691873796 12917.816455996417062 3872.6717823978428896 -2811.75891656675185 -1505.4441300075420713 8189.8748289721370384 15567
49000000 308.66343904579105129 12880.019069372414378 3726.5331358709272536 -2947.7604766206195563 -1473.167452030446384 8147.4610645219918297 15577
50000000 309.20109576388534833 12902.454602402302044 3758.0095926729964049 -2857.1300904877471112 -1631.8989273419570054 8247.0386105026991572 15569
51000000 305.97684576674879509 12767.911938146617103 3522.5431865897335229 -2937.1392918973742781 -1615.4880499023524862 8075.1705283894607419 15577
52000000 308.25029017104338891 12862.779044438815617 3580.9272332858026857 -2886.4179819285141093 -1571.3121787353766194 8038.6573939496938692 15583
53000000 308.44832445918456187 12871.042690484920968 3548.4185320128976855 -3000.2781857099516856 -1622.9430154906135613 8171.6397332134629323 15581
54000000 308.89088152956668409 12889.509871189668047 3667.8474817834448913 -2930.5169257885672778 -1572.0807167881966961 8170.4451243602097747 15580
55000000 304.81222092683788105 12719.314053690039145 3666.7721754967637935 -3006.6097857523118364 -1529.9300181770629479 8203.3119794261383504 15574
56000000 311.03668802982929265 12979.050857086820542 3550.108522228448237 -2897.0968420517124287 -1642.5482967312329947 8089.7536610113929783 15581
57000000 312.20539374524366849 13027.819029785072416 3781.3050885826182821 -3009.7221092862146179 -1412.1645393378162225 8203.1917372066491225 15589
58000000 310.44221074358483747 12954.24429494001015 3580.4607249830878573 -2944.2783858947900626 -1603.5512249948189947 8128.2903358726962324 15574
59000000 307.79588946533664284 12843.817648256837856 3797.1441135534378191 -2822.7949000326552778 -1525.2221886776119391 8145.1612022637054906 15597
60000000 310.14359668278007121 12941.783619942549194 3657.5458806513670424 -3006.5980801685591359 -1523.3144905977376311 8187.4584514176640369 15576
61000000 309.5358616963353029 12916.423835710467756 3745.3393861002741687 -2963.1133997417728096 -1481.9640605373485869 8190.4168463793948831 15574
62000000 307.30598089868061606 12823.374567274244328 3611.1760381213030087 -3019.2204271630744188 -1533.8856362156950581 8164.2821015000736224 15573
63000000 309.64691456495512512 12921.0578897790474 3854.6403184302307636 -2923.0938473017877186 -1523.5689487014960832 8301.3031144335145655 15578
64000000 307.09070633825797358 12814.391512941778274 3665.5072191670633401 -3003.1882481769080186 -1503.414783996481674 8172.1102513404530328 15572
65000000 304.17987149309158212 12692.927148942468193 3548.7474751399713568 -2922.4567218924048575 -1575.6286919244635101 8046.8328889568401792 15587
66000000 312.51009332064745649 13040.533643325836238 3625.0541690185041261 -2964.9822150437412347 -1555.3131605631515413 8145.3495446253964474 15583
67000000 309.10300463025259887 12898.361420276061835 3567.6267073293256544 -2932.2242917689550268 -1600.6300071556047442 8100.4810062538854254 15571
68000000 309.69925712139598772 12923.24205881177113 3611.1283855411311379 -2930.9765044310324811 -1658.5354888630822643 8200.6403788352472475 15579
69000000 306.77023485916856771 12801.018763727870464 3600.2975237758482763 -2995.4013228045869255 -1474.7611760530739957 8070.4600226335096522 15571
70000000 308.18356084881361312 12859.994539265599087 3672.0295699761827564 -2942.481978549795258 -1618.5543888719262213 8233.0659373979033262 15593
71000000 309.57718551755726821 12918.148210994446345 3502.9379360897669358 -3003.5451878716808096 -1598.6311762875009208 8105.1143002489479841 15565
72000000 310.94814829558976044 12975.3562391919113 3744.9384430899935978 -2966.0599384170391204 -1505.1102407635858071 8216.1086222706180706 15562
73000000 313.30374504504425204 13073.651428108745677 3653.745267093581333 -2902.3993636022723877 -1612.7509961166251742 8168.8956268124793496 15583
74000000 310.82155125210948654 12970.073552200563427 3691.1100773567541182 -2993.6896273295660649 -1544.1592464802952236 8228.9589511666144972 15569
75000000 311.8598567595224722 13013.400338089610159 3786.4025691065198771 -2945.029343030011205 -1454.5723203914103578 8186.0042325279418947 15565
76000000 308.66339824369674716 12880.017366767939166 3795.4447653221786823 -2918.8359767516312786 -1468.6937973908939057 8182.9745394647034118 15563
77000000 310.43568137499562454 12953.971835097665462 3589.7430393399863533 -2991.0198927783058025 -1665.2587795710928731 8246.0217116893836646 15583
78000000 312.50029099336501304 13040.124608285235809 3631.062721882689857 -2919.7268383757373158 -1542.0331165787226837 8092.8226768371496291 15576
79000000 308.54092798011669174 12874.906883533452856 3554.7372000898476472 -2970.5930921436097378 -1578.1628982033657849 8103.4931904368240794 15574
80000000 309.37256544050501361 12909.609750778501621 3757.0114856910586241 -3046.8817577498275568 -1467.7118710216884665 8271.60511446257442 15571
81000000 308.0934475545068949 12856.234259289898546 3541.7548266490357491 -2937.0970894045558452 -1609.366977211115227 8088.2188932647077309 15576
82000000 309.98233085174723556 12935.054261307259367 3432.2072077348002495 -3029.450001669023095 -1580.4614925857563321 8042.1187019895805861 15593
83000000 311.69157349075260299 13006.378153286923407 3733.8511396270369005 -2913.5351267853884565 -1521.7731138883186759 8169.1593803007435781 15562
84000000 309.21525388458508132 12903.045397558225886 3694.7780952344296566 -2914.013518344530894 -1487.8369698207657166 8096.6285833997262671 15571
85000000 311.60105263712711121 13002.600866529293853 3794.9119168256179364 -2863.1900172928162647 -1435.544001488296999 8093.6459356067316548 15560
86000000 311.10299146210934396 12981.81759057094132 3498.0537709763125349 -2966.27698797974017 -1659.8194855190242833 8124.1502444750767609 15584
87000000 312.97377975961376251 13059.882517927111621 3655.375960526398103 -3047.8787207204177321 -1390.0129037261440317 8093.2675849729603215 15541
88000000 308.1036708245192699 12856.660859580228134 3455.1467720554096559 -2938.5189573936359011 -1652.1930629938638049 8045.8587924429084524 15577
89000000 311.96413482056379962 13017.751690549368504 3530.5326984599878415 -2928.4773200208369417 -1631.4340854890995161 8090.4441039699231624 15581
90000000 306.31328035055383907 12781.950801539060194 3747.7341459591302737 -2926.0207828802440417 -1536.7160590967680491 8210.4709879361435014 15577
91000000 311.61670102061196985 13003.253847907046293 3555.2660805165423881 -2982.8179662384063704 -1650.0344031554750472 8188.1184499104238057 15583
92000000 311.00829926750117238 12977.866240595561976 3616.7789952217217433 -3029.2170556706114439 -1532.9772395309059903 8178.9732904232405417 15564
93000000 311.62935169556527626 13003.781739824347824 3805.1212177817988049 -2943.2248743527788974 -1477.3386219349029034 8225.6847140694808331 15556
94000000 310.41239203298363236 12953.000009052588211 3447.6774322381579623 -3081.5983797934718496 -1575.8604888558584207 8105.1363008874868683 15579
95000000 312.8204440535756703 13053.484070401575082 3548.6767345002344882 -2985.7668675354789229 -1658.9125207189754292 8193.3561227546888404 15582
96000000 307.99512673067147261 12852.131492568218164 3698.6981287985877316 -3026.7104457532777815 -1518.6509212040582497 8244.0594957559223985 15570
97000000 311.23228247093550181 12987.212692317772962 3521.9108828028211065 -3002.6791719354469024 -1561.7538739621436434 8086.343928700412107 15564
98000000 308.60244290638507891 12877.473800515383118 3390.6907379784133809 -3042.2247040583874877 -1659.1711929725609025 8092.0866350093619985 15565
99000000 304.77036143534172652 12717.567325764077395 3680.8659008115873803 -2970.6204406920101064 -1530.6681914748705822 8182.1545329784676142 15567
100000000 312.84264950284125462 13054.410667380047016 3663.5154142294504709 -3058.7805602728817576 -1437.6377628085424476 8159.933737310874676 15577
101000000 312.0104830433883194 13019.685725871649993 3407.1487294848088823 -2985.628954119169066 -1719.5426536612480959 8112.3203372652251346 15596
102000000 311.29850424510874518 12989.976018343026226 3607.9251378445001137 -3017.5564045692290165 -1473.1835220867324097 8098.6650645004601756 15565
103000000 310.05941824871729295 12938.270991951005271 3460.3907733241458118 -3055.0866747473819487 -1568.9636233035189434 8084.4410713750476134 15573
104000000 308.62523463554839509 12878.424861992425576 3602.4639594111831684 -2933.3351876313363391 -1582.7662307103882995 8118.565377752907807 15584
105000000 311.25927681631861788 12988.339122076913554 3673.9013414404430478 -2939.7278185760314955 -1520.5124400239465103 8134.1416000404205988 15562
106000000 310.16575355629959176 12942.708189934808615 3641.8103110079564431 -3021.3322608764610777 -1570.0994058365147339 8233.241977720932482 15578
107000000 307.6084177149608081 12835.994759587954832 3628.1971814169419304 -2975.6930102682390498 -1573.4147451989506408 8177.3049368841311662 15557
108000000 305.39626698735224863 12743.685337895491102 3772.0538862974763106 -2908.2444421150839844 -1462.2354886202779198 8142.5338170328377601 15583
109000000 307.59704666773950521 12835.520264437178412 3564.5395340507066066 -2948.0589147622649762 -1615.562195857356528 8128.1606446703281108 15572
110000000 313.40441243161728835 13077.852113044846192 3696.5106925028471778 -2929.2375309686131004 -1589.3662112411766429 8215.1144347126373759 15573
111000000 309.87934518093760516 12930.756838172206699 3447.3430726059241351 -3046.9054940695978075 -1643.4493283390634133 8137.6978950145849012 15595
112000000 309.35187849909908664 12908.746518642492447 3604.8962485974457195 -3017.3846369209445584 -1506.8035707027643184 8129.084456221155051 15576
113000000 313.83905063343536312 13095.988852352231333 3607.191957099505089 -2973.2615143758139311 -1549.2492124110581244 8129.7026838863766898 15575
114000000 308.88437372036230499 12889.238310985092539 3734.5210529765058709 -2990.4007234821374368 -1436.5404552007153143 8161.4622316593577125 15572
115000000 314.13328405576345403 13108.266730490789996 3707.8987144713901216 -2973.3530294657548438 -1494.763218814341144 8176.0149627514865642 15567
116000000 311.87315493487403728 13013.95524913655936 3399.0670136295216253 -3017.4076267103018836 -1605.5200252018887568 8021.994665541712493 15585
117000000 309.24709497240110068 12904.374073929900987 3664.044543726381562 -2874.8615446331032217 -1528.7339083715942252 8067.6399967310790089 15562
118000000 311.50489924768481842 12998.588543290006783 3462.2284680677348661 -2994.198040503590164 -1640.224444965748944 8096.650953537073292 15585
119000000 308.66849254372095857 12880.229943552736586 3596.2880624812928545 -3006.8481012767438187 -1577.2378176122113018 8180.3739813702486572 15575
120000000 312.01881836128626446 13020.033545016691278 3511.9172747202201208 -2928.5638752017775914 -1546.3646123803423507 7986.8457623023396081 15564
121000000 308.04484492640585813 12854.206151332900845 3677.7866235728215543 -3055.2242501002542667 -1482.1110334342124588 8215.1219071072882798 15580
122000000 307.67550195181530626 12838.794074766363337 3665.0073450121267342 -2952.4113216934574666 -1515.0155102059320598 8132.4341769115171701 15559
123000000 307.38973887399924934 12826.869650211994667 3638.5996072863867994 -2934.4938292418310084 -1562.5777302057244924 8135.6711667339423002 15582
124000000 311.25277795272546655 12988.06793515802201 3612.0986880638483854 -2969.4491972575551699 -1610.4768494562281376 8192.0247347776312381 15582
125000000 312.01941511878891333 13020.058446728529816 3575.6777296689019749 -3021.9374104608555172 -1508.2982240931005435 8105.9133642228580356 15569
126000000 310.60397845971340303 12960.994596417198409 3656.4127591071874122 -2957.637024116586872 -1486.3673382766971827 8100.4171215004716942 15555
127000000 309.10664578050591444 12898.513359504244363 3459.6116810539242579 -3107.0464020365225224 -1485.8759604957467673 8052.5340435861935475 15570
128000000 309.92450606347631492 12932.641327731729689 3538.457530648266129 -3049.7480511583971747 -1562.4030521635963851 8150.6086339702605983 15572
129000000 311.4036765247861922 12994.364685079852279 3563.8800211567395309 -3084.8761291540367893 -1475.0597009152979808 8123.8158512260743009 15575
130000000 306.23856884994478378 12778.833213153726319 3817.196487390144739 -3022.0008335683965015 -1529.8468603108390198 8369.0441812693807151 15574
131000000 309.92726875214509619 12932.756610198764974 3739.4241426374164803 -2920.7215779120401749 -1571.4342562843560245 8231.579976833812907 15562
132000000 309.30941769105112371 12906.974698763047854 3400.539636841668198 -3051.0631249484199543 -1700.3641261774459963 8151.9668879675336939 15614
133000000 309.8240556554863474 12928.449696956033222 3494.4432088570101769 -2987.9442118203696737 -1638.2455896458416191 8120.6330103232203328 15584
134000000 313.13043235202866299 13066.41937368109393 3554.9891730678968997 -3124.1204532784427101 -1612.9945337933822884 8292.1041601397228078 15569
135000000 311.00830390810534709 12977.866434240362651 3637.7418881757421332 -3035.8808108354319302 -1535.7083293411387785 8209.3310283523132966 15554
136000000 309.01877872845949469 12894.846811533983782 3529.1240450244272324 -3042.6131298310701823 -1584.733667435461939 8156.4708422909598085 15582
137000000 305.75299741363846806 12758.571113507257905 3525.7180040395583092 -3087.6628368590527316 -1538.6692852899859645 8152.0501261885965505 15580
138000000 308.29079243586488701 12864.46913752164437 3549.212353672682184 -3012.9625210544318179 -1545.8367576425537209 8108.0116323696674954 15586
139000000 310.15604534135428594 12942.303082047681528 3477.8202644452248933 -2990.9630108129222208 -1581.217183401485272 8050.0004586596323861 15590
140000000 308.29696612851842019 12864.72675559054187 3555.1605916197804618 -2966.0824192292711814 -1522.4317978119179315 8043.6748086609695747 15570
141000000 309.6720375144634545 12922.106229257628002 3542.0562211516689786 -2980.6560369093299414 -1603.5500929241454742 8126.262350985143712 15583
142000000 311.26766889696585849 12988.68930983838618 3510.0382643782841114 -2955.8206867519961634 -1561.7810261328399974 8027.6399772631193628 15565
143000000 315.43442235947526342 13162.561097894675186 3493.7751654436397075 -2972.377389088900145 -1646.3882243990206007 8112.5407789315595437 15580
144000000 311.52124393389135548 12999.27058023832069 3523.5248495713285593 -3016.324752187316335 -1535.8744583299510396 8075.7240600885961612 15578
145000000 313.04413116978423659 13062.818166889470376 3659.0478929945775235 -2955.9282747933102655 -1551.3701395577609219 8166.3463073456478014 15584
146000000 312.53236797244289846 13041.463128012379457 3584.3929113983103889 -3094.5836308339780771 -1543.788457740013655 8222.7649999723016663 15575
147000000 308.08163751286559773 12855.741445621975799 3498.1336087847084855 -3035.9691855943847258 -1605.1849642702306937 8139.2877586493223134 15570
148000000 313.45443364067148195 13079.939416058388815 3436.1721625196901186 -3030.3029114708278939 -1645.5876583116896654 8112.0627323022081328 15592
149000000 307.19294812100770287 12818.657894848149226 3587.8994079667236292 -3092.4392102026904467 -1542.7243849066007897 8223.0630030760148657 15583
150000000 313.43875101317183862 13079.285005734063816 3462.5934813816311362 -3030.1292905309192065 -1594.4065409582269695 8087.12931287077663 15585
151000000 309.42382359683864479 12911.748669573285952 3628.1421500950409609 -2965.1701528951739419 -1598.4398508404481163 8191.7521538306637012 15578
152000000 312.3224210384264552 13032.70238679195063 3523.3154488961904462 -3009.3777584412291617 -1523.8121541975729087 8056.5053615349925167 15560
153000000 311.54513185185504653 13000.267383876132953 3661.6699698932370666 -2997.1373202496661179 -1439.9770736329326155 8098.7843637758360273 15549
154000000 306.86756242071231782 12805.080083243179615 3737.9308089536352782 -3004.4130259048970402 -1486.6252641887117534 8228.9690990472427075 15557
155000000 314.7786227695977459 13135.195656592584783 3684.487451804326156 -2956.8867469734659608 -1570.985871003633747 8212.360069781425409 15575
156000000 310.01180643367257517 12936.284228997805258 3688.1448710394170121 -2939.9076011275883502 -1586.7772212086897525 8214.8296933756937506 15585
157000000 308.20105276983707654 12860.724448441233108 3512.560951076226047 -3059.3342186777781535 -1527.260823221112787 8099.1559929751156233 15586
158000000 310.26970120087941041 12947.04575465754715 3616.3627457836296344 -2982.4680685113044092 -1465.7304629883778944 8064.5612772833119379 15581
159000000 315.12557722819980199 13149.67349710655435 3771.6135802633648382 -2964.4730796678650222 -1478.2246942201525144 8214.3113541513812379 15583
160000000 310.77661225647176479 12968.19832161749946 3675.0845605097929365 -3041.2584171340135981 -1478.7440933603936628 8195.08707100419997 15551
161000000 309.51986247194662383 12915.756214317218109 3720.2635013875378718 -2913.6438948754803278 -1506.0038465250581794 8139.9112427880763789 15565
162000000 306.880351267695346 12805.613740852664705 3499.2081627596649014 -3082.2283787374672102 -1555.0425001385310679 8136.4790416356636342 15566
163000000 310.11526699717842348 12940.601468626195128 3619.5783775287704884 -3065.7690578958004153 -1524.8548058560511436 8210.2022412806218199 15567
164000000 309.29532450675577593 12906.386613296775977 3564.2135359371814047 -3030.6195367469053963 -1544.2818412365750191 8139.1149139206609107 15581
165000000 307.50963081916836472 12831.87254444791688 3567.2846721496375721 -2917.4161043230033101 -1560.3376108840805045 8045.0383873567216142 15579
166000000 312.6276244240632991 13045.438023507434991 3575.3781559422868668 -3027.7279652351485311 -1532.1212068355071096 8135.2273280129411432 15579
167000000 312.42806557379594778 13037.1107599842544 3596.0567991108805472 -3073.4502472475614923 -1547.6337983499283837 8217.1408447083704232 15562
168000000 308.02223414631384912 12853.262640563829336 3754.127372153293436 -2900.0863141352037928 -1491.416336047712548 8145.6300223362104589 15548
169000000 307.23914669265496968 12820.58568547224786 3624.0850482379883033 -3080.1996245726422785 -1456.8817095614958816 8161.166382372125554 15565
170000000 311.70761363457228299 13007.04748218091845 3503.2410863127952325 -2957.6139010432184477 -1686.014996527094354 8146.8699838831089437 15598
171000000 308.81011179043412085 12886.139482446926195 3648.036861212590793 -3047.969328139442041 -1399.8326835526454488 8095.8388729046773733 15548
172000000 307.07395631603657193 12813.692561986359578 3284.4332791344936595 -3018.1476195759587426 -1789.8675829062058256 8092.4484816166586825 15591
173000000 306.02663092304226211 12769.989391065608288 3580.3938467499142462 -3023.3768967454111589 -1593.1607539137901313 8196.9314974091157637 15582
174000000 311.17006529130719628 12984.616471454904968 3551.8874502994476643 -3062.0315380569550143 -1556.6673381154193976 8170.5863264718227583 15566
175000000 306.34321083216269699 12783.199751447313247 3651.5843343288806864 -2944.3189100324675564 -1434.2709181657685349 8030.1741625271170051 15552
176000000 310.54662944709849626 12958.6015161794694 3484.0023753013156238 -2974.5511550885644283 -1678.2904396036731214 8136.8439699935534009 15597
177000000 311.68189186152443426 13005.974154778168668 3520.298880306778301 -3027.0488138690457163 -1478.799698237834491 8026.1473924136589631 15576
178000000 309.06315207533839384 12896.69843852206759 3536.8057119994209643 -2997.3974405664002916 -1647.4258864638431987 8181.6290390296653641 15587
179000000 312.428071191687593 13037.110994409658815 3701.785765862471635 -2963.9542056651398525 -1510.6781400548329657 8176.4181115824439985 15570
180000000 311.97358080364909938 13018.145855931066762 3467.8430843952091891 -3106.5612499621797724 -1554.4904654781228146 8128.8947998355124582 15565
181000000 311.44811290191245234 12996.218942216783034 3572.974621350657344 -3072.2576420051191235 -1551.8509384677468006 8197.0832018235232681 15571
182000000 310.98105851393000876 12976.729528626870888 3656.3104636434536587 -2978.0058302948400524 -1640.8026269623703683 8275.1189209006643068 15591
183000000 310.23852100322523029 12945.744656148393915 3405.2835329351146356 -3084.4775972756315241 -1644.7114151593150382 8134.4725453700611979 15598
184000000 309.03618692544654323 12895.573227042894359 3557.0296896364893655 -3029.1662029374010672 -1545.9311136651213019 8132.1270062390121893 15566
185000000 312.42472151860727081 13036.971218045850037 3553.6073269829707897 -2967.0265611991699188 -1545.4891364724931009 8066.1230246546338094 15579
186000000 306.99924076252102623 12810.574804479885643 3715.7870355612626554 -3030.0460762721249921 -1514.6540713706594943 8260.4871832040480513 15565
187000000 310.47259504538754982 12955.512182020638647 3689.1507031753671981 -3041.6349677706771217 -1509.1187518976394131 8239.9044228436832782 15582
188000000 309.73028586804900897 12924.53683751904282 3737.7917086746965651 -2894.0066307518227404 -1562.8252602200777801 8194.6235996465966309 15576
189000000 307.09482482624065369 12814.563370690520969 3505.0547457530833526 -2951.5714819856357281 -1639.4925539645967092 8096.1187817033160172 15580
190000000 309.00752992729707103 12894.377417510746454 3487.6020637448800699 -2997.1645815345013943 -1596.5831081644314509 8081.3497534438120056 15590
191000000 310.76273397360819217 12967.619203635513259 3492.9628522008383698 -2984.0680542248228448 -1618.141136741880473 8095.1720431675412328 15597
192000000 309.40186655102928626 12910.832438063633163 3364.7027265241772511 -2990.8589170657869545 -1725.3062303714200425 8080.8678739613842481 15591
193000000 309.75896661062893145 12925.73363786732989 3589.1027358580936379 -2983.5826724854941858 -1530.9003501548181703 8103.585758498405994 15576
194000000 311.33805969934581981 12991.626602573040145 3621.7486151034081558 -2991.2011455945298621 -1495.235793616348019 8108.1855543142864917 15551
195000000 310.42638266350326148 12953.58381511799962 3521.962711853478595 -3084.6383134351854096 -1478.4157085379911223 8085.0167338266555817 15549
196000000 308.49041050312519019 12872.798872072818995 3792.5672231299740815 -3012.6740900066838549 -1445.6133203627596231 8250.8546334994171048 15561
197000000 308.81932978555784075 12886.5241342649133 3498.2136392398315365 -3002.1922772043039913 -1579.0943586482271712 8079.5002750923631538 15587
198000000 310.71527421817881986 12965.638785880668365 3481.7853761835795012 -3193.7189879265970376 -1459.9333425402153352 8135.4377066503921014 15555
199000000 309.71976525138262559 12924.097829440524947 3450.0973991175760602 -3121.883839420309414 -1552.840007114497439 8124.821245652383368 15581
200000000 308.76227043922636994 12884.143141326108889 3665.9678584803959893 -3001.375402109371862 -1438.3812845229535924 8105.724545112720989 15575
201000000 311.45681294888822777 12996.581980908047626 3423.5182256164180217 -3110.7130012998713937 -1685.2831592039726729 8219.5143861202632252 15590
202000000 311.38652158691672867 12993.648837658545744 3403.3181212702615994 -3067.3403899696754706 -1607.8466717581018202 8078.5051829980402545 15602
203000000 309.33024547437815954 12907.843808001429352 3499.543927164591878 -3012.4602086258491909 -1558.9733294887687407 8070.9774652792093548 15590
204000000 311.53312418364026826 12999.766323575426213 3566.0066346511780466 -3036.8183156991308351 -1546.1395121366499552 8148.964462486958837 15578
205000000 310.45451265247345418 12954.75763342144819 3533.3395497224669271 -2948.8723383848091544 -1633.1608611963483781 8115.3727493036249143 15584
206000000 310.66522463540684384 12963.550298878417379 3602.4949980976066399 -2992.3974337310364717 -1486.0651947359222049 8080.9576265645646345 15595
207000000 308.81327296998773591 12886.271393285016529 3592.6752384737196735 -2999.6317882495686717 -1602.272192074181703 8194.5792187974693661 15584
208000000 309.55958949429452787 12917.413957803106314 3478.5536370161335071 -2948.1862031535447386 -1570.4501156616038315 7997.189955831282532 15579
209000000 304.08265472613288694 12688.870452703478804 3420.5277566482009206 -3042.2690363481406166 -1648.4262596322439549 8111.22305262858481 15588
210000000 307.03161130398871137 12811.925574084081745 3440.740541051476157 -3051.8334151094986737 -1643.6767051283607088 8136.2506612893357669 15597
211000000 313.5516441171029669 13083.995849803995952 3670.9312246542858702 -2971.5900251374655454 -1522.1503522409141169 8164.6716020326657599 15575
212000000 310.09447331226169808 12939.73378225855231 3652.9760922354707873 -2910.7360327872420385 -1574.6534212608157759 8138.3655462835276921 15589
213000000 308.05005188529315774 12854.423429187283546 3471.2091898481244243 -3024.6788205164575629 -1583.3929883728017103 8079.2809987373830154 15583
214000000 312.06397582179192796 13021.917891780389255 3566.8212837326791487 -3061.3896863859349651 -1475.1217937047210853 8103.3327638233349717 15571
215000000 311.80434802483858903 13011.084049631685048 3515.1445221039275566 -2988.0944859477758655 -1541.4212529819753854 8044.6602610336794896 15571
216000000 306.80913047150789907 12802.64181383770665 3681.0873150606885247 -3038.619137253466306 -1398.0959629833239433 8117.8024152974785466 15557
217000000 313.47152680803606017 13080.652685897837728 3748.5089159193703381 -2984.4467990282537357 -1486.7118683938997492 8219.6675833415247325 15566
218000000 309.91524689904889556 12932.254957986222507 3429.828658737819751 -3085.2804791843946077 -1544.876214587951381 8059.9853525101661944 15566
219000000 312.27740886520331287 13030.824102628266701 3570.7468163755697788 -3007.5004801855611731 -1653.4762111332356653 8231.723507694367072 15589
220000000 310.27666195222059287 12947.336215394616374 3633.7606640636058728 -2972.4806841200470444 -1501.2927476416602985 8107.5340958253136705 15572
221000000 311.3942894469310545 12993.972977716797686 3608.0739212204061914 -2999.3520851706207395 -1567.608178292677394 8175.0341846837045523 15572
222000000 304.90303769310321513 12723.103688396800862 3717.4262895385272714 -2894.0442614778203279 -1575.2589329328861822 8186.7294839492342362 15570
223000000 311.21931605143987554 12986.671624898575828 3596.3219177378182394 -3014.0947965522836967 -1519.0379375078750854 8129.4546517979770215 15565
224000000 309.80332225353276954 12927.584526097571143 3539.2748731975207193 -2981.482560675399327 -1565.0193393333465792 8085.7767732062666255 15577
225000000 305.4000746493716747 12743.844225386575999 3546.0619941716995527 -3042.0257188831433268 -1570.8708252897379225 8158.9585383445810294 15571
226000000 308.14437700074012128 12858.35946155131569 3589.4468527890226142 -3043.8484195613427801 -1539.8114266350276012 8173.1066989853934501 15578
227000000 310.37044408381780158 12951.249589933151583 3742.3647924519118533 -2978.6565164833682502 -1445.775519103858187 8166.7968280391378357 15593
228000000 310.79794598305954878 12969.08854303834778 3474.3843936121033948 -3027.5624934145748739 -1585.1029622153887431 8087.049849242068376 15579
229000000 309.26752748481413846 12905.226689161327158 3557.5808899957264657 -2982.3085842083009993 -1608.8515747615292639 8148.7410489655558194 15565
230000000 308.86921259395506922 12888.605662046033103 3807.7612468946840636 -2970.3187751389796176 -1546.8148173384711299 8324.8948393721348111 15571
231000000 310.51501187098415357 12957.282166584522201 3641.1875147058308357 -2912.7926847708376954 -1623.9091315829309679 8177.889331059599499 15582
232000000 313.44770542674064018 13079.658658726066278 3674.9792083939437362 -2978.0243880575189905 -1603.2921360132763766 8256.2957324647395581 15574
233000000 308.55604716794363185 12875.537782444338518 3478.3202972737567507 -2938.8177986482864981 -1606.758315035994201 8023.8964109580374497 15569
234000000 310.35794528500247225 12950.72803555799328 3545.8179841943110659 -2928.2459212508729252 -1597.4098880495605499 8071.4737934947443136 15584
235000000 313.42079832887395696 13078.535869662691766 3665.3277527625973562 -2956.4668642090446156 -1478.8844271176719758 8100.6790440893146297 15560
236000000 308.72222376950406897 12882.472059479541713 3878.5691791403532989 -2902.8659321940576774 -1441.3158337083677907 8222.7509450427787669 15571
237000000 311.27330665106967444 12988.924564070601264 3699.8934154434891752 -2942.387378465547954 -1604.6810506587275995 8246.961844567764274 15586
238000000 310.77965888549510964 12968.32545244983703 3679.5431492303359846 -2864.0513247802928163 -1539.7389864722590573 8083.3334604828869487 15571
239000000 309.41213468936513209 12911.260910635510299 3620.8258706559763596 -3006.6200311442571547 -1698.7013831395315719 8326.1472849397650862 15609
240000000 307.3156771667306657 12823.779176637026467 3419.3988442109912285 -2959.5531929378557834 -1684.2034887055274339 8063.155525854373991 15581
241000000 312.28719604353079831 13031.232505527823378 3657.6036553422563884 -2978.1193784658889854 -1503.017867584137548 8138.740901392284286 15582
242000000 307.58054714681406949 12834.831766489991423 3617.4696665327314804 -2950.3992290817186586 -1653.4739685757513143 8221.3428641902028176 15590
243000000 306.62387783694589416 12794.911525232140775 3600.8768786761347656 -2938.6032649167818818 -1602.3568150509095176 8141.8369586438266197 15585
244000000 310.00779189877908948 12936.116709040979913 3668.778120609416419 -2966.3397143283209516 -1614.5115551214425977 8249.6293900591808779 15578
245000000 308.76435693055964293 12884.23020718736916 3756.4122047884138738 -2938.8073650487694977 -1491.3990715667657696 8186.6186414039493684 15585
246000000 309.19854503511987787 12902.348164674394866 3707.7431678550447032 -2956.4712587896037803 -1457.9900527465092637 8122.2044793911572924 15570
247000000 310.74831323417203066 12967.017449830442274 3757.4600966087255074 -2890.3236645159213367 -1498.0682495146331803 8145.8520106392807065 15557
248000000 310.20487923975804279 12944.340840535101961 3621.3392002927812428 -2984.1232474403595916 -1530.315606503631443 8135.7780542367709131 15554
249000000 303.92194506669630982 12682.164302196717472 3766.9092579648540777 -2961.7355911761642346 -1518.9026071259982018 8247.5474562670169689 15581
250000000 310.3605520225793839 12950.836810441742273 3668.6472565759167992 -2951.7292139478763602 -1584.745993872889585 8205.1224643966816075 15569
251000000 310.47616437107888032 12955.661124127651419 3707.8168191275394747 -2908.064528367487128 -1576.3154183440451561 8192.1967658390713041 15578
252000000 311.19831228624889263 12985.795172225642091 3744.8692024600159129 -2932.1292008407685898 -1579.7170268326608493 8256.7154301334448974 15587
253000000 308.9175162478284733 12890.621294298862267 3638.9362039831576112 -2886.5837483284999507 -1615.3942182797095484 8140.9141705913662008 15587
254000000 309.22577122505612124 12903.484268926486038 3486.1267252027982977 -2995.0434109631187312 -1556.8830131875604366 8038.0531493534781475 15590
255000000 308.08519293565217367 12855.889807583575021 3790.6086551285470705 -2914.1744988637751703 -1565.5686882835141205 8270.3518422758370434 15572
256000000 310.85522685441446811 12971.478779853056039 3796.6558673862800788 -2848.9381718577596985 -1535.4227809365454505 8181.0168201805863646 15574
257000000 310.84248871202925102 12970.947238063276018 3699.6123781083197173 -2880.4814259708709869 -1549.8464153834463559 8129.940219462636378 15589
258000000 310.89498036386720514 12973.137628602389668 3526.0076568646736632 -2912.105605278949497 -1671.4346649422743667 8109.5479270858977543 15601
259000000 313.49504265089228738 13081.63396345165711 3764.1460307332390585 -2908.5334088811237052 -1570.3817944920624541 8243.0612341064261273 15571
260000000 308.02411770581056771 12853.341238412383973 3523.8244106918045873 -2989.2445758239655333 -1579.99428682616076 8093.0632733419297438 15561
261000000 311.88216144472858105 13014.331076021122499 3666.5100769331011179 -2945.9274121334683514 -1502.9798481576017366 8115.4173372241702964 15598
262000000 310.66192446899094648 12963.412588346518532 3706.3544893099392539 -3007.011406933368562 -1492.9051956520379463 8206.2710918953453074 15564
263000000 309.5087120447630582 12915.290925278775831 3640.580072775604549 -2923.7282241805614831 -1610.0442983049460963 8174.3525952611125831 15581
264000000 308.69841608892744489 12881.478604016296231 3629.2685375778255548 -3016.1768879943738284 -1541.8111348958655071 8187.2565604680667093 15556
265000000 311.2033105912809674 12986.003743296860193 3686.1051243488855107 -2970.1068186169841283 -1538.8188299317766905 8195.0307728976458748 15580
266000000 308.57421771424725421 12876.29600953989393 3652.1639826840382739 -2906.2608801365577165 -1562.3253156804637456 8120.7501785010608728 15565
267000000 309.61368435704417834 12919.671247704121924 3673.7301544646215916 -2992.2516979646975415 -1536.676921654211128 8202.6587740835311706 15576
268000000 310.44588215192476355 12954.397496788522403 3712.5828877255712541 -3027.1281786121699042 -1501.8030094563173407 8241.5140757940589538 15577
269000000 308.59042738273848272 12876.972412420393084 3739.1519303254281112 -2991.1384067335675354 -1546.3305315672992037 8276.6208686262943957 15571
270000000 311.89495507013418774 13014.86493302634517 3542.1804777891629783 -3035.6454975471233411 -1528.4519401305044539 8106.2779154667914554 15559
271000000 310.39265827128662067 12952.176551542514062 3857.21724116622363 -2941.2837610613141806 -1359.9189460207967386 8158.4199482483345491 15564
272000000 311.54063778694342091 13000.079853918130539 3632.1167126589048166 -3063.4228487185118865 -1441.9736023717237003 8137.513163749141313 15561
273000000 308.6467533233791869 12879.322801542588422 3517.0579583918915887 -3042.9480264157273268 -1714.9437497060437181 8274.9497345136624062 15604
274000000 311.51647289217783054 12999.071492492648758 3697.6078993994965458 -2935.9255328079057108 -1613.6405647241936094 8247.1739969315949565 15580
275000000 310.13437138325764408 12941.398663323985602 3492.1546640974975162 -3074.3052539678983521 -1570.5080465713831472 8136.9679646367785608 15569
276000000 308.30634357569965687 12865.118061081369888 3600.1364425363135524 -3028.1067148966953937 -1566.6816378556923155 8194.9247952887017163 15575
277000000 311.76423123228886425 13009.410041674538661 3662.2593082115154175 -2911.2536425057942324 -1529.187363420967813 8102.7003141382774629 15570
278000000 309.69851976304704522 12923.21129005721923 3767.4686678919310907 -2952.6563174197117405 -1524.5478976159797639 8244.6728829276235047 15577
279000000 309.77291223591106473 12926.315565937991778 3650.4571032483004274 -3036.5486682936812031 -1578.2240274644082092 8265.2297990063907491 15562
280000000 307.58994527347408621 12835.22393490155082 3641.9875246436495217 -3110.4428714047262474 -1438.6567039111005215 8191.0870999594772002 15567
281000000 307.94272178662555461 12849.944720203056931 3622.3743184427003143 -3020.6976795382952332 -1526.3178797256955477 8169.3898777066906405 15561
282000000 311.5205687356915405 12999.242405324843276 3406.0738415213941153 -3001.6915785057262838 -1609.9905225792376768 8017.7559426063580759 15580
283000000 311.72259505657893897 13007.672632350075219 3485.3613673873251173 -3031.576767273589212 -1573.4911151601727397 8090.4292498210861595 15564
284000000 310.27952138033947449 12947.45553464024124 3656.0398816668775908 -2961.6130704650222469 -1587.969822328295777 8205.6227744601947052 15568
285000000 303.99105174010048813 12685.048010335323852 3488.8927342964411764 -2888.0113576126241242 -1569.5068988209372947 7946.4109907300025952 15586
286000000 309.30232267985991257 12906.67863558263889 3838.4259257633320885 -2867.6052625460706622 -1585.3572370775771105 8291.3884253869800887 15572
287000000 310.04863853610964952 12937.821172223802932 3516.7911729142579134 -3016.134042227080954 -1591.6955640118303563 8124.6207791531696785 15605
288000000 308.4104209140622288 12869.461037712950201 3603.9357952663376636 -3011.2406834179237194 -1507.840063542173084 8123.016542226434467 15578
289000000 310.9333102505325428 12974.737071907700738 3472.2146468149562679 -3093.4127425377409963 -1524.7536080750721794 8090.3809974277683068 15579
290000000 307.49129448373844298 12831.107399244034241 3758.9196808372926171 -3028.647864528907121 -1461.6235425115673934 8249.1910878777671314 15540
291000000 312.51406792288156566 13040.699496958281088 3554.2725870335257241 -3044.4391913041454245 -1554.1896444191741011 8152.9014227568450224 15576
292000000 308.73235177321993206 12882.894684463564772 3583.2026709079327702 -3094.7410513801951311 -1459.4327711040532449 8137.3764933921811462 15562
293000000 311.39860211714091065 12994.152938371402342 3453.6831723472018894 -3070.7448322462932992 -1656.5651879389424721 8180.9931925324381154 15587
294000000 308.55976998864468896 12875.693129646359012 3496.6326674804768118 -3026.1167881949331786 -1616.4885260470496178 8139.2379817224600629 15572
295000000 307.53165647021194218 12832.791638741473434 3416.9057908469972062 -2977.8666533957848515 -1713.1368871887093519 8107.9093314314905001 15586
296000000 307.83816056933511618 12845.581552097430176 3512.7878102620661593 -3031.2602227092556859 -1580.5671315836316353 8124.6151645549534805 15591
297000000 306.54529385128176955 12791.632344396763074 3633.285483402749378 -2926.5699231127809981 -1597.8823639294610075 8157.7377704449927478 15584
298000000 306.6947256519663938 12797.867888354732713 3592.8248459179530983 -2967.136579791454551 -1634.555934520476967 8194.5173602298855258 15591
299000000 310.40014383566870038 12952.488911867028946 3440.9464864996107281 -2984.5691659905496635 -1698.5956520182505756 8124.1113045084102851 15601
300000000 312.38801829789485964 13035.439652842842406 3649.9997652700981234 -3041.8930801290480304 -1601.6062984013708501 8293.4991438005181408 15566
301000000 308.77869543527623364 12884.82852947246829 3643.296168274718184 -3007.594514772441471 -1504.0728714533497623 8154.9635545005094173 15578
302000000 309.46129019431015195 12913.312089236429529 3684.3599464542376154 -3045.0134854077664386 -1517.949136089290505 8247.3225679512943316 15572
303000000 313.31860837080904503 13074.271650315420629 3548.1278382246946421 -2969.6964594778187347 -1697.3120269084679421 8215.136324610981319 15589
304000000 309.26854212845250913 12905.269028576229175 3454.2345849833709508 -3034.2632129655612516 -1598.5476513797666485 8087.0454493286979414 15579
305000000 305.67852742456875603 12755.46360300235574 3434.5420903811282187 -3112.6253823425026894 -1552.5036288150877226 8099.6711015387190855 15563
306000000 311.61791882482532401 13003.304664879535267 3678.8970048234264141 -3009.7499454064168276 -1518.4273842226502893 8207.0743344524944405 15571
307000000 306.93314732917536958 12807.816833906876127 3514.4976164990362122 -2987.9823882788850824 -1636.7262440098702427 8139.2062487877910826 15593
308000000 310.48707024772676277 12956.116208473329607 3629.7937126245392392 -3009.0680993177770688 -1509.7372843102509705 8148.5990962525684154 15569
309000000 308.52108561459698421 12874.078894163978475 3435.8015765624813866 -3027.9710105176509387 -1653.0672501051208201 8116.8398371852526907 15590
310000000 307.93146628884608162 12849.475046740975813 3555.1128938311785532 -2994.5637839738392358 -1506.0538614612150923 8055.7305392662310624 15556
311000000 309.33390621027473344 12907.996564506383947 3733.6547707460422316 -3085.4667522531235591 -1461.3115053087199158 8280.4330283078852517 15554
312000000 311.76550719644086485 13009.463285565880142 3584.5966904326260192 -2961.6964503838744349 -1591.448809236836496 8137.7419500533360406 15570
313000000 311.38396147721635998 12993.542008479611468 3612.781374019692521 -2984.2538274350863503 -1520.7756119650150595 8117.8108134197946129 15570
314000000 310.01975256949947379 12936.615808213324271 3674.3460013847352457 -2935.7006183781868458 -1583.4877446983789469 8193.5343644613021752 15572
315000000 312.85777388495330342 13055.041783039931033 3589.2435933460037631 -2957.7232788640449144 -1612.9979390919879734 8159.9648113020366509 15582
316000000 311.13812795820803103 12983.283778925419028 3597.1522893584078702 -2919.3502893728673371 -1610.8010529622592912 8127.3036316935340437 15563
317000000 309.78499111325021431 12926.819597678666469 3666.2210128659598922 -2949.1378196573200512 -1526.3741331907906442 8141.7329657140717245 15567
318000000 312.01086301469337059 13019.701581451014135 3628.0606599571037805 -2950.8450794035816216 -1528.6371550111393844 8107.5428943718243318 15573
319000000 310.95769085540104015 12975.754434561988091 3586.010945242886919 -2950.4373476900036621 -1607.6812614356681479 8144.1295543685591838 15593
320000000 310.28419477866725629 12947.65054788757152 3486.1775695096994241 -3068.4237642394791692 -1639.2774979437035654 8193.8788316928821587 15582
321000000 308.65154392237479897 12879.522705381565174 3659.280923611950584 -3003.7539736338972034 -1526.3182364148608485 8189.3531336607084086 15569
322000000 309.35345242235064234 12908.812195878372222 3715.7698076390415736 -3006.4299865086122736 -1406.8541784726551214 8129.0539726203087412 15567
323000000 308.36513708976968928 12867.571417995677621 3468.5372389390877288 -3007.4638168748188036 -1636.7350486030059074 8112.736104416911985 15588
324000000 313.76223191345428631 13092.78333315857526 3499.9062597913048194 -3113.220849220094351 -1589.8948683207488557 8203.0219773321477987 15585
325000000 312.99601719805031053 13060.810449761222117 3490.2610557223765682 -3059.2281164762025583 -1586.5366684629150313 8136.0258406614939304 15574
326000000 310.53840498825655914 12958.258323001013196 3619.9882383309227407 -2977.1257339271710407 -1526.4639215803376828 8123.577893838431919 15549
327000000 307.66498881708935187 12838.355378896945695 3467.7903226093058038 -3109.3194538566840492 -1565.9746959059141318 8143.0844723719037574 15580
328000000 311.74312334322223705 13008.529244083050799 3807.3406361259217192 -2880.8447606648705914 -1536.7037023524935648 8224.8890991432854207 15568
329000000 307.6322808751307889 12836.990530123639473 3519.4930083762587856 -2997.3534091711881047 -1597.9744634548173963 8114.820881002263377 15581
330000000 308.42499482130432398 12870.069182959352474 3561.5973813894497653 -3000.2376041816842189 -1572.7127471487588082 8134.5477327198923376 15571
331000000 308.59213485618431605 12877.043662486843459 3865.4288003030233085 -2902.8355054488511087 -1386.5524209264510773 8154.8167266783257219 15550
332000000 307.0153233634426897 12811.245905039111676 3708.7560354582155924 -2906.6204422272021475 -1485.7092659515021751 8101.0857436369205971 15563
333000000 310.75841180694408195 12967.438846709450445 3462.3836760210097054 -3081.4836916001827376 -1550.5115670791078628 8094.3789347003012153 15576
334000000 306.98522433821824507 12809.989922082208068 3444.2564362811785941 -3116.7846991029232413 -1502.5237357908449667 8063.5648711749463473 15574
335000000 312.26786705125090293 13030.425938381657033 3629.6749326523458876 -3026.9170530688124927 -1574.398263438557251 8230.9902491597167682 15561
336000000 307.8136800088165046 12844.56001845780338 3536.7931595856543936 -2966.8457860282974252 -1649.054472388535487 8152.6934180024873058 15579
337000000 309.61533363021152354 12919.740069168405171 3638.8629903868832116 -2959.5727802556775714 -1598.6408655099694442 8197.0766361525293178 15586
338000000 310.65432822404159197 12963.095609503459855 3521.9072222194472488 -2997.5829854576472826 -1518.7101642208399426 8038.2003718979349287 15587
339000000 306.81502936783954283 12802.887965106787306 3800.4788567871646592 -2952.5938099663680987 -1435.6577423201056263 8188.7304090736388389 15586
340000000 309.13643282467120343 12899.756324003232294 3672.6022180084501088 -2950.0461448629448569 -1423.9985168820130639 8046.6468797534080295 15563
341000000 306.14152474239892854 12774.7837217088545 3564.8030116713143798 -2966.5134777137336641 -1607.2427773828071622 8138.5592667678547514 15583
342000000 310.45170415721963764 12954.640439520748259 3542.7883667545511344 -3076.6039682507939688 -1609.1419177960221987 8228.5342528013679839 15570
343000000 310.87272378162879249 12972.208897928823717 3572.5050645864957914 -3016.0095334285942954 -1492.9768265112743393 8081.4914245263644261 15576
344000000 314.71430223946163096 13132.511666362752294 3651.4085617436157918 -2976.0918531292199987 -1462.2020795432563318 8089.7024944160921223 15555
345000000 311.48468182852820973 12997.744903547394642 3625.0963334942189249 -2998.8621194338329587 -1533.8555571401739144 8157.8140100682267075 15578
346000000 309.58018228989783438 12918.273261389182153 3630.3107753356821377 -3077.8579494547534523 -1583.5015530648984168 8291.670277855333552 15582
347000000 310.07679720958799408 12938.996187484732218 3609.3812288046929098 -2963.6091428172021551 -1548.087701592638723 8121.0780732145331058 15569
348000000 308.38736407700667996 12868.498913718372933 3612.2697043293219394 -3082.5582927937084605 -1600.6010568697918188 8295.4290539928224462 15582
349000000 308.50345639313781021 12873.34325566635016 3729.235217727624331 -3016.6411866367761831 -1470.1566633621539495 8216.0330677265537815 15564
350000000 309.24437084237075624 12904.260400451606984 3528.6742854559915941 -3075.4619700177290724 -1621.3740122896460889 8225.5102677633676649 15587
351000000 307.1184042519176387 12815.547301451169915 3760.2628358454726367 -2976.9561809138976969 -1563.7032045366838702 8300.9222212960539764 15576
352000000 309.09586343190665048 12898.063429781435843 3680.0110572014705212 -2947.2551687620457415 -1489.6509075027174731 8116.9171334662351001 15553
353000000 311.28266593944408669 12989.315111824203996 3563.0931899293800598 -3006.9261736724411094 -1499.9501257110491679 8069.9694893128707918 15576
354000000 309.30818323180795915 12906.923186803480348 3571.7930249230753361 -2998.5392226633393875 -1593.217375505062364 8163.5496230914768603 15574
355000000 309.73954249462877897 12924.92310136433116 3565.0413936057288993 -3027.2728685096635672 -1597.7801970460905068 8190.0944591614825185 15579
356000000 310.61091696785013028 12961.284128981826143 3509.9765036295393656 -2948.6077709849414532 -1637.1829661489982755 8095.7672407634790943 15583
357000000 309.96222515911870232 12934.215283729419752 3436.9982548256093651 -2997.1436185086167825 -1635.1871616309454112 8069.3290349651715587 15581
358000000 308.2462888410940991 12862.61207550265317 3578.1792106312213946 -3031.3207842211199932 -1578.9092290984135616 8188.4092239507563136 15582
359000000 307.34612515641993014 12825.049721308705557 3560.0561851381817178 -2974.8325440517187417 -1586.0386840661512906 8120.9274132560522048 15575
360000000 309.49642531296325387 12914.778220112360941 3545.211257580903748 -3014.617456223649242 -1563.2809262891514663 8123.1096400937049111 15567
361000000 308.62474647485964852 12878.404491847521058 3699.0689018033572211 -2958.5555368977547914 -1517.8727455050277513 8175.4971842061386269 15560
362000000 308.59851282142363971 12877.309804515714859 3423.5567728506102867 -3004.7373490558138656 -1673.2467791816729914 8101.5409010880975984 15582
363000000 308.20543873651047306 12860.907467637045556 3636.4158195757318026 -2941.4268832151155948 -1642.940825814891241 8220.7835286057379562 15586
364000000 306.41724062725728572 12786.288893379600268 3735.3203634793699166 -2912.0071133386386464 -1599.0091448065807072 8246.336621624588588 15576
365000000 311.59801045900024974 13002.473921425566004 3541.0582035915385859 -2902.9389915722795195 -1586.3421895770129595 8030.3393847408315196 15589
366000000 310.40611658299820874 12952.738144817125431 3626.7258338989931872 -2971.9860973640334123 -1542.89130183195266 8141.60323309497835 15577
367000000 306.36656337067063305 12784.174214578517422 3409.4442232726260045 -2999.7543941625294792 -1704.7000143822724567 8113.8986318174283952 15593
368000000 309.49068104306326177 12914.538521150669112 3539.9033962018925195 -3044.0601688259412185 -1540.3114479000719257 8124.2750129279056637 15586
369000000 311.18815386548777724 12985.37127798820984 3721.4164298060081819 -3024.6130890019712751 -1462.8996491090670133 8208.9291679170473799 15572
370000000 308.39746437967806969 12868.92038278324253 3638.1848419050229495 -2986.5349210836843667 -1524.0048853108278308 8148.7246482995351471 15584
371000000 309.21314689328647773 12902.957476267032689 3581.6955610961363163 -3003.2957744922878192 -1552.5408695753624215 8137.5322051637858749 15584
372000000 314.17773957830650033 13110.12178653456067 3440.7372579604948442 -3014.6685987767837105 -1595.9686256302275069 8051.3744823675069711 15573
373000000 308.81668130075485124 12886.413617337890173 3502.2057356734744644 -3008.987168223788558 -1713.0898192234863018 8224.2827231207484147 15601
374000000 308.09496887469958892 12856.297741486407176 3487.9986841793597705 -2950.8942790270266414 -1604.7388692802119294 8043.6318324865978866 15586
375000000 311.27002847762861393 12988.787771269471705 3744.7859768870521293 -2923.4756808585257204 -1499.3935732871100299 8167.6552310326869701 15585
376000000 305.58506157472737641 12751.563426382754187 3515.059343465515667 -3019.5936332182163824 -1576.6067655925498912 8111.2597422762819406 15590
377000000 310.54984783299704532 12958.735814144509277 3649.2566736980634232 -3008.3889720642901011 -1556.6502697495893699 8214.2959155119424395 15568
378000000 309.67161272833993735 12922.088503629389379 3735.9132011604106083 -3000.6863805832408616 -1506.8686389752795094 8243.4682207189325709 15562
379000000 304.28319729930757376 12697.238765370168039 3596.5636092982731498 -3051.4353414913239249 -1557.1791133074586924 8205.1780640970555396 15570
380000000 310.37961284250519611 12951.632187195404185 3442.9569232385283613 -3059.1671447012645331 -1668.1148251668496414 8170.2388931066416262 15588
381000000 310.98437795396665706 12976.868043415353895 3689.8483568868241491 -2941.6882656374432372 -1492.4726871732650579 8124.0093096975324443 15571
382000000 312.39892250590673939 13035.894667559077789 3536.1475921939654654 -3061.0138428188693069 -1564.2091044871372105 8161.3705394999715281 15574
383000000 310.12625947896390244 12941.060166862223923 3639.625988368639355 -3020.0975904747474488 -1550.6086349298097957 8210.332213773197509 15570
384000000 311.59676004441718078 13002.421743675831749 3462.4229301246787145 -3019.6420132433222534 -1567.4489798450149465 8049.5139232130150049 15580
385000000 308.63592706370604901 12878.871039482684864 3704.4282432833051644 -2959.6444180866465103 -1427.1446667726729629 8091.217328142624865 15565
386000000 311.03555843867428621 12979.003721100574694 3526.1799719133605322 -2944.9176085887274894 -1581.7663258619204498 8052.8639063640084714 15589
387000000 309.03064883142855024 12895.342131462606631 3662.6067483194833585 -2950.283309499097868 -1618.290350448182835 8231.1804082667640614 15587
388000000 311.04678312316070787 12979.47210877447651 3729.3546636619721539 -2874.8876162243245744 -1622.3776518517493059 8226.6199317380451248 15579
389000000 310.56881931225689186 12959.527462858708532 3633.2308399948915394 -2921.1213165716935691 -1588.3531181321063741 8142.7052746986910279 15565
390000000 305.98377593417609432 12768.201122667122036 3503.886955308391407 -2992.6508733791347368 -1530.0181050745325138 8026.5559337620579754 15588
391000000 308.39877881026200157 12868.975231815698862 3651.5105988777859238 -2985.148130657654292 -1570.4342902919970584 8207.0930198274381837 15572
392000000 309.22668721502986955 12903.522491685765999 3616.89307247933084 -3015.9044033742793545 -1592.8818955636324972 8225.6793714172417822 15569
393000000 311.1464524106415297 12983.631144672450318 3776.5782653294395459 -2955.2420227507195705 -1482.3025435220952204 8214.1228316022534273 15578
394000000 307.5971538055011365 12835.524735120254263 3563.6546729283231798 -2996.7091086714540324 -1646.0960531229002299 8206.4598347226783517 15576
395000000 306.61164905823648041 12794.401238353140798 3681.0649298044627358 -2917.5317609446128699 -1549.8045502045267767 8148.4012409536026098 15565
396000000 310.349753791247565 12950.386217958552152 3625.936113590244986 -2897.8960857269166809 -1658.6225005163323658 8182.4546998334944874 15587
397000000 310.90696004050158763 12973.637520860353106 3675.8516575941539486 -2931.0949810628185332 -1597.9856552581059077 8204.9322939150788443 15585
398000000 308.73995388292178177 12883.211908033124928 3589.0173761475480205 -2963.9866336484624298 -1578.646141062263041 8131.650150858273264 15583
399000000 312.22519632406022083 13028.645358920677609 3614.3368512381039181 -3005.100118555960762 -1586.8537501992841499 8206.29071999334883 15592
400000000 309.51744004062652493 12915.655130231283692 3625.7577197521286507 -2947.7919226767685359 -1605.9522202617456514 8179.5018626906430654 15574
