# Steps Temp KinEng PotEng Epair Ebond Eangle Bonds
1000000 307.33968764994421008 12824.78109472169308 3563.0100101302728035 -3334.3887562523923407 -1484.7843203090646966 8382.1830866917298408 15559
2000000 309.70888512913040813 12923.643819783537765 3805.0620559478020368 -2986.2029838095809282 -1480.3901052758656078 8271.6551450332481181 15553
3000000 310.66237119332191696 12963.431229420171803 3899.6743811793007808 -2906.5192543250968811 -1427.5020172256784008 8233.6956527300753805 15544
4000000 307.29801303304043358 12823.042081309256901 3877.5769252221116403 -2882.3378403071965295 -1431.124383267092071 8191.0391487963988766 15549
5000000 311.6374248971537213 13004.118621285693735 3939.6250202755732062 -2772.8557150316164552 -1568.148526791741233 8280.6292620989297575 15550
6000000 309.67573806995335417 12922.260647368902937 3732.0633017975142138 -2906.4885744461562354 -1555.7239972896609288 8194.2758735333318327 15584
7000000 308.83410184062154258 12887.140547894925476 3819.7694117946025472 -2911.2887991770999179 -1563.4178904024818166 8294.4761013741826901 15553
8000000 312.01535323130133293 13019.888950825616121 3942.4314204097850052 -2988.0443945601200539 -1420.5600355361141283 8351.0358505060194148 15563
9000000 313.1250038994939473 13066.192853260079573 3852.1954573830698791 -2821.1441882841945699 -1552.0823005625115911 8225.4219462297769496 15567
10000000 305.68410150435596506 12755.696200209771632 3640.1820571488483438 -2831.4913230787692555 -1677.1856273662124295 8148.8590075938291193 15591
11000000 307.84653337049587662 12845.930935357553608 3788.1214275846587043 -2799.3038008376615835 -1681.1477516513436967 8268.5729800736626203 15595
12000000 311.93300533991180146 13016.452708377533781 3691.1536045150864993 -2895.1492315106943352 -1625.4888547035616284 8211.7916907293420081 15604
13000000 306.36265676892867305 12784.011198495081771 3713.7046530848256225 -2874.1621973930718923 -1549.7743405814655944 8137.6411910593633365 15562
14000000 309.18084605709645984 12901.60961534974922 3734.5434247202183542 -2880.7453975761959555 -1619.022062689096856 8234.31088498551253 15575
15000000 307.33918583857121121 12824.760154956124097 3668.7072839452916924 -2899.0766922002271713 -1648.9739824615724046 8216.7579586070914957 15610
16000000 306.37941481951395417 12784.710484460958469 3824.0674767725868151 -2859.736173902731025 -1570.5743038499781505 8254.3779545252946264 15585
17000000 311.84002987390391581 13012.572994671021661 3761.5538424042138104 -2851.6535743078402447 -1581.7912538205043802 8194.9986705325572984 15582
18000000 308.71060263344014629 12881.987128531536655 3718.808920599859448 -2946.1354865056900962 -1577.1020890774609597 8242.0464961830111861 15587
19000000 308.18473286823160606 12860.043445713670735 3740.9175908517349853 -2922.7266250721386314 -1520.491147770446787 8184.1353636943204037 15584
20000000 307.6677490706935032 12838.47055975272815 3662.6236606337702142 -2949.0415905802692578 -1537.9966268210168892 8149.6618780350563611 15571
21000000 310.33028974308712122 12949.574015151998537 3732.567085846495047 -2974.0984319866065562 -1563.3201162388486409 8269.9856340719506989 15570
22000000 310.71096226415198771 12965.458855111208322 3483.4728944732205491 -2974.4953307912851415 -1665.8042186913385194 8123.7724439558451195 15582
23000000 315.3966860115137365 13160.986421986004643 3713.9676276693985528 -3018.3519561057046303 -1529.8245901482869158 8262.1441739233905537 15594
24000000 309.65640933995706519 12921.454091167403021 3575.8516209998119848 -3024.7814613473910867 -1615.6373400923580448 8216.2704224395602068 15585
25000000 312.3368797880551142 13033.305726700013111 3469.821195093823917 -2968.8436541563032733 -1718.9259596893966773 8157.5908089395243223 15596
26000000 310.6928680939928995 12964.703815066899551 3734.6162511406873818 -2967.5164813436867917 -1524.5867599419520957 8226.7194924263258144 15560
27000000 312.70916565891661776 13048.8406055012656 3628.7586087834197315 -2943.493378520240185 -1510.8037693619437505 8083.0557566656034396 15584
28000000 313.97954224719973126 13101.851336972909849 3751.7240617564052627 -2889.2531388884081025 -1537.7420850655221329 8178.7192857103354982 15568
29000000 310.37237354827584568 12951.330103320451599 3729.5633717994792278 -2983.2074435455851926 -1536.7914545650592117 8249.5622699101222679 15580
30000000 308.45865002831885704 12871.473559549824131 3644.2996868302543589 -2909.5343465263313192 -1602.6851414293842026 8156.5191747859698808 15565
31000000 312.85937573297837844 13055.108625530810968 3665.0798081653229019 -3051.0063306360289062 -1555.3936381829641959 8271.4797769843171409 15569
32000000 311.91821600845571538 13015.83557383200241 3486.8510727128941653 -3070.0003097889575656 -1646.411354748238864 8203.2627372500901402 15589
33000000 310.59628888033944349 12960.673722881680078 3510.0216151457561864 -2946.9499014789666944 -1588.6646653280015471 8045.6361819527237458 15567
34000000 313.22048270321141672 13070.177027143465239 3635.252013734780121 -2965.7087836044174765 -1574.3226013541266184 8175.2833986933237611 15570
35000000 307.01203802325494507 12811.108813181395817 3579.253658357230961 -2946.5047334771552414 -1524.1399417655252364 8049.898333599912803 15586
36000000 308.92643923272339634 12890.993635823850127 3646.3122829735093546 -2910.7064365670476036 -1670.6105551334426309 8227.6292746740000439 15599
37000000 308.04523749900164376 12854.222532743460761 3724.8007103574673238 -2969.8565434271376944 -1504.9899137725301443 8199.6471675571356172 15559
38000000 311.41919049918357132 12995.012057786829246 3584.927690158342557 -3080.7443817811990812 -1556.9533681604061712 8222.6254400999478094 15585
39000000 309.14299819049335838 12900.030285951068436 3481.7369752647673522 -3072.7061892748961327 -1472.406596108302665 8026.8497606479659225 15555
40000000 308.29815411463562214 12864.776328302785259 3312.8358316957010175 -3084.7824742183661328 -1637.0573941439993177 8034.6757000580673775 15588
41000000 307.13953196964871495 12816.428926460304865 3608.0848937695991481 -2989.9015711541528617 -1547.7930483225800344 8145.779513246332499 15579
42000000 310.01198650804531098 12936.291743206038518 3753.8179510475893039 -2990.3025720099949467 -1379.8764543596123531 8123.9969774171968311 15558
43000000 308.04539447402646601 12854.229083053791328 3469.5309099449586938 -3108.6878985339244537 -1570.1098522561892423 8148.3286607350728445 15561
44000000 313.92832072283403022 13099.713946770067196 3668.5458162656836976 -2967.714266229354962 -1539.3240611857677322 8175.5841436808068465 15566
45000000 310.29300570720005226 12948.0182134843526 3565.2609946875109017 -3018.9768232090068523 -1497.627118303773841 8081.864936200291595 15551
46000000 310.62316182799321496 12961.795086912679835 3445.5726439107438637 -3047.6368260327667485 -1643.1629659198270019 8136.3724358633371594 15597
47000000 309.27232933435902851 12905.427062467273572 3580.1926860975127056 -2945.7852893915528512 -1612.4291884938036219 8138.4071639828698608 15586
48000000 310.40906227413609031 12952.861063677051789 3661.0083528058221418 -2974.994537447838411 -1469.6772394885583708 8105.6801297422180141 15584
49000000 311.46657496704125379 12996.989333914789313 3511.35140518893013 -2938.7854789286934647 -1685.1165722127220761 8135.253456330345216 15594
50000000 312.04375972677661366 13021.074307292019512 3643.5359424135749578 -2954.1565016014301364 -1524.3473816873156466 8122.0398257023207407 15571
51000000 309.45887876519162774 12913.211464254321982 3736.0672782975129849 -2964.1844417174374939 -1496.3950742620804704 8196.6467942770323134 15571
52000000 308.66078309476722552 12879.908240892242247 3493.5583982445750735 -3014.2927961164473345 -1681.4282261333796669 8189.2794204944020748 15590
53000000 313.4802006013043183 13081.014629064946348 3437.2898346487604613 -2997.9057003591588 -1607.7424369063996892 8042.9379719143198599 15584
54000000 309.64893316977480708 12921.142122847439168 3380.190235071792813 -3069.6035551614686483 -1598.2874591023282846 8048.0812493355906554 15587
55000000 308.92665771212779191 12891.002752611066171 3444.509604640260477 -3091.4923944428010145 -1547.1585808449306114 8083.1605799279932398 15568
56000000 313.26960139440171815 13072.226669566776764 3490.4201694921966919 -3121.7019792770956883 -1557.6009796696123431 8169.7231284389044959 15566
57000000 309.45437274184166654 12913.023435290302587 3481.5777159218764609 -3098.1031400508109073 -1599.041979165104749 8178.7228351377925719 15591
58000000 309.03770098781291154 12895.636406382212954 3747.3296150255673638 -3061.5193476626282063 -1409.3038381304804716 8218.1528008186760417 15554
59000000 311.05221339623403765 12979.698705163580598 3645.9828028067022387 -3123.025941426008103 -1458.9224526010841601 8227.9311968337951839 15548
60000000 310.12321069493253844 12940.932946104934672 3621.9607816997822738 -3029.5687153831195246 -1420.6512960330412625 8072.1807931159428335 15567
61000000 306.38062981150392261 12784.76118408397997 3432.4979677982528301 -3069.0976608863566071 -1599.4721757843647083 8101.0678044689748276 15583
62000000 307.31660208582337646 12823.817771993795759 3420.1523743860243485 -3098.8752564020032878 -1672.194807332923574 8191.2224381209507555 15600
63000000 306.7420060046351864 12799.840819926621407 3467.4985049645897561 -3026.5590890700696036 -1637.5381024515036188 8131.5956964861625238 15578
64000000 307.39512502034841646 12827.094405265272144 3710.9840276298709796 -2989.3344370937411441 -1559.1946031412539924 8259.5130678648656612 15574
65000000 308.32319249744057288 12865.821138951530884 3719.3411061578308363 -3029.9111391346505116 -1445.5948761604290667 8194.8471214529108693 15569
66000000 310.53841002637472002 12958.258533233421986 3730.9258482843092679 -2985.0697570248139527 -1451.6192149758092 8167.6148202849326481 15566
67000000 307.8480953668828306 12845.996114904935894 3687.1105398748632069 -2950.7734496494995255 -1563.4279352497601394 8201.3119247741233266 15570
68000000 312.29862782742026184 13031.709535120146029 3664.5516730272265704 -2967.2859044731203539 -1521.983623643403007 8153.8212011437499314 15584
69000000 309.01248655187487202 12894.584249324969278 3677.5627712888817769 -3032.5801483625764376 -1462.6051545190448451 8172.7480741705030596 15572
70000000 312.81352089500984448 13053.195178349364141 3645.3847496685398255 -2949.1876419283044015 -1576.8982553595481022 8171.4706469563916471 15567
71000000 308.62788705483433205 12878.535543098967537 3724.381030293497588 -2930.8979228904640877 -1520.7212732501584469 8176.0002264341201226 15570
72000000 311.3806637550625851 12993.404399942761302 3636.9620708266056681 -2953.4851828493260655 -1531.299418394272152 8121.7466720702032035 15575
73000000 310.89879102904041019 12973.296641410155644 3511.5728648412882649 -2969.7696497040487884 -1571.2443572418358144 8052.5868717871726403 15583
74000000 310.46984130559150117 12955.397272975385931 3594.3634030246657858 -3013.7025956418356145 -1635.138909687478872 8243.2049083539804997 15583
75000000 305.39885611190737791 12743.793377816726206 3526.9582524218908475 -2993.4184389904658019 -1682.3513911231611928 8202.7280825355192064 15589
76000000 310.74606364822437854 12966.923578298416032 3601.8719806601784512 -2977.4842589828040218 -1594.0494018310059801 8173.4056414739879983 15585
77000000 312.35751515226377251 13034.166806604172962 3519.894536471475476 -2985.0819985956522942 -1627.6036553351727889 8132.5801904023010138 15576
78000000 311.49906013268486049 12998.344886597849836 3848.5185058981533075 -2809.4127095265171192 -1530.3998777629196866 8188.3310931875912502 15577
79000000 308.44819067761181941 12871.03710799930559 3545.4128649189096905 -2940.3553033006364785 -1671.2050888728149403 8156.9732570923606545 15579
80000000 314.39350044279075291 13119.125133537927468 3676.2688474381930064 -2945.2516371130786865 -1608.0138990312766509 8229.5343835825478891 15579
81000000 309.38207796714954156 12910.006692913786537 3630.1123090498340389 -2924.7915007875699303 -1524.1793358569661905 8079.0831456943706144 15575
82000000 309.92711145391308492 12932.750046401530199 3771.7178891289063358 -2880.397570297358925 -1520.2520666158179665 8172.3675260420841369 15553
83000000 313.13749424455545523 13066.714054873957139 3725.9747934730989982 -2902.9746751950351609 -1528.3106852480068483 8157.2601539161414621 15561
84000000 308.06192679049109984 12854.918949505041383 3596.745288484714365 -2972.593878430793211 -1456.7985876470534095 8026.137754562561895 15571
85000000 305.62110149756927058 12753.067313253506654 3678.8424368089386007 -2993.1709684578536326 -1448.3244626657192384 8120.3378679325123812 15563
86000000 306.7004908695844847 12798.108461430345415 3748.6420407412433633 -2909.6901604577242324 -1457.0198298844775309 8115.3520310834446718 15560
87000000 311.0938215752449878 12981.434946231715003 3474.9731046062925088 -3080.3346913757677612 -1617.7782163359167953 8173.0860123179772927 15581
88000000 313.51780590075151167 13082.583836534047805 3551.0222098875801748 -3016.9230278026616361 -1645.882523785245894 8213.8277614754879323 15573
89000000 310.98625881546701066 12976.94652868094272 3731.5960946041436728 -2823.2869595784172816 -1606.55271227821504 8161.4357664607769038 15567
90000000 309.64690023218076931 12921.057291695880849 3439.0780957321321694 -3008.8613050074741295 -1674.4656810998192213 8122.4050818394252929 15597
91000000 308.0930664346454364 12856.218355783159495 3594.6939191229685093 -3010.2761924340015867 -1594.4979218612897967 8199.4680334182594379 15583
92000000 311.69346713942246652 13006.457172140124385 3603.9482384704897413 -2986.3153096908035877 -1561.398682226247729 8151.662230387541058 15572
93000000 310.07068702565368312 12938.741219530525996 3606.6447744943488942 -3002.5991551472425272 -1516.7854890473399792 8126.0294186889314005 15579
94000000 312.34557588163153241 13033.668600422406598 3572.8192509225950744 -3013.9502784850155876 -1549.5878863641710268 8136.3574157717812341 15563
95000000 310.53158408700267046 12957.97369797871761 3422.1421851291388521 -2970.2655435072365435 -1635.6264476885921795 8028.0341763249680298 15571
96000000 307.58383845614616803 12834.969107430310032 3851.3297431547389351 -2909.5956541511377509 -1513.2997681887136423 8274.2251654945903283 15570
97000000 309.38722526759556786 12910.22148131926042 3795.817366405221037 -2862.3530670640152493 -1557.2067353493785049 8215.377168818615246 15577
98000000 309.2873077336201959 12906.052086502219026 3504.8921663198211718 -3091.4756587958790988 -1583.799547118292594 8180.167372233991955 15592
99000000 309.94556177227633498 12933.519947926275563 3515.6892835627622844 -3014.0694122869263083 -1615.4926123161562828 8145.2513081658453302 15580
100000000 313.62215867683130455 13086.938306729822216 3258.521293054212947 -3163.9948726722404899 -1726.4516170049550965 8148.9677827314080787 15611
101000000 311.03291653271054429 12978.893478697724277 3563.7931638065774678 -3024.0995062706942917 -1588.8557824456695471 8176.7484525229410792 15580
102000000 308.5219373066818207 12874.11443387781037 3802.3105046024861622 -2870.0322182226900622 -1544.1454055466365389 8216.4881283718132181 15585
103000000 308.96367231790588903 12892.547311402158812 3393.4447567777024233 -3155.5556088314260705 -1613.7046505446992342 8162.7050161538281827 15579
104000000 310.80523620892722647 12969.392752207033482 3535.8141103732582451 -2946.1793257611316221 -1607.2912767487146084 8089.2847128831053851 15593
105000000 313.58491184636943672 13085.384057583549293 3506.6207364197716743 -3002.6566383911681442 -1604.5300126236486449 8113.8073874345882359 15589
106000000 312.78594291747515399 13052.044394577760613 3693.2865670942633187 -3027.7288295131261293 -1461.519221304490884 8182.5346179118805594 15580
107000000 311.37752560575535199 12993.273450119080735 3625.1376697569985481 -3049.7327585564476067 -1480.5992775096567584 8155.4697058231022311 15558
108000000 309.46554326571720139 12913.489562930739339 3684.9481551716489776 -3049.4063941034910385 -1407.650349651684337 8142.0048989268243531 15558
109000000 307.70478594717445731 12840.016047863724452 3468.5212176790255398 -3086.7122238170768469 -1544.2135551616893281 8099.4469966577926243 15576
110000000 310.2158815768527802 12944.799950017022638 3702.9962389574284316 -3043.8927206993416803 -1526.13455764584387 8273.0235173026158009 15551
111000000 311.89386407832949999 13014.819407727682119 3495.0821864052250021 -3120.9124725815440797 -1584.4657025630365297 8200.4603615498053841 15559
112000000 306.9030821834986682 12806.562264687934658 3631.1878254573780396 -2960.3859850458866276 -1643.7186467608821658 8235.2924572641459235 15591
113000000 309.77086619109354615 12926.230187843495514 3523.9577530973683679 -3029.586216093134226 -1520.9477090696502728 8074.4916782601540035 15569
114000000 307.18367662517761119 12818.271010533431763 3685.955607307772425 -2979.0860207622113194 -1468.7558428195859506 8133.7974708895699223 15559
115000000 314.04822744205944218 13104.717457503127662 3674.8879932814124913 -2982.5315935881471887 -1524.3906805941833227 8181.8102674637430027 15558
116000000 310.35041158502133385 12950.413666613878377 3754.9193428637263423 -2928.0204400071370401 -1529.0714472565350661 8212.0112301273984485 15568
117000000 310.55344012330232317 12958.885714527197706 3695.0968692821593322 -2946.2564760357454361 -1551.5964283018859078 8192.949773619789994 15575
118000000 311.157842513430694 12984.106434980820268 3655.5623256208527891 -2896.8698880453598576 -1492.6073729313288823 8045.0395865975406196 15563
119000000 310.23541187513490058 12945.614917332497498 3585.1517324886890492 -2928.9421340968788172 -1532.2414139639367932 8046.3352805495042048 15571
120000000 308.26027906592463523 12863.19586463932319 3769.1913058032259869 -2887.4807028791037737 -1469.2312571225934335 8125.9032658049227393 15580
121000000 313.3137490215692651 13074.06887764151179 3729.641889774482479 -2868.4670870329177887 -1568.0348158233464346 8166.1437926307462476 15577
122000000 311.09164508501140745 12981.344124863950128 3621.1909519403220656 -3023.3111624697639854 -1574.4740388587110829 8218.9761532687953149 15580
123000000 309.57804620270911755 12918.184125974214112 3565.3385851685243324 -2986.7831029817753006 -1598.8741392552560683 8150.9958274055570655 15585
124000000 309.88007290488150147 12930.787204898839263 3508.5805304128830358 -2948.4161672462323622 -1589.4097535651726503 8046.406451224288503 15566
125000000 306.63474180241439626 12795.364860693043738 3590.7333892532201389 -2982.4233383725622843 -1528.375173693902525 8101.5319013196849482 15558
126000000 308.90836395766058331 12890.239384240920117 3734.7940669890276695 -2918.8609000020769599 -1483.6844215382830043 8137.339388529387179 15556
127000000 312.52337272226412779 13041.087770975620515 3710.9535294394527227 -2917.6625842010844281 -1478.9051948167370938 8107.5213084572742446 15566
128000000 309.16735040742992169 12901.046464023515 3640.6681945618738609 -2985.4650136210943856 -1549.08174671716597 8175.2149549001342166 15573
129000000 310.6059637265483957 12961.077438346166673 3692.4589534214292144 -3080.6388379360005274 -1479.9623154304158561 8253.0601067878451431 15572
130000000 307.51829119739358021 12832.233927827282969 3526.6772850117931739 -2980.9716742380142023 -1638.5686196898902836 8146.2175789396978871 15590
131000000 308.78112164531319195 12884.929771238059402 3715.0041520644408592 -2998.3502058148596916 -1546.6579678958341901 8260.01232577513656 15576
132000000 308.79365924534215537 12885.452944724223926 3650.0516472915264785 -2859.2862981582156863 -1516.5001613297658878 8025.8381067795080526 15577
133000000 307.93967485460905209 12849.817576727313281 3616.2807877077939338 -2993.572583491057685 -1570.6274648811236148 8180.4808360799743241 15591
134000000 310.58199222774732107 12960.077147017093012 3712.2053324581720517 -2954.5516002024469344 -1488.3825208119910712 8155.1394534726105121 15583
135000000 312.88377966681684939 13056.126961664753253 3791.5122431286754363 -2869.0274041910929554 -1534.6807697480894603 8195.2204170678578521 15553
136000000 311.04746690672970999 12979.500641941329377 3675.6034291602045414 -2928.8958401642062199 -1625.552415481470689 8230.0516848058814503 15564
137000000 305.89114474890368456 12764.335775231042135 3691.7560239946678848 -3051.0269918150106605 -1503.7829070231828155 8246.5659228328604513 15567
138000000 313.90893270061167186 13098.904916401217633 3728.6355316003691769 -2919.754290816012599 -1487.1268751856191557 8135.516697602000022 15557
139000000 309.71964556679495217 12924.0928351989769 3868.6460681483231383 -2998.3720619763398645 -1432.8537176344227646 8299.8718477590846305 15550
140000000 311.90332145879159498 13015.214048703219305 3667.9763145316910595 -2996.5152634810192467 -1545.5494059237378224 8210.0409839364492655 15587
141000000 307.66970380793139839 12838.55212773168023 3676.6215709689367941 -2971.615899500411615 -1586.5902258053774858 8234.8276962747258949 15583
142000000 307.71813004932550939 12840.572875360692706 3484.2839228307775556 -3009.9439900215616035 -1655.8206747829176493 8150.0485876352568084 15580
143000000 311.08672672710775942 12981.138889855279558 3588.6242047942860154 -2945.7411921635266481 -1583.1968358292633638 8117.5622327870769368 15549
144000000 309.83046951745660635 12928.717336896612323 3623.1245341709723107 -2955.9168296381367327 -1559.2533023578771463 8138.2946661669857349 15555
145000000 313.184979782166522 13068.69554847695872 3613.9312375358986174 -2962.0509748827071235 -1550.0986297821523294 8126.0808422007576155 15569
146000000 310.01057116180874118 12936.232683128910139 3654.1123419795089831 -3057.3983114603324793 -1611.3190681799885624 8322.8297216198297974 15576
147000000 308.03704727015821163 12853.880767926701083 3594.2878257926731749 -3005.4672754150269611 -1488.0441662791590716 8087.7992674868592076 15559
148000000 306.24301175462642277 12779.018608279238833 3783.1404754554996543 -2905.9768996051839167 -1519.5112469810537732 8208.6286220417368895 15585
149000000 309.23436567015392029 12903.842901024581806 3711.7129819168217182 -2974.9456334988826711 -1456.8062626347705191 8143.4648780504739989 15567
150000000 311.79949823425567956 13010.88167582485039 3480.1847203792731307 -3025.5873059266782548 -1573.8968544898839355 8079.6688807958344114 15582
151000000 311.34061367092527917 12991.733175618257519 3478.2619667626577211 -3072.5825514066468713 -1556.8424857239265293 8107.6870038932302123 15577
152000000 309.37204839071534934 12909.588175138796942 3641.6096741671199197 -2998.0466201839562927 -1578.8355427377591695 8218.491837088833563 15579
153000000 311.45965529018610596 12996.700587148654449 3565.8522275653194811 -2915.4366171732071962 -1650.3894373584173536 8131.678282096944713 15606
154000000 308.09821020139816028 12856.432996733406981 3637.9458577502809931 -2929.384801545360915 -1619.5484534221438935 8186.8791127177864837 15611
155000000 308.73763720796898724 12883.115236986946911 3774.7190788719071861 -2864.7317871937430027 -1555.6849543850407827 8195.1358204506905167 15583
156000000 309.59235474755575979 12918.78119808307747 3548.0865414187965143 -2987.2835418982476767 -1634.6635850996919999 8170.0336684167359635 15583
157000000 311.79685975988599012 13010.771576616791208 3682.7318606035132689 -2973.5801488748229531 -1551.6584932726475472 8207.9705027509826323 15572
158000000 310.51582157829773223 12957.315954342710029 3805.0086015530687291 -2879.5956269231865008 -1477.1750997160283987 8161.7793281922831738 15541
159000000 308.58778798432564372 12876.862274653529312 3628.5427636456661276 -2963.0918723358572606 -1665.9383356810458281 8257.5729716625683068 15583
160000000 311.57939801544767988 13001.697254682572748 3629.4716769199831106 -2908.8472576740859949 -1610.9329699436896135 8149.2519045377594011 15575
161000000 307.20429781318807727 12819.131498888091301 3620.4353435599273325 -3005.222131792005257 -1639.7224292127580156 8265.3799045646901504 15577
162000000 311.95629284483743504 13017.424457764011095 3767.4589271471172651 -2934.5216477313902033 -1530.6413780714865425 8232.6219529499940109 15555
163000000 311.25182938121275811 12988.028352824559988 3496.0352821111778212 -3004.3398100404619981 -1640.1454204959327399 8140.520512647573014 15587
164000000 309.90791209103645087 12931.948888477756554 3823.0856196908066522 -2886.6251432897474842 -1537.7426893852659759 8247.4534523658203398 15571
165000000 310.13466385938403391 12941.4108678730463 3690.4871693504001087 -2873.8139244954309106 -1569.1029570792238701 8133.4040509250544346 15566
166000000 311.81583934760163856 13011.563563683552275 3403.5607111435556362 -3042.9890958492669597 -1670.3709244785959527 8116.9207314714185486 15607
167000000 311.30837789892945011 12990.388029723084401 3589.1979923855419656 -2912.7952377412520946 -1603.315309756208535 8105.3085398830025952 15577
168000000 307.34434170373771167 12824.975300753336342 3546.0271108787719641 -3041.8860229317670019 -1541.6324099250143718 8129.5455437355540198 15583
169000000 306.37290034799485738 12784.438646248916484 3465.9099081801355169 -3008.7436408924995703 -1639.1894542130762602 8113.8430032857104379 15574
170000000 311.1833149847230402 12985.169359430194163 3746.9332901004486303 -2911.0039491738675679 -1498.3836903265980709 8156.3209296009144964 15578
171000000 312.94390819879362198 13058.636026686734112 3503.5372162806625056 -2986.3373037189658135 -1649.975994588030062 8139.8505145876588358 15565
172000000 312.22144758319461744 13028.488930112704111 3661.4064577370272673 -2871.3185007033184775 -1672.5519478449496091 8205.2769062852948991 15589
173000000 306.75513014108605603 12800.388468615687088 3515.1430758264818905 -2899.4513007161376663 -1702.0057064697780334 8116.6000830123975902 15593
174000000 308.14625214235519479 12858.437708135474168 3801.7082777976861507 -2892.0187695160448129 -1467.4937857775562406 8161.2208330912872043 15565
175000000 312.59121570546801649 13043.91874739476043 3407.8616046825336525 -2949.4295448077805304 -1702.3645826366466736 8059.6557321269610838 15604
176000000 308.47598096023506287 12872.196750914052245 3712.6435784081149905 -2907.4431010125831563 -1548.4715784713780522 8168.5582578920766537 15580
177000000 307.25023628523598518 12821.04843598250045 3510.6980223126020064 -2929.7824947616618374 -1647.5301277802063851 8088.0106448544711384 15607
178000000 307.49966780239174113 12831.456804098272187 3655.5150699686064399 -2903.2170293564304302 -1585.7190627493459942 8144.4511620743833191 15597
179000000 309.31332107590901614 12907.137580611188241 3671.023172920489742 -2887.3492605066976466 -1486.3529229413557005 8044.7253563685444533 15570
180000000 311.74051216856059909 13008.420284047033419 3519.5872101066361211 -2901.9144630182281617 -1726.5565054395938205 8148.0581785644571937 15589
181000000 307.76027229707614197 12842.33140224140152 3769.5820574213776126 -2912.8881561043626789 -1462.5960584328024652 8145.0662719585434388 15569
182000000 312.05409498624078424 13021.505580718496276 3738.7409702570244008 -2884.0618262776533811 -1511.9285890502469556 8134.7313855849251922 15566
183000000 308.95224361023650772 12892.070410175454526 3713.574437706966819 -2982.478531024077256 -1506.5466715537752407 8202.599640284819543 15584
184000000 308.12217143473526448 12857.43285970150464 3537.7385133738580407 -2963.0020253582306395 -1637.0423004655631303 8137.78283919765272 15588
185000000 308.00832210106392495 12852.682113732835205 3719.9264989368421084 -2919.0716740089001178 -1490.4423025861949554 8129.440475531937409 15571
186000000 309.70790910805010299 12923.60309202463759 3639.4634681273887509 -2876.6359705271352141 -1652.351937811441303 8168.45137646596595 15584
187000000 310.11746755002536702 12940.693294087348477 3575.930326265565327 -2876.0092202691307648 -1630.5369056081215149 8082.4764521428169246 15594
188000000 310.46351059210422818 12955.133102684629193 3546.2597337231782149 -2877.1086059601989291 -1570.6346507332712008 7994.0029904166476626 15585
189000000 312.01094550920288384 13019.70502381159713 3688.0496923285481898 -3019.5599808499136998 -1518.9326264583216926 8226.5422996367833548 15585
190000000 306.11297491203475829 12773.592384112622312 3579.8688686930572658 -3019.6236660482013576 -1639.6311813036477361 8239.12371604490545 15562
191000000 307.93012702375960998 12849.419161405457999 3666.5083596136087181 -2977.0091326764086261 -1491.2873341977992823 8134.8048264878161717 15567
192000000 308.78623116158053108 12885.14298297172536 4010.8556496649744076 -2922.7528485815769272 -1391.4338448236708246 8325.0423430702212499 15571
193000000 312.10771503791750092 13023.74305753218141 3753.8978683986301803 -2850.1005709184591979 -1575.1505772185257683 8179.1490165356153739 15583
194000000 309.43258636623386337 12912.114325568241838 3628.977482351814615 -2938.5635436193879286 -1645.3916381959868431 8212.9326641671887046 15577
195000000 308.5859409065581076 12876.785199127700253 3572.2175202018665914 -3019.7428507223680754 -1595.6753762916400774 8187.6357472158742894 15587
196000000 308.10370254454659289 12856.662183204944085 3642.4717123787304445 -2987.5054972506673039 -1531.7701562174825085 8161.7473658468798021 15574
197000000 309.82858118965862104 12928.638540074667617 3543.5231369142538824 -3080.6931633272779436 -1584.1710957650957425 8208.3873960066266591 15578
198000000 307.24620909381587808 12820.880387889577833 3900.5427102654157352 -2913.5377467880962286 -1382.7153926006872098 8196.7958496541996283 15556
199000000 311.79072712931588285 13010.515672001289204 3610.3224563908643177 -3036.4940481353987707 -1454.084624660326881 8100.9011291865899693 15569
200000000 310.90944248326633215 12973.74110912544711 3542.7296057997509706 -3040.0429199722821068 -1560.7957768233127354 8143.5683025953458127 15585
201000000 312.81996725202247944 13053.464174254766476 3713.9468538074802382 -3027.6189499099782552 -1486.9294005819383528 8228.4952042993973009 15565
202000000 311.15934204405880337 12984.16900793453533 3576.316987242817504 -3053.7080274946520149 -1571.774838605549121 8201.7998533430181851 15581
203000000 309.66266104842844697 12921.714964708424304 3715.3730720197218034 -2979.2876730577904709 -1502.9836380420620117 8197.6443831195756502 15560
204000000 308.758158562826452 12883.971559467869156 3397.0011702056076501 -3130.0461851670002034 -1573.0303357419961685 8100.077691114604022 15576
205000000 312.91767615530716284 13057.541406535483475 3528.1364829470230688 -2949.9602864675971432 -1569.2396596991713977 8047.3364291137922919 15569
206000000 307.34162037659575617 12824.861744234976868 3597.4096728653785249 -3036.1273915280544315 -1557.0923081923770042 8190.6293725858104153 15566
207000000 313.00662391131265849 13061.253050509483728 3697.4012272236013814 -2987.9977821678612599 -1537.4818583968549319 8222.8808677883171185 15582
208000000 306.15724121964836968 12775.439544527722319 3514.127183486897593 -2938.5222322291542696 -1577.9059858556479412 8030.5554015717007132 15572
209000000 312.754450398135873 13050.730263396930241 3484.8640456089851796 -3019.6065738035376853 -1638.8742053458113332 8143.3448247583328339 15586
210000000 307.3905125608673643 12826.901934896068269 3529.8211678790121368 -2973.7883035112408834 -1604.2430757389658993 8107.8525471292196016 15601
211000000 309.00581944131431555 12894.306041736072075 3610.7952159770757135 -2989.9492976360352259 -1584.0348259184211202 8184.779339531532969 15574
212000000 315.31852441378532603 13157.724866706419562 3632.1233985500739436 -2927.508980870758478 -1550.8242395231113733 8110.4566189439437949 15578
213000000 309.4505758185864579 12912.864995910234938 3803.5098923469645342 -2951.9661196868773914 -1601.899778142468449 8357.3757901763110567 15579
214000000 309.95999672770926736 12934.122294941576911 3664.2051197761675212 -2889.7001993939293243 -1622.0736123040071561 8175.9789314741028647 15566
215000000 310.36960288936353436 12951.214488268225978 3534.2264237925860471 -3022.5616454013543262 -1525.4286315519525488 8082.2167007458920125 15584
216000000 311.52202645549004956 12999.303233581213135 3658.385818255198501 -2948.956600209912267 -1540.2303248223217906 8147.5727432874318765 15548
217000000 312.65567327302733247 13046.608455971505464 3738.8855833267621165 -2944.5933274237354453 -1533.4349999346561617 8216.9139106851544057 15565
218000000 315.60277746679145139 13169.586280402076227 3643.467068000047675 -3011.4450666309076041 -1455.6322387837572023 8110.5443734147129362 15572
219000000 307.13759100340581654 12816.347933122386166 3507.9406422034553543 -3119.2300228657963999 -1540.6077593858099135 8167.7784244550621224 15581
220000000 307.44141813665305563 12829.026141082858885 3651.1599230575047841 -2993.5230915794190878 -1525.5883439664130492 8170.2713586033360116 15590
221000000 311.80720976478551165 13011.203465346101439 3343.640680792517287 -3073.7425117873494855 -1700.4287052574477457 8117.811897837314973 15595
222000000 307.97049128978767385 12851.103496024970809 3712.7656996719761082 -2943.0926137729152288 -1503.803019954508045 8159.6613333993991546 15564
223000000 309.24210519050092216 12904.165858514998035 3700.9336673841494303 -2987.4402326205067766 -1497.856958691408181 8186.2308586960643879 15586
224000000 306.26687639647354899 12780.0144406428808 3803.4742757256162804 -2933.0159288875302082 -1470.8901086613930147 8207.3803132745397306 15567
225000000 309.25605296335749017 12904.747876200419341 3664.4071357791790433 -2923.4770018179801809 -1598.3795677603179684 8186.2637053574781021 15591
226000000 310.41137236109148034 12952.957459816903793 3591.4916517834999468 -2944.7765223337391944 -1629.1284600261062678 8165.3966341433442722 15572
227000000 309.74979575968973222 12925.350953298840977 3647.2445425097912448 -2961.8693843666719658 -1620.3318108403136648 8229.4457377167764207 15572
228000000 312.07517499031814623 13022.385214715119218 3499.8668913719766351 -2980.6527267332130577 -1718.5399805312902117 8199.0595986364787677 15599
229000000 309.51960546499282145 12915.745489838554931 3474.6747770510282862 -2961.0294348949928462 -1651.2220613592951395 8086.9262733053164993 15594
230000000 313.48753451903331779 13081.320661423345882 3529.9956429781286715 -3021.6758213779021389 -1521.2690298419327064 8072.9404941979628347 15574
231000000 309.15186065547499084 12900.40010207933301 3548.5065991326905532 -3030.8764854332753202 -1601.4519912420810215 8180.8350758080459855 15578
232000000 308.51586203307380174 12873.860922674264657 3700.3980042522757685 -3072.9787020270596258 -1461.0830530969578831 8234.4597593762937322 15555
233000000 309.65493078423429552 12921.392393462085238 3816.01933913013454 -2915.8765728737557765 -1472.2417343868924036 8204.1376463907836296 15555
234000000 310.1289077771670577 12941.170676002740947 3533.967673360245044 -3048.5765411464121826 -1592.8158600287376885 8175.3600745353951424 15588
235000000 306.24296194016864092 12779.016529603617528 3692.2965813309238001 -2927.6243277383623536 -1478.4007235658823447 8098.3216326351675889 15575
236000000 310.88997166555407148 12972.92862383659849 3481.282280414618981 -3042.0993700737381005 -1611.8842896213502627 8135.2659401097071168 15588
237000000 311.88368506802498814 13014.394654322371935 3472.9609876064314449 -3063.7330363384417069 -1650.7839574903453013 8187.4779814352195899 15594
238000000 312.21110649082027066 13028.057413288452153 3526.1386973199487329 -3024.8489394178259317 -1506.1415325648747512 8057.1291693026487337 15579
239000000 310.4010261853479733 12952.525730871993801 3687.097850116850168 -2960.3458636099030628 -1558.1836714246765041 8205.6273851514288253 15588
240000000 308.14570939294719665 12858.415060092846034 3475.7266435954979897 -3049.3787979516332598 -1634.3309179274694998 8159.4363594746009767 15587
241000000 309.07860085949459972 12897.343090947199016 3692.2336859151469071 -2966.3139575927193619 -1482.2726969109685342 8140.8203404188352579 15570
242000000 306.24940751898958524 12779.285493036357366 3589.9030538554698069 -2932.9230445007224262 -1499.2308882585152787 8022.056986614707057 15558
243000000 312.46858910974282253 13038.801740676259215 3575.4315718315906452 -2941.6865708213499602 -1564.4716211344298245 8081.5897637873695203 15592
244000000 308.29052159778251507 12864.457835892671937 3574.5878144739640447 -2948.6711391921653558 -1609.5580586333221618 8132.8170122994506528 15572
245000000 312.17836984159356462 13026.691366607929012 3562.3916255733010985 -3006.8521627646859997 -1616.494310329361042 8185.7380986673479129 15580
246000000 308.33595320200686274 12866.353622224123683 3333.478817138719478 -3024.9544457578194852 -1700.7586243863970594 8059.1918872829364773 15582
247000000 311.30783833793623216 12990.365514727776826 3713.1335468833394771 -3016.4265707139038568 -1549.6580941395002355 8279.2182117367447063 15575
248000000 314.18996526416100323 13110.631944353799554 3540.4308417070997166 -2996.8980689357977099 -1585.2795864060112763 8122.608497048908248 15580
249000000 311.90428633117539903 13015.254311245298595 3445.8751849713039519 -3042.1567998360396814 -1580.4301833626113876 8068.4621681699563851 15570
250000000 309.47921835483379027 12914.060201970924027 3726.374901394826793 -2994.4972563745527623 -1458.82288201964775 8179.6950397890268505 15552
251000000 308.65125283154799263 12879.51055863878355 3492.2686713345078715 -2931.7348751586227991 -1648.2023803111585494 8072.2059268042894473 15578
252000000 309.46497102917055599 12913.465684438178869 3353.2701725880897357 -3033.098250656683831 -1685.4262005711557322 8071.7946238159292989 15593
253000000 310.55439176150866842 12958.92542482875615 3425.4612650108260823 -3113.6782067925191768 -1534.1912084982145643 8073.3306803015602782 15576
254000000 313.66303740221246699 13088.644108894368401 3506.7484240649282583 -3000.8922795058206248 -1545.3535601773346571 8052.9942637480835401 15595
255000000 306.36772670134513419 12784.222758459573015 3564.5376230564024809 -3010.3921321730376803 -1554.6425231843968504 8129.5722784138370116 15566
256000000 308.8132840948400144 12886.271857506855667 3642.2847597601512462 -2997.9093742618101714 -1502.432476793969272 8142.6266108159306896 15567
257000000 308.15854867427691488 12858.950822244902156 3485.1714664499031642 -2960.3071247641501031 -1598.0236317690737451 8043.5022229831265577 15566
258000000 305.8923652084074547 12764.386703004445735 3717.8732655202702517 -2999.6534022920632196 -1490.9904429152929879 8208.5171107276255498 15581
259000000 309.09773728511629542 12898.141622602548523 3548.9372592737831837 -2970.9724922398809213 -1607.9412242575754135 8127.8509757712390638 15575
260000000 309.32923495593541929 12907.801640724173922 3614.0075998258616892 -2932.1979760755939424 -1609.6831060373187938 8155.8886819387744254 15589
261000000 309.70102113407995148 12923.315668167899275 3775.8148771213227519 -2887.4068613855838521 -1569.6407534797269818 8232.862491986634268 15582
262000000 304.82014720154160159 12719.644804133462458 3693.1284160389914177 -2853.7186099061655113 -1557.8506527038516651 8104.6976786490076847 15585
263000000 311.56707350105398291 13001.18297291048475 3655.0229104159907365 -2887.9058337274109363 -1644.3529971828766065 8187.2817413262791888 15587
264000000 308.64776769319655614 12879.365129531388448 3960.981386711480809 -2852.4883780730988292 -1498.0903768562664027 8311.5601416408462683 15562
265000000 310.81509975142859048 12969.804341658320482 3705.9414926192853272 -2972.77364774580019 -1509.9795689615698393 8188.6947093266544471 15579
266000000 309.21832167395018587 12903.17341137691983 3687.4636556946584278 -2942.8677125103267826 -1586.051764377564723 8216.3831325825503882 15583
267000000 311.08772060257683734 12981.180362648539813 3711.1022364544032826 -2933.3517856203548035 -1532.3875031608370136 8176.8415252355953271 15574
268000000 307.92185838673913167 12849.074124744069195 3623.3081267618590573 -2936.3105269287798365 -1568.7991096037249008 8128.4177632943628851 15570
269000000 311.09345974276618563 12981.419847555818706 3529.3944339889358162 -3021.9601532160149873 -1579.7779111436034327 8131.1324983485537814 15579
270000000 307.60670643128679558 12835.923350526933064 3695.153832988292379 -3030.8205814755633583 -1537.6957742762454018 8263.6701887401013664 15579
271000000 309.16200922333183598 12900.82358517123248 3572.9090066592971198 -2910.0824260463300561 -1589.1988434003187649 8072.190276105947305 15568
272000000 309.10887200994739032 12898.606256407576439 3519.9614969233489319 -2980.3226219457474144 -1615.6705124445143156 8115.9546313136106619 15587
273000000 307.51643338254956461 12832.156404260862473 3668.0836478147139132 -2942.7396055706767584 -1501.0416950554686082 8111.8649484408597345 15578
274000000 312.47600438106951515 13039.111167786861188 3443.0614023396492485 -2897.7420965445180627 -1680.6913160219010024 8021.4948149060674041 15602
275000000 309.50985632905724287 12915.338674385619015 3869.4689391444262583 -2844.2893994565056346 -1551.8048105296920767 8265.563149130624879 15590
276000000 309.08223757846525359 12897.494845265226104 3658.7154079845186061 -3038.0850837664675055 -1531.3727047432644213 8228.1731964942518971 15596
277000000 307.13954384948272036 12816.429422186292868 3621.876415415264546 -2913.4355228969616292 -1656.1785568250138567 8191.4904951372400319 15580
278000000 310.12967280888119603 12941.202599521435332 3502.5517637638845372 -3010.1040391952751634 -1605.7428172756558524 8118.3986202348150982 15584
279000000 309.27702517718307718 12905.623012286621815 3454.4320818824853632 -3015.3626328424438725 -1639.4489104859683266 8109.2436252108982444 15585
280000000 306.99937654220502736 12810.580470343404158 3736.017377868141466 -3041.7315813250643259 -1538.3964137053453669 8316.1453728985507041 15585
281000000 308.57754399841303439 12876.434809922659042 3553.7609747158658138 -3006.095484033462526 -1547.1763196787646848 8107.0327784280934793 15581
282000000 310.9966332348504352 12977.379436186623934 3505.3347196081845141 -3014.2628067258074225 -1647.8501473283836276 8167.4476736623755642 15588
283000000 306.47814272679323722 12788.830238107089826 3538.1666001821658938 -2921.5996228830458676 -1645.5200522457730585 8105.2862753109857294 15598
284000000 312.18865545921750027 13027.120568561831533 3474.8236792124548629 -2990.2786267785950258 -1633.0987191910917318 8098.2010251821411657 15592
285000000 308.2313899982714247 12861.990371227404466 3628.5903286661341554 -2997.4591730408619696 -1547.2163089625735211 8173.2658106695689639 15577
286000000 308.4032125122498087 12869.160242927890067 3624.158409815115192 -2973.7499277273118423 -1523.3405172984278124 8121.2488548408546194 15572
287000000 312.39264086834032241 13035.632545126007244 3746.3842778032826573 -2955.1701559453076698 -1504.1439837291486583 8205.6984174777389853 15560
288000000 309.49947794226187625 12914.905601326345277 3454.1879711409833362 -3047.7624102084259903 -1572.2832326967136396 8074.2336140461229661 15579
289000000 313.15347879879442416 13067.381064105920814 3514.1976139996186248 -3031.312513788941942 -1630.0820113151871738 8175.5921391037481953 15572
290000000 308.188476718512959 12860.19967044558507 3605.9111217017612034 -2924.504904541677206 -1616.8271756437225122 8147.2432018871604669 15577
291000000 311.33458824186004676 12991.481744345732295 3488.2725080304007861 -3060.7623959428028684 -1567.1530080058760177 8116.1879119790801269 15559
292000000 310.51126119676035842 12957.125657100683384 3640.614375790170925 -3028.6022197078118552 -1548.5111045952287441 8217.7277000932117517 15559
293000000 311.85553016244386981 13013.21979628961526 3553.8317545098375376 -3059.5399142445144207 -1518.1602182495141733 8131.531887003866359 15562
294000000 307.57233689278649535 12834.489166055140231 3520.9746978006787685 -2927.0492297947716906 -1669.0533094618717769 8117.0772370573222361 15582
295000000 309.83095022325113632 12928.737395961006769 3530.055979707833103 -3028.418046556866102 -1561.8319562470983328 8120.3059825117979926 15552
296000000 309.26462762011766472 12905.105682563640585 3597.3153799076353607 -3000.1286800496413889 -1542.698868340520221 8140.1429282977969706 15574
297000000 310.87470273879722527 12972.291476565755147 3410.8666522778780745 -2986.8731983520983704 -1651.7422300725427249 8049.4820807025189424 15590
298000000 310.74467819899047072 12966.865765774173269 3679.5891452380769806 -2872.8694446638874069 -1673.9474815085607133 8226.4060714105253282 15571
299000000 311.30387346952232974 12990.200067271685839 3718.6195150496132555 -3016.1588938166000844 -1464.6632891396634477 8199.4416980058776971 15557
300000000 312.04813228840197326 13021.25676711716369 3453.556417647978833 -3061.7817714156763031 -1576.6781716326540845 8092.0163606963096754 15574
301000000 309.25895907479770131 12904.86914346447702 3718.3563259849165661 -2926.4702281012182539 -1586.7628051390056498 8231.5893592251395603 15583
302000000 311.98770662380718477 13018.735303238363485 3664.7386979045631961 -2891.8500158994074809 -1553.7262674722328484 8110.3149812762039801 15598
303000000 307.8616261052709433 12846.560730425971997 3756.0422336453038952 -2904.4451710024495696 -1484.2190809018152322 8144.7064855495682423 15574
304000000 312.5363809311089085 13041.630582195819443 3690.9114763254265199 -2878.9844056036085931 -1580.4228332765715095 8150.3187152056061677 15587
305000000 312.70090997347267603 13048.496109287922081 3789.9225133649451891 -2863.873097973862059 -1510.486968965509277 8164.2825803043169799 15573
306000000 311.16045441431072049 12984.215425320739087 3817.1876181865336548 -2912.7669133159297417 -1589.9730676375406802 8319.9275991400045314 15572
307000000 308.12263422250111944 12857.452171075950901 3792.5104954965854631 -2926.1274774620051176 -1555.1600149270225302 8273.7979878856131108 15570
308000000 310.89368203358412757 12973.083451409080226 3835.1558615213261874 -2857.96288496119314 -1500.8694797665930309 8193.9882262491119036 15587
309000000 306.14556447718496202 12774.95229321586703 3791.107642288707666 -2917.8690188653586119 -1537.9129480624310418 8246.8896092164977745 15571
310000000 305.37858942232463733 12742.947682100040765 3666.4697368446868495 -2957.7695184571675782 -1537.5729235565734143 8161.8121788584276146 15553
311000000 308.88151983797615685 12889.119223153798885 3690.0303138998651775 -2936.2819433795962141 -1467.8707045877613382 8094.1829618672227298 15573
312000000 307.54253706937055313 12833.245668298983219 3611.3803294380531952 -3042.7620426901030442 -1604.778301020251547 8258.9206731484082411 15585
313000000 309.28599812779918921 12905.997438799206066 3621.3178720134992545 -2954.6498127824438598 -1485.8393500659092297 8061.8070348618530261 15566
314000000 307.08747217353101178 12814.256556552107213 3678.3442443671196997 -2937.2304598987611826 -1564.9839710446663048 8180.5586753105471871 15574
315000000 308.86475709496465925 12888.419741380672349 3685.7332279823558565 -2986.2991965014498419 -1552.6224333415566434 8224.6548578253623418 15575
316000000 311.82797416400700286 13012.069929669714838 3637.441046154463038 -2959.1823328909863449 -1564.3770702406582132 8161.0004492861080507 15585
317000000 308.01805634813973711 12853.088307898073253 3534.6801657344612977 -2914.3354006331337587 -1568.8458636879672667 8017.8614300555627779 15575
318000000 310.41395976608754381 12953.065427983759946 3736.3578173850437452 -2797.8493403981465235 -1516.9163170153774445 8051.1234747985672584 15570
319000000 311.14035732759640496 12983.37680685358464 3673.8717914795079196 -2952.1235903142533061 -1597.7022174622666171 8223.697599256027388 15608
320000000 311.03995921444442274 12979.187358255705476 3810.2116288801730661 -2871.3713244915084033 -1526.3116142288890842 8207.8945676005696441 15568
321000000 311.69483280606226572 13006.514159169159029 3692.1278672880439444 -3035.7604467508817834 -1602.3959330401758052 8330.2842470791001688 15573
322000000 305.88209463382673903 12763.958128772064811 3654.3237796805792641 -2856.5577032428627717 -1633.2622860763535755 8144.1437689997956113 15586
323000000 309.21373246207798502 12902.981911092305381 3805.1735606033753356 -2931.2101249393836042 -1448.4112369457916429 8184.7949224885514923 15571
324000000 310.45279663535376358 12954.686026841500279 3803.0541474612327875 -2941.9971328395940873 -1503.7004834989788833 8248.7517637998062128 15592
325000000 310.72899679241180593 12966.211406396878374 3768.3147524457217514 -2881.2590752690457521 -1669.9450651412735169 8319.5188928560419299 15581
326000000 316.19564269273297441 13194.325573916399662 3449.500523408076333 -3034.6759985209600927 -1636.9596987831912429 8121.1362207122274413 15604
327000000 310.1708276887677016 12942.919925160565981 3858.4865720464035803 -2934.0248178010824631 -1534.9708561675895453 8327.4822460150753614 15584
328000000 309.8369210368711606 12928.986548220580516 3572.3078671637222214 -2901.7448047157590736 -1580.5014871864254928 8054.5541590659067879 15562
329000000 306.85785368226856917 12804.674953511321291 3792.3267215328892235 -2919.2690312208073919 -1398.9660496996739312 8110.5618024533705466 15571
330000000 309.05241409180757728 12896.250360080801329 3597.0341284911623916 -2968.3210946391568541 -1604.2654150351186217 8169.6206381654374127 15583
331000000 310.21294272160594119 12944.677316407618491 3815.3937396897817962 -2958.5857190357733089 -1513.6779343140215133 8287.6573930395770731 15569
332000000 307.97105135726394565 12851.126866722184786 3782.1464909343749241 -3007.278311224801655 -1481.9035257406808341 8271.3283278998569585 15562
333000000 310.22409659613316535 12945.142749298056515 3762.3289806894008507 -2853.1431609402243339 -1575.4654213532171525 8190.9375629828427918 15580
334000000 306.26487333679563108 12779.930856247759948 3650.3256193533202349 -2955.4684290163691003 -1546.8141794565162854 8152.6082278262056207 15583
335000000 307.87297306694307508 12847.034220526284116 3634.629163147426425 -2886.1019635637903775 -1549.9488391821300866 8070.6799658933468891 15580
336000000 305.02842443855024612 12728.33587163624361 3754.9714166667363315 -2970.0815330108489434 -1431.4645647360007388 8156.5175144135864684 15568
337000000 311.91549178341534798 13015.72189638909731 3532.409332086217546 -3002.8037278405249708 -1622.043089805323234 8157.2561497320657509 15592
338000000 312.26746052519075647 13030.408974715914155 3600.9422016093208185 -2896.255802991238852 -1637.7066732425200826 8134.9046778430802078 15578
339000000 309.8906741912857683 12931.229579193211976 3935.5312602355993477 -2943.586347887382999 -1511.9869127330296124 8391.1045208560135507 15568
340000000 307.66487214046554755 12838.35051017279693 3793.5818491844966047 -2913.8666356839657965 -1536.5935801550090218 8244.0420650234718778 15583
341000000 307.28204481707825835 12822.37575384678712 3685.3230776559385049 -2946.7517386917743352 -1505.1093759805232821 8137.1841923282363496 15572
342000000 309.26660919265543725 12905.188370335645232 3604.8715580913367376 -2994.9097348751647587 -1559.474858085042797 8159.2561510515433838 15585
343000000 311.94549094234474751 13016.973712089298715 3453.1376100342977224 -2930.2894465908784696 -1697.0564365178370281 8080.4834931430141296 15605
344000000 307.18129198770793664 12818.171503522891726 3570.6545673905166041 -2945.2636620434741417 -1673.653410604054443 8189.5716400380442792 15579
345000000 308.26431338747278232 12863.364210260795517 3650.4647178398022334 -2958.5321031253133697 -1569.6146938023061921 8178.6115147674227046 15580
346000000 313.75547904793683074 13092.501547155974549 3488.0753544822146068 -3092.2911843529964244 -1593.7627043334011887 8174.1292431686124473 15589
347000000 305.52837942257389159 12749.198173138356651 3687.9208169073290264 -3013.8386920101684154 -1505.2828856571709366 8207.0423945746679237 15563
348000000 310.25014715194612336 12946.229796266354242 3572.436034722344175 -2860.4160714223535251 -1628.4680956727481771 8061.320201817445195 15581
349000000 312.75547136682996552 13050.772866746032378 3554.2722929725250651 -3042.8318842112266793 -1546.8332759168092707 8143.9374531005605604 15587
350000000 306.47825907144584789 12788.835092978624743 3713.2066645220902501 -2901.8953766682034257 -1551.0361843929076713 8166.138225583201347 15586
351000000 310.96778361279910996 12976.175588774976859 3631.7929429474252174 -2910.9377640638376761 -1577.2997783635928499 8120.0304853748548339 15593
352000000 309.50595300819992417 12915.175795208118871 3655.6485728244770144 -2980.1472098091562657 -1618.2213753296623509 8254.0171579632951762 15576
353000000 308.64530398020212942 12879.262322828892138 3660.5208566101227916 -2846.0805097397424106 -1647.7390670189759021 8154.3404333688413317 15569
354000000 307.40393456918678794 12827.462013289667084 4032.5035006114389944 -2949.3355452448531651 -1448.8286867850092676 8430.6677326413009723 15577
355000000 312.8784252827388741 13055.903531998957988 3490.3072745277886497 -2973.5191983226986849 -1675.4967199055777201 8139.3231927560646 15582
356000000 306.07744589125684342 12772.109816347063315 3683.697958019669386 -2978.5796664879412674 -1459.1630159274886864 8121.4406404350993398 15571
357000000 310.1197332964863449 12940.787839971091671 3516.6927616449843299 -2916.4515879650480201 -1657.1667968366641617 8090.3111464466965117 15592
358000000 309.49289323402439322 12914.630832251241372 3690.8444405432965141 -2977.1211080755606417 -1556.2743187951841719 8224.2398674140422372 15576
359000000 307.77388808929896413 12842.899566919462814 3763.6560567999108571 -3074.0344529166204666 -1465.6764014301381849 8303.3669111466697359 15562
360000000 310.18828181616680695 12943.648257270242539 3651.2448004523826057 -2942.2535160735792488 -1661.645647693202136 8255.1439642191653547 15594
361000000 310.76175632456886433 12967.578407944554783 3796.6398506560890382 -2925.7294019655118973 -1497.0640244742326104 8219.4332770958335459 15592
362000000 311.08466421865153961 12981.052824760143267 3675.5323588439910054 -3012.6355401018859084 -1573.4582933242165836 8261.6261922700941795 15591
363000000 309.24487447441725863 12904.28141619089547 3479.0388288330409523 -3027.2940531286003534 -1636.7618375015390484 8143.0947194631798993 15593
364000000 312.47812308088970212 13039.199577655457688 3666.746768984951359 -3064.9399406572347289 -1415.6012537216133751 8147.287963363799463 15566
365000000 306.2617632521052542 12779.801077514512144 3601.250929902421376 -3030.8319581092869157 -1550.552930533417566 8182.6358185451263125 15572
366000000 310.81135972608706197 12969.648276534871911 3474.6059353201426347 -3028.1444941694207955 -1604.0900087554086895 8106.840438244971665 15580
367000000 309.22063258159857924 12903.269841762943543 3410.0888124027205777 -3009.7247183375802706 -1588.1740827565536165 8007.9876134968544648 15572
368000000 310.87653743934390604 12972.36803561045781 3425.5039676685773884 -3050.1503800551622589 -1652.6362830901703092 8128.2906308139099565 15571
369000000 310.19872661487073628 12944.084101589536658 3739.9156058290554938 -2951.5208640843879948 -1507.173818856332673 8198.6102887697761616 15578
370000000 313.33098502197094604 13074.788107669335659 3769.7190570229513469 -2921.5924929538227843 -1547.7708284933394225 8239.0823784701133263 15556
371000000 309.57679433043074368 12918.131887397246828 3705.7985528379722382 -2974.3311598314612638 -1478.842995712861466 8158.9727083822963323 15571
372000000 310.54098361828130237 12958.365925002708536 3793.5526228767466819 -2919.8031870607646852 -1496.8653144697814241 8210.2211244072932459 15560
373000000 310.33977288288753016 12949.969731022476481 3595.445354935422074 -2901.5209064217187915 -1593.2040926159324954 8090.170353973073361 15572
374000000 311.94565502323558803 13016.98055891576405 3657.6951180638079677 -3012.6219558163766123 -1517.8466040152316054 8188.163677895417095 15570
375000000 312.41726883161248907 13036.660229640785474 3551.5138374840821598 -3039.2609147088742247 -1564.9853321832963502 8155.7600843762538716 15571
376000000 311.70407654512951012 13006.899885239687137 3391.2255831902784848 -2986.2214157632774914 -1659.2493927954510582 8036.6963917490074891 15589
377000000 308.55706304870966505 12875.580173482549071 3488.9611181912641769 -2890.9388126775256751 -1719.3476611382648116 8099.2475920070546636 15597
378000000 310.91596840538932156 12974.013425152408672 3666.3951972570434918 -3016.6094781016809065 -1500.7426024938961291 8183.7472778526207549 15569
379000000 308.82588073802185136 12886.797494766953605 3710.6631363097758367 -2967.0098253444843976 -1455.9071243385683374 8133.5800859928294813 15567
380000000 304.34744325351044836 12699.919643668619756 3621.7851456351090746 -2968.6093369704813085 -1554.2329422918237469 8144.6274248974123111 15586
381000000 312.42916762138281683 13037.156746622575156 3587.7020172078250653 -2927.166100430366896 -1620.4837090509245172 8135.3518266891169333 15577
382000000 311.97614335163081023 13018.252786855482555 3699.4209914940083763 -2985.7100020228499488 -1522.6521827598530763 8207.7831762767109467 15572
383000000 307.83608854465273907 12845.495089905783971 3614.1784796486126652 -3091.9734569773618205 -1469.4136535607699443 8175.5655901867448847 15554
384000000 312.93013654208345997 13058.061358039252809 3518.8413451069300208 -3079.9748342702869195 -1628.8346282648212764 8227.650807642037762 15584
385000000 309.40269471127214729 12910.866995832293469 3551.0070781147232992 -2922.0738623057004588 -1721.7866400472817077 8194.8675804677059205 15599
386000000 308.39731063791856513 12868.913967391770711 3702.513797831446027 -3069.1030775785425249 -1435.7633687682150594 8207.3802441782027017 15558
387000000 310.06280753413193452 12938.412421272558277 3457.799920833906981 -3043.491038726534498 -1600.0470232798681991 8101.3379828403085412 15588
388000000 309.59513152606388076 12918.89706849599861 3571.7089250711778732 -2990.7492198668987839 -1584.3465807958339155 8146.8047257339121643 15591
389000000 306.43106578082552005 12786.865794363229725 3348.6181921617071566 -3011.81785773553338 -1652.534422197496724 8012.9704720947365786 15583
390000000 311.22281317303554715 12986.817554047098383 3677.8420394291615594 -3064.9150649697912741 -1501.2695715570303037 8244.0266759559817729 15566
391000000 310.14321351213180833 12941.76763085984021 3620.1010914881808276 -2915.1418078456354124 -1530.1925992315398162 8065.435498565355374 15561
392000000 307.50825627150413766 12831.815186828298465 3619.0886179060926224 -2961.9020648657515267 -1581.890645442801997 8162.8813282146475103 15579
393000000 311.04160292427417289 12979.255947571036813 3715.245590626624562 -2953.6598288878676613 -1452.3191353246152175 8121.2245548391074408 15582
394000000 308.18278324772830956 12859.962091247660283 3532.2345104721080133 -2998.7489196165925023 -1614.7159475800235668 8145.699377668724992 15566
395000000 309.56758402200983937 12917.747556332762542 3527.0845600257416663 -3006.5373252784938813 -1607.1840650409349109 8140.8059503451704586 15567
396000000 312.7956147146635999 13052.447982811621841 3517.6182804844420389 -3108.291797746240718 -1529.5536045150452082 8155.4636827457279651 15563
397000000 309.23334827683771664 12903.800446870132873 3582.9816047021349732 -2982.9366292572367456 -1540.7107994240857352 8106.6290333834567718 15570
398000000 307.51282484508982407 12832.005825911066495 3580.4809684007755095 -2959.73615502946177 -1613.0660137384415975 8153.2831371686788771 15568
399000000 313.59745839437829318 13085.907604454238026 3487.8082308932253 -2964.8288161522932569 -1621.1865613275485885 8073.8236083730680548 15571
400000000 310.11774506315094868 12940.704874254926835 3646.0402973748359727 -2972.1508316414610817 -1631.4356875854061855 8249.6268166017034673 15579
