# Fix print output for fix saveBond
1000000 257586 257464
2000000 530661 530524
3000000 808915 808796
4000000 1105605 1105488
5000000 1398840 1398711
6000000 1689257 1689133
7000000 1962003 1961882
8000000 2250319 2250191
9000000 2557620 2557503
10000000 2833983 2833872
11000000 3115744 3115613
12000000 3398687 3398573
13000000 3704926 3704774
14000000 4008588 4008423
15000000 4342338 4342201
16000000 4653216 4653086
17000000 4943618 4943487
18000000 5222952 5222834
19000000 5495936 5495814
20000000 5770126 5770000
21000000 6027376 6027256
22000000 6288128 6288002
23000000 6561325 6561203
24000000 6838911 6838775
25000000 7127986 7127849
26000000 7425180 7425066
27000000 7713491 7713359
28000000 7991967 7991841
29000000 8273153 8273038
30000000 8548615 8548466
31000000 8835152 8835014
32000000 9123019 9122899
33000000 9399943 9399813
34000000 9700114 9700001
35000000 9994010 9993889
36000000 10278809 10278695
37000000 10561160 10561021
38000000 10859255 10859115
39000000 11166883 11166739
40000000 11471366 11471239
41000000 11792306 11792148
42000000 12125615 12125467
43000000 12437628 12437483
44000000 12738007 12737852
45000000 13048844 13048717
46000000 13361705 13361568
47000000 13670322 13670193
48000000 13961683 13961573
49000000 14231618 14231499
50000000 14512770 14512648
51000000 14804992 14804875
52000000 15083377 15083264
53000000 15367820 15367691
54000000 15666228 15666091
55000000 15954794 15954664
56000000 16238819 16238674
57000000 16563261 16563112
58000000 16889875 16889751
59000000 17202074 17201939
60000000 17537968 17537809
61000000 17848789 17848654
62000000 18146064 18145932
63000000 18434582 18434453
64000000 18717683 18717555
65000000 19004672 19004561
66000000 19298285 19298164
67000000 19591269 19591141
68000000 19891631 19891493
69000000 20195670 20195519
70000000 20513409 20513286
71000000 20825174 20825048
72000000 21116048 21115922
73000000 21427287 21427152
74000000 21746360 21746217
75000000 22054187 22054070
76000000 22342897 22342767
77000000 22631821 22631696
78000000 22927747 22927610
79000000 23237930 23237805
80000000 23539486 23539346
81000000 23818899 23818784
82000000 24110957 24110826
83000000 24404685 24404542
84000000 24695965 24695824
85000000 24972832 24972715
86000000 25249929 25249807
87000000 25533479 25533343
88000000 25833387 25833242
89000000 26123794 26123658
90000000 26410329 26410208
91000000 26692508 26692370
92000000 26980990 26980853
93000000 27259034 27258898
94000000 27559532 27559396
95000000 27856863 27856748
96000000 28136156 28136019
97000000 28420417 28420295
98000000 28725048 28724914
99000000 29014995 29014868
100000000 29309399 29309252
101000000 29606388 29606265
102000000 29900073 29899941
103000000 30206915 30206774
104000000 30506860 30506734
105000000 30815576 30815427
106000000 31165834 31165681
107000000 31482467 31482334
108000000 31790459 31790325
109000000 32112029 32111876
110000000 32419792 32419671
111000000 32720042 32719908
112000000 33020959 33020851
113000000 33326138 33326011
114000000 33635782 33635642
115000000 33940126 33939993
116000000 34213553 34213432
117000000 34507585 34507460
118000000 34793505 34793388
119000000 35108406 35108254
120000000 35442650 35442525
121000000 35757113 35756995
122000000 36052282 36052166
123000000 36361656 36361515
124000000 36660883 36660761
125000000 36963400 36963271
126000000 37266893 37266745
127000000 37566427 37566290
128000000 37857783 37857642
129000000 38152072 38151949
130000000 38446622 38446492
131000000 38747237 38747114
132000000 39033149 39033022
133000000 39327596 39327491
134000000 39634833 39634680
135000000 39952261 39952117
136000000 40253300 40253151
137000000 40568399 40568269
138000000 40875737 40875610
139000000 41180934 41180784
140000000 41483215 41483074
141000000 41795800 41795674
142000000 42110127 42109992
143000000 42421910 42421784
144000000 42713256 42713116
145000000 43009773 43009640
146000000 43301784 43301660
147000000 43599719 43599601
148000000 43906889 43906749
149000000 44204354 44204218
150000000 44519145 44519004
151000000 44827453 44827330
152000000 45118350 45118208
153000000 45414150 45414043
154000000 45701035 45700895
155000000 45989712 45989575
156000000 46301437 46301292
157000000 46630115 46629980
158000000 46974350 46974225
159000000 47290609 47290470
160000000 47596598 47596461
161000000 47897102 47896964
162000000 48223579 48223418
163000000 48549325 48549195
164000000 48875606 48875457
165000000 49217918 49217778
166000000 49534933 49534785
167000000 49845281 49845127
168000000 50167086 50166953
169000000 50479702 50479553
170000000 50803890 50803746
171000000 51139233 51139096
172000000 51483235 51483073
173000000 51837637 51837498
174000000 52186029 52185867
175000000 52512615 52512487
176000000 52826685 52826534
177000000 53155026 53154879
178000000 53485061 53484925
179000000 53807665 53807527
180000000 54126585 54126433
181000000 54426899 54426770
182000000 54729049 54728919
183000000 55052863 55052727
184000000 55363880 55363760
185000000 55666914 55666792
186000000 55973076 55972932
187000000 56285196 56285064
188000000 56590504 56590356
189000000 56887547 56887420
190000000 57198016 57197875
191000000 57490247 57490122
192000000 57762517 57762387
193000000 58054019 58053895
194000000 58333026 58332898
195000000 58624814 58624703
196000000 58909588 58909455
197000000 59203743 59203598
198000000 59503806 59503681
199000000 59809277 59809145
200000000 60102660 60102528
201000000 60396785 60396683
202000000 60693217 60693091
203000000 60980283 60980156
204000000 61293971 61293833
205000000 61592914 61592778
206000000 61899587 61899456
207000000 62211178 62211049
208000000 62525075 62524948
209000000 62810321 62810182
210000000 63083781 63083682
211000000 63347772 63347660
212000000 63618390 63618273
213000000 63906277 63906160
214000000 64169596 64169472
215000000 64449726 64449582
216000000 64743455 64743343
217000000 65033073 65032955
218000000 65341593 65341459
219000000 65648786 65648649
220000000 65972881 65972734
221000000 66302672 66302516
222000000 66632735 66632589
223000000 66978976 66978803
224000000 67356775 67356616
225000000 67706313 67706164
226000000 68059785 68059627
227000000 68411756 68411618
228000000 68752653 68752502
229000000 69088398 69088244
230000000 69427168 69427012
231000000 69747696 69747558
232000000 70050627 70050480
233000000 70363656 70363515
234000000 70689854 70689718
235000000 71011092 71010940
236000000 71342839 71342699
237000000 71677685 71677541
238000000 72015260 72015141
239000000 72375410 72375233
240000000 72732850 72732686
241000000 73090679 73090535
242000000 73435753 73435606
243000000 73754883 73754739
244000000 74080616 74080465
245000000 74384454 74384337
246000000 74668359 74668239
247000000 74963240 74963092
248000000 75259948 75259831
249000000 75563155 75563011
250000000 75863529 75863387
251000000 76160825 76160702
252000000 76448689 76448572
253000000 76731644 76731517
254000000 77030039 77029902
255000000 77336741 77336597
256000000 77633423 77633276
257000000 77918439 77918331
258000000 78213522 78213394
259000000 78524490 78524335
260000000 78813663 78813530
261000000 79126041 79125882
262000000 79449599 79449446
263000000 79777059 79776912
264000000 80098407 80098256
265000000 80404039 80403904
266000000 80695930 80695805
267000000 80999405 80999265
268000000 81296831 81296708
269000000 81566920 81566798
270000000 81849552 81849444
271000000 82111658 82111538
272000000 82385033 82384902
273000000 82694166 82694025
274000000 82985605 82985484
275000000 83267520 83267414
276000000 83546240 83546103
277000000 83826477 83826360
278000000 84132192 84132072
279000000 84410944 84410815
280000000 84685829 84685701
281000000 84960698 84960590
282000000 85234218 85234087
283000000 85512150 85512014
284000000 85777765 85777663
285000000 86057310 86057168
286000000 86342307 86342166
287000000 86638409 86638271
288000000 86936435 86936291
289000000 87220372 87220260
290000000 87502854 87502730
291000000 87757801 87757688
292000000 88028561 88028458
293000000 88320585 88320440
294000000 88611512 88611374
295000000 88901412 88901292
296000000 89171319 89171204
297000000 89428570 89428447
298000000 89713102 89712960
299000000 89989134 89989026
300000000 90272589 90272471
301000000 90551838 90551713
302000000 90829400 90829296
303000000 91121161 91121028
304000000 91408532 91408407
305000000 91703480 91703342
306000000 92007269 92007140
307000000 92298482 92298356
308000000 92584817 92584702
309000000 92848018 92847897
310000000 93130134 93130030
311000000 93416023 93415888
312000000 93726661 93726528
313000000 94032666 94032546
314000000 94327866 94327747
315000000 94607275 94607175
316000000 94874847 94874729
317000000 95150792 95150672
318000000 95440562 95440433
319000000 95745285 95745162
320000000 96052655 96052529
321000000 96338481 96338359
322000000 96619965 96619859
323000000 96919505 96919389
324000000 97200679 97200555
325000000 97476064 97475933
326000000 97751419 97751295
327000000 98038615 98038518
328000000 98330714 98330591
329000000 98628218 98628083
330000000 98942623 98942477
331000000 99239765 99239642
332000000 99551779 99551623
333000000 99857059 99856930
334000000 100176093 100175970
335000000 100483431 100483299
336000000 100787596 100787441
337000000 101098341 101098201
338000000 101407347 101407221
339000000 101706759 101706641
340000000 102010037 102009904
341000000 102302662 102302530
342000000 102567263 102567153
343000000 102843414 102843301
344000000 103111180 103111062
345000000 103405912 103405774
346000000 103698787 103698656
347000000 104011871 104011733
348000000 104301664 104301559
349000000 104569862 104569738
350000000 104851897 104851777
351000000 105158145 105158013
352000000 105450912 105450787
353000000 105723896 105723756
354000000 106042010 106041881
355000000 106366341 106366190
356000000 106690859 106690721
357000000 106997696 106997573
358000000 107293751 107293643
359000000 107571500 107571377
360000000 107840000 107839864
361000000 108102066 108101947
362000000 108388753 108388632
363000000 108678858 108678726
364000000 108956367 108956255
365000000 109240081 109239948
366000000 109543214 109543073
367000000 109845839 109845703
368000000 110135654 110135538
369000000 110443175 110443031
370000000 110767326 110767179
371000000 111087736 111087606
372000000 111396159 111396008
373000000 111675726 111675603
374000000 111957886 111957769
375000000 112233593 112233453
376000000 112521184 112521055
377000000 112801504 112801360
378000000 113113966 113113841
379000000 113417515 113417378
380000000 113718814 113718690
381000000 114041562 114041428
382000000 114363737 114363598
383000000 114673424 114673286
384000000 114988347 114988214
385000000 115310402 115310264
386000000 115623530 115623411
387000000 115921993 115921854
388000000 116238985 116238834
389000000 116573067 116572917
390000000 116935552 116935392
391000000 117277301 117277136
392000000 117627128 117626969
393000000 117970026 117969878
394000000 118296088 118295959
395000000 118599838 118599719
396000000 118927249 118927102
397000000 119240282 119240168
398000000 119549543 119549398
399000000 119868717 119868594
400000000 120176828 120176684
401000000 120470214 120470070
402000000 120778737 120778616
403000000 121066414 121066291
404000000 121367244 121367118
405000000 121657644 121657520
406000000 121931911 121931787
407000000 122233845 122233710
408000000 122557987 122557842
409000000 122894219 122894072
410000000 123231255 123231110
411000000 123568213 123568062
412000000 123889234 123889116
413000000 124191744 124191607
414000000 124497434 124497293
415000000 124784261 124784127
416000000 125090906 125090774
417000000 125411241 125411107
418000000 125714587 125714465
419000000 125998933 125998803
420000000 126300164 126300036
421000000 126585946 126585819
422000000 126852967 126852862
423000000 127134463 127134306
424000000 127426653 127426523
425000000 127700194 127700069
426000000 127977885 127977755
427000000 128284110 128283963
428000000 128577724 128577580
429000000 128869643 128869512
430000000 129156015 129155861
431000000 129458255 129458126
432000000 129745530 129745412
433000000 130025974 130025837
434000000 130293168 130293062
435000000 130581781 130581652
436000000 130844293 130844180
437000000 131112271 131112140
438000000 131392735 131392642
439000000 131682463 131682332
440000000 131989719 131989576
441000000 132296780 132296643
442000000 132587396 132587281
443000000 132866304 132866189
444000000 133135505 133135396
445000000 133400148 133400021
446000000 133672341 133672200
447000000 133941859 133941743
448000000 134212223 134212118
449000000 134475392 134475269
450000000 134768816 134768705
451000000 135067455 135067308
452000000 135372786 135372669
453000000 135650254 135650133
454000000 135957679 135957550
455000000 136266958 136266854
456000000 136549676 136549548
457000000 136838940 136838811
458000000 137120102 137119988
459000000 137412080 137411956
460000000 137731320 137731195
461000000 138018386 138018274
462000000 138302623 138302486
463000000 138596115 138595974
464000000 138877547 138877407
465000000 139144308 139144196
466000000 139420428 139420288
467000000 139697606 139697490
468000000 139996649 139996510
469000000 140295030 140294900
470000000 140571664 140571556
471000000 140828440 140828325
472000000 141070229 141070124
473000000 141322855 141322730
474000000 141585201 141585082
475000000 141848145 141848035
476000000 142111958 142111835
477000000 142394953 142394836
478000000 142669533 142669419
479000000 142948891 142948748
480000000 143228717 143228600
481000000 143514798 143514669
482000000 143795176 143795040
483000000 144086839 144086713
484000000 144378750 144378622
485000000 144660493 144660376
486000000 144966951 144966792
487000000 145270625 145270502
488000000 145569706 145569551
489000000 145870519 145870375
490000000 146184950 146184809
491000000 146495288 146495158
492000000 146806092 146805956
493000000 147119862 147119703
494000000 147431121 147430985
495000000 147744940 147744819
496000000 148023429 148023318
497000000 148294955 148294840
498000000 148562058 148561934
499000000 148846029 148845907
500000000 149145332 149145196
