# Fix print output for fix saveBond
1000000 237381 237282
2000000 492814 492705
3000000 767642 767512
4000000 1028282 1028162
5000000 1299793 1299659
6000000 1579396 1579273
7000000 1862245 1862127
8000000 2131714 2131598
9000000 2433203 2433067
10000000 2741597 2741466
11000000 3062110 3061963
12000000 3380728 3380570
13000000 3702405 3702262
14000000 4006497 4006380
15000000 4311519 4311384
16000000 4627564 4627424
17000000 4949016 4948853
18000000 5281766 5281639
19000000 5587532 5587383
20000000 5910439 5910293
21000000 6230850 6230705
22000000 6549546 6549421
23000000 6849054 6848908
24000000 7156599 7156446
25000000 7464353 7464230
26000000 7778804 7778673
27000000 8062645 8062536
28000000 8357983 8357843
29000000 8674438 8674284
30000000 8996827 8996704
31000000 9298305 9298161
32000000 9601760 9601624
33000000 9891850 9891723
34000000 10170418 10170283
35000000 10464151 10464014
36000000 10764925 10764770
37000000 11075617 11075470
38000000 11394418 11394280
39000000 11728207 11728050
40000000 12047417 12047269
41000000 12346584 12346455
42000000 12624813 12624696
43000000 12899427 12899291
44000000 13161366 13161230
45000000 13439530 13439397
46000000 13733848 13733711
47000000 14031070 14030951
48000000 14323063 14322932
49000000 14637512 14637374
50000000 14939382 14939244
51000000 15228645 15228525
52000000 15543065 15542918
53000000 15867781 15867628
54000000 16188584 16188456
55000000 16481109 16480976
56000000 16772395 16772256
57000000 17078903 17078787
58000000 17387484 17387343
59000000 17699464 17699349
60000000 18012189 18012050
61000000 18313486 18313353
62000000 18613670 18613531
63000000 18898295 18898178
64000000 19205297 19205156
65000000 19524645 19524499
66000000 19849311 19849188
67000000 20143039 20142909
68000000 20426389 20426276
69000000 20709740 20709613
70000000 20995300 20995179
71000000 21265692 21265573
72000000 21551722 21551587
73000000 21846820 21846689
74000000 22148953 22148826
75000000 22440199 22440070
76000000 22735438 22735302
77000000 23034934 23034809
78000000 23319493 23319374
79000000 23600268 23600149
80000000 23874353 23874217
81000000 24161701 24161586
82000000 24454576 24454442
83000000 24762013 24761870
84000000 25076703 25076595
85000000 25365058 25364938
86000000 25663665 25663525
87000000 25968070 25967953
88000000 26262098 26261985
89000000 26566795 26566663
90000000 26867948 26867811
91000000 27159797 27159656
92000000 27443154 27443044
93000000 27717313 27717179
94000000 28007075 28006955
95000000 28299077 28298935
96000000 28589348 28589215
97000000 28873637 28873527
98000000 29164325 29164190
99000000 29452585 29452427
100000000 29756676 29756547
101000000 30053215 30053083
102000000 30359514 30359382
103000000 30658651 30658534
104000000 30946073 30945942
105000000 31221442 31221316
106000000 31488100 31487987
107000000 31741817 31741708
108000000 32010838 32010710
109000000 32284972 32284850
110000000 32566866 32566739
111000000 32856881 32856753
112000000 33153436 33153297
113000000 33439080 33438961
114000000 33739882 33739763
115000000 34043124 34042986
116000000 34342569 34342437
117000000 34628979 34628853
118000000 34917095 34916972
119000000 35219779 35219652
120000000 35525578 35525433
121000000 35826788 35826653
122000000 36140497 36140370
123000000 36434837 36434726
124000000 36720245 36720134
125000000 36992163 36992033
126000000 37274082 37273979
127000000 37568924 37568797
128000000 37848094 37847961
129000000 38119796 38119663
130000000 38424563 38424429
131000000 38719940 38719835
132000000 39005085 39004952
133000000 39314676 39314521
134000000 39620449 39620323
135000000 39919325 39919197
136000000 40218691 40218554
137000000 40502936 40502816
138000000 40781111 40780981
139000000 41092273 41092136
140000000 41413608 41413479
141000000 41741298 41741138
142000000 42078108 42077957
143000000 42390362 42390224
144000000 42700469 42700334
145000000 43016858 43016736
146000000 43341121 43340979
147000000 43649729 43649598
148000000 43987897 43987758
149000000 44316534 44316371
150000000 44649672 44649527
151000000 44992251 44992111
152000000 45346144 45345954
153000000 45704784 45704630
154000000 46052268 46052117
155000000 46383712 46383579
156000000 46704286 46704153
157000000 47016069 47015938
158000000 47337566 47337419
159000000 47668666 47668498
160000000 48012025 48011876
161000000 48358610 48358460
162000000 48689957 48689820
163000000 49003318 49003180
164000000 49313870 49313725
165000000 49624771 49624639
166000000 49942328 49942196
167000000 50249615 50249481
168000000 50570807 50570666
169000000 50875755 50875615
170000000 51180503 51180370
171000000 51472790 51472667
172000000 51761673 51761557
173000000 52044137 52044007
174000000 52337356 52337216
175000000 52620778 52620644
176000000 52914179 52914051
177000000 53209813 53209688
178000000 53498522 53498411
179000000 53772755 53772638
180000000 54064116 54064008
181000000 54341161 54341028
182000000 54625239 54625120
183000000 54927197 54927064
184000000 55221094 55220941
185000000 55482625 55482505
186000000 55745700 55745562
187000000 56037199 56037065
188000000 56333902 56333779
189000000 56639423 56639283
190000000 56946619 56946462
191000000 57246290 57246162
192000000 57552226 57552086
193000000 57866239 57866092
194000000 58164977 58164852
195000000 58458063 58457905
196000000 58769764 58769638
197000000 59054802 59054686
198000000 59324484 59324377
199000000 59607173 59607057
200000000 59893047 59892915
201000000 60204517 60204389
202000000 60530331 60530187
203000000 60855196 60855047
204000000 61188134 61187972
205000000 61496292 61496177
206000000 61795614 61795471
207000000 62112803 62112651
208000000 62430014 62429895
209000000 62740072 62739930
210000000 63050105 63049987
211000000 63346717 63346569
212000000 63670623 63670512
213000000 63977028 63976900
214000000 64279082 64278948
215000000 64581948 64581794
216000000 64909224 64909055
217000000 65238293 65238173
218000000 65547388 65547260
219000000 65854524 65854382
220000000 66152523 66152388
221000000 66466916 66466788
222000000 66770141 66770000
223000000 67079058 67078939
224000000 67375400 67375278
225000000 67659709 67659585
226000000 67947102 67946981
227000000 68251989 68251855
228000000 68553684 68553558
229000000 68846765 68846647
230000000 69134568 69134428
231000000 69430308 69430187
232000000 69718015 69717897
233000000 70003085 70002958
234000000 70293567 70293439
235000000 70611984 70611829
236000000 70934436 70934292
237000000 71234190 71234067
238000000 71518650 71518532
239000000 71783122 71783004
240000000 72066206 72066061
241000000 72384873 72384723
242000000 72691622 72691480
243000000 73011915 73011774
244000000 73341803 73341660
245000000 73678879 73678719
246000000 74011398 74011259
247000000 74331943 74331807
248000000 74649295 74649171
249000000 74938042 74937908
250000000 75225776 75225663
251000000 75521691 75521556
252000000 75835782 75835639
253000000 76142067 76141928
254000000 76461697 76461566
255000000 76771448 76771321
256000000 77062707 77062572
257000000 77364037 77363902
258000000 77663218 77663098
259000000 77938108 77937985
260000000 78216750 78216632
261000000 78496773 78496656
262000000 78780503 78780380
263000000 79067142 79066987
264000000 79372814 79372686
265000000 79650931 79650820
266000000 79929262 79929116
267000000 80208062 80207927
268000000 80503630 80503509
269000000 80790080 80789940
270000000 81077816 81077680
271000000 81385903 81385767
272000000 81692279 81692137
273000000 81982299 81982173
274000000 82276771 82276629
275000000 82581113 82580974
276000000 82878513 82878382
277000000 83171742 83171632
278000000 83447477 83447356
279000000 83724300 83724175
280000000 83990652 83990518
281000000 84276994 84276860
282000000 84557840 84557705
283000000 84840723 84840600
284000000 85116611 85116495
285000000 85391343 85391230
286000000 85682980 85682845
287000000 85978442 85978314
288000000 86274071 86273938
289000000 86566513 86566382
290000000 86871798 86871633
291000000 87193676 87193554
292000000 87519454 87519329
293000000 87830348 87830208
294000000 88155633 88155495
295000000 88482194 88482069
296000000 88781083 88780955
297000000 89085747 89085625
298000000 89394158 89394008
299000000 89698275 89698143
300000000 89992643 89992506
301000000 90292303 90292181
302000000 90599651 90599514
303000000 90904977 90904850
304000000 91221742 91221601
305000000 91549078 91548935
306000000 91861827 91861689
307000000 92176706 92176567
308000000 92473919 92473803
309000000 92742816 92742695
310000000 93026670 93026530
311000000 93331804 93331676
312000000 93623006 93622881
313000000 93902481 93902337
314000000 94184406 94184262
315000000 94455865 94455749
316000000 94720916 94720797
317000000 94983650 94983514
318000000 95240211 95240092
319000000 95503812 95503694
320000000 95765900 95765784
321000000 96056404 96056267
322000000 96357069 96356942
323000000 96665044 96664905
324000000 96990259 96990107
325000000 97295380 97295259
326000000 97579862 97579727
327000000 97876886 97876754
328000000 98169693 98169552
329000000 98452154 98452030
330000000 98738421 98738275
331000000 99027058 99026932
332000000 99327017 99326879
333000000 99608776 99608647
334000000 99887819 99887708
335000000 100144255 100144127
336000000 100424795 100424675
337000000 100704572 100704465
338000000 100981159 100981037
339000000 101279311 101279186
340000000 101592443 101592296
341000000 101926734 101926569
342000000 102246730 102246568
343000000 102543418 102543286
344000000 102844325 102844194
345000000 103136439 103136328
346000000 103424830 103424687
347000000 103727840 103727690
348000000 104024581 104024456
349000000 104309519 104309407
350000000 104575491 104575384
351000000 104857630 104857486
352000000 105156700 105156565
353000000 105452904 105452768
354000000 105741391 105741267
355000000 106038679 106038566
356000000 106335014 106334863
357000000 106653516 106653386
358000000 106963348 106963223
359000000 107270953 107270803
360000000 107602197 107602038
361000000 107930628 107930473
362000000 108262243 108262087
363000000 108595167 108595023
364000000 108912632 108912487
365000000 109227247 109227115
366000000 109546246 109546096
367000000 109871859 109871714
368000000 110198861 110198723
369000000 110524615 110524466
370000000 110843848 110843707
371000000 111161402 111161261
372000000 111463741 111463596
373000000 111758059 111757919
374000000 112041381 112041268
375000000 112308237 112308148
376000000 112564246 112564138
377000000 112830106 112829992
378000000 113096591 113096481
379000000 113369040 113368912
380000000 113648226 113648091
381000000 113946521 113946364
382000000 114256824 114256680
383000000 114558869 114558730
384000000 114839149 114839026
385000000 115122080 115121966
386000000 115415380 115415263
387000000 115718049 115717920
388000000 116005687 116005584
389000000 116283811 116283669
390000000 116577991 116577869
391000000 116880343 116880187
392000000 117180425 117180288
393000000 117462830 117462677
394000000 117764984 117764868
395000000 118072254 118072123
396000000 118385719 118385574
397000000 118688113 118687965
398000000 118981692 118981552
399000000 119263342 119263214
400000000 119540452 119540348
401000000 119817151 119817015
402000000 120097140 120097015
403000000 120402194 120402062
404000000 120705758 120705641
405000000 120997806 120997670
406000000 121296124 121296001
407000000 121600923 121600784
408000000 121891389 121891262
409000000 122175955 122175847
410000000 122477146 122477016
411000000 122770168 122770044
412000000 123067196 123067060
413000000 123368200 123368056
414000000 123685253 123685111
415000000 123999414 123999260
416000000 124289880 124289761
417000000 124570931 124570816
418000000 124838688 124838576
419000000 125083818 125083705
420000000 125354441 125354329
421000000 125619429 125619302
422000000 125889294 125889187
423000000 126167771 126167641
424000000 126449827 126449712
425000000 126731573 126731459
426000000 127000195 127000069
427000000 127279279 127279156
428000000 127556431 127556290
429000000 127856135 127856009
430000000 128140787 128140676
431000000 128421871 128421739
432000000 128721671 128721551
433000000 129014977 129014869
434000000 129297873 129297755
435000000 129589388 129589263
436000000 129872903 129872782
437000000 130149085 130148977
438000000 130437279 130437147
439000000 130740020 130739870
440000000 131045381 131045251
441000000 131338954 131338814
442000000 131614506 131614388
443000000 131909523 131909392
444000000 132172316 132172213
445000000 132417782 132417678
446000000 132683835 132683707
447000000 132977685 132977531
448000000 133277326 133277200
449000000 133586608 133586475
450000000 133880987 133880879
451000000 134171698 134171569
452000000 134467988 134467869
453000000 134769247 134769097
454000000 135061217 135061073
455000000 135368459 135368310
456000000 135657024 135656892
457000000 135951579 135951449
458000000 136235678 136235555
459000000 136535139 136534992
460000000 136850232 136850085
461000000 137165857 137165725
462000000 137453047 137452920
463000000 137759218 137759085
464000000 138041847 138041726
465000000 138332519 138332406
466000000 138637379 138637238
467000000 138927699 138927592
468000000 139224562 139224427
469000000 139522153 139522026
470000000 139813866 139813734
471000000 140111751 140111616
472000000 140415508 140415362
473000000 140735336 140735218
474000000 141054650 141054496
475000000 141385001 141384852
476000000 141713960 141713829
477000000 142022062 142021927
478000000 142343552 142343426
479000000 142658664 142658526
480000000 142966523 142966383
481000000 143248368 143248247
482000000 143509873 143509757
483000000 143775124 143775012
484000000 144038500 144038367
485000000 144300697 144300586
486000000 144572650 144572526
487000000 144848666 144848538
488000000 145135740 145135618
489000000 145413337 145413219
490000000 145684544 145684425
491000000 145965571 145965416
492000000 146265462 146265327
493000000 146567857 146567727
494000000 146870432 146870300
495000000 147185111 147184975
496000000 147484490 147484366
497000000 147774642 147774517
498000000 148066902 148066779
499000000 148345782 148345662
500000000 148642990 148642866
