# Steps Temp KinEng PotEng Epair Ebond Eangle Bonds
1000000 309.62357083117501588 12920.083794054695318 11487.003307328413939 -960.14818576011964524 3999.5333593765317346 8447.6181337120015087 13942
2000000 307.55916672420255509 12833.939596520658597 11625.271662018882125 -924.31733974141297949 4053.3426647505975779 8496.2463370096993458 13919
3000000 307.14267134774263468 12816.559927559239441 11601.741856819735403 -909.99394418485803726 4043.1198063223823738 8468.615994682211749 13920
4000000 311.39061345783773049 12993.819584720960847 11301.733811083802721 -936.37857660078418576 3850.077256539388145 8388.0351311451995571 13943
5000000 310.71048302163825383 12965.438857107119475 11471.162706116756453 -925.89754390210168822 3960.9340344862985148 8436.1262155325603089 13923
6000000 311.88639511103679069 13014.507739972485069 11429.891219945526245 -943.41611592519075202 3906.1889968539853726 8467.1183390167334437 13940
7000000 309.67266809175856679 12922.132542213937995 11495.775191812132107 -853.72002925797630724 3970.7737272731469602 8378.7214937969620223 13914
8000000 309.86999571434859035 12930.366700265602049 11585.831397447691415 -958.06728868575089564 3998.1931157749913837 8545.7055703584519506 13922
9000000 311.09246705355849372 12981.378424263300985 11514.140829289555768 -923.59936854818056418 3960.4775872523996441 8477.2626105853378249 13929
10000000 308.53349963543053036 12874.596910893002132 11483.977325668796766 -883.02181960688403706 3978.5986209205902924 8388.4005243550927844 13903
11000000 311.33441380288758182 12991.474465293509638 11546.971912713894199 -858.58936009213812213 3969.538613393839114 8436.0226594121922972 13903
12000000 312.44168982551457248 13037.679277663200992 11693.542659302427637 -847.3358606826130881 4092.7355220301374175 8448.1429979549029667 13896
13000000 309.16175143457252261 12900.812828069107127 11492.979982790522627 -931.08611187454641822 3952.4601820038415099 8471.6059126612271939 13923
14000000 314.78057532113706429 13135.277133365920236 11316.80604331075665 -924.1273363659770439 3915.5421971286359621 8325.3911825480972766 13929
15000000 311.4898809801309767 12997.961855616596949 11544.117090975625615 -944.82147646539351626 3988.7919728217057127 8500.1465946193129639 13929
16000000 309.33672832074631742 12908.114326547791279 11517.342828652990647 -916.49184449705524003 3948.568332098744122 8485.2663410513032431 13936
17000000 307.23757108920904102 12820.519938124611144 11328.261378210732801 -894.59410381697512094 3873.9475108728502164 8348.9079711548547493 13933
18000000 312.33533415436568248 13033.241229941162601 11584.145485261526119 -871.28390479845052141 4005.8867655070348519 8449.542624552941561 13924
19000000 310.62614284508305218 12961.919479866643087 11432.684396822982308 -941.68461255158399581 3925.032300088689226 8449.3367092858752585 13937
20000000 308.02460220748173469 12853.36145587248393 11490.824028207331139 -897.13771252772380649 4015.8154940114454803 8372.1462467236087832 13931
21000000 311.86363542974805796 13013.558015800688736 11500.599006056578219 -918.23866242570386476 3999.6717893984441616 8419.1658790838391724 13927
22000000 309.98286084181808064 12935.076376923674616 11466.202003395097563 -961.36659682839945162 3964.7120989826953519 8462.8565012408034818 13944
23000000 311.22639632974801316 12986.96707329993842 11613.346487164959399 -932.36766895112270959 4072.5908553773879248 8473.1233007386945246 13924
24000000 311.5185278531658355 12999.157242644316284 11467.844021913761026 -986.54114577889561133 4027.8228157703288161 8426.5623519223281619 13952
25000000 310.38003320185981693 12951.649728101836445 11436.680775269067453 -966.48839508461992409 3991.7106892140168384 8411.4584811396707664 13951
26000000 310.43816507108090264 12954.075475661769815 11426.304598498227278 -940.43795307753885027 3939.117180322884451 8427.6253712528814503 13957
27000000 308.42040955133268199 12869.877847163781553 11377.311180359251011 -918.49124689611414851 3976.3851794763836551 8319.4172477789816185 13918
28000000 309.14243425680155042 12900.006753923022188 11317.873394692394868 -912.55984186478235642 3901.3220010800000637 8329.1112354771757964 13924
29000000 312.06929717967670967 13022.13994331730828 11298.488572306556307 -928.50133948677648732 3902.6155965862540143 8324.3743152070801443 13936
30000000 306.98731615078315826 12810.077209989740368 11301.47404057057247 -955.9347926417680128 3879.7698250099751931 8377.6390082023644936 13931
31000000 309.96544074368250676 12934.349464799353882 11439.056611811705807 -931.43099917996710246 4004.0614134031579852 8366.4261975885146967 13943
32000000 306.89926192483068235 12806.402851559363626 11449.189094240637132 -906.39510144869086616 3944.1547898437866024 8411.4294058455416234 13940
33000000 309.59737177735257774 12918.990550508016895 11584.44361585624938 -890.79805210299173268 3983.4314646857883417 8491.8102032734532258 13931
34000000 309.5258685219876611 12916.006836934846433 11589.924232819170356 -883.43794749749292805 3915.9379854798035012 8557.4241948368598969 13923
35000000 308.07155002264221366 12855.320511199548491 11509.296444564210105 -833.64942762180112368 3951.9108678447996681 8391.0350043412108789 13911
36000000 308.50228976157791294 12873.294574044759429 11586.316285022436205 -934.39827697746045487 3936.9537000882073698 8583.7608619116890623 13906
37000000 307.21846694532587208 12819.722753533265859 11511.255482270380526 -941.63774671261762705 3971.427971166500356 8481.4652578164968872 13928
38000000 307.55169618866426617 12833.627863325145881 11505.440374726211303 -918.7815874430873464 4008.4230922969691164 8415.7988698723311245 13932
39000000 310.84691744011337278 12971.132041622626275 11563.998206515792845 -915.4727743652421168 4026.4023371835364742 8453.068643697497464 13902
40000000 309.26994304812615155 12905.32748665654799 11471.650235690174668 -918.38274871583575987 3902.4275226298723283 8487.605461776138327 13938
41000000 311.60156886089862383 13002.62240770061544 11567.082220415992197 -927.03680656719313902 4051.7885334137381506 8442.330493569448663 13921
42000000 305.98943038977392916 12768.43707382528919 11495.486694142686247 -984.56162786527863773 3950.4577686601151072 8529.5905533478508005 13933
43000000 309.38967553901386509 12910.323727126829908 11311.16939344794082 -889.93735379899226245 3867.2769542980431652 8333.8297929488871887 13931
44000000 311.10149456181073901 12981.755127376560267 11390.068813408572169 -956.84467879158046344 3950.3283295807068498 8396.5851626194453274 13948
45000000 306.30389136235618253 12781.559014460544859 11291.011578039177039 -929.44414157139499366 3938.8377019191507316 8281.6180176914222102 13927
46000000 308.84072630254706837 12887.416975826230555 11454.401642815042578 -965.6682948580108814 3926.1881090701581343 8493.8818286028945295 13937
47000000 309.11099554201621231 12898.694867917982265 11491.975089557578031 -941.59686387864667267 3998.7132919251062049 8434.8586615111180436 13918
48000000 313.80017179197176347 13094.366502063534426 11379.957497987657916 -921.88975353223258935 3938.4557498490225953 8363.3915016708688199 13930
49000000 308.97531103911069295 12893.032976149252136 11429.172914438786393 -913.99642612551315324 3906.8493448211333998 8436.319995743166146 13942
50000000 310.85244713380279791 12971.362786670979403 11570.906596054699548 -946.06060791630511631 4019.1023234412646161 8497.8648805297398212 13927
51000000 311.08908598889388486 12981.237337980166558 11391.557232700752138 -953.10784047899574034 3909.4410428348387541 8435.224030344908897 13959
52000000 311.58122135802119601 13001.77333977768285 11332.541567944956114 -963.32426255431403206 3933.5313033502634426 8362.3345271490052255 13958
53000000 305.86375089445391495 12763.192674613788768 11482.981189656966308 -978.95593362759996126 3965.2122814812100842 8496.7248418033541384 13940
54000000 308.1316406429114636 12857.827994228153329 11483.327701031510514 -924.79584807542869385 3955.14066333541723 8452.9828857715219783 13934
55000000 311.09932367079204596 12981.664539654851978 11430.671604828528871 -930.39108320755178738 3929.6757333122309319 8431.3869547238500672 13931
56000000 309.75536474331306636 12925.583337851696342 11416.117299260482469 -911.16296895874745587 3956.8291799806356721 8370.4510882385948207 13936
57000000 312.56418071774453438 13042.790621697413371 11719.478638651436995 -950.5583515408563926 4052.2979945559195585 8617.7389956363731471 13932
58000000 310.1030989447143611 12940.093715753815559 11494.890715143705165 -943.27974788362757863 4019.8895157275906058 8418.2809472997432749 13942
59000000 309.70629245483894465 12923.535631737626318 11423.890197255161183 -951.03938247939606754 3991.4998646692647526 8383.4297150652946584 13956
60000000 310.40724608366980419 12952.785277027645861 11256.959440787019048 -983.57248622984809572 3897.3314662863658668 8343.2004607305025274 13957
61000000 310.30613004460275306 12948.565870558810275 11273.87911809464822 -1053.776590205721277 3905.5889905443905263 8422.0667177559789707 13976
62000000 310.78716981495824712 12968.638871217583073 11334.887206359318952 -988.92533179650433794 3960.5028663945995504 8363.3096717612243083 13956
63000000 309.80508595054254783 12927.658122281131 11413.667786986723513 -960.07517747664815033 3988.0173237185208563 8385.7256407448512618 13950
64000000 307.92438643644834428 12849.17961611215469 11498.55661598280858 -944.29301304462501321 3973.8693195448422557 8468.9803094825911103 13943
65000000 308.44758595175130722 12871.011873780964379 11169.535566756891058 -976.72785599342000751 3807.873392521437836 8338.3900302288711828 13953
66000000 310.51283433889949492 12957.191301742022915 11417.157490454104845 -917.47224550405258015 3912.4786061967502064 8422.1511297614088107 13946
67000000 311.57029397633806411 13001.317358062155108 11388.957493619374873 -975.73114559575617477 3982.3864261520930086 8382.3022130630379252 13948
68000000 312.32394338833910297 13032.765911956983473 11528.705968983289495 -896.11546183442851543 3984.1397528624929691 8440.6816779552264052 13923
69000000 307.91208762848725655 12848.66640702733639 11260.857837905499764 -959.86766700287580534 3998.1892111692827712 8222.5362937390927982 13938
70000000 307.68495765061726388 12839.188645568981883 11542.023428538730514 -932.03203182813979311 3965.1316099696819037 8508.9238503971901082 13949
71000000 310.20074712544573003 12944.168414181971457 11485.845920064501115 -913.74175191581662148 3940.2855884873056311 8459.3020834930121055 13918
72000000 309.42324210031563325 12911.724404677099301 11364.778172171667393 -920.72950476288804111 4063.3977259840075931 8222.1099509505474998 13929
73000000 309.66117337324942582 12921.652886463154573 11333.748033705343914 -938.08661977546125854 3899.0383178481847608 8372.7963356326217763 13934
74000000 309.89940029537302735 12931.593705205003062 11600.304023537584726 -944.54058304624106768 3965.0529416942372336 8579.7916648895898106 13923
75000000 311.84927333252448989 13012.958709038968664 11359.330529448565358 -888.8353508101170064 3923.8928159055003562 8324.2730643531795067 13942
76000000 309.49320246097192921 12914.643735784595265 11393.059390910693764 -928.0881844072041531 3951.8917035343920361 8369.2558717835054267 13933
77000000 311.42766629426853342 12995.365738814487486 11585.844273623466506 -937.33363296238837847 4016.8779054195310891 8506.300001166324364 13936
78000000 312.9043428257430719 13056.985028560900901 11559.226852824278467 -903.99940149212579854 4037.1085696742252367 8426.117684642178574 13918
79000000 308.87838571884748262 12888.988441502859132 11361.940059515492976 -969.72396039132809165 3948.1534606585187248 8383.5105592483014334 13933
80000000 311.55732712802057449 13000.776272748924384 11457.200720161970821 -951.17734109144998911 3984.9466414572470967 8423.431419796173941 13954
81000000 312.54564942994056764 13042.017341450706226 11390.811503968470788 -946.25268612164484239 3994.1510347883204304 8342.9131553017959959 13929
82000000 312.92063812466807349 13057.665004658958424 11438.692850696101232 -941.51223920253221422 3910.6749016185381151 8469.5301882800958992 13933
83000000 310.36110104376655272 12950.859720195427144 11460.237560059176758 -974.76037478643900158 3934.1251855578175309 8500.872749287798797 13947
84000000 311.15154069595433839 12983.843470473206253 11538.068851017338602 -920.71027608715485258 4062.4359793670796535 8396.343147737412437 13930
85000000 308.01000634491344954 12852.75239446633168 11485.701554780487641 -929.40450581493621485 3955.6721752163766723 8459.433885379046842 13924
86000000 305.75744845091691104 12758.756847992695839 11467.237290346409281 -922.11480465431395714 3963.1910952402167823 8426.1609997605082754 13926
87000000 307.52575047399170671 12832.545191205686933 11619.77572254270126 -933.14674527505985679 4038.9569365410638966 8513.9655312766990392 13918
88000000 309.1215913999904501 12899.137015692873319 11540.620353517571857 -898.16002294048939802 3959.6572515453708547 8479.1231249126904004 13905
89000000 307.01707775321841609 12811.319112847058932 11388.644250671266491 -920.16309526120824103 3943.4901674968195948 8365.3171784356545686 13925
90000000 312.43740660738717452 13037.500545995693756 11598.455380078286908 -890.44665181046343605 4061.5543314158549038 8427.3477004728956672 13913
91000000 309.64493925415126796 12920.975463298929753 11491.433806611090404 -916.86970243079213105 4030.0818195677602489 8378.2216894741250144 13923
92000000 306.87834825884976908 12805.530158578694682 11613.264643823074948 -907.18094936753914226 3998.5634463718865845 8521.8821468187288701 13908
93000000 310.92612688408485155 12974.4373218073506 11517.228280188446661 -939.37554072719206033 4011.4574914499871738 8445.1463294656496146 13942
94000000 308.06440873714092277 12855.022517068073284 11559.752425982158456 -877.023321751727849 4023.4164204527282891 8413.3593272811558563 13924
95000000 309.99030639376297813 12935.387067594809196 11458.75742342531521 -953.94791662238674235 3935.4989182781350792 8477.2064217695660773 13934
96000000 311.68486678600197592 13006.098293497414488 11580.704411453240027 -923.82636950183268709 4036.6141731278357838 8467.9166078272392042 13924
97000000 312.02584738172544121 13020.32685451125144 11530.164252825681615 -834.3032835434610206 3928.9159159990267653 8435.5516203701154154 13903
98000000 308.33140093930791181 12866.163663767907565 11613.860440627016942 -907.12190727927372791 4025.6232009246491543 8495.3591469816401514 13914
99000000 310.61007162970514628 12961.248854407484032 11528.565388383445679 -908.78039493121104897 3988.3163637120710519 8449.0294196025861311 13917
100000000 310.84700354556019875 12971.135634661699441 11601.667269358775229 -881.17350962539160264 4069.6479667473254267 8413.1928122368408367 13918
101000000 312.57603959665050297 13043.285473264293614 11573.577835458290792 -930.63893505913972604 4039.63635366077051 8464.5804168566610315 13929
102000000 312.21549238800486137 13028.240429584611775 11522.195804230648719 -892.01323735247615332 4037.6385063069133139 8376.5705352762124676 13908
103000000 312.15316547066032626 13025.639629546827564 11530.144619957787654 -924.03385732414778886 3962.9606956350180553 8491.2177816469156824 13918
104000000 310.48131380889856246 12955.87600172222119 11302.449610070245399 -855.4034902842520296 3917.6715098274044067 8240.1815905270923395 13929
105000000 314.66428242308717245 13130.424421463449107 11430.175609706297109 -867.21772314426561934 3914.4871024279591438 8382.9062304226044944 13919
106000000 312.81622914820667347 13053.308189313434923 11531.614603103280388 -906.88611862448715328 3978.82231229360832 8459.6784094341601303 13919
107000000 310.47594604217806591 12955.652013620703656 11462.159988822084415 -896.5847158955436953 3946.6675532847925751 8412.0771514328371268 13937
108000000 313.50176111299919057 13081.914313856361332 11484.369962388740532 -913.38872530692492546 4003.9643098035967341 8393.794377892068951 13936
109000000 304.26782821453696215 12696.597438669681651 11516.718815604384872 -927.87467585654258073 3994.6833698083401032 8449.9101216525887139 13927
110000000 310.43194036573754602 12953.815728916992157 11545.255672905452229 -904.32123063697895304 3987.5466481685170947 8462.0302553739147697 13914
111000000 308.58042015782854151 12876.554827337849929 11427.718093495634093 -930.60992195562948837 3961.0585748793164385 8397.2694405719448696 13947
112000000 310.64064174694340181 12962.524495261481206 11347.786154043062197 -962.99002895937587709 3941.4150415061994863 8369.3611414962379058 13933
113000000 311.33675246641206513 12991.572053886720823 11553.239341282001988 -968.08691754021026554 3974.0338395856033458 8547.2924192366099305 13945
114000000 309.65593678634257913 12921.434372280109528 11303.620111750260548 -920.31659216443017613 3911.8491796683292705 8312.0875242463607719 13938
115000000 309.41330209961859055 12911.309624750705552 11405.17121156864232 -939.28630113979920679 3962.2413085351827249 8382.2162041732590296 13926
116000000 311.85447195790067099 13013.175639149598283 11416.138590012715213 -907.79338547661097891 3996.3296531408027477 8327.6023223485244671 13926
117000000 310.38246923176387781 12951.751379634375553 11534.804094752071251 -900.57376118466345361 3995.5841712465812634 8439.7936846901538956 13910
118000000 308.31530093804786929 12865.491837121100616 11394.045533328790043 -959.02208776516999933 3990.1021310782357432 8362.9654900157256634 13925
119000000 310.45186400253123793 12954.647109603436547 11569.369210093034781 -964.66822337422354394 3958.3140476997068617 8575.723385767551008 13908
120000000 312.53380344136411395 13041.523027776134768 11527.412697329411458 -942.19238359637915892 4012.818005643538072 8456.787075282252772 13930
121000000 310.16768622030349434 12942.788836833909954 11425.372510416693331 -893.43660886586792458 3927.5106010636691281 8391.2985182188931503 13920
122000000 311.03724678316103791 12979.074172946937324 11486.185529810323715 -899.91337778635408995 4018.4212564934746297 8367.6776511032039707 13908
123000000 309.43626651602085076 12912.267892183002914 11577.346794555907763 -904.18356048098917199 3988.4228614535941233 8493.10749358330213 13923
124000000 313.39620909499421941 13077.509801261940083 11583.255191738106078 -893.06308727639907374 4062.2762449595784346 8414.0420340549280809 13926
125000000 309.21497169572069197 12903.033622279735937 11517.695275600937748 -948.57625741625702176 3944.0068471603317448 8522.2646858568641619 13930
126000000 310.74225706819942161 12966.764735957183802 11417.147785824494349 -965.30432689259419021 3944.696781094947255 8437.7553316221419664 13935
127000000 311.87557201964040132 13014.056110119574441 11398.958358204556134 -906.70475592832758593 3895.1779611803085572 8410.4851529525749356 13939
128000000 310.35073515600709015 12950.427168700422044 11425.664819109224482 -901.21554476913468079 4003.0823719125182834 8323.7979919658428116 13926
129000000 308.11390597766984456 12857.087955734423304 11497.088706830287265 -878.81683510642096735 4022.5459473840674036 8353.3595945526394644 13914
130000000 308.70550254940252444 12881.774310389346283 11358.045093690790964 -859.96140607214510965 3987.1735795476370185 8230.8329202152999642 13924
131000000 309.56242087219601444 12917.532106559165186 11456.109660558753603 -864.46143235427393847 3917.2675345687275694 8403.3035583443015639 13917
132000000 308.81430202890896908 12886.314334226030041 11423.666038342849788 -861.14387166957010322 3986.4629135412360483 8298.3469964711839566 13909
133000000 308.65219621619564805 12879.549924532875593 11611.285725451296457 -893.49285118873604006 3992.6738921883670628 8512.1046844516677083 13897
134000000 308.69242847164616705 12881.228750567499446 11572.888466200605762 -895.90167088294310815 4038.8026465918746908 8429.9874904916759988 13922
135000000 309.01238265713300279 12894.579913967789253 11368.187654511060828 -924.24128710389413754 3898.6286208106635058 8393.8003208042919141 13939
136000000 309.13396793831469722 12899.6534683382597 11395.261353798210621 -929.58999064527802147 3947.9085364515476613 8376.9428079919416632 13935
137000000 306.58042294960796426 12793.098224054327147 11602.350195122005971 -881.87131295055155533 4037.8291376894649147 8446.3923703830932936 13897
138000000 310.75457929938420421 12967.278922454710482 11551.663472527619888 -879.07558985931018469 4013.6048760942585432 8417.1341862926728936 13918
139000000 309.99570737667670528 12935.612441753593885 11377.421119973541863 -927.04877101189322275 3910.4121630487620678 8394.0577279366734729 13922
140000000 309.71419382293612443 12923.86534286920687 11524.734728679399268 -893.94865359880748201 4001.7821724662044289 8416.901209812003799 13939
141000000 310.95378456671141976 12975.591431541713973 11303.95504165350394 -894.49496690859336923 3927.1413654426523863 8271.3086431194460602 13927
142000000 310.69023144975983541 12964.593792227440645 11567.924793671116277 -922.53804391714038502 4040.8950103101342393 8449.5678272781224223 13918
143000000 309.56196062171528638 12917.512901061465527 11510.654188921012974 -914.94160477334753523 3946.1205854208919845 8479.4752082734685246 13922
144000000 309.6695264579598188 12922.001446988140742 11541.951805670229078 -845.49673691742952997 3995.642102767794313 8391.8064398198657727 13914
145000000 310.04193527756768844 12937.541456238928731 11562.167202505012028 -902.57791116422583855 4020.1311730135266771 8444.6139406557122129 13936
146000000 310.0460334084221472 12937.712464518099296 11586.614293730148347 -937.41470239778959694 4033.2103042187682149 8490.8186919091695017 13915
147000000 311.72930534599760222 13007.952641721902182 11599.758067230894085 -884.9920618510359418 3956.4978855579993251 8528.252243523929792 13910
148000000 307.77566938788453399 12842.973897587913598 11727.002994096881594 -874.66800549305480672 4075.3572241019087414 8526.3137754880281136 13908
149000000 310.29798077427352609 12948.22581487367097 11575.949518965824609 -885.20765671917877171 3959.1939658005831006 8501.9632098844213033 13908
150000000 308.51492870128515733 12873.821976269491643 11540.363147068699618 -870.18394706578601472 4018.28795188058848 8392.2591422539007908 13930
151000000 308.60127856705628346 12877.425214544837218 11354.087988677918474 -882.95857398334874233 3938.9033657406216662 8298.1431969206460053 13920
152000000 311.1451741241649529 12983.577803874313759 11608.285934794355853 -981.17077892827546748 3973.6461524308933804 8615.8105612917388498 13931
153000000 310.83226808156331344 12970.520747916891196 11527.071106244358816 -882.19188881994978146 4038.9257293638074771 8370.3372657005020301 13918
154000000 310.5926437238415474 12960.521616479480144 11588.816659323703789 -889.49593197822264301 4078.5442408328781312 8399.7683504690485279 13922
155000000 305.35871421315817997 12742.11832221905388 11454.205617434929081 -841.21556177051456871 4033.0158997904181888 8262.4052794150265981 13911
156000000 314.77408930576916646 13135.006482582397439 11604.855873079293815 -942.40849561467985041 4063.9319833656800256 8483.3323853282927303 13918
157000000 307.61877949078501615 12836.427139498646284 11266.338203542125484 -897.28760637825098456 3920.4584729331340895 8243.1673369872405601 13925
158000000 307.06243294665711119 12813.211710681747718 11524.012795635764633 -899.69702236777311555 4027.5674620155314187 8396.1423559880058747 13915
159000000 310.78736897771091208 12968.647181952603205 11569.497205755091272 -925.03911314016045253 4067.2687404789294305 8427.2675784163220669 13915
160000000 306.52973193840983868 12790.982971295867173 11518.658501226625958 -924.59908942995411962 4068.4050614611674064 8374.8525291954101704 13915
161000000 310.19189865025708741 12943.799181824822881 11612.193354357998032 -888.3981139984323363 4017.2368069439112332 8483.354661412518908 13898
162000000 307.88007530852979698 12847.330585419240379 11417.627307582515641 -936.40509170499444735 3961.8089854932195522 8392.2234137942905363 13926
163000000 310.39021289539743975 12952.074510017344437 11489.427939755201805 -902.31701679916011472 3966.716563470298297 8425.02839308406692 13921
164000000 312.01801141331350209 13019.999872401273024 11444.268889178965765 -873.2969870974816331 3942.6816740171648235 8374.8842022592816647 13931
165000000 309.95518950738050989 12933.921697521627721 11421.912136348368222 -886.10814413763682751 4005.2635983519435285 8302.7566821340606111 13922
166000000 310.96491613086737971 12976.055933456951607 11555.80532024247259 -897.1998341710935847 3979.0409533709062089 8473.9642010426596244 13913
167000000 311.04468178280569646 12979.384423287890968 11587.94075773269833 -877.9815818486210901 4014.8058852595900134 8451.1164543217309983 13921
168000000 314.00473674605632368 13102.90266208844514 11555.477723437223176 -905.1249124694220427 4027.1108154727917281 8433.491820433853718 13922
169000000 309.85610649253806059 12929.787125819300854 11524.350884669132938 -942.49957466113096416 4018.0661913409544468 8448.7842679893074092 13932
170000000 310.82437790895073704 12970.191503954520158 11477.327725440423819 -938.21658446530807396 3978.4492529309800375 8437.0950569747510599 13928
171000000 309.59566406965330998 12918.919290666555753 11440.855145819674362 -923.50594742854264041 4017.312621255785416 8347.0484719924297679 13938
172000000 312.46345104280271698 13038.587337569844749 11514.365449452157918 -876.19487931700371064 4031.5051897623279729 8359.055139006833997 13912
173000000 309.06456809603406555 12896.75752674326759 11530.566072511455786 -878.76893880408442783 3947.0608087229720695 8462.2742025925690541 13916
174000000 305.98566566150793733 12768.279977889318616 11218.60399063807381 -936.53136469965647848 3928.9034038344452711 8226.2319515032831987 13953
175000000 309.93690000502084558 12933.15850658495583 11427.662777282032039 -942.94537210866224086 3944.9154297260311068 8425.6927196646629454 13940
176000000 306.26601214905889492 12779.978377015728256 11525.626448891143809 -939.13554370470228605 3953.0390866604802795 8511.7229059353667253 13947
177000000 311.0084691638245431 12977.873330090487798 11563.276163816739427 -898.67234742967184502 3945.4709391305304962 8516.4775721158821398 13940
178000000 310.093336269442716 12939.686335326590779 11492.515610996440955 -893.22150014084058967 3940.5799922579744816 8445.1571188793077454 13924
179000000 310.12894959634070347 12941.172421048268006 11490.410344124691619 -882.91122787404447081 3951.1783271659815 8422.1432448327523161 13928
180000000 312.2844963965372358 13031.119853686499482 11517.218786177076254 -888.33019801325190201 3991.4129710745273769 8414.1360131158016884 13913
181000000 308.73877241576758479 12883.162607346517689 11540.136974586836004 -917.37962905910876543 3981.3331287723081005 8476.1834748736364418 13945
182000000 313.24146111101532597 13071.052421694224904 11399.875210510255783 -940.14907310151420461 3971.8746660444307963 8368.1496175673382822 13943
183000000 309.87908362016526098 12930.745923670165212 11569.37633447909684 -914.19229471965218181 4001.8969408499788187 8481.6716883487715677 13941
184000000 307.64605142797012149 12837.56515270840282 11502.585249865467631 -952.55672520430925942 4040.2552310763076093 8414.8867439934692811 13933
185000000 314.51713848369530524 13124.284346204880421 11443.292965618245944 -923.27659717667938821 4005.1834454946879305 8361.3861173002369469 13935
186000000 313.48631817015058232 13081.269905179415218 11417.026432469159772 -936.42324833433576714 3999.2586031945229479 8354.1910776089716819 13957
187000000 307.23260380053767449 12820.312661315256264 11459.444087695632334 -968.43664386157456647 4003.2350345119652957 8424.6456970452418318 13935
188000000 310.69194173761547972 12964.665159734595363 11460.509442093378311 -934.83689886645856859 4001.589386408790233 8393.7569545510450553 13942
189000000 310.28248831503680094 12947.579339959060235 11409.89511405144367 -920.16669476429467522 3919.5995415428897104 8410.4622672728473844 13942
190000000 311.95258191772825285 13017.269606862073488 11418.581880834004551 -911.9518505548990106 3918.6888346694640859 8411.8448967194399302 13921
191000000 308.22668870378049633 12861.794193918938618 11427.650308932141343 -890.12295298299704882 3968.5978981702014607 8349.175363744936476 13928
192000000 312.59502774246755052 13044.077817446590416 11358.808940895532942 -855.91345015353795134 3959.289357217559882 8255.433033831512148 13949
193000000 309.13507323945685812 12899.69959074210783 11484.158857978280139 -903.50087456050141554 4006.0197671347364121 8381.6399654040469613 13932
194000000 308.65534651219365969 12879.681381218040769 11526.364976340762951 -880.17804393038568378 4004.9169369763417308 8401.626083294806449 13922
195000000 311.40608994461035763 12994.465393130840312 11514.318346827692949 -958.87005326711982889 3953.7892700342194985 8519.3991300605921424 13945
196000000 310.86178956857480671 12971.752631151393871 11591.910395217440964 -881.69511592766559716 3985.3716647091951018 8488.2338464359108912 13921
197000000 308.91910047031387876 12890.687401304880041 11600.142131256339781 -904.55017040457858002 4055.8646124524620973 8448.8276892084559222 13927
198000000 313.0956312439489011 13064.967180518573514 11519.973840716369523 -930.67050443454013475 4043.0072183472493634 8407.6371268036618858 13952
199000000 309.40539744414542156 12910.979776442316506 11477.611128129407007 -968.16318479126664442 3993.026028564752778 8452.7482843559191679 13961
200000000 305.87337186688586144 12763.594142013920646 11410.221361184689158 -921.90560641541787845 3914.025159956864627 8418.1018076432446833 13929
201000000 310.41155880742849149 12952.965239916755309 11643.439706286037108 -897.00136110568848835 4019.7693500418886288 8520.6717173498363991 13938
202000000 309.56888179375926029 12917.801710219377128 11543.913429261014244 -914.13616678079677058 4004.6164315522569268 8453.4331644895537465 13935
203000000 315.86690074653898819 13180.607711674694656 11331.260386379250122 -868.68467705004354684 3927.9397705790524924 8272.0052928502427676 13940
204000000 310.5752781840053558 12959.796980983512185 11248.026633140943886 -884.38678201781499411 3890.8439491958506551 8241.5694659629061789 13933
205000000 313.20145660020483547 13069.383099069902528 11765.195505971878447 -923.28322424404188951 4117.8883150565616234 8570.5904151593585993 13929
206000000 309.9946638051364971 12935.568895224792868 11432.915636880878083 -970.06443370062754639 3969.2384727974808811 8433.7415977840264532 13918
207000000 309.13228907763999587 12899.583412235821015 11476.308827835951888 -906.74238698223291522 4001.5219337846947383 8381.5292810334904061 13910
208000000 309.14400486096519671 12900.072292658807783 11552.739406137887272 -954.22167486703165196 3992.2897752228432182 8514.6713057820743416 13931
209000000 309.93476194645467103 12933.06928890763993 11309.916711001704243 -979.71947909136281396 3885.5712105490993054 8404.0649795439676382 13951
210000000 309.41253291590027175 12911.277527975686098 11568.898085836488463 -952.28657933166959992 4005.7468120079538494 8515.4378531602051225 13930
211000000 309.9707330837684367 12934.570305471119354 11615.8910339562226 -933.314531126684642 4042.4785647837425131 8506.7270002991645015 13947
212000000 309.86789417467412022 12930.279006461742028 11490.901073048349645 -883.53049438230937085 3995.7634523950655421 8378.6681150355925638 13927
213000000 307.64830491079101193 12837.659186850558399 11466.842967428401607 -935.20032703581478017 3958.7887848742557253 8443.2545095899604348 13931
214000000 307.39590885679712073 12827.12711347469849 11540.089609736487546 -1023.194079776998251 4026.3776991399677172 8536.9059903735178523 13921
215000000 311.52290266435119293 12999.339796339909299 11531.320078241289593 -858.50988280986393875 4016.8770700057957583 8372.9528910453591379 13924
216000000 313.03184509226883847 13062.305489025273346 11484.845196659676731 -964.13694122790764141 4003.3987170291197799 8445.5834208584619773 13934
217000000 307.03173121939511248 12811.930577957315109 11482.163013438319467 -889.20620751370552171 3930.7725901691965191 8440.5966307828275603 13911
218000000 311.83743650887083732 13012.464777801595119 11484.591185737586784 -893.60850210469106969 3971.8362245061389331 8406.3634633361398301 13939
219000000 308.66037052243325434 12879.891024925409511 11438.50616091376105 -976.66433186817801015 3968.5083019707390122 8446.6621908112010715 13913
220000000 310.18723889993799503 12943.604738086511134 11575.500549876865989 -899.20568441624936895 3965.3214676443499229 8509.3847666487672541 13905
221000000 307.48016234405872638 12830.64287331313426 11551.203783673154248 -908.0202365952142145 4041.0476074993689508 8418.1764127690003079 13920
222000000 312.86356634993200032 13055.283493103212095 11459.382862607779316 -935.89332976316484292 4044.0439664404316318 8351.2322259305128682 13940
223000000 312.00190952206764905 13019.327966888457013 11359.807159883454005 -884.95616632318001393 3956.4858865683791009 8288.2774396382556006 13930
224000000 313.21550192508857435 13069.969187441422036 11381.904096231153744 -889.82882071288361203 3962.5202072352444702 8309.2127097087923175 13937
225000000 309.83613842337092592 12928.953891042787291 11545.379619292059942 -948.92603948547389336 3982.6895704186667899 8511.6160883588654542 13921
226000000 310.13659826783543849 12941.491587565080408 11393.998606737543014 -959.65113482934339117 3955.7742579165687857 8397.8754836503176193 13940
227000000 307.38434270069558352 12826.644476750350805 11358.366173200116464 -946.62886270554633938 3911.276491721730963 8393.7185441839337727 13950
228000000 307.31732027075298674 12823.847740673007138 11241.274621223499707 -1000.7387302041262274 3889.9598139697127408 8352.0535374579121708 13945
229000000 309.60041052592595179 12919.117352502102221 11500.633895824517822 -983.6280851187729013 4010.9357786911714356 8473.3262022521175822 13942
230000000 310.32077957363975429 12949.177171378683852 11485.813944511115551 -900.48766143420948538 4012.4393939185256386 8373.8622120268009894 13925
231000000 312.31953851331616079 13032.58210374675582 11395.220659132184664 -926.05810050774550746 3915.5368136519055042 8405.7419459880256909 13932
232000000 306.34440447472968572 12783.249560193929938 11437.516871556956175 -900.62803140780033573 3923.1582179472984535 8414.9866850174566935 13922
233000000 311.59589260273020273 13002.385546756933763 11548.381684896663501 -856.1715857192165231 3982.5673411726002087 8421.9859294432808383 13905
234000000 310.42437703946018246 12953.500123716125017 11455.223079477396823 -837.02748832827614933 4000.2971816598901569 8291.9533861457821331 13917
235000000 308.44276288239797168 12870.810615007214437 11424.338488673402026 -960.80186044877689255 3899.1160657442251249 8486.0242833779557259 13942
236000000 310.70634564358039142 12965.266211106520132 11471.212308734215185 -1007.3164023025408369 3963.8227527930080214 8514.7059582437468634 13944
237000000 309.35088367079083582 12908.705006088815935 11382.066944965263247 -919.35988295148843008 3946.2430110385535045 8355.1838168781978311 13926
238000000 311.00582476754271966 12977.762983770748178 11427.725965149194963 -910.35223310355365811 4003.7287436318993059 8334.3494546208494285 13929
239000000 308.75286222391673618 12883.750551931745576 11529.606727801397938 -938.05273406869469 4010.6700112478761184 8456.9894506222190103 13926
240000000 306.96783334979426172 12809.264224658410967 11702.196010322026268 -889.60589484559341145 3981.7841010712108982 8610.0178040964092361 13917
241000000 309.53633962087741338 12916.443778717761234 11446.956426505317722 -886.69482653369402669 4100.7893776561304549 8232.8618753828814079 13945
242000000 304.05168386555277493 12687.578089487089528 11467.476385838417627 -856.92598713709571712 4005.9541622627411925 8318.4482107127696509 13908
243000000 311.64950055016475972 13004.622518480446161 11437.345648588239783 -886.87662714291332122 3938.1407574876484432 8386.081518243503524 13920
244000000 313.06827351008070082 13063.825587153947708 11398.118238615621522 -961.37980357386641117 3974.0393066644355713 8385.458735525051452 13932
245000000 309.22765711404855438 12903.562963981075882 11394.690509794942045 -883.796282244744134 3900.3706371749453865 8378.1161548647396557 13925
246000000 309.22290225294011634 12903.364551425514946 11550.111315120520885 -954.41126177076250769 4074.3607017473127598 8430.161875143970974 13934
247000000 314.0751445509352493 13105.840664309494969 11556.940340096418367 -888.24692341145714636 4028.4232192018153 8416.7640443060608959 13949
248000000 312.80802344409471516 13052.965778739100642 11325.893121325327229 -903.95153316956066192 3900.6482096638615076 8329.1964448310263833 13916
249000000 309.60615855919775186 12919.357208503126458 11472.017415089241695 -890.33719281139917712 3961.9452986916503505 8400.4093092089897254 13938
250000000 310.69543254921796915 12964.810825577453215 11532.526518261469391 -976.44207451952979682 4001.607130912933826 8507.3614618680658168 13932
251000000 308.76105423025217078 12884.092390920332036 11439.569556048980303 -930.0451112475550417 3985.8482907181478367 8383.7663765783872805 13922
252000000 310.51044104434089377 12957.091433485358721 11437.656811253200431 -929.06903732009232044 3899.2980317332867344 8467.4278168400051072 13943
253000000 310.82734868381800197 12970.31546951733435 11419.17572484104312 -900.34943815535677913 3984.2240667210589891 8335.3010962753414788 13910
254000000 310.56630955248641612 12959.422734699768625 11507.86616093014527 -939.04022955289804031 3981.9161528185113639 8464.9902376645331969 13917
255000000 309.77633133400019005 12926.45823929355538 11614.966638335612515 -837.81153353862134736 4001.9293885868046345 8450.848783287428887 13912
256000000 303.90012348252906804 12681.25372327921832 11469.846301107532781 -886.78209102858113511 3978.8142013554088408 8377.8141907807039388 13925
257000000 309.73325434507671616 12924.660707196781004 11518.346683780666353 -911.5814126481124049 3918.7076448291400084 8511.2204515996381815 13945
258000000 308.12869842567079104 12857.705220328260111 11397.249680740944314 -892.24097519301142256 3938.284810571172784 8351.2058453627814743 13934
259000000 307.37291149607568741 12826.16747132999626 11445.037487862278795 -913.35989300267510771 4001.2619149531701623 8357.1354659117841948 13933
260000000 303.99637707114726481 12685.270227665776474 11340.480187133174695 -922.00896668551354196 3984.4713146630210758 8278.0178391556673887 13936
261000000 309.88353799132909216 12930.931797273173288 11587.870292625500952 -883.99306776559740229 4023.6193598869162997 8448.2440005041826225 13925
262000000 312.53414759782225474 13041.53738886067913 11534.279172339425713 -898.53769109277368443 3975.3530085086813415 8457.4638549235187384 13929
263000000 310.79378642702823754 12968.914971587291802 11466.803308847795051 -963.50008508200778579 4033.5356277138675978 8396.7677662159367173 13929
264000000 306.17610636537392566 12776.226756117934201 11459.84850668724539 -873.63816305460534295 3977.2692991677954524 8356.2173705740533478 13940
265000000 308.75172704886722386 12883.70318293874152 11493.416725265360583 -937.7869550768245972 3905.2060766126523959 8525.9976037295346032 13941
266000000 308.71398266525949339 12882.128171715734425 11567.475600928450149 -876.10006545970077241 4011.416171236176524 8432.1594951519764436 13905
267000000 305.23636167498347049 12737.012751472651871 11585.149809990023641 -937.21676470474653797 4010.7603834320334499 8511.6061912627355923 13930
268000000 313.91268325101162873 13099.061420718093359 11686.187740889901761 -869.11956119001229126 4005.7530624112773694 8549.5542396686360007 13913
269000000 308.94196888039567739 12891.641662550884575 11638.370072358924517 -940.59612540123680446 3968.4193231468093472 8610.5468746133501554 13923
270000000 308.50910089684879267 12873.578791548601657 11299.545181448942458 -919.2730940989976034 3895.3740175828475003 8323.4442579650931293 13940
271000000 308.04570412630465626 12854.242004335495949 11481.988069255770824 -943.19547002998740481 3945.9169404451813534 8479.2665988405751705 13910
272000000 309.41743912763422486 12911.482256144618077 11364.817544116111094 -959.83960921091136242 3972.5737514232532703 8352.0834019037683902 13947
273000000 310.99432486696446176 12977.283111780719992 11531.454197564216884 -891.47963075271900379 3977.2529961629929858 8445.6808321539429016 13894
274000000 311.64344801194755519 13004.369955987469439 11412.497582976146077 -958.50915176616365443 3939.9867855067068376 8431.0199492356041446 13946
275000000 310.01253243851908792 12936.314523989323789 11468.744080347811177 -953.74233844878233413 3985.3437295591215843 8437.1426892374729505 13950
276000000 308.49296951966368852 12872.905655635902804 11458.316404396528014 -907.24070563447048698 3941.5079452928703176 8424.0491647381277289 13941
277000000 309.45137702146166703 12912.898428792155755 11517.505408832659668 -945.70581627315675632 3966.2539030675429785 8496.9573220382735599 13951
278000000 309.33426545432149624 12908.011555171255168 11364.702862935188023 -957.74613310574875413 3925.058762294999724 8397.3902337459367118 13928
279000000 313.04302688011074451 13062.772086692551966 11365.623557006721967 -991.94889258510738728 4015.6468774904265047 8341.9255721014033043 13949
280000000 311.28377751298631892 12989.361495965018548 11132.151739891738544 -954.92500555335004719 3870.1125598846256253 8216.9641855604622833 13944
281000000 306.14383687407445223 12774.880203171524045 11518.541143096481392 -923.87467113331808832 3975.0214135322698894 8467.3944006975289085 13924
282000000 312.78253632383490412 13051.902243012340477 11415.603982603763143 -949.41982908843328914 3961.1235345835721091 8403.9002771086234134 13944
283000000 311.0681056027119098 12980.361860874934791 11643.456977580959574 -889.95939226796019739 4069.4154844072240849 8464.0008854416955728 13914
284000000 310.50078400285406133 12956.688460982722972 11528.953737232890489 -830.62445919782248893 4033.9192849772862246 8325.6589114534253895 13899
285000000 310.69608996339684381 12964.838258392905118 11668.050516930561571 -862.12289097486427636 4022.6655719572668204 8507.5078359481594816 13906
286000000 313.13950473631814475 13066.797949397785487 11742.424394847115764 -904.58930955676271424 4112.4435559821677089 8534.5701484217097459 13913
287000000 310.17608924252192537 12943.139481169202554 11308.69198780629813 -935.68840102139279225 3867.6369090142725327 8376.7434798134181619 13939
288000000 311.66127741467158785 13005.113947720961733 11323.660641366579512 -898.95325956202827911 3911.8515937796360049 8310.762307148972468 13934
289000000 309.93371053390751513 12933.025415186479222 11538.139537804589054 -960.3834033391660796 4107.7497577702124545 8390.7731833735415421 13929
290000000 312.6925480930412391 13048.147181731923411 11548.87951123336461 -955.22886392922657706 4040.7306257062764416 8463.377749456314632 13928
291000000 308.23011623002497572 12861.93721896759962 11516.59555489176455 -928.8835611324753927 3977.5074191620878992 8467.9716968621523847 13925
292000000 309.90728105305748841 12931.922556297866322 11565.772843633993034 -905.85883885529517556 4054.9922897302453748 8416.6393927590434032 13930
293000000 312.61992751692872616 13045.116844196485545 11433.999168723150433 -953.04443637201597994 3972.5037744456822111 8414.5398306494862481 13939
294000000 310.21589505557057009 12944.800512461808466 11459.536372739134094 -914.2137846475330889 3916.4260491087879927 8457.3241082778804412 13930
295000000 311.04266801234882678 12979.300391949531331 11591.282811380122439 -922.04229845615486738 4095.3943304984913993 8417.9307793377865892 13926
296000000 312.58988103595623897 13043.863053825038151 11493.144678010788994 -916.75196472296670436 4027.3718919590764926 8382.5247507746789779 13930
297000000 310.7042863532985848 12965.180280300523009 11478.598992544146313 -923.98238735703932889 3973.5858306588170308 8428.9955492423687247 13940
298000000 309.12916598820612535 12899.453090835955663 11529.455603416761733 -939.10147215917925223 4026.7133052988242525 8441.8437702771152544 13916
299000000 312.04944946144547657 13021.311730587960483 11470.760308913200788 -875.82476313365327769 3925.6062159398275071 8420.9788561070254218 13924
300000000 310.7615019991719123 12967.567795362861943 11630.48101920211775 -921.61762102048191991 4089.2056780543689456 8462.8929621682309516 13931
301000000 312.30232469175837196 13031.863799205711985 11438.18581921815894 -957.11705145894359248 3994.7700656617134882 8400.5328050153893855 13953
302000000 306.86995186039990813 12805.179790642398075 11287.136688460745063 -912.79524802421485674 3931.6372845838318426 8268.2946519011275086 13939
303000000 307.5402612103613933 12833.150700435189719 11421.143499613659515 -889.29588417906711584 3912.5944056308508152 8397.8449781618764973 13939
304000000 310.11508047366248775 12940.59368530579377 11357.105425577818096 -951.01493075317262083 3970.1754171926168056 8337.9449391383750481 13953
305000000 308.24113099412687689 12862.396847008147233 11374.304247403648333 -943.75895542124385429 3882.5189530347142863 8435.5442497901767638 13948
306000000 314.60136303759105658 13127.798898701412327 11477.216901790656266 -873.47951939489246342 3962.0639411928550544 8388.6324799926915148 13927
307000000 310.87999850468770546 12972.512460190726415 11394.858440996604259 -935.01238718500962932 3875.619686277317669 8454.2511419042966736 13950
308000000 309.75936164259491079 12925.750121903372929 11464.39992505130067 -952.60422929616311194 3987.2406751509124661 8429.763479196550179 13922
309000000 309.47007689464686564 12913.678743830323583 11500.711894757807386 -851.11522950699986723 4024.1682475642501231 8327.658876700555993 13915
310000000 308.42347912250187392 12870.005935334238529 11387.609874406360177 -887.16749009906038737 3912.2647465337681751 8362.5126179716517072 13919
311000000 307.2351328883268593 12820.418196000717217 11452.499379060478532 -899.37940876665925316 3907.1684420117380796 8444.7103458153997053 13914
312000000 309.33858998685269626 12908.192010821072472 11434.027366561706003 -948.91885106710560649 4011.2454364141585756 8371.7007812146530341 13929
313000000 313.24667509198468451 13071.269992568573798 11426.843109412353442 -853.30844246143340115 3968.0206473550501869 8312.1309045187372249 13920
314000000 311.21518517383748303 12986.499250151322485 11516.862591636883735 -907.95772106928848189 4088.5624538300480708 8336.2578588761243736 13939
315000000 307.73371086209272107 12841.22303712321991 11424.652927965875278 -943.9554277072656987 4000.1076354280367013 8368.5007202451051853 13937
316000000 309.65658310903830852 12921.461342266162319 11508.569057214435816 -899.02169478466691999 3995.0895062162062459 8412.5012457828961487 13914
317000000 309.11551693276982178 12898.883538138552467 11507.719869569773437 -860.37320546424177792 4032.8900796318530411 8335.2029954021636513 13919
318000000 307.56095757953124803 12834.014325976324471 11495.04250245975345 -896.94981487951440613 3957.1861568470276325 8434.8061604922422703 13932
319000000 309.33897740103714114 12908.208176979587734 11492.595973322495411 -863.78155323419946399 3985.5327464484203119 8370.8447801082766091 13925
320000000 310.52716932374835324 12957.789477148811784 11479.18497974012098 -880.70939277411855528 3979.6062316628067492 8380.288140851433127 13905
321000000 311.4709683740940136 12997.1726635854302 11495.8135339330438 -851.52628061064706344 3985.1760206840917817 8362.1637938595995365 13923
322000000 308.49031711311738491 12872.794975060964134 11223.52349677183156 -910.40742964727132858 3922.6049173574556335 8211.3260090616458911 13928
323000000 311.89395146192725861 13014.82305410189656 11496.443895099308065 -927.35954485032402772 3966.3700274060934134 8457.4334125435398164 13922
324000000 309.82889515339888931 12928.651641266613296 11480.115651080435782 -918.00235190981800315 4034.6161595746266357 8363.5018434156281728 13920
325000000 308.01216737875125773 12852.842570864049776 11356.174419997614677 -880.99186382339973989 3972.7476624678834014 8264.4186213531302201 13925
326000000 312.06697449443976211 13022.043021471828979 11388.454401919294469 -1015.7180277606132677 4000.835779906974949 8403.3366497729311959 13960
327000000 310.78627091362835699 12968.601361539384015 11489.155922794674552 -944.22426779967145194 3965.2132047368982057 8468.1669858574477985 13934
328000000 311.48615022889953252 12997.806177486550951 11516.909596637686263 -929.50824931188935807 4027.9118126167281844 8418.5060333328474371 13922
329000000 310.70835016769581216 12965.349856610217103 11520.354248055631615 -938.95622399658941504 4028.6098451029893113 8430.7006269492303545 13923
330000000 309.7241803898760395 12924.28206592854076 11406.979122243195889 -974.46017029270535659 3984.9632224988235976 8396.4760700370788982 13958
331000000 313.76410341104292456 13092.861427683486909 11501.171259907143394 -936.42728075106629149 3995.0837307558058455 8442.5148099024045223 13928
332000000 312.46269259300481735 13038.555688703718261 11308.65613446486168 -981.83839252812754239 3955.1918680380085789 8335.3026589549808705 13960
333000000 307.51747297335714393 12832.199784680218727 11498.385783249244923 -895.57139778016585296 3948.0352281166706234 8445.9219529127403803 13922
334000000 313.14384130414271112 13066.978907260656342 11482.402525328165211 -889.61225911565452407 3996.6658870990240757 8375.3488973447929311 13931
335000000 311.95685480611024332 13017.44790748624655 11626.610358349304079 -893.7157865682247575 4024.8742027010407583 8495.4519422164885327 13907
336000000 311.55211776727878714 13000.558894669095025 11649.180877013275676 -908.82376825672031373 4160.2991131254566426 8397.7055321445404843 13920
337000000 306.75354582791646862 12800.32235782556927 11383.031134132539592 -956.06788786216816334 3989.4777795404434073 8349.6212424542645749 13940
338000000 309.68483863428718905 12922.640398992627524 11387.7627346207355 -881.34009171199454613 3915.5474451809041057 8353.5553811518257135 13917
339000000 309.42446662218395659 12911.775501966312731 11547.088800402514607 -895.69452226879036516 4003.1218509159675705 8439.6614717553384253 13916
340000000 310.26040824107622029 12946.657974686437228 11611.933800286988117 -932.33998296436857345 4027.7763177725682908 8516.4974654787874897 13916
341000000 309.72785978672283136 12924.435601124341702 11509.786029367718584 -892.31741767670860099 3956.755750294347763 8445.3476967500810133 13922
342000000 310.32272309816869438 12949.258271469681858 11446.140858264387134 -928.4171790631451131 3977.3147958543604545 8397.2432414731720201 13923
343000000 308.76962753362056446 12884.450140808732613 11425.940197659727346 -935.12656195619160826 4025.9882427737461512 8335.0785168421753042 13923
344000000 311.16879806373077599 12984.563592126534786 11605.919020314679074 -899.8227272891699613 4068.809374658068009 8436.9323729457828449 13908
345000000 308.63382698990358222 12878.783406847260267 11580.795137101304135 -921.90864054146209128 4059.4658833322846476 8443.2378943104813516 13937
346000000 310.29591500925550918 12948.139613887551604 11424.698743108714552 -921.21557413506218381 3964.7047800022119191 8381.2095372415642487 13915
347000000 310.24349978655465065 12945.952412610979081 11396.522379014826583 -939.5522953975503242 4017.010066349121189 8319.064608063254127 13943
348000000 309.76652206413103841 12926.048914550197878 11606.709609477813501 -860.22782103270378684 4037.0636579795273065 8429.8737725309892994 13915
349000000 308.43813705802142522 12870.617586942842536 11746.911702227220303 -873.78909322536674154 4086.7384500314192337 8533.9623454211687203 13897
350000000 312.53412370641132156 13041.536391911286046 11448.530575690771002 -877.77426216208368714 3994.76629555974705 8331.5385422931067296 13937
351000000 309.61814666071728652 12919.857452317732168 11602.423837061684026 -892.3340478135515923 4028.1558952525956556 8466.6019896226389392 13906
352000000 311.33862952398527568 12991.650380420669535 11598.240094715089072 -921.46338398148702709 4058.9704772838808822 8460.733001412696467 13942
353000000 305.80841934050539521 12760.883779617355685 11409.26553551291363 -994.31459682637773767 3993.7409661128831431 8409.8391662264093611 13950
354000000 308.24857692708854984 12862.707553578487932 11459.418930813084444 -959.13523562170519199 3896.7460302510953625 8521.8081361836939323 13939
355000000 310.47245341416652309 12955.506271982076214 11443.643902720730694 -958.63619615026959764 3899.8871213531119793 8502.3929775178894488 13964
356000000 307.11639981287595447 12815.463659497459957 11487.943053113282076 -892.56143655901132661 3944.9397592327450184 8435.5647304395497486 13946
357000000 312.37377689686297799 13034.845382535246245 11509.115973572195799 -924.09191487700400103 3969.6758434630214651 8463.532044986179244 13938
358000000 314.5261037691412298 13124.65845286248441 11447.363912995404462 -973.32333323908324019 4001.7836282946141182 8418.903617939875403 13944
359000000 312.97369600614860019 13059.879023032375699 11599.967619980634481 -942.96895785764741049 4021.3234635400149273 8521.613114298268556 13919
360000000 310.42295564061470259 12953.440811073554869 11614.310229090408029 -904.06203755075944173 4025.7204020051567568 8492.6518646360127605 13920
361000000 306.80891890324477345 12802.632985441081473 11549.207283653940976 -914.08364909689498745 3893.1093839222239694 8570.1815488286119944 13930
362000000 312.78462634630886896 13051.989456222312583 11695.545356366168562 -925.69241178375671097 4068.9195445554651087 8552.3182235944586864 13932
363000000 307.87639109049007402 12847.176849042965841 11406.371314836420424 -916.49925606759097718 3922.4470595335742473 8400.4235113704380638 13948
364000000 308.7861089746959351 12885.137884313431641 11425.647334473775118 -970.05425930160299686 3922.5498976484936975 8473.151696126884417 13924
365000000 311.44614813302649736 12996.136955633608522 11407.938427782741201 -897.09550616497654119 3933.656654127458296 8371.3772798202589911 13934
366000000 308.58856958145230465 12876.894889419718311 11496.422239447645552 -859.90644306354442961 3987.6888226863179625 8368.6398598248706548 13924
367000000 310.44449745898060655 12954.33971582301092 11446.327558978915476 -881.1261889377353782 3994.9767678993666777 8332.4769800172871328 13923
368000000 305.99723437277788207 12768.762721236653306 11493.538365490683645 -947.76651291638472685 4019.2351079588147513 8422.069770448253621 13934
369000000 309.72786294010137453 12924.435732709656804 11475.813640754708103 -922.07498723270146002 3928.996329378343944 8468.8922986090656195 13948
370000000 311.72740711487432463 13007.873431650436032 11417.699108652052018 -936.31426577922786691 3890.6944840678693254 8463.318890363410901 13941
371000000 310.78882448968516883 12968.707918080088348 11659.9443734175602 -867.60573246756712251 3995.7816778903138584 8531.7684279948134645 13911
372000000 307.94267764454667713 12849.942878226504035 11432.469927212401672 -866.56729230827500032 3923.7143879703266975 8375.3228315503511112 13930
373000000 310.4483705245157239 12954.501332495538009 11526.88678594047451 -900.55489994554363875 3997.3450618738706908 8430.0966240121488227 13909
374000000 309.69620198889003859 12923.11457314305153 11422.447760843118886 -922.93507985813175765 3949.8581766290517407 8395.5246640721979929 13913
375000000 310.35677901644169197 12950.679369083760321 11563.576212515923544 -917.59126326657928985 3977.9133402835695961 8503.254135498931646 13927
376000000 312.62642650289126323 13045.3880362216496 11416.472334668822441 -894.00654784788957841 3996.2811611302668098 8314.1977213864447549 13927
377000000 310.87204250713705278 12972.180469461649409 11530.963585514213264 -903.82804792548336081 3992.024900264126245 8442.766733175571062 13933
378000000 311.16505828818532109 12984.40753742666675 11503.442588733714729 -937.30530486135489809 3910.6007981763314092 8530.1470954187388998 13937
379000000 308.21163836983600959 12861.166168167639626 11716.589833876023476 -891.11105744172743925 4033.7717622888731057 8573.9291290288801974 13914
380000000 309.24758494590821556 12904.3945197207413 11628.230166518562328 -839.49233160167727874 4052.0538630481814835 8415.66863507205926 13901
381000000 307.82911510988589043 12845.204099910162768 11500.489985963184154 -903.97494849546933438 3951.2191281263262681 8453.2458063323283568 13911
382000000 306.89503715326128486 12806.226558770862539 11382.907237903336863 -921.67532813905950206 3961.3436962152582055 8343.2388698271370231 13905
383000000 311.59090501445678001 13002.177422878477955 11295.704209773619368 -888.27832988430145633 3941.6175130386509409 8242.3650266192707932 13920
384000000 307.06786938478154525 12813.438564328323992 11529.422480512334005 -896.02421456251613563 4015.9041894651045368 8409.5425056097446941 13928
385000000 308.28947735304501521 12864.414261272451768 11454.050174070407593 -898.10853930433620462 3910.6627837540554538 8441.4959296206870931 13927
386000000 312.27961767215742839 13030.916272519774793 11583.943597837929701 -907.04335521363123007 4083.3713548945424918 8407.6155981570191216 13940
387000000 309.95418582027753018 12933.879815304977456 11561.223587280866923 -901.40248105122964262 3981.3308043394781635 8481.2952639926188567 13909
388000000 307.73400685435478863 12841.235388394856272 11542.416708189462952 -915.30740443123181649 3966.4197784491425409 8491.3043341715510905 13926
389000000 312.26169627603371737 13030.168442052594401 11443.40228393506186 -916.78776314333481423 3929.950266220047979 8430.2397808583464212 13948
390000000 312.73820611589337659 13050.052416141361391 11536.600886071437344 -914.90424510799834934 4021.4885032541942564 8430.0166279252407548 13937
391000000 309.77342193780930302 12926.336834962239664 11476.98714557810672 -891.41536704842906147 3933.7279512876011722 8434.6745613389339269 13928
392000000 316.32468158461102803 13199.710155236487481 11425.2563169108289 -991.06138975061844576 3930.1527777336232248 8486.1649289278248034 13929
393000000 305.7199926058531787 12757.193877009895004 11516.391230956734944 -909.47447633282399693 3959.0198972346834125 8466.845810054875983 13924
394000000 315.5788076244634226 13168.586058194907309 11493.262795244783774 -959.69627682275802272 3965.1309585366307147 8487.8281135309116507 13945
395000000 307.35406056831618571 12825.380853032187588 11288.121024719475827 -921.72885189810062911 3842.8874550271552835 8366.9624215904223092 13933
396000000 311.45081034089628247 12996.331501921480594 11453.289467715119827 -916.9809744141880401 3995.9105553745625912 8374.359886754746185 13906
397000000 311.19021733815878861 12985.457383318447683 11569.941117523379944 -943.28167781458660102 4034.4803030481461974 8478.7424922898208024 13917
398000000 308.44355027195052799 12870.843471481835877 11555.376321504367297 -928.79002392105792296 4000.6073536607655114 8483.5589917646593676 13924
399000000 312.09612900213681996 13023.259591261426976 11377.157533280918869 -1001.9809681454846668 4004.3885380772453573 8374.7499633491570421 13938
400000000 309.09864577103991223 12898.179532230124096 11306.791193208311597 -973.52227984277010364 3944.4471222847769241 8335.8663507663022756 13951
401000000 308.55773763582539004 12875.60832289649079 11313.282115001447892 -985.59202490854886491 3899.9922662224989836 8398.8818736874964088 13950
402000000 312.54040549252681558 13041.798520543065024 11307.17898098328078 -960.886913713110971 3861.022203088391052 8407.04369160799979 13931
403000000 310.19946163717730769 12944.114772864873885 11435.77807176778515 -902.33819262619044821 3939.9499700353471781 8398.1662943586306938 13930
404000000 310.67172418424024727 12963.82151439126028 11488.999543113055552 -922.82874451913676239 3937.7977741981076178 8474.0305134340851509 13918
405000000 311.91638206499987973 13015.759046379460415 11477.120779616576328 -930.59277931440544762 4017.6629816419235794 8390.0505772890574008 13933
406000000 309.95629237873185957 12933.967718534289816 11585.95044980476996 -931.2152469325490074 3959.9589279775500472 8557.2067687597700569 13933
407000000 311.71257437510672617 13007.254485747260333 11379.557536714832167 -923.09683944050664195 3949.1019579521043852 8353.5524182032349927 13945
408000000 311.28758720009682293 12989.520467959833695 11428.049160777434736 -893.00377848632820132 3930.643818841213033 8390.4091204225514957 13938
409000000 311.09304006616821425 12981.402335139700881 11497.324486629169769 -928.68201183852261238 4043.1355559069365881 8382.8709425607557932 13910
410000000 306.70975367759115215 12798.494983216438413 11391.422319077784778 -888.92186059385699082 3906.1566117289539761 8374.1875679426884744 13939
411000000 309.96750795310794047 12934.435726058227374 11420.472148111306524 -930.57141518030164207 3948.2621534282202447 8402.7814098633898539 13926
412000000 311.20430533349701818 12986.045252258049004 11429.062343228357349 -949.66966987919136045 4000.4876915882641697 8378.2443215192852222 13934
413000000 310.61670464083766774 12961.525639083176429 11513.641418871056885 -931.65075961519323755 3994.8460922935400959 8450.4460861927109363 13933
414000000 310.48136530174843983 12955.878150434393319 11416.712111787852336 -942.788956332137559 3999.5115984386702621 8359.9894696813189512 13926
415000000 310.43805280618039433 12954.070791031597764 11445.082384264354914 -944.73124060923191792 3895.0030551063578059 8494.8105697672290262 13952
416000000 311.54621856106444966 13000.312730469117014 11363.364787616714239 -967.48758563940612021 3926.5322629333895748 8404.3201103227311251 13942
417000000 307.50203877631582827 12831.55574095146585 11560.736224632746598 -897.05797229743564003 3980.5489864254709573 8477.2452105047123041 13921
418000000 309.64593339204679978 12921.016947042815445 11281.14581789083968 -961.80422063446007996 3973.6512841839439716 8269.2987543413546518 13930
419000000 310.24532888620007043 12946.028737939257553 11449.02970684956199 -934.68202854808305347 4020.5687775628111922 8363.1429578348343057 13921
420000000 308.96947133053248535 12892.789294688047448 11484.640458963422134 -917.86095652680614876 4021.4299475733305371 8381.0714679168959265 13929
421000000 308.51358589320670944 12873.765943090731525 11561.163406436666264 -864.90631673738289464 3958.010014143223998 8468.0597090308237966 13939
422000000 308.85497380590584271 12888.011500773918669 11560.258098536301986 -854.51475361590269131 3992.2191747643346389 8422.5536773878702661 13940
423000000 312.30008249704070522 13031.770236097589077 11581.84557626258902 -947.9846787231434746 4009.1091956666305123 8520.7210593191011867 13916
424000000 310.13832630898900788 12941.563695888242364 11484.24628011598179 -912.01683607390191355 3988.8222339239214307 8407.4408822659625002 13941
425000000 309.02031740060232323 12894.911017798911416 11510.58405142373158 -936.24824174030095492 3991.5755476426602399 8455.2567455213720677 13931
426000000 311.34978884215774997 12992.116040465496553 11519.833379325053102 -917.66506387958452251 3936.5754318088756918 8500.9230113957619324 13934
427000000 312.02423152740107071 13020.25942756047516 11522.088285224639549 -977.64825069793334933 4020.0800876335497378 8479.6564482890244108 13944
428000000 314.0090670574850833 13103.083358882180619 11332.896544572746279 -994.02473758842029383 3883.7267189219464854 8443.1945632392198604 13949
429000000 309.21879885245903097 12903.193323253468407 11445.402556657674722 -905.56630116156679833 4022.692920738214525 8328.275937081025404 13935
430000000 306.12726475062788722 12774.188675640205474 11393.901899872795184 -924.35023761736761116 3886.8545829068166313 8431.3975545833454817 13948
431000000 308.00410031933847677 12852.505945705619524 11312.886588150055104 -927.06585655778690125 3898.2654407035197437 8341.6870040043231711 13939
432000000 306.70499363994053965 12798.296354652264199 11456.996416587637214 -875.08378061919268021 3994.6325773582375405 8337.4476198485936038 13927
433000000 310.60764149315377836 12961.147448794887168 11585.739904579737413 -912.41167813044421564 3995.3920757316268464 8502.7595069785547821 13927
434000000 308.62493760062579895 12878.41246721227435 11436.73195558792213 -956.61941422902896193 3974.9933131457610216 8418.3580566711898427 13934
435000000 309.39273540116238337 12910.451410155777921 11481.962095421180493 -969.07645637561199692 4016.7900877975480398 8434.2484639992453594 13943
436000000 309.22023701906613269 12903.253335587231049 11540.777205740329009 -931.50255161152972505 4003.6055587202504285 8468.6741986316083057 13927
437000000 310.3352751223393966 12949.782046851625637 11431.179950664438365 -925.57747973071536762 3880.4702054826884705 8476.2872249124666268 13942
438000000 308.67497900634430152 12880.500612999496298 11439.216197408924927 -869.96575697407297412 3917.2275315912293081 8391.954422791768593 13918
439000000 309.61991261338044978 12919.931142626008295 11294.036212301278283 -891.40268812683916622 3901.8219071345029079 8283.616993293613632 13924
440000000 307.35685038609318553 12825.497267552413177 11539.38410701761677 -826.24220122716781134 4013.5472290288612385 8352.0790792159223201 13915
441000000 310.92964952003251256 12974.584315627935212 11444.919183817501107 -956.44305533355327498 3934.9733742691905718 8466.3888648818647198 13946
442000000 310.48044040579560487 12955.839556043212724 11543.118018032835607 -896.37277796157786725 3924.4085774490563381 8515.082218545356227 13930
443000000 307.33032701316773228 12824.39049070148576 11453.710945466482372 -1002.6304853012445619 3994.4103134262149979 8461.9311173415135272 13955
444000000 311.77449354387573521 13009.838271105738386 11504.16335316976074 -896.69501271364492823 4001.6258085973727248 8399.2325572860336251 13935
445000000 308.12482132069715135 12857.543435096589747 11649.454598104148317 -932.08154401477509055 4042.4398504107616645 8539.096291708163335 13928
446000000 313.76210607967658461 13092.778082321412512 11698.691959545243662 -923.08529837421292541 3991.9273451765516256 8629.8499127429040527 13922
447000000 308.07341011992701851 12855.398130008477892 11503.752673402581422 -916.4336332313780531 4002.5448574366778303 8417.6414491972809628 13921
448000000 305.59316809037034091 12751.901697984958446 11554.912707585672251 -958.85114703090209787 3965.7956152355141057 8547.9682393810599024 13937
449000000 311.08962551177449996 12981.259851385097136 11587.430296419339356 -899.12097997674504768 3974.8896575790649877 8511.661618817019189 13923
450000000 310.09665981949171965 12939.825021619148174 11501.512241103344422 -878.55564548301003924 3965.7398107036287911 8414.3280758827240788 13923
451000000 310.7975545273598641 12969.072208234030768 11602.643573043947981 -819.55209450918266612 4017.5681800971410667 8404.627487455989467 13922
452000000 309.86459730357910303 12930.141433438178865 11435.543559059120525 -852.97532502270178156 3975.2900095577570028 8313.228874524065759 13916
453000000 309.26115592407410304 12904.960814381705859 11456.907460452415762 -879.72798336920368456 4050.1594435470906319 8286.4760002745279053 13914
454000000 307.82152829244557779 12844.887514461594037 11697.895190000857838 -840.76687638281464388 4087.1556368222099991 8451.5064295614629373 13916
455000000 311.37575177932541237 12993.199431251428905 11493.852829344337806 -889.64303180955369044 3942.7259246285093468 8440.7699365253829455 13934
456000000 308.25573364096879914 12863.006191510912686 11506.932901228366973 -845.22378720771553162 3986.3748674473372375 8365.7818209887445846 13910
457000000 308.69326861731502731 12881.263808468329444 11574.686645309639061 -876.54965560677578651 4071.0848126718992717 8380.1514882445153489 13923
458000000 312.22953074395650219 13028.826227154024309 11473.582086966005591 -870.49654797432310716 4012.4814606723430188 8331.597174267986702 13903
459000000 311.38071239800490275 12993.40642973296417 11595.48549658063348 -854.95133255740870482 4071.6401034843747766 8378.7967256536685454 13925
460000000 311.66675843721623096 13005.342661802269504 11334.584318280350999 -915.09017496568662864 3915.0014774237861275 8334.673015822250818 13909
461000000 307.37262426377230895 12826.155485597068036 11501.855065505966195 -927.67767295799262683 4015.0341630959910617 8414.4985753679648042 13930
462000000 308.47845562098416394 12872.300014448395814 11397.990116451535869 -929.3248250931981147 3954.5575293054303074 8372.7574122393034486 13917
463000000 309.1005242764976515 12898.257919181920442 11478.113214071794573 -916.67506159727429349 3931.2766881040379303 8463.5115875650299131 13944
464000000 310.80516266718149154 12969.389683430601508 11483.443884727745171 -933.18617940715364512 4005.9704840139638691 8410.6595801209368801 13935
465000000 303.92494383688563175 12682.289435958404283 11459.245598076933675 -905.66036699843368751 3994.2288649922766126 8370.6771000830922276 13929
466000000 310.30086232925918921 12948.34605743715656 11559.607266624479962 -901.14414683141512796 4013.5070749774254182 8447.2443384784710361 13903
467000000 312.8802228486293302 13055.978541475360544 11565.640353402388428 -864.10292830031471567 4033.4604277361486311 8396.2828539665551943 13888
468000000 308.18461667683249061 12860.038597237153226 11503.615035828081091 -877.30378267804451298 4085.7886243371594901 8295.1301941689653177 13927
469000000 308.79362797268100849 12885.451639767365123 11370.56984474375713 -871.51165616553976179 3922.8308730650724101 8319.2506278442233452 13917
470000000 308.89814866920943359 12889.81311700805054 11409.552676366063679 -953.84988628374856034 3966.8837135356616272 8396.5188491141507257 13947
471000000 309.50346602280666275 12915.072017386588414 11514.969500848685129 -862.29151094122767063 3947.7106018152435354 8429.5504099746704014 13919
472000000 308.47860630821969607 12872.306302379591216 11410.15103087717398 -934.90813290655205492 4005.6015441974495843 8339.4576195862755412 13949
473000000 311.20834859969437503 12986.213971125063836 11405.828717217133089 -938.91915414909090032 3908.8550780434279659 8435.8927933227969334 13930
474000000 310.1185129604202757 12940.736917348540373 11470.351361330733198 -902.6101660300206504 3983.4663655967578961 8389.4951617639962933 13921
475000000 309.75229291486982675 12925.455155488896708 11477.956264772376016 -911.86210290087660724 3951.0733604908632515 8438.7450071823895996 13920
476000000 311.92162333187479817 13015.977755849895402 11303.181636850411451 -898.44177519600395954 3906.2363255449763528 8295.3870865014359879 13938
477000000 308.70109105251589199 12881.590225859607017 11431.743218313113175 -888.53527400307075368 4009.3808298470012232 8310.8976624691840698 13930
478000000 312.0949880841097297 13023.211982623386575 11527.65777791877008 -958.84075641309618732 4023.2049760068766773 8463.2935583249891351 13924
479000000 311.94772023681639439 13017.066736891312758 11381.32833283133732 -898.54623669866862201 3906.3465112062199296 8373.5280583237854444 13947
480000000 312.16968294182197496 13026.328876527932152 11380.420159087898355 -962.44662816340019162 3891.0063498667832391 8451.8604373845155351 13942
481000000 309.01148403760464589 12894.542416048705491 11501.647993020120339 -896.90153494190599304 3933.3886714766595105 8465.1608564853650023 13917
482000000 309.31958347573532819 12907.398900284913907 11561.58034408192907 -892.72141354385314571 3997.1899780848630144 8457.1117795409190876 13931
483000000 309.31875988858860183 12907.364533344054507 11413.934583334237686 -874.82571980311763582 3944.1682787875874965 8344.5920243497694173 13914
484000000 307.90455803283822434 12848.352209350268822 11393.226137487394226 -938.23392958607701075 3931.0104667394716671 8400.4496003339991148 13953
485000000 307.10409451469740816 12814.950179586512604 11418.506936883793969 -930.49316965311481908 3901.229807214124321 8447.770299322786741 13933
486000000 312.53462378444623937 13041.557259347498984 11435.629933570184221 -881.00916585992581531 3962.8928967953243045 8353.7462026347857318 13924
487000000 309.12607341075550949 12899.324042651109266 11580.820557037623075 -896.31477283210904261 4055.3520903873463794 8421.7832394823872164 13929
488000000 310.85247550108323367 12971.363970391066687 11375.525373426980877 -906.10512607054943146 3969.2332513486871903 8312.3972481488435733 13927
489000000 311.71623405458802836 13007.407198169737967 11498.414434741434889 -964.88366804374254571 4028.5264636172714745 8434.7716391679059598 13927
490000000 311.7235323544559833 13007.711744253212601 11463.189168363467616 -984.31341400487440296 3955.8188884296987453 8491.6836939386430458 13963
491000000 309.78720251042705058 12926.911875655921904 11389.83359767890579 -1025.6788093204008874 3930.6066298072669269 8484.9057771920397499 13958
492000000 308.50470232418302885 12873.395246325402695 11382.160101599722111 -926.53687331855189768 3929.0756140049425085 8379.6213609133301361 13960
493000000 311.61296920722548975 13003.098125455011541 11419.278730124766298 -1016.415791087276375 3966.849786856026185 8468.8447343560183072 13946
494000000 309.49102399123734131 12914.552831815501122 11391.232640352789531 -861.75836262771053953 3953.6156532791069367 8299.3753497013931337 13929
495000000 310.41986511327803555 12953.311848436600485 11439.805892864203997 -1001.0541328857071903 3960.5099831312777496 8480.3500426186328696 13934
496000000 312.8181583347789001 13053.388691105015823 11492.710660854523667 -955.57024231851357854 4034.5475198540689235 8413.7333833189677534 13941
497000000 310.80199568725549852 12969.257530552484241 11406.554345126533008 -943.4196634395206047 3964.3450265000083164 8385.6289820660458645 13939
498000000 313.0244578865706444 13061.997233047317422 11348.466399677243317 -995.98217407801178069 3959.222075495142235 8385.226498260111839 13938
499000000 309.30069608148085081 12906.610760300080074 11468.596327605309853 -963.17499302219061974 3996.3876688815562375 8435.3836517459440074 13942
500000000 310.28391999579264393 12947.639081648887441 11374.509513711915133 -948.88766497617768891 3933.440917892192374 8389.9562607958978333 13939
