# Steps Temp KinEng PotEng Epair Ebond Eangle Bonds
1000000 312.19052029690197969 13027.198385179864999 11563.876575843911269 -844.63440690130084931 4017.6594980342733834 8390.8514847109399852 13899
2000000 307.49378919263529042 12831.211499354703847 11491.512272000249141 -847.87889148131830552 3994.7249707134878918 8344.6661927680779627 13909
3000000 304.61309547643969609 12711.004875232576524 11613.897191452120751 -906.37773584054889398 4056.4957158800275465 8463.7792114126405068 13930
4000000 310.40540266905730959 12952.708354359268924 11431.760397183088571 -890.1666797672858138 3935.1095918913815694 8386.8174850589930429 13920
5000000 311.35447022280067131 12992.311386801746266 11452.054260563520074 -896.86888234408309017 3982.0264659571716948 8366.8966769504331751 13934
6000000 310.39196371690849219 12952.147568927459361 11366.126670433635809 -931.4843036081599621 3922.1059543814039898 8375.5050196603915538 13923
7000000 311.23975696248112399 12987.52459059098328 11471.583575247654153 -908.31774868446859728 4017.8418101043812385 8362.0595138277403748 13918
8000000 308.76757388178555175 12884.364445285873444 11512.017013195800246 -906.36073115007422984 3971.7524513322150597 8446.625293013657938 13916
9000000 308.99467673274290291 12893.841074782654687 11431.454428295428443 -979.34034580753541377 3939.9990075294354028 8470.7957665735302726 13936
10000000 309.66453944591893332 12921.79334715492223 11460.209858187163263 -912.3574638719117047 3969.1571096679858783 8403.4102123910870432 13931
11000000 312.56719437958207664 13042.916376863156984 11519.629883403107669 -964.74171108081748116 4002.6368742424256197 8481.7347202415003267 13947
12000000 310.93634279980477686 12974.863615215117534 11365.453442114492645 -972.56969856454918499 3946.0736417086059191 8391.9494989704362524 13958
13000000 311.33914560252731007 12991.671915531804189 11412.716346905763203 -936.04222399571142432 3944.9676361434649152 8403.7909347580098256 13943
14000000 304.39380560995078895 12701.854268763507207 11440.102038300021377 -854.52106316582126055 3931.6125458637657175 8363.0105556020789663 13917
15000000 311.925963335945994 13016.158857101703688 11499.76271671871109 -997.53999664984053197 3979.7031842189512645 8517.59952914960013 13935
16000000 308.20950975757335755 12861.07734466907641 11346.814118304133444 -931.09092621228705866 3875.7842850408187587 8402.1207594756015169 13940
17000000 306.5933200745152476 12793.636399924003854 11406.019339009777468 -1045.2259721248124151 3995.7650104049098445 8455.480300729679584 13963
18000000 310.0350950371688441 12937.256024225833244 11481.769556886983992 -901.79857676955566603 4042.7157712952034672 8340.852362361336418 13927
19000000 312.05615750691998755 13021.591646323679015 11382.924033592888009 -1022.1017112249190859 3995.6155210224756047 8409.4102237953320582 13949
20000000 312.40898243030420645 13036.314451704800376 11416.959152749775967 -971.29422093038203911 4045.3765113646904865 8342.8768623154683155 13946
21000000 309.55131191512293753 12917.06854800041765 11327.67073330203857 -976.96534614883057657 3900.7021898187344959 8403.9338896321351058 13945
22000000 311.43992401230713085 12995.877233284232716 11288.474609268294444 -977.81475187921614634 3916.2119939173376224 8350.0773672301729675 13925
23000000 308.54841012857315263 12875.219101316994056 11493.00803269719836 -945.85918018103041049 3947.917112053530218 8490.9501008246988931 13946
24000000 305.29963670158696232 12739.653114554808781 11372.349932484012243 -949.6477292422591745 3886.2275423534706533 8435.7701193728025828 13953
25000000 309.62757109585430726 12920.250718538889487 11427.442117435746695 -918.84947682509414335 3950.9961199460231001 8395.2954743148184207 13923
26000000 308.78909946723899793 12885.262672662516707 11406.401504360963372 -894.24894510287947469 3937.3221018235949487 8363.3283476402466476 13931
27000000 309.18649838894623372 12901.845477887394736 11464.235119682911318 -921.97783545907464031 4027.7334559705986976 8358.4794991713861236 13909
28000000 309.34802579661510435 12908.585751686690855 11378.347209783103608 -919.5377077229935594 3952.2448874300671378 8345.6400300760305981 13940
29000000 309.94949963140476257 12933.684268329183396 11388.652403425738157 -993.69409954771833782 3998.6655502401617923 8383.6809527332934522 13954
30000000 309.65367933896840213 12921.340172703647113 11343.935258266144956 -965.03080327913801284 3871.6807847044215123 8437.2852768408611155 13923
31000000 310.15198810811415342 12942.133780358879449 11536.083882068307503 -953.63091836393732592 4033.5203080157334625 8456.1944924165109114 13944
32000000 309.63731716366402225 12920.657405963964266 11538.754076907704075 -953.89883680566026669 3975.3141676092473062 8517.3387461041165807 13936
33000000 306.27753506988665322 12780.459209603011914 11549.310609263990045 -902.79516671391456839 4026.7811547347291707 8425.3246212431768072 13927
34000000 308.02122635739254974 12853.220587185029217 11373.797322891325166 -930.68482972662013708 3943.9130150965088433 8360.5691375214373693 13935
35000000 307.94487304177687292 12850.034488552226321 11362.805213599876879 -967.1230536124852506 3853.7260259237900755 8476.2022412885708036 13937
36000000 310.08466705914634076 12939.324583399382391 11243.500537991090823 -1024.0994611001515295 3852.5822044453502713 8415.0177946458934457 13955
37000000 309.68467745441182615 12922.63367322078193 11392.750057291003031 -956.86931515282435612 4031.887767241603342 8317.7316052022251824 13947
38000000 309.45082408758730708 12912.87535576845039 11331.543042362580309 -933.72224508171427715 3940.9016280760479276 8324.3636593682495004 13938
39000000 308.70202159403544329 12881.629055831026562 11283.26978592814703 -976.77146766630369257 3905.956311967343936 8354.084941627108492 13957
40000000 306.78015800980409722 12801.432840528832457 11478.920355718193605 -962.6121975547847569 3963.3115718901922264 8478.2209813827867038 13948
41000000 310.88420574187239254 12972.688021298110471 11401.925869130685896 -950.79269035806316879 4008.17016777196568 8344.5483917167803156 13929
42000000 311.60124283221557562 13002.608803058394187 11551.918175154924029 -886.04481467478899503 3990.243680199395385 8447.7193096303180937 13917
43000000 311.61158455407490919 13003.040346150022742 11502.290132971735147 -964.25173097463266458 3965.7371413422301885 8500.8047226041344402 13936
44000000 310.30445167791100403 12948.49583506946874 11453.28143241554244 -929.13578389064900875 3976.1400134255400189 8406.2772028806502931 13936
45000000 312.67293561368381916 13047.328785134963255 11506.071578617029445 -940.25606973852291048 4010.9589025222385317 8435.3687458333151881 13933
46000000 309.95497915170835768 12933.912919724434687 11588.268853346871765 -958.82012471331620418 4015.2709857170975738 8531.8179923430907365 13937
47000000 308.44630516087136129 12870.958428478181304 11575.265854398938245 -900.14156922156143992 3983.1248087517701606 8492.2826148687290697 13919
48000000 309.70096404063889395 12923.313285752243246 11497.616763988051389 -901.38512471013541472 3997.7119759902243459 8401.2899127079617756 13931
49000000 306.52265137611226464 12790.68751104409057 11524.111060717226792 -974.770433513547232 4013.8879492503692745 8484.9935449804052041 13938
50000000 306.77251908410551096 12801.114080688108515 11395.503391636362721 -946.27498586255399005 3943.7913949949070229 8397.9869825040095748 13938
51000000 309.21273398723474202 12902.940246374704657 11371.88941961481396 -939.87926363288124776 3925.4269901534435121 8386.3416930942548788 13920
52000000 310.65860328265392809 12963.274000687784792 11411.867437504606642 -971.87909187331626981 3934.3918047561496678 8449.3547246217731299 13947
53000000 309.36927112478804247 12909.472284386671163 11484.087883444030012 -958.69318521184447945 3984.3934650253331711 8458.3876036305409798 13953
54000000 309.70039460759642225 12923.289524245314169 11445.792622013637811 -950.15954413488225327 3870.4995806347224061 8525.4525855137981125 13928
55000000 312.89167998601527643 13056.456629027510644 11426.399998102800964 -920.08647347919486492 3967.4318970615322542 8379.054574520461756 13933
56000000 309.00970032181362512 12894.467984514236377 11406.309019065780376 -949.26831676687402251 3960.0491595185803817 8395.5281763140737894 13939
57000000 311.14053632175102848 12983.384275986087232 11556.953644405533851 -879.09812764675757535 4014.3071021985233529 8421.7446698537660268 13916
58000000 310.58212093188569725 12960.082517629698486 11588.772864387801746 -937.29525463552977271 3962.4247106706338855 8563.6434083526983159 13941
59000000 307.42118394519178537 12828.181801459480994 11414.318608801315349 -916.25666119078664451 3867.6344081357874529 8462.9408618563156779 13915
60000000 311.34235305127225502 12991.805757107360478 11520.482647821047067 -881.41197461590729745 3961.6042240424294505 8440.2903983945234359 13939
61000000 314.04778626959239318 13104.699048099650099 11599.393769070127746 -890.22828218253630439 4056.1404335382212594 8433.481617714442109 13933
62000000 309.0211664815686845 12894.946448555052484 11502.698124582913806 -879.8272935784357287 3939.7734381055483937 8442.7519800558002316 13939
63000000 311.34544341498337872 12991.934712916488934 11515.382800802948623 -895.04167684811739036 3912.8941890233404592 8497.5302886277277139 13917
64000000 312.15540977624550578 13025.733280737988025 11240.179359940080758 -954.57556901344128164 3904.5815667862634655 8290.1733621672574372 13941
65000000 311.7701090528179293 13009.655313484945509 11174.672233895333193 -965.78548498496206776 3909.6991077313728056 8230.7586111489217728 13946
66000000 312.09736768670654783 13023.311279536941584 11445.773956877306773 -880.29140259390328538 3957.956964477793008 8368.1083949934163684 13923
67000000 310.72786560143987344 12966.164203652897413 11445.21953353855497 -909.88840768702289097 3925.1772962235972955 8429.9306450019812473 13930
68000000 311.21770107693311047 12986.604234661144801 11575.555417170233341 -887.62654943863276458 4035.7408762749764719 8427.4410903338903154 13913
69000000 315.95042170078937716 13184.092904112007091 11450.135986106868586 -930.408942069843647 3963.691086539146454 8416.8538416375668021 13927
70000000 311.06684159779246102 12980.309116022752278 11598.441629589759032 -895.05725130102928233 3909.7902079614027571 8583.7086729293841927 13921
71000000 308.08651923248385174 12855.945151775087652 11537.713759773258062 -933.46324301280287727 3989.5354967814205338 8481.6415060046419967 13919
72000000 309.27282576120120439 12905.44777754520328 11523.923924144499324 -938.23959118396271606 4013.7371804622357558 8448.4263348662243516 13935
73000000 306.8508099980323891 12804.381032120563759 11606.72548414544508 -935.8481991471018091 4012.5157678718251191 8530.0579154207189276 13931
74000000 308.11639053021929158 12857.191632037372983 11646.28627231941573 -868.24342345663171727 4079.5038765231633988 8435.0258192528817744 13927
75000000 311.55847718656303869 13000.824262805679609 11625.371036269019896 -905.00471619960728731 3978.5247393371728322 8551.8510131314560567 13929
76000000 310.58514478855863672 12960.208698209204158 11491.130629157556541 -929.59610110970061214 3971.4977022988514364 8449.2290279684057168 13936
77000000 311.78016879576790643 13010.075090059161084 11697.704662364914839 -880.22247849930613484 4024.2053200436957923 8553.7218208205249539 13925
78000000 311.20299833414850355 12985.99071331885898 11589.48402830500163 -909.50859236035739741 3985.0823671665812071 8513.9102534987778199 13919
79000000 311.02022464373084176 12978.363866986695939 11543.869973475624647 -891.99602363285771389 3929.4839041556156189 8506.3820929528665147 13919
80000000 311.44933520275310457 12996.26994682615441 11502.722575238574791 -904.80679163036688806 3972.9036407099574717 8434.6257261589817062 13936
81000000 310.78880882622189574 12968.707264469456277 11695.14075745707305 -828.8087499477376241 4016.8851024390173734 8507.0644049657948926 13915
82000000 311.39117871906637447 12993.843172144941491 11527.348239738050324 -920.86260155750744616 4010.6411016643023686 8437.5697396312552883 13934
83000000 309.56700340402790061 12917.72332809665204 11432.828655906105269 -928.45091498738202063 4021.5541711814994414 8339.7253997119878477 13943
84000000 308.11303986357290796 12857.0518142136807 11483.66654255206231 -834.03880234362520696 4002.4985233293109559 8315.206821566378494 13908
85000000 308.28935282679771035 12864.409064996389134 11508.990314262395259 -908.82129791452553036 3992.7283863564484818 8425.0832258204718528 13920
86000000 313.90949993569176968 13098.92858619078288 11515.097717737417042 -944.04538544421643564 3954.9469115138581401 8504.1961916677755653 13940
87000000 309.08135825343907754 12897.458152474073358 11419.842464563878821 -945.25813749326789548 4034.3651373116558716 8330.7354647454885708 13917
88000000 310.53630865812925776 12958.170846583014281 11620.524839590532792 -899.91789838192346451 3994.165339546298128 8526.2773984261584701 13913
89000000 310.63117367409364533 12962.129408110140503 11421.928992582372302 -918.58165156790528272 3969.9991409110425593 8370.5115032392350258 13932
90000000 306.07735149298656552 12772.105877262067224 11502.829686407818372 -913.25470656400921143 3958.057426590610703 8458.0269663812159706 13937
91000000 311.19582915943010448 12985.691555416095071 11518.198778216477876 -915.67685258551966854 4067.3620757790454263 8366.5135550229515502 13941
92000000 309.73101834725639492 12924.567402675020276 11592.353331373873516 -894.30247913503490054 4005.9892117783729191 8480.6665987305350427 13910
93000000 308.29262537192835225 12864.545622937355802 11616.259888369584587 -854.39675758692624186 4025.2719004087030044 8445.3847455478080519 13934
94000000 312.56532186881372581 13042.838240059918462 11606.73150268441168 -897.73718875844406284 4000.9357561882875416 8503.5329352545686561 13920
95000000 307.23221451734940501 12820.296417166277024 11668.085368094627484 -929.90105889314850174 4014.1970592775696787 8583.7893677102074435 13942
96000000 309.82458714469402139 12928.47187512896744 11514.917324093830757 -859.79398286174068744 3970.6871564280040729 8404.0241505275680538 13933
97000000 311.94674678489070629 13017.026116339022337 11456.659969180542248 -916.95470617850514827 3971.8938778028632441 8401.7207975561868807 13910
98000000 309.55402470833831785 12917.181748412016532 11611.632654144521439 -890.86546449176807982 4090.7567599298222376 8411.7413587064675085 13935
99000000 306.91665650610303828 12807.128698906832142 11433.025319315733213 -949.59270166596559193 3981.8841290990894777 8400.7338918826080771 13958
100000000 309.87448294923598269 12930.553945217894579 11470.782874642249226 -901.35631400585020856 3989.1614782129081505 8382.9777104351924208 13929
101000000 310.4231439015860019 12953.44866689511764 11401.669302307267571 -936.29756522421132559 3931.4568123663175356 8406.5100551651612477 13932
102000000 311.47471323358246309 12997.328930429901447 11397.763722224508456 -945.98087577217586386 4002.2395560836212098 8341.5050419130620867 13932
103000000 309.96955108848914051 12934.520982746716982 11567.985613265787833 -867.88158799958682721 3975.0485093496959053 8460.8186919156814838 13917
104000000 308.09015401385983068 12856.096825240465478 11389.27430870729404 -903.84043265916818655 3910.6235954479079737 8382.4911459185550484 13931
105000000 311.78888315184377689 13010.438725845704539 11426.622612919132735 -913.31023576296217925 3999.3799070786208176 8340.5529416034733003 13926
106000000 313.98297358501235976 13101.994521072059797 11484.470952822372055 -891.28286687084505502 3970.13548600516242 8405.6183336880530987 13913
107000000 310.13136888964447735 12941.27337418992829 11467.814333072547015 -897.9030331301064507 4006.1104470630752985 8359.6069191395763482 13909
108000000 312.01658888172772777 13019.940512491306436 11477.927149499621009 -851.24120710870306539 3884.1401876556997195 8445.0281689526254922 13928
109000000 309.22651348609298338 12903.515242262164975 11614.613622994213074 -878.22964502275567611 4034.352578651325075 8458.4906893656443572 13922
110000000 309.73436200727826417 12924.706928123763646 11651.745324881712804 -908.19654065847612401 4018.7665441094759444 8541.1753214307136659 13927
111000000 312.83625759779658893 13054.143943665960251 11580.257425953823258 -920.29019133430597321 4042.8072693529566095 8457.7403479351723945 13928
112000000 311.69387761504935952 13006.474300614809181 11378.926018250436755 -929.26966068896729212 3931.6894333147720317 8376.5062456246323563 13939
113000000 310.0637239709992059 12938.450662679972083 11515.956027901118432 -883.15114701698678346 4001.0379982893809938 8398.0691766287236533 13919
114000000 308.6428802890281986 12879.161186171322697 11708.871667637566134 -903.81506433446861593 4005.5611054700366367 8607.1256265019983402 13919
115000000 311.49104012758516546 12998.010224938730971 11516.511934674877921 -937.99810646179776086 3938.3986698815306227 8516.111371255145059 13938
116000000 310.11735272820010323 12940.688502760900519 11380.16171433585987 -887.73928556200667117 3916.1869683171962606 8351.7140315806682338 13932
117000000 312.03181817361092953 13020.576005863877072 11577.81373887144764 -885.97073680956395947 3967.4104059348919691 8496.3740697461198579 13926
118000000 305.38663444082385467 12743.283387527297236 11528.492952667334976 -908.4362174070920446 4029.9216198510239337 8407.0075502234012674 13923
119000000 306.57578058947922273 12792.904505980135582 11438.642415604035705 -874.65418477982393597 3904.4218823206974776 8408.8747180631617084 13927
120000000 313.58479066037739358 13085.379000690858447 11478.911342510877148 -944.91262294072373606 3984.5838412727848663 8439.2401241788156767 13945
121000000 312.62973384992432102 13045.526046388926261 11494.692844996454369 -926.82357357134310405 4013.3509488938138929 8408.1654696739824431 13935
122000000 308.48230472708337402 12872.460631332958656 11459.031112426509935 -934.11105155855523208 4005.8048720474880611 8387.337291937576083 13927
123000000 309.05603625836874926 12896.401507150647376 11445.349201656721561 -876.72393803061265771 4011.6956720469179345 8310.3774676404173078 13911
124000000 310.54526109677954082 12958.544417164905099 11417.411305971525508 -916.92396222400009265 3997.4267940887939403 8336.9084741067308642 13911
125000000 311.9905792554914683 13018.855173447116613 11300.129079328227817 -916.26135698075631808 3924.1333898895700258 8292.2570464194141096 13930
126000000 312.2269217656042315 13028.717358766396501 11722.09074022167988 -906.38934083340541292 3974.5589497671107893 8653.9211312879742763 13903
127000000 313.33683319932555378 13075.032142518690307 11501.787438813400513 -903.42654818090522895 4019.5318312210720251 8385.6821557732328074 13927
128000000 308.47557938652659004 12872.179993901823764 11396.896926916075245 -934.86470074979558831 3925.563053003674213 8406.1985746621976432 13933
129000000 306.81725868670730506 12802.980990926809682 11494.631073142245441 -912.47768921144484011 4045.1644167151234797 8361.9443456385670288 13933
130000000 310.39469143016384578 12952.261391927855584 11454.427085619077843 -970.07200414485919282 3936.4696787739321735 8488.0294109900059993 13934
131000000 311.38472146039367772 12993.573721331144043 11593.977375157403003 -911.22995465932217485 4027.2150166883311613 8477.9923131283940165 13905
132000000 310.725726276657781 12966.074933138468623 11444.201330606414558 -936.39754264480234269 3933.2194238828978996 8447.3794493683162727 13933
133000000 308.88615338159331714 12889.312573329421866 11290.194245212054739 -909.63996561926546747 3885.051820921908984 8314.7823899094109947 13955
134000000 307.8785847958361046 12847.268388769136436 11653.796453203151032 -902.00054767003780398 4054.3489499728570991 8501.4480509003315092 13926
135000000 310.40782606309016955 12952.809478617627974 11428.721284675799325 -933.97137185866847631 3973.2482392076012729 8389.4444173268675513 13928
136000000 307.67178293733178407 12838.638886391558117 11437.468335923009363 -933.75417102925018753 4015.0721360309999 8356.1503709212593094 13937
137000000 307.98527472188544607 12851.720384399955947 11534.89764507164 -894.02004810676476154 3990.3865182239374008 8438.5311749544671329 13920
138000000 309.5751715770763326 12918.06417256126042 11574.166694405492308 -920.07463324885748079 4026.3985829231355638 8467.8427447312133154 13930
139000000 307.67451068878784781 12838.752710986007514 11539.796717565299332 -932.24125663453753532 4057.9355027672663709 8414.1024714325722016 13937
140000000 312.24186040546470622 13029.3407237067604 11463.219519438735006 -969.76538046896052947 4035.7067516589131628 8397.2781482487844187 13929
141000000 309.45764732691350218 12913.160078354669167 11390.960781958758162 -969.8799479835187185 3907.6430596320078621 8453.1976703102700412 13960
142000000 310.96710389815933695 12976.14722539786635 11422.019962755657616 -962.73517849788720468 3957.9689010701777079 8426.7862401833681361 13951
143000000 310.55687641337112836 12959.029105275874826 11335.654810841660947 -950.96857160889612715 3962.5510188904750066 8324.0723635600807029 13938
144000000 310.91915574216977802 12974.146427488674817 11408.718536798061905 -930.66905007280206519 3995.5465052749441384 8343.8410815959196043 13935
145000000 310.76307688709778176 12967.633512853019056 11505.523221836852827 -931.74605906355259322 3987.0093819155044912 8450.2598989849011559 13922
146000000 309.03466197475404442 12895.509593351582225 11359.773725414186629 -951.26555937686794095 3976.0676956319157398 8334.9715891591386026 13942
147000000 305.70163066563782195 12756.427663360309452 11378.19811717835546 -976.9472581010313661 4012.5398191590497845 8342.6055561203356774 13931
148000000 313.60663239180956907 13086.290420320679914 11256.857512009199127 -954.71080202190751152 3935.3794919639262844 8276.1888220671789895 13939
149000000 307.11539683110379428 12815.421806713107799 11291.85770071762272 -1034.5922504277152711 3961.5828101366550982 8364.8671410086826654 13963
150000000 309.88265001627496531 12930.894743530541746 11409.23244150022947 -1033.127610300340848 3981.564704388239079 8460.7953474123332853 13945
151000000 310.20650703856910013 12944.408765909718568 11496.55768593403991 -999.78689138526522129 3971.074549499031491 8525.2700278202719346 13940
152000000 310.45615819951251524 12954.826299400509015 11273.299125550309327 -1028.1559351011626404 3954.1647256729702349 8347.2903349785010505 13990
153000000 311.17061611985604941 12984.639456626829997 11415.188365213976795 -997.10387983407906631 3973.0436794604347597 8439.2485655876225792 13954
154000000 310.42828312635299426 12953.663118315749671 11504.362644005101174 -979.24186743257234866 4047.3001762036910804 8436.3043352339827834 13951
155000000 308.59747846057331344 12877.266642333896016 11428.444191575388686 -962.83413451987780718 3939.017514703517918 8452.2608113917485753 13933
156000000 313.31872806714926583 13074.276645047382772 11430.265667375912017 -966.30873852616946351 3991.4617491134226839 8405.11265678865675 13933
157000000 310.88309881400874701 12972.641831013845149 11363.73248360163052 -953.84631994763481089 3954.8897942743287786 8362.6890092749363248 13931
158000000 310.00064294563577505 12935.81839495137865 11385.982647577340686 -1008.3437253659068347 3981.9048991106924404 8412.4214738325536018 13947
159000000 309.4882131302875905 12914.435539198189872 11385.676196358166635 -986.26025536963697959 3915.4100032724822995 8456.5264484553208604 13968
160000000 310.1155997680941141 12940.615354610725262 11497.69390739719347 -1013.0517776113315449 4023.227733864039692 8487.5179511444839591 13949
161000000 308.93676101730301298 12891.424346965495715 11390.697087153690518 -936.78393315662447094 4080.4267893990086122 8247.0542309113061492 13950
162000000 312.3847046273280057 13035.301378804872002 11376.876492102604971 -951.09615939557124875 3893.2888168921863326 8434.6838346059885225 13937
163000000 311.11479768244203115 12982.310244781923757 11486.73780746716875 -983.50075113825369044 4000.2594128465289032 8469.9791457588908088 13938
164000000 308.80288891016374464 12885.838083499562345 11489.132206850696093 -940.98318073235202519 3901.1042652910300603 8529.0111222920168075 13945
165000000 308.72096900444540779 12882.419700191596348 11467.511797411963926 -938.92091329867071181 3915.287957756043852 8491.1447529545894213 13932
166000000 312.46806378186670372 13038.779819605584635 11473.562215082285547 -963.66104936950546289 3923.0570626636208544 8514.1662017881699285 13932
167000000 308.18415859951602442 12860.019482422034343 11638.897971753704041 -955.64721095042682464 4088.0815221953621403 8506.4636605087689532 13934
168000000 309.82696278767764397 12928.571006814358043 11351.623295158020483 -946.52484642582373908 3955.116910440875472 8343.0312311429679539 13941
169000000 309.93097052655093648 12932.911079173403778 11504.422874115867671 -952.25027597614712249 3972.2127554714879807 8484.4603946205261309 13940
170000000 307.21455967900209316 12819.559709717921578 11534.132217312542707 -970.8584586699735155 3965.6041216834009902 8539.3865542991152324 13933
171000000 313.38782430717816396 13077.15991781835146 11595.285586133741162 -925.77266355385131646 4012.7343386027800989 8508.3239110848116979 13923
172000000 311.57662688494110625 13001.581619951493849 11587.270179009839921 -887.52325058811618419 4021.9861957960238215 8452.8072338019319432 13916
173000000 313.69283617781042039 13089.887562926800456 11542.457145673102787 -847.08365027054730945 4057.9529465710593286 8331.5878493725904264 13930
174000000 313.14562920847140504 13067.053513575932811 11481.308454595588046 -924.76213094829518013 4003.972683198768209 8402.0979023451145622 13940
175000000 305.38265492946425184 12743.117329045096994 11422.460815760641708 -893.74090587830573895 3911.7117892834057784 8404.4899323555437149 13934
176000000 307.59504727731513185 12835.436833153989937 11637.719968837904162 -879.88298792133139159 3987.2731557269635232 8530.3298010322723712 13928
177000000 306.47344453801315467 12788.634190394843245 11515.964525488754589 -936.35576406525228776 3990.820479594286553 8461.4998099597178225 13925
178000000 307.35614067737037658 12825.467652571411236 11428.386104921260994 -876.61062677393385911 3889.0860342702371781 8415.9106974249552877 13911
179000000 310.77443069440704448 12968.107288610541218 11455.761406664389142 -908.54511368887915523 3915.051303389685927 8449.2552169635819155 13917
180000000 311.625152301459309 13003.606505995774569 11434.191496556019047 -900.05156356832037545 3985.4997201496516936 8348.7433399746878422 13908
181000000 311.29410511139195705 12989.792449708087588 11452.500551352182811 -901.31444259207307823 3954.5883618694647339 8399.2266320747912687 13933
182000000 311.99635156676094994 13019.09604252916688 11438.298700294551963 -882.3891292333689762 3915.2479897916473419 8405.4398397362747346 13919
183000000 310.75542147757124667 12967.314065169190144 11414.043801663907288 -926.85041369612656581 3871.3873345143706501 8469.5068808456635452 13933
184000000 303.3724277862692702 12659.233847353310921 11532.39730878028422 -952.8697650266593655 3963.4416907744439413 8521.8253830324974842 13953
185000000 308.82032059744398111 12886.565479219880217 11502.199306697933935 -883.91807191262103061 3947.6406850413991378 8438.4766935691568506 13920
186000000 311.83472494662953522 13012.351628756527134 11616.165501666180717 -946.79984185111152328 3993.0743691224042777 8569.8909743948879623 13938
187000000 310.85876909024455017 12971.626591544589246 11528.640858771726926 -934.22133265882416708 3977.255910121443776 8485.6062813091084536 13934
188000000 308.00934474357114823 12852.724786927416062 11459.940814931791465 -898.22797250830922167 3965.9091686231081439 8392.2596188169936795 13923
189000000 307.45228355390651132 12829.479537124365379 11449.187173590344173 -951.09319894709256005 4007.8512767945435371 8392.4290957428929687 13940
190000000 307.64622821297876953 12837.572529656867118 11408.948400289449637 -952.0472495435719793 3943.9940683844206433 8417.0015814485996088 13957
191000000 309.39606969780720647 12910.590544886152202 11473.640625128431566 -953.3519642993043135 3947.8528972175627132 8479.1396922101739619 13928
192000000 312.35055980318162483 13033.876571294513269 11488.949118334148807 -958.2647662184103865 3979.0680764009293853 8468.1458081516302627 13940
193000000 309.1554940953761843 12900.55171956716913 11407.931132432764571 -962.58549150988096699 3989.3266962867810435 8381.1899276558651763 13947
194000000 314.34379390869548843 13117.05096139431771 11443.117926879836887 -962.03506298941329078 3872.9255561410209339 8532.2274337282287888 13925
195000000 312.48554013956982089 13039.509079349385502 11416.338396964416461 -1000.0017146161586652 3998.1312738721344431 8418.2088377084419335 13958
196000000 307.11116059690800739 12815.245035608008038 11440.816579157184606 -939.49071322348891044 3965.0331806791518829 8415.2741117015229975 13926
197000000 311.38120227848310151 12993.426871641860998 11540.4521971138347 -890.26506182542061651 3980.5439798311299455 8450.1732791081267351 13916
198000000 306.17493215410615903 12776.177758207566512 11716.255616948827083 -851.0821219425175741 4096.6924740232434488 8470.6452648681006394 13907
199000000 307.34165078567889395 12824.863013156142188 11594.951065941975685 -872.57294444559340718 3929.7417670337295021 8537.7822433538403857 13916
200000000 311.55155686085237221 13000.535488963869284 11497.631680701502773 -934.29581585708251623 4034.5663076524160715 8397.3611889061685361 13932
201000000 312.77525492856864275 13051.598402330169847 11316.383972823496151 -954.90559957983441564 3895.0913269440643489 8376.1982454592689464 13928
202000000 308.44493747823406693 12870.901357324877608 11388.453587483498268 -963.1573499942799117 3973.5550754084338223 8378.0558620693445846 13944
203000000 309.2648651384225218 12905.115593812946827 11445.60504158337244 -974.18269083353641236 3964.1563478768975983 8455.631384540010913 13949
204000000 308.63884417920229453 12878.99276592795286 11322.980634930729138 -987.27452545004291551 3929.7407831207924573 8380.5143772599803924 13962
205000000 310.40381994833120416 12952.642310019205979 11419.008289521820188 -869.50413073732568137 3960.6023374622923257 8327.9100827968541125 13915
206000000 311.61872009192916266 13003.338100441613278 11441.400580681016436 -939.50621474509875952 3957.3369078550826998 8423.5698875710368156 13943
207000000 314.79837265821555548 13136.019787052615357 11501.928482695173443 -989.59338031641436828 4013.3432582866503253 8478.1786047249370313 13952
208000000 309.33102378189744286 12907.876285497699428 11529.247368329746678 -968.55041712370552887 4033.7331708113993045 8464.0646146420531295 13919
209000000 311.60225618306253637 13002.651088527230968 11504.470599880958616 -935.75036210544237747 4028.9480081563060594 8411.2729538300955028 13942
210000000 310.13213242651477231 12941.30523533124142 11507.752927858067778 -921.45525550107799972 3996.9219192467166977 8432.2862641124283982 13918
211000000 308.97084790976208524 12892.846737081557876 11445.667638344457373 -956.01043402255550063 3938.7359443350810579 8462.9421280319293146 13948
212000000 311.46638196418035704 12996.981280221949419 11535.944143521914157 -926.94396943016431578 3967.2150263451749197 8495.6730866069046897 13911
213000000 312.10518771812763816 13023.637596622433193 11447.160642020468003 -984.09208103206390206 3957.0786334922954666 8474.1740895602342789 13928
214000000 313.11824834574008491 13065.910955081782959 11592.590657420907519 -952.43282852409799943 4097.2918522189884243 8447.7316337260181172 13934
215000000 311.12379028611439935 12982.685491384310808 11508.487374970220117 -973.94388986697458677 3992.4773616724569365 8489.9539031647364027 13954
216000000 309.30059180816829212 12906.60640914576652 11372.166043926521525 -952.40341714287865216 4015.3824493670422271 8309.1870117023572675 13969
217000000 306.5989089355649071 12793.869613929258776 11539.913035776073229 -907.57571757292657821 3936.1973777024231822 8511.2913756465750339 13920
218000000 308.04541855191905597 12854.230087784759235 11651.277160329434992 -861.79221255988340999 3980.2414605281278455 8532.8279123611919204 13928
219000000 313.10094984170319776 13065.189116879773792 11405.378176008553055 -931.4134903607554179 3937.3011120168412162 8399.4905543524691893 13942
220000000 305.00268115367526889 12727.261646580231172 11497.076354763556083 -936.63208545362920177 4005.6183487636799327 8428.0900914535050106 13935
221000000 307.83644263550553433 12845.509865536323559 11555.054294600387948 -929.03753445468919381 4018.7465972521113144 8465.3452318029667367 13928
222000000 312.20235997959554197 13027.692435720286085 11502.788961508906141 -944.18569999728833864 3995.5026094013992406 8451.4720521047966031 13941
223000000 311.66835300203285897 13005.409200376805529 11512.183666393804742 -908.89869621461832594 3978.3794841094986623 8442.7028784989270207 13919
224000000 307.65608105466748157 12837.9836725807927 11500.63015993090994 -882.42946098394054388 4002.8354694685494906 8380.2241514463021304 13922
225000000 307.68052819315977331 12839.003811574079009 11423.208728769543086 -924.17608539043885685 3997.8858834765542269 8349.4989306834268064 13924
226000000 310.30437987073042905 12948.492838673595543 11504.103153522410139 -889.14980199341437128 4018.7295735795291876 8374.5233819362965733 13921
227000000 310.22178299838049043 12945.046206658393203 11419.483287211467541 -965.8842123195579461 4015.0547966246067517 8370.3127029064180533 13934
228000000 310.19402521098203351 12943.887919716082251 11559.220799082529993 -944.643899234040191 4044.6931454746472809 8459.1715528419226757 13926
229000000 311.58785434753718846 13002.050123551352954 11608.271879463431105 -897.94646442808755182 4034.8654780375682094 8471.3528658539489697 13918
230000000 308.68129799199476793 12880.764293906857347 11462.749368866452642 -924.90145860325037575 3956.6609538024758876 8430.9898736672294035 13940
231000000 309.4241423557787698 12911.761970861058217 11529.861712807674849 -957.04775989667939484 3951.2179907635891141 8535.6914819407666073 13921
232000000 306.98723662008643487 12810.073891304204153 11390.005016994698963 -877.75945827996815751 3879.2387319390395533 8388.5257433356291585 13918
233000000 309.71456701857835014 12923.88091571127552 11367.305173676901177 -944.93091991980816147 3965.7188716448863488 8346.5172219518244674 13927
234000000 305.71757444830046779 12757.092971261263301 11455.979820525841205 -827.44581694270209482 3939.4745833842061984 8343.9510540843384661 13928
235000000 309.1516840841069893 12900.392734045743055 11360.42097007031407 -999.74175527893635262 3930.4765761519456646 8429.6861491973049851 13955
236000000 309.94927023303802116 12933.674695911577146 11455.720053658875258 -973.00523028648410673 3996.6952792630072508 8432.030004682350409 13944
237000000 310.85761480240711307 12971.578425006291582 11448.007676886534682 -945.64434082712637064 4035.5287759315688163 8358.1232417820920091 13923
238000000 310.0803361413339303 12939.143861302251025 11427.411259322778278 -931.98451519672209997 3982.6711192227371612 8376.7246552967626485 13918
239000000 313.85246474619606261 13096.548601277114358 11569.176431610887448 -918.52331546007565066 4030.6469598011635753 8457.0527872698003193 13918
240000000 313.56621020503632735 13084.603668763467795 11397.010498907769943 -987.23917167810645878 3956.5090370400166648 8427.7406335458599642 13945
241000000 308.70028548296454574 12881.556610763451317 11381.552643390507001 -988.26879175816088718 3979.459131864880419 8390.3623032837876963 13950
242000000 311.78431086588636845 13010.247931851754402 11416.748121931366768 -997.51996374625082353 3933.2317833957558832 8481.0363022818601166 13942
243000000 308.64309606104910699 12879.170189983866294 11495.498195221374772 -962.3589894937505278 3984.3215928663212253 8473.5355918488057796 13941
244000000 309.58117672486440597 12918.314757529353301 11452.66748796038155 -901.96473328670435876 3951.0672698319885967 8403.5649514150991308 13943
245000000 309.88288162716452234 12930.904408273096124 11353.175468203487981 -968.59996940724522574 3940.2243500309386945 8381.5510875797954213 13960
246000000 309.6230485836380808 12920.062001521522689 11558.491802766271576 -979.42117295865000415 3964.2812309414366609 8573.6317447834844643 13939
247000000 308.32786788285676494 12866.016235116801909 11570.034949944863911 -878.25969426445317367 3923.7825077396464621 8524.5121364696697128 13936
248000000 311.25118382986926235 12988.001415025770257 11500.677449934386459 -918.05807035183829612 3989.908922600304777 8428.8265976859220245 13924
249000000 311.95582121951963472 13017.40477761301554 11457.607313782234996 -938.23952990013594899 3947.3531803182931981 8448.4936633640791115 13934
250000000 313.6730752512954723 13089.06297187342534 11519.2800545501741 -910.1809847079384781 3944.1372167473709851 8485.3238225107434118 13913
251000000 306.8502554113978249 12804.357890129886073 11370.962885943215952 -982.73173094916569426 3964.6184552705581154 8389.0761616218242125 13935
252000000 311.21466818915280328 12986.477677228342145 11447.353208780757996 -924.45396086287087201 3977.5535470583249662 8394.253622585303674 13943
253000000 311.6088155899626031 13002.924801819021013 11443.757947790938488 -960.64030625567852439 4057.4992912985712792 8346.8989627480459603 13939
254000000 306.5639477144071634 12792.410739510596613 11358.57760368878553 -917.58531317380709424 3974.4050687532826487 8301.7578481093114533 13931
255000000 314.15087437027204942 13109.000745465182263 11520.469713659058471 -963.12745941093021429 4071.0458615474080943 8412.5513115225803631 13927
256000000 304.95018963318113947 12725.071261521881752 11354.210311784701844 -959.15680920309932844 3929.4905435862028753 8383.8765774015992065 13935
257000000 307.21931344920062656 12819.758076751599219 11508.497682883788002 -927.40642095256578159 3910.9808054995064595 8524.9232983368456189 13935
258000000 310.53126688132351774 12957.960461505979765 11465.788900659748833 -906.6889825253847448 4020.65780409448098 8351.8200790906539623 13920
259000000 311.65926751825929841 13005.030078040128501 11422.417214484279611 -929.76655314232493765 3902.4428987196133676 8449.7408689069907268 13923
260000000 311.14248823275516997 12983.46572603093955 11529.515084277423739 -927.45652619567556485 3945.3817382744432507 8511.5898721986559394 13918
261000000 306.69149787160415599 12797.733198374133281 11523.939597998170939 -914.6963267335497676 4016.3244156273676708 8422.3115091043546272 13917
262000000 310.64802825900716243 12962.832722295208441 11477.886974378141531 -911.48364383263719901 4065.9963146391528426 8323.3743035716252052 13923
263000000 308.62351277385141657 12878.353011527851777 11467.838708886760287 -938.95689394618455026 3936.8335478950612014 8469.9620549378814758 13955
264000000 311.58581293955398905 13001.964938944347523 11533.725128035164744 -902.10397324080668113 3940.0839468052608936 8495.7451544707109861 13928
265000000 314.23917048938528751 13112.685197700424396 11434.392169369399198 -859.74171425893086962 3998.2775117794608377 8295.8563718488694576 13911
266000000 311.07114202941295389 12980.488565981095235 11486.728074654838565 -871.85664017374119794 3945.1801430191180771 8413.4045718094603217 13946
267000000 308.16099791497191518 12859.053025042079753 11505.963897456076666 -929.03865143562393314 4062.3443445476686975 8372.6582043440339476 13935
268000000 313.40614810079046038 13077.924539672752871 11497.773648497186514 -916.84437538786664845 3993.4559038794550361 8421.1621200055997178 13921
269000000 311.49331812717707635 12998.105282125530721 11445.365413719307981 -939.71895046536360496 3891.5833454889752829 8493.5010186956969847 13940
270000000 310.30315217529857819 12948.441608956780328 11570.271976036747219 -899.57405411902425385 3953.4714771522340016 8516.374553003539404 13936
271000000 310.64148336247751558 12962.55961449737697 11278.759855136077022 -943.37716060520983774 3875.1560002857881955 8346.9810154554979817 13936
272000000 312.67680012408783341 13047.490044815900546 11435.871657090261579 -915.91422637530558859 3938.8346071039532035 8412.9512763616148732 13942
273000000 309.65391448401442176 12921.34998492075465 11634.274740968859987 -874.07802106975395873 4021.0324013598642523 8487.3203606787483295 13926
274000000 311.59020591663403366 13002.148250672931681 11625.869407688496722 -900.89730245653970542 4006.1431732818095952 8520.6235368632260361 13942
275000000 306.67547302013690569 12797.064507604924074 11504.361159333078831 -944.78827119509469412 3978.9800198132716105 8470.1694107149014599 13939
276000000 311.71792259496527322 13007.477658190287912 11612.327075991614038 -888.63207085761825965 3957.2059131779660675 8543.753233671266571 13931
277000000 312.19186692688265339 13027.254577840338243 11476.425057258937159 -864.12033121714250683 3989.5243446881195268 8351.0210437879613892 13910
278000000 305.88531278809233527 12764.092417071442469 11517.049774943589 -927.15505337015997611 3950.1201438557973233 8494.0846844579518802 13921
279000000 311.26494009054891876 12988.575441222150403 11489.889886153927364 -934.33718227719668903 3976.3874505397770918 8447.839617891349917 13925
280000000 316.05133595176948802 13188.30389029493017 11440.90791416142747 -884.76270531418492737 3953.5343464124457569 8372.1362730631662998 13934
281000000 313.36337118387842793 13076.139529088866766 11611.056759722596325 -851.72403017005490256 3949.1913640817510895 8513.5894258109001385 13934
282000000 308.17038934624360991 12859.444914066067213 11572.453091070434311 -876.46162381513363471 3986.7714739963498687 8462.1432408892160311 13935
283000000 308.61627280237229343 12878.050899392379506 11436.780391623295145 -866.52420287523375464 3949.0566187813119541 8354.247975717218651 13923
284000000 312.37840472287882676 13035.03849412474483 11667.603565963800065 -896.97413386208916108 4076.6248985485476624 8487.9528012773407681 13916
285000000 307.67798854278862564 12838.897836129395728 11494.347493903755094 -895.87148807753237634 3970.6410123616924466 8419.5779696195950237 13913
286000000 306.63857561808902119 12795.524839533265549 11314.277580035941355 -926.00942517665873766 3973.2915767073009192 8266.9954285052990599 13935
287000000 307.48308820212417913 12830.764964571477321 11415.256380272145179 -918.12308376225860229 3919.3638491845945282 8414.0156148498081166 13928
288000000 309.76357235390577216 12925.925827980345275 11433.889042015518498 -904.97275142892385702 4003.097151253717584 8335.7646421907247714 13933
289000000 310.14866962369558223 12941.995305446773273 11500.359378908855433 -946.7031677073919127 4046.5712483131483168 8400.491298303100848 13931
290000000 309.92531898864547202 12932.675249765752596 11361.395151351120148 -983.63814421568145008 3900.3394495269585605 8444.6938460398450843 13965
291000000 310.36337164918870712 12950.954468835650914 11450.703528747715609 -921.3975377226765886 3953.9678328210493419 8418.1332336493414914 13922
292000000 309.68290718289563301 12922.559802693851452 11300.102645030441636 -973.28340191452730323 3945.6062807827343022 8327.7797661622353189 13925
293000000 309.11612184497204225 12898.908780132627726 11362.487960701178963 -990.23910003542664526 3928.4449258030972487 8424.2821349335063132 13940
294000000 309.7763783552823611 12926.460201414540279 11439.269972846475866 -1001.9583428975619199 3980.4192070928829708 8460.8091086511576577 13938
295000000 311.76005947731988499 13009.23596118182104 11360.904306609161722 -957.8224259507401257 3956.8317476154470569 8361.8949849444543361 13925
296000000 311.82512107236448173 13011.950874834856222 11425.935100603208411 -909.83369189758195716 3937.4146482630144419 8398.354144237777291 13928
297000000 308.44841216721329147 12871.046350397107744 11487.078215106354037 -916.59669186321025336 3966.2955051989242747 8437.3794017706422892 13922
298000000 310.65261394337454703 12963.024075382832962 11352.524149121392838 -922.75394735858765216 3870.7423997192536262 8404.5356967607258412 13950
299000000 309.89130574695155929 12931.255932975325777 11504.082786008111725 -888.8992809542660325 3947.7618842852880334 8445.2201826770888147 13932
300000000 310.63542500923438183 12962.306809352907294 11374.462045047937863 -929.11398532787256954 3944.8798306373046216 8358.6961997385060386 13937
301000000 307.23738624466301417 12820.512224864871314 11427.299667126844724 -954.32936974716005807 3937.3031515587317699 8444.3258853152728989 13922
302000000 311.67042598006742082 13005.495702350275678 11420.618651655091526 -948.39500645087809971 3912.063859042014883 8456.949799063953833 13937
303000000 306.62050199104038484 12794.77065671926357 11483.290897367445723 -919.9025541240421262 3959.3765912102408038 8443.8168602812475001 13927
304000000 313.71469038641413363 13090.799503208525493 11358.024439683807941 -939.25514838875176338 3980.9521464348044901 8316.327441637757147 13941
305000000 310.31009813546791065 12948.731452482506938 11416.619998256588588 -976.27891820261845623 3949.9874902564392869 8442.9114262027669611 13943
306000000 313.90118005921345912 13098.581411390854555 11520.90332874089836 -921.1585655887881785 4008.5043346678853595 8433.5575596618018608 13938
307000000 309.43276369745257171 12912.121725309156318 11295.358875195268411 -880.00447118810154734 3844.0725529531573557 8331.2907934302129433 13939
308000000 311.47850329572634109 12997.487083507045099 11466.709406786136242 -926.36432385209116092 3966.2578339374804273 8426.8158967007475439 13916
309000000 309.99152825928985067 12935.438054039252165 11490.804569943171373 -941.08758653891914037 3941.6903881118787467 8490.2017683702142676 13921
310000000 311.59966239054199377 13002.54285381945374 11387.314472046009541 -939.94463941454614542 3930.1745775579747715 8397.0845339025800058 13940
311000000 315.69725788365917651 13173.528793239684092 11340.444829183899856 -947.53885842322574717 3946.8539054780276274 8341.1297821290972934 13928
312000000 307.45074010436229628 12829.415131506313628 11509.283390656444681 -876.07585217732059846 3967.9244389041568866 8417.4348039296091883 13925
313000000 306.27338600313208872 12780.286075852271097 11440.441560113380547 -892.99061893232783405 3974.1393142779866139 8359.2928647677199478 13944
314000000 310.58069065848877699 12960.022834666651761 11478.30325882818579 -929.46259539651634896 3925.7229578378346559 8482.0428963868671417 13944
315000000 310.50700595426383188 12956.948092810367598 11566.584727462282899 -840.93574109348071488 3974.5266654148590533 8432.9938031409037649 13916
316000000 312.74952394159214464 13050.524690445290616 11539.418476855851623 -844.51250900811248812 3996.8547345933225188 8387.0762512706405687 13919
317000000 309.54802293332710406 12916.931304184368855 11513.348365819339961 -927.41252076569685414 3997.3152158145157955 8443.4456707705212466 13936
318000000 309.27201667738142987 12905.414015804390147 11547.290217187168309 -899.39933596096216206 4081.9239767196195317 8364.7655764285118494 13919
319000000 309.73176223716455979 12924.598443980827142 11562.869294623735186 -841.7125388144088447 3970.7592100913088871 8433.8226233468376449 13918
320000000 312.8117656651102152 13053.121935484423375 11587.526802161755768 -889.17835331796050014 4052.431496566955957 8424.2736589127616753 13916
321000000 308.8573541892660046 12888.110830267447454 11384.50551302927488 -937.67984785567591643 4003.9276957253500768 8318.2576651595991279 13937
322000000 314.78662971308386886 13135.529773211990687 11560.56932169794527 -872.38358254963850413 4017.2654547312949944 8415.687449516286506 13927
323000000 309.74644788948251062 12925.211252165969199 11477.133513102273355 -932.83758715671513073 3976.0246314483065362 8433.9464688106818357 13939
324000000 314.6861605053599078 13131.337357954227627 11405.016270377316687 -844.03418217887588071 3925.8059804693912156 8323.2444720868006698 13952
325000000 308.07791984606780034 12855.586313483885533 11507.806762997435726 -877.44016077509968454 3963.7086543132199949 8421.5382694593154156 13921
326000000 306.5811324534388973 12793.127830485527738 11363.596083914013434 -917.14767003265933454 3922.0262532503002149 8358.7175006963716442 13935
327000000 307.21292493799745671 12819.491494656953364 11453.33283838292482 -944.47151432723603648 4018.576809088632217 8379.2275436215277296 13932
328000000 310.32914876294688611 12949.526403922080135 11564.648671502711295 -938.10589278782163092 4024.2948160940518392 8478.4597481964810868 13941
329000000 304.6348661407772056 12711.913329349094056 11455.721718500408315 -898.56710596045559214 3876.810266324638178 8477.4785581362266385 13924
330000000 311.05445354681103254 12979.792182973063973 11516.205033383685077 -939.85891132821848259 3994.7301579713762294 8461.3337867405280122 13946
331000000 311.26170654817718741 12988.440510802343852 11519.429477484196468 -890.69826456980786133 3945.6406024657039779 8464.4871395883001242 13926
332000000 307.49682075018370142 12831.338001279109449 11505.320159196911845 -921.29066365281391882 3988.1185225821800486 8438.4923002675459429 13938
333000000 306.07061487273693956 12771.82476914785002 11442.255772929422164 -876.71038214847612835 4014.3277647409145175 8304.6383903369824111 13929
334000000 310.59930553901483563 12960.799603100551394 11552.189330142422477 -828.53127471542597959 3969.0021567177154793 8411.7184481401327503 13911
335000000 311.25375837876777041 12988.108846728760909 11635.912640303708031 -852.43914268580806493 4022.7040063994822958 8465.6477765900344821 13928
336000000 316.54806137422872325 13209.031427489797352 11537.798541195268626 -847.97270640284227738 4026.6925496932740316 8359.0786979048389185 13920
337000000 312.45959002670934979 13038.426223700758783 11679.514818966028542 -921.13840846083587621 4059.2089682984787942 8541.4442591283841466 13907
338000000 312.95962834541586517 13059.292002622511063 11541.593993920385401 -930.72740311159532212 3973.0147232362496652 8499.3066737957324221 13922
339000000 311.41248915392395702 12994.732421640090251 11535.261118967180664 -944.98538835752310661 3983.0271418015254312 8497.2193655231785669 13925
340000000 310.3741330353639114 12951.403523830884296 11454.844145748134906 -948.4644097022293181 3992.6276464014536032 8410.6809090489114169 13947
341000000 312.14331076783963681 13025.228408960916568 11411.460960542683097 -948.43654447544952291 3974.7097710675407143 8385.1877339505917917 13965
342000000 310.16688307069836128 12942.755322718141542 11410.263175356631109 -961.54399042161230682 3949.6830009097675429 8422.1241648684754182 13962
343000000 310.56651617462580361 12959.431356702763878 11473.597628844498104 -961.68351835795101579 4052.2548912467409536 8383.0262559557068016 13932
344000000 311.02181893636389987 12978.430394203458491 11417.770684111794253 -948.04648544758742901 3943.5113786653791976 8422.3057908940045309 13931
345000000 313.50207364821352485 13081.927355438263476 11299.80785385708441 -939.51340935897314921 3985.4765110530997845 8253.8447521629568655 13911
346000000 309.20171962930390919 12902.480635283010997 11336.614369947154046 -932.41797900225458307 3940.4290416904668746 8328.6033072589416406 13943
347000000 306.34093022888322366 12783.104585612902156 11441.714706424692849 -979.18086124645003565 3998.5429994459536829 8422.3525682251874969 13950
348000000 309.11350674203498556 12898.799656176121061 11571.696256461189478 -902.10486580456881711 4023.7921446358086541 8450.0089776299500954 13925
349000000 311.2281103355265941 12987.038595949919909 11516.49236341892356 -918.0363472940551901 4028.6623161500283459 8405.8663945629486989 13912
350000000 309.00125872012762329 12894.115730321036608 11433.701346928239218 -843.22279947635774988 3949.3975026718862864 8327.5266437327118183 13907
351000000 308.8333684850051668 12887.109946167838643 11571.715185507526257 -900.49443043616565774 3976.7643083127431964 8495.4453076309473545 13944
352000000 312.77193065940389261 13051.459686030091689 11517.293386546274633 -908.70485372963764803 3978.7708183441682195 8447.2274219317441748 13935
353000000 306.84262876927061825 12804.039642862449909 11552.972609755206577 -927.72356035859638723 4060.2255416678617621 8420.470628445942566 13936
354000000 309.99260930991096075 12935.483164508628761 11392.598469790886156 -912.40462433011248322 3979.1643355873111432 8325.8387585336859047 13924
355000000 306.93578830670270463 12807.927037567596926 11595.815725947752071 -899.58096504063723842 4076.9984391720345229 8418.3982518163538771 13913
356000000 311.71141915701662128 13007.206280391044857 11399.788098813020042 -925.65693439688823219 3970.1453546556567744 8355.2996785542527505 13951
357000000 309.17698819991716164 12901.448633296968183 11447.449548878114001 -985.22933370096802719 3971.9421394172686632 8460.7367431618113187 13930
358000000 311.95207894456729036 13017.248618616997192 11495.734677721293338 -892.13749231882195545 4017.9888564659195254 8369.8833135741951992 13925
359000000 309.98333422726614117 12935.09613052201712 11370.565019990057408 -953.1078249004706322 3917.7383854227200572 8405.9344594678077556 13950
360000000 309.43543497243138063 12912.233193232836129 11313.473350832648066 -1002.9393861785486024 3938.2044893639344991 8378.2082476472605777 13959
361000000 307.19083897049318921 12818.569883456417301 11450.153568417310453 -952.87397592736442675 3953.4184292475456459 8449.6091150971296884 13955
362000000 311.94810004589771779 13017.082585701347853 11478.799449054586148 -908.04998579213497578 3916.9549550204674233 8469.8944798262546101 13956
363000000 308.82554727083720536 12886.78357972826052 11324.686534522661532 -957.19878927729291718 3946.4232769637537785 8335.4620468362008978 13944
364000000 314.13212429259823466 13108.218335476043649 11413.876996911327296 -947.13983293370665706 3971.2193483780156384 8389.7974814670196793 13945
365000000 310.32713311376318188 12949.442294187529114 11538.263366571693041 -959.00778048479355675 4022.654037649132988 8474.6171094073542918 13932
366000000 309.16522563044173921 12900.957800564667195 11401.730708724389842 -958.79741079519976665 3997.5729581680884621 8362.9551613514995552 13950
367000000 308.11351753267854292 12857.071746562029148 11361.544234237637284 -1006.3790171788515408 3920.107227441680152 8447.8160239748103777 13945
368000000 309.11525453354397541 12898.872588649221143 11340.647280324938038 -945.51117627029179857 3980.6875938163243518 8305.4708627789059392 13938
369000000 313.83004659579188456 13095.61312862898194 11473.079969479877036 -930.20271662577385996 3944.3690636652981993 8458.9136224403537199 13949
370000000 309.1690338662745603 12901.116712000044572 11398.263960305974251 -942.49814503366792451 3960.1196179277962983 8380.6424874118456501 13941
371000000 311.79427240870370497 13010.663610695495663 11465.958023919682091 -971.33871129036128877 4031.0069771687522007 8406.2897580412918614 13941
372000000 307.56301056376867109 12834.099993641431865 11494.710091150889639 -966.9442003044273406 3965.5832284294715464 8496.071063025845433 13945
373000000 310.09826272332190911 12939.891908167042857 11411.272865386725243 -1003.349157430192804 3965.0172316243229034 8449.6047911925943481 13940
374000000 309.79630752897207913 12927.291813146573986 11396.192997118057974 -974.46290052091148937 3907.3581640275515383 8463.2977336114163336 13913
375000000 309.57258099047919586 12917.956071631409941 11524.29823837537333 -896.50665558813091138 4000.6807711196729542 8420.1241228438339022 13889
376000000 310.04498211513595152 12937.668595773504421 11495.328697016120714 -902.50871281800255019 3994.4905499977739964 8403.3468598363469937 13908
377000000 310.21088078953584954 12944.591275364127796 11408.410330519989657 -858.74040794083975925 3973.6862870593349726 8293.4644514014944434 13914
378000000 310.51914557591925359 12957.454659311733849 11481.865296001862589 -887.21105059123624414 3921.8384632046854676 8447.2378833884140477 13910
379000000 312.18196842351238729 13026.841529529330728 11480.741640351105161 -894.82341046976728194 3928.7025280206935349 8446.8625228001783398 13928
380000000 312.02805952438927761 13020.419163596456201 11270.691945187392776 -976.03739052487469507 3942.5670673926515519 8304.1622683196146681 13935
381000000 309.22878260208511847 12903.609928750916879 11389.303652729035093 -950.55176472481502969 3920.2792449117323486 8419.5761725421161827 13957
382000000 308.43181295116380625 12870.35369233590427 11389.978669056210492 -931.73897976706484769 3983.545871342353621 8338.1717774809221737 13944
383000000 310.33112275590320905 12949.608775410581075 11654.582463864568126 -858.39066168979286431 3993.0973232562937483 8519.8758022980691749 13939
384000000 308.90588554485827899 12890.135964139550197 11470.01663481614014 -875.85042390254648126 4001.6972765623513624 8344.1697821563338948 13923
385000000 305.93573387057364243 12766.196406147262678 11473.672590874419257 -923.46480145402665585 4014.4764077152763093 8382.6609846131686936 13914
386000000 313.02111441867339181 13061.857715615620691 11472.83281124653513 -930.38877902392334818 3979.1816587315797733 8424.0399315388785908 13917
387000000 310.59099445047019117 12960.452795006684028 11587.491379605537077 -902.77718828844854215 4039.0076773997748205 8451.2608904942098889 13929
388000000 309.49514683769712065 12914.724871436344984 11516.563688382568216 -919.93069996080407691 4033.8477798184007952 8402.646608524970361 13903
389000000 305.34685678524732566 12741.623531199820718 11584.687267848588817 -928.19213634010338865 3969.4067836542162695 8543.4726205344777554 13942
390000000 313.53973764501284904 13083.499012251599197 11540.573992868296045 -967.73015649227602353 4071.1409452326388418 8437.1632041279353871 13922
391000000 311.85078270859980876 13013.021692827049264 11439.832516618273075 -916.825611423940245 3925.2964751058780166 8431.3616529363353038 13956
392000000 313.13903321747346808 13066.778273689740672 11447.166996547663075 -932.65313821276765793 3999.3877766372970655 8380.4323581231328717 13937
393000000 310.32628044869210271 12949.406713872578621 11379.434329983827411 -931.99542038977870106 3926.5181201132127171 8384.9116302603924851 13953
394000000 310.78122727971651784 12968.390898968356851 11466.663724630809156 -937.91796848620401761 4011.3710811220958021 8393.2106119949185086 13916
395000000 311.46567235086376968 12996.951669222091368 11416.867257038418757 -908.76944314863408181 3961.6930658512674199 8363.9436343357847363 13931
396000000 309.72780977630958432 12924.433514271820968 11550.562872105620045 -939.72460078117092053 4029.1432590435206293 8461.1442138432703359 13945
397000000 310.38898585404263031 12952.023307594090511 11351.676823996080202 -914.95178751279320295 3832.141120883916301 8434.4874906249569904 13948
398000000 310.25661003337529564 12946.499481708555322 11530.166120816880721 -907.49745784418269068 3990.7288530343257662 8446.9347256267392368 13940
399000000 308.61882063802073617 12878.15721639525691 11528.927472961031526 -860.47331695286152353 3975.2782474742716659 8414.1225424396216113 13928
400000000 305.93413590610720121 12766.129725710916318 11609.749304371687685 -927.11743818612376344 4019.9344095395772456 8516.9323330182342033 13904
401000000 310.94400828424176098 12975.183483308434006 11372.805420025906642 -935.15347474372447323 3893.7092865106728823 8414.2496082589568687 13936
402000000 308.90116699674581469 12889.939066865754285 11419.77581566605113 -879.63480499011723168 3919.5809360937641941 8379.829684562406328 13925
403000000 308.19753116826308315 12860.577497783364379 11620.859326947665977 -922.93586440702210894 4067.1796856723899509 8476.6155056822972256 13932
404000000 309.66455689829183484 12921.794075413819883 11492.568669159842102 -976.09673034618106158 4020.5967692778476703 8448.068630228175607 13917
405000000 310.95400281713773438 12975.60053877404971 11450.347575393941952 -945.05170051003688059 3998.4838711807915388 8396.9154047231877485 13936
406000000 306.28612136833805835 12780.817501754914701 11543.6749887168844 -939.00678970802255208 4039.107426625440894 8443.5743517994669673 13923
407000000 310.65259871858472707 12963.023440077324267 11507.3128585351933 -868.05913729618055186 3968.0847739427176748 8407.2872218886550399 13939
408000000 311.31927701848110246 12990.842832106220158 11728.846168030131594 -888.52324762393539004 4082.5453196647963523 8534.824095989270063 13927
409000000 311.33188015702273788 12991.368740407027872 11564.33478932187063 -866.75510611861500365 4063.6348090086685261 8367.455086431817108 13908
410000000 309.47262271345999807 12913.784976673972778 11478.936529627590062 -910.08509271970240206 4025.0901079070563355 8363.9315144402353326 13930
411000000 312.21908523874901675 13028.390353353493992 11495.530216007573472 -909.88210658146476817 4007.9477846219388084 8397.4645379670982948 13924
412000000 312.74807768368134475 13050.464340474694836 11383.612905690417392 -950.68793458847926559 3974.9830696740418716 8359.3177706048554683 13936
413000000 313.08134714835955492 13064.37112863711809 11433.120804240788857 -977.49176639365634855 3908.8778948623084943 8501.7346757721370523 13944
414000000 312.40869091877021901 13036.302287406597316 11425.966970821667928 -936.79138515361466943 3925.5283766508255212 8437.229979324456508 13942
415000000 308.25447396534207201 12862.953627313016113 11417.310823391273516 -948.98171011707756861 3902.8516373604215914 8463.4408961479275604 13954
416000000 307.13055843550978352 12816.054475598270074 11615.206010580393922 -847.02497687276604665 3971.4168301678637363 8490.814157285294641 13919
417000000 309.87459073215484295 12930.558442822321012 11543.696590700268644 -905.08052088745148467 3978.3534385545081022 8470.4236730332122534 13915
418000000 313.36845802127714933 13076.35179447054179 11449.904885423971791 -870.08220594226895628 4034.0977660043181459 8285.8893253619207826 13912
419000000 308.55992914832552287 12875.699771118799617 11535.952526574947115 -853.32569690023137809 4055.5020903164027004 8333.7761331587753375 13913
420000000 307.46724028934204398 12830.103657163399475 11474.936166683441115 -870.06267968930933421 3935.8299179772016032 8409.1689283955493011 13912
421000000 311.14261407486407052 12983.470977215749372 11451.037566758172034 -852.52001689699602593 3949.2795028170144178 8354.2780808381539828 13927
422000000 310.49048988960203133 12956.258904520194847 11623.101482218644378 -905.58119124063068739 4088.5782354783841583 8440.1044379808899976 13907
423000000 312.59976037487331268 13044.275302434843979 11588.147812574923591 -845.83512528278401987 4067.793412694473318 8366.189525163232247 13930
424000000 312.110053330524579 13023.840630647617218 11614.403062663339369 -926.46870014352725775 4087.5600204834790929 8453.3117423233888985 13915
425000000 309.96077198366504035 12934.154645101105416 11663.708776120125549 -885.56649446402184367 4025.637273718790766 8523.6379968653563992 13914
426000000 311.06882218301115017 12980.391762595550972 11398.790455071153701 -860.75689981135224116 3966.112165853975057 8293.4351890285288391 13926
427000000 311.10138107296296539 12981.750391673078411 11598.531350916560768 -869.18394654563462609 4010.4302769513619751 8457.2850205108352384 13923
428000000 307.67672038216846886 12838.844917866639662 11376.716421659639309 -934.33265862181201555 3821.3856816429984065 8489.6633986384513264 13941
429000000 311.55348974585166388 13000.616145084744858 11641.954707459579367 -882.89342278416052068 3971.4024601499991149 8553.4456700937407732 13926
430000000 305.69737424206971355 12756.250049785816373 11443.717594223424385 -892.70679337604440207 3946.3945858623219465 8390.0298017371496826 13911
431000000 308.30263017370691614 12864.963106906599933 11336.05453923503228 -920.29073904032065911 3900.4719494738683352 8355.8733288014827849 13932
432000000 311.36250155469423362 12992.646521109396417 11511.052287839056589 -933.682219313732503 3989.7560193529889148 8454.9784877997990407 13920
433000000 306.49395001860375487 12789.489850468644363 11638.879747286540805 -934.75974214550478791 4024.0208319041521463 8549.618657527895266 13908
434000000 304.86007671536231101 12721.310997256405244 11630.132571428159281 -893.04067394864091511 4093.0912028318425655 8430.0820425449583126 13918
435000000 310.97533384807036327 12976.490647709630139 11577.306533874756497 -869.53311282027584639 4076.5844408701314023 8370.2552058249020774 13925
436000000 307.0561742369192757 12812.950544989360424 11591.937947869884738 -909.63004625227222277 3948.6263563189568231 8552.9416378032001376 13921
437000000 306.85144494460308806 12804.407527399576793 11588.832242481372305 -863.61472526049772114 4044.3435653321630525 8408.1034024097061774 13908
438000000 306.30139013003662285 12781.454642138147392 11465.34284145881611 -942.0697223012896302 3997.7133856826740157 8409.6991780774314975 13932
439000000 307.19771906410051088 12818.856978478539531 11479.012995684526686 -941.94341581143135045 3912.8158395224882042 8508.140571973472106 13950
440000000 310.87039233989861486 12972.111610689244117 11605.075524209765717 -927.09163760772935348 3954.0901446361722265 8578.0770171813219349 13930
441000000 307.04840412053323462 12812.626310776417085 11481.349956610198205 -870.53951881816567493 3917.9688731734249814 8433.9206022549406043 13940
442000000 309.15820000905495135 12900.664632906988118 11530.149944307500846 -899.35999169101705775 3976.6512550538805044 8452.8586809446387633 13918
443000000 309.33949450931908132 12908.229755060077878 11517.433505460237939 -902.14017427109160963 3999.13259161924816 8420.4410881120820704 13931
444000000 308.31282955002188828 12865.388710152124986 11489.862512288353173 -834.2736385739075331 3959.5173152816023503 8364.6188355806589243 13903
445000000 307.66622965848239346 12838.407157173161977 11694.814850309248868 -795.45059478262078301 4071.1610448655792425 8419.1044002262915456 13904
446000000 306.680597351432084 12797.278337545403701 11703.188599615868952 -927.81831875637931262 4092.2981062511780692 8538.7088121210690588 13928
447000000 309.86214476402460605 12930.039092985003663 11406.784561499911433 -953.96830723733387458 3916.5626896482335724 8444.190179089011508 13954
448000000 309.75035499474591916 12925.374289260529622 11403.85348674144916 -931.31255146006571977 3888.8536089593308134 8446.312429242185317 13926
449000000 308.09284778866071974 12856.209232044820965 11358.001368471679598 -940.83820954429165795 3901.8502558387781392 8396.9893221771926619 13933
450000000 312.75814442308052321 13050.884408999261723 11528.628564763657778 -945.16572851904311392 4035.4562037934151704 8438.3380894892852666 13908
451000000 312.34917338652843455 13033.818718401451406 11479.836386401922937 -903.36282226890000402 3964.7390532853232799 8418.4601553854990925 13929
452000000 310.02548059462287711 12936.854829307132604 11443.561269988676941 -925.34497807060370178 4014.0659284358671357 8354.8403196234139614 13919
453000000 308.7860516331920735 12885.135491546521735 11425.544455583945819 -1002.3510854293144803 3908.5294251331997657 8519.3661158800623525 13950
454000000 309.94984529675809881 12933.698692377447514 11344.388585344226158 -951.30010725049169196 3972.9820034164463323 8322.706689178270608 13944
455000000 309.02956344822104029 12895.296840201504892 11338.373594516260709 -992.28984778679102874 3917.2923474488106876 8413.3710948542411643 13949
456000000 312.25389256215737532 13029.842805871483506 11436.943966702350735 -961.30913215818372919 3976.5032053271888799 8421.7498935333478585 13932
457000000 312.29592771079290969 13031.596863681776085 11538.29248108059619 -868.59859106655494543 3958.9918747274323323 8447.8991974197197123 13930
458000000 308.97424998847350253 12892.988700246402004 11514.795250599374413 -905.24286986728202464 3944.4426266611308165 8475.5954938055256207 13923
459000000 309.61173107022221984 12919.589740248646194 11530.994284012022035 -905.9720952150581752 3969.7159701629470874 8467.2504090641341463 13947
460000000 308.53105257954121043 12874.494799264180983 11304.165024811733019 -977.11572510485939347 3932.0305554885217134 8349.2501944280720636 13947
461000000 309.30621673044777253 12906.841127926998524 11436.503301409735286 -920.5430409361575812 3941.2189018394874438 8415.8274405064039456 13932
462000000 312.3482007273539125 13033.778130929365943 11504.64983905578265 -898.33117279635325758 3936.0596991653942496 8466.9213126867416577 13927
463000000 309.18315780966634065 12901.706080992962598 11573.90916723486589 -926.05174182770724656 3941.1796143148412739 8558.7812947477323178 13933
464000000 306.65627658446004489 12796.263471828395268 11422.190426444314653 -934.07950249052078107 3955.5570349352192352 8400.7128939996182453 13921
465000000 312.07919269056827716 13022.552866757087031 11603.716665562031267 -879.2574223483707101 4069.2844750786207442 8413.6896128317803232 13913
466000000 308.43017173157016941 12870.285206934042435 11456.328212517229986 -944.49535536841381145 3991.2781185945300422 8409.5454492911139823 13941
467000000 304.14168286950484799 12691.333600313739225 11505.978637910237012 -833.7358170346691395 4022.404231463315682 8317.3102234815905831 13907
468000000 309.74245605339899612 12925.044679393255137 11540.959309740685057 -921.74094551824055088 4033.7217972462826765 8428.9784580126433866 13935
469000000 310.13358660738077788 12941.365915913762365 11496.685147337302624 -941.85778447145685277 4022.455712448659142 8416.0872193600989704 13927
470000000 307.12425339810027936 12815.791376728127943 11376.448527042231945 -939.07474769339432896 3989.5057122624884869 8326.0175624731382413 13932
471000000 313.32755780507210375 13074.645095529160244 11423.938298080365712 -967.78974543277297471 3953.979901974762015 8437.7481415383772401 13935
472000000 314.87340654939390561 13139.150828267647739 11482.128482601490759 -950.26254569948946482 3976.2377495265918697 8456.1532787743890367 13946
473000000 310.00202898887005176 12935.876232262282429 11440.624185139076872 -908.19687202549403082 4005.8733676562978872 8342.94768950827347 13918
474000000 309.36364784629051883 12909.237634197765146 11372.98238249024871 -979.99885382054230831 3909.5372301050310853 8443.4440062057601608 13954
475000000 311.28183141883783946 12989.280288648011265 11451.862894287685776 -936.70098627964534899 3968.8125419475973104 8419.7513386197351792 13949
476000000 311.41456892878511553 12994.819207233986162 11519.967233557817963 -897.18575498450138639 3992.2327028332056216 8424.9202857091149781 13931
477000000 311.12011802705580976 12982.532254036705126 11457.626580204418133 -962.8232749395637029 3954.1873099108561291 8466.2625452331267297 13935
478000000 309.54850025646732092 12916.951222096147831 11419.567021821521848 -967.1288366983612832 3987.2852026403234049 8399.4106558795574529 13926
479000000 313.24314377454157921 13071.122636483421957 11481.761819357105196 -953.29586573781489278 4011.0117304962836897 8424.0459545986377634 13938
480000000 309.21373286059838392 12902.981927721908505 11571.456462284144436 -933.14953159500942093 4056.9683555521978633 8447.6376383269562211 13940
481000000 312.70659626951095333 13048.733389095448729 11389.137413999469572 -900.37999688552383759 3960.8318939845362365 8328.6855169004556956 13921
482000000 309.85121551070875512 12929.58303316931233 11498.920667206804865 -891.99740246905628283 4036.92829558797348 8353.9897740878877812 13916
483000000 309.65014701976986089 12921.192774816885503 11659.304411864399299 -841.92714935416449862 4018.6616770183040899 8482.569884200258457 13912
484000000 312.44924731397088635 13037.994639261371049 11563.57998032701289 -847.16257593517764235 3982.6378086974646067 8428.1047475647264946 13933
485000000 311.60047716707737209 13002.576853107952047 11526.833838480741179 -891.56308651460153669 4038.1231171146646375 8380.2738078806778503 13911
486000000 308.3086758934693421 12865.21538487664111 11534.420310666704609 -881.09837983652266757 4055.3348160490422742 8360.1838744541837514 13924
487000000 307.06416174498065175 12813.283850600369988 11422.772759265979403 -907.17014022680359631 4033.9241063148019748 8296.0187931779801147 13928
488000000 312.26224017661496646 13030.191138131793195 11612.763612222453958 -852.63211744889031252 3962.8509003087983729 8502.5448293625468068 13922
489000000 309.05380600997960983 12896.308442543220735 11390.452881172597699 -882.35050409278426287 3886.1454658170414405 8386.6579194483383617 13918
490000000 309.07363531662952028 12897.135886987476624 11476.354190083742651 -901.99234548703634573 3983.0989386894152631 8395.247596881363279 13919
491000000 309.85047501418040383 12929.552133463679638 11416.001880705061922 -962.97292277232031665 3877.78420601484504 8501.1905974625369709 13955
492000000 310.52633144969837531 12957.754514038912021 11330.169405676697352 -968.94589984380445458 3954.4589735975901021 8344.6563319229135232 13935
493000000 307.68791277272515572 12839.311957967818671 11451.607456159203139 -917.05160421920163571 3962.722232373380848 8405.9368280050239264 13930
494000000 311.11594971596480264 12982.358317251366316 11519.352220247512378 -913.10330169185817795 3968.5225607750162453 8463.9329611643552198 13932
495000000 310.24112617887936949 12945.853365855666198 11380.970439088512649 -901.28698129846009124 3955.0384702140040645 8327.2189501729662879 13936
496000000 310.61453601610128317 12961.435145929710416 11440.33152355425409 -932.62980901690298197 3947.9950222394672892 8424.9663103316906927 13924
497000000 309.57671626623528027 12918.128629906403148 11609.232339692382084 -917.37432946398280365 3966.5742763259304411 8560.0323928304351284 13925
498000000 311.79303056562105212 13010.611790620416286 11489.647812609011453 -886.43538380575216706 3958.7137139330220634 8417.3694824817430344 13923
499000000 313.18714027496230301 13068.785702297880562 11584.338460370579924 -900.00060811425998963 4031.1010743065062343 8453.2379941783328832 13920
500000000 308.7394655761577269 12883.191531792737806 11407.447715161273663 -959.23797148979997473 3895.0379413589407704 8471.6477452921335498 13924
