# Steps Temp KinEng PotEng Epair Ebond Eangle Bonds
1000000 311.75905973232056567 13009.194243462690793 11749.385231132306217 -873.45661861079145183 4050.5667600116657923 8572.2750897314308531 13902
2000000 309.17178472379310961 12901.231500772584695 11408.616512331287595 -901.64438278840395924 3973.9072180641305749 8336.3536770555601834 13934
3000000 311.10200419514995929 12981.776393539952551 11498.446621060375037 -879.01995973530119954 3991.1364170916631338 8386.3301637040131027 13896
4000000 311.44868848600776801 12996.242960397059505 11338.752649493180797 -921.1602069238117565 3833.9027974336781881 8426.0100589833145932 13934
5000000 311.07140866602890128 12980.499692289764425 11350.397456246140791 -914.10982763003710261 3988.801092247987981 8275.7061916281891172 13932
6000000 309.15615894061807012 12900.579462468693237 11371.11366639940934 -935.18268271277452186 3922.4128520962217408 8383.8834970159605291 13947
7000000 306.61283022259061681 12794.45052640440008 11310.454517239313645 -1017.4038764118879499 4008.6469720100985796 8319.2114216411027883 13965
8000000 309.93684495503532617 12933.156209439348459 11487.732422024248081 -971.5953515979764461 4023.7763562207032919 8435.5514174015224853 13930
9000000 308.67763551822730506 12880.611464883400913 11279.035655961022712 -1036.7767774201768134 3851.6226608629544899 8464.1897725182461727 13958
10000000 309.14840071896935569 12900.25572460363037 11400.989948717537118 -967.18788583551599913 3916.9117879614268531 8451.2660465916269459 13969
11000000 306.72986839476459409 12799.334337373737071 11380.852207871321298 -978.78565924478505167 3905.811217125678013 8453.8266499904293596 13946
12000000 307.93414636808881824 12849.586882052150031 11345.966469967181183 -1022.7983755913400046 3904.6509153243300716 8464.1139302341925941 13961
13000000 312.53654200526597151 13041.637303556213737 11445.225815788628097 -975.73225670806721155 4036.6161166531874187 8384.341955843507094 13964
14000000 306.30912935725848456 12781.777587396931267 11423.728421609137513 -914.68919711912860748 3952.5395137246287049 8385.8781050036377565 13949
15000000 311.1974358231141764 12985.758598856526078 11521.163333678530762 -910.37385079721786951 3973.102972772884641 8458.4342117028645589 13935
16000000 308.30374273810838304 12865.009532394346024 11385.233458078961121 -914.53407923906070209 3939.7481199074459255 8360.0194174105745333 13940
17000000 310.65098169372032544 12962.955964281831257 11439.897636296835117 -895.10688780469251924 3970.9284751200102619 8364.0760489815183973 13923
18000000 308.81445921615852512 12886.320893392148719 11487.392242821064428 -899.05166032684542188 3905.5956028073833295 8480.8483003405253839 13931
19000000 311.64341192819932758 13004.36845027183881 11419.994898742264922 -935.59150812657696861 3946.2153593399789315 8409.3710475288626185 13948
20000000 310.30062608688638193 12948.336199430401393 11473.780309969359223 -926.80034172166131157 4025.1383629937458863 8375.4422886972752167 13929
21000000 309.5892279080183016 12918.650720197540068 11370.031550388555843 -948.61140396077280457 3896.8378726527289473 8421.8050816966006096 13954
22000000 307.86089987512087873 12846.530426032906689 11431.139924204589988 -934.65576032375452087 4007.36724890739697 8358.4284356209482212 13935
23000000 307.47167571804334329 12830.288740328513086 11467.752526126058001 -948.11750322833995597 4042.2745510075751554 8373.5954783468241658 13949
24000000 311.41990552854872476 12995.041894789510479 11468.827542909741169 -922.32055436407097204 3963.8951682721408361 8427.2529290016700543 13919
25000000 308.19049471064016643 12860.283877947324072 11531.943376067541976 -957.68714078640755361 4013.3766744071008361 8476.2538424468475569 13922
26000000 312.66375343657858821 13046.945627944141961 11416.471013652673719 -945.00473817921510999 4052.6711218110640402 8308.8046300208243338 13944
27000000 313.91806304785785642 13099.285910817026888 11376.691046646446921 -941.97877940503121863 4004.5517016234380208 8314.118124428041483 13927
28000000 312.54035916775376336 13041.796587486262069 11482.178971503461071 -924.59396665732572274 4034.589692398916668 8372.1832457618693297 13918
29000000 310.055953301798354 12938.126405398972565 11423.294279267200181 -914.3886515931875465 3970.9516968887746771 8366.7312339716118004 13943
30000000 314.66356325978762243 13130.394411958466662 11437.39941751808874 -914.24815244652086221 3912.1308425170400369 8439.5167274475679733 13943
31000000 308.66411429291150625 12880.047246327270841 11422.8255542982115 -949.05074842070462182 3913.6083536111145804 8458.2679491077997227 13951
32000000 309.79743111059269722 12927.338698364805168 11544.241662989394172 -937.08337529055575033 3980.4837102248038718 8500.8413280551467324 13928
33000000 309.83294615141022632 12928.820682769544874 11440.277626468790913 -911.60390179821217771 4015.9211749572982626 8335.9603533097033505 13929
34000000 310.81278767094408977 12969.707862331768411 11458.804975832455966 -901.33392194753196236 4031.1900086352397921 8328.948889144747227 13935
35000000 311.62828418541619158 13003.737194376661137 11490.578413041133899 -950.49086203652450422 3981.4538016946162315 8459.6154733830426267 13930
36000000 309.59435960186090142 12918.86485736504801 11453.230896554945502 -916.6205810839572905 3941.8161691924519801 8428.0353084464513813 13936
37000000 311.67648549801964464 13005.748556096144966 11374.40027256769099 -937.36080934548920141 3858.1469948923836455 8453.6140870207964326 13936
38000000 309.65806319873109942 12921.523103981533495 11541.812303787637575 -864.68502201129376772 3940.7779294244951416 8465.7193963744357461 13907
39000000 315.87535420531003183 13180.960460644608247 11407.31968799576498 -912.77651043938999464 3956.4828742397617134 8363.6133241953921242 13943
40000000 309.0783175630198798 12897.331269449947285 11270.35565027353914 -942.56917686816223068 3905.8775450282141719 8307.0472821134881087 13924
41000000 306.82762073670454583 12803.413382278293284 11348.156478021535804 -934.22062098517471895 3888.1571195487213117 8394.2199794579901209 13961
42000000 309.57729528114498407 12918.152791248938229 11458.114406197826611 -924.71730952272957893 3983.1469931779583931 8399.6847225425990473 13932
43000000 311.90836414154938439 13015.424471584148705 11229.973257369041676 -1004.8213983872453809 3929.6997534250258468 8305.0949023312605277 13941
44000000 311.29688908929148283 12989.908620539803451 11308.124686110648327 -1036.6583739526763566 3910.0151442545602549 8434.767915808763064 13958
45000000 308.38515317691133077 12868.406656483513871 11339.409145522369727 -992.36348890720978488 3992.4136785535747549 8339.358955876004984 13937
46000000 310.38804475468742794 12951.984037061503841 11353.917616094766345 -984.06588312661858708 3874.6017741587279488 8463.3817250626561872 13955
47000000 312.07173346605077313 13022.241605551920657 11463.678055265147123 -966.24339402821851763 4002.7385549441542025 8427.1828943492109829 13946
48000000 313.78736345982702005 13093.832031370207915 11341.511079047777457 -964.56053654945515063 3887.7231273611514553 8418.3484882360808115 13949
49000000 309.37970272073266642 12909.907577776475591 11408.019795668640654 -948.02149460499799716 3972.6564859217205594 8383.3848043519174098 13937
50000000 305.88366603669322785 12764.023700836411081 11340.950048789087305 -946.57763320103526894 3914.4701053045928347 8373.0575766855290567 13944
51000000 309.79004088237957149 12927.030316262258566 11311.065986650086415 -927.02292765084689563 3940.116384468623437 8297.9725298323119205 13916
52000000 312.49715691590779443 13039.993828373177166 11399.287217451617835 -897.66785698404908089 3935.5562116803948811 8361.3988627552716935 13935
53000000 308.65744784898254238 12879.769066555816607 11544.851218462375982 -953.65481947240311911 3999.5087445946778644 8498.9972933401004411 13934
54000000 309.11434572742808768 12898.834665660546307 11497.372577018340962 -932.59763131721024365 3961.3522824357651189 8468.6179258997872239 13944
55000000 310.58648620513275773 12960.26467332277025 11463.124990153886756 -961.84838426072849416 3996.7063650771256107 8428.2670093374890712 13925
56000000 307.66163142595127056 12838.215280471245933 11227.496966562637681 -980.59548269632296069 3862.4449129229906248 8345.6475363359695621 13937
57000000 307.94548909256462821 12850.060195341209692 11286.730994745330463 -912.98559623997743984 3928.0798257767974064 8271.6367652085100417 13934
58000000 309.57615968160064313 12918.105404542460747 11501.919258400177569 -934.56471752375625783 3997.733906213940827 8438.7500697099931131 13938
59000000 309.03864922060336085 12895.675974581352421 11563.923983907425281 -944.16640521980991707 3987.4367032212940103 8520.6536859059415292 13940
60000000 311.76496474775615297 13009.44065007194331 11490.985879628686234 -952.35943143522536047 3964.2716133437052122 8479.0736977202068374 13935
61000000 311.29035921771418316 12989.636139708591145 11476.160034730291954 -946.12442578897093881 3984.1932225311384173 8438.0912379881228844 13932
62000000 309.85463825674355576 12929.725858747664461 11216.780768999407883 -982.91610878335859525 3850.0375152282567797 8349.6593625545101531 13959
63000000 312.89542075830519252 13056.61272531989016 11476.616289554867762 -938.0982814274420889 3909.306600545431138 8505.4079704368796229 13914
64000000 309.30928036567541994 12906.968968400349695 11399.891266774804535 -927.16449486978262939 3974.6699102633738221 8352.3858513812137971 13956
65000000 311.70449001733265959 13006.917138756583881 11424.755311953742421 -913.30078175194819323 3964.5619140421567863 8373.4941796635357605 13913
66000000 306.2275392081904215 12778.372964293144832 11404.616745189898211 -982.7232122242000969 3952.4755677074631421 8434.8643897066340287 13930
67000000 309.35750581016975502 12908.981337104061822 11433.835526693983411 -983.33048933924999346 4010.4557458726412733 8406.7102701605945185 13926
68000000 312.77851853834783924 13051.734587413575355 11439.666760581043491 -919.27522558582620604 3894.269581423704949 8464.6724047431634972 13908
69000000 307.67450095675081911 12838.752304884063051 11398.668957950576441 -940.51881578185339094 4026.2410036037581449 8312.9467701286739612 13921
70000000 307.88598331636637795 12847.577116896476582 11472.839043270458205 -931.40836457937859905 3995.5662525319162341 8408.6811553179213661 13936
71000000 310.14425666314122054 12941.811159840579421 11402.231497588531056 -888.97936760401739775 3886.0171205052001824 8405.1937446873489534 13935
72000000 313.81663426067336786 13095.053453882192116 11332.074632570440372 -967.8288350418894197 3927.6599938662989189 8372.2434737460316683 13930
73000000 309.02607983454993246 12895.15147471652017 11427.510337565861846 -922.68653652520356445 3922.9987046033115803 8427.1981694877504196 13934
74000000 314.47936431450506234 13122.708092078366462 11501.134322715512099 -977.34795139272966935 4023.8328251635807646 8454.6494489446595253 13924
75000000 311.95632554256451385 13017.425822186532969 11464.486865233760909 -1025.279962239239012 4001.1713210762954986 8488.5955063967030583 13940
76000000 309.78105527401663721 12926.655361562659891 11439.623819453281612 -901.55342142856920873 3951.8878812978969108 8389.2893595839523186 13934
77000000 305.52148157160610253 12748.910337130706466 11609.399881573801395 -870.92534269728162144 3951.3539522085543467 8528.9712720625284419 13928
78000000 311.30331493785286057 12990.176760661172011 11356.72435072855842 -922.67477818203838069 3972.4943978763103587 8306.9047310342866695 13937
79000000 309.66920244951541008 12921.987926647165295 11537.194221815465426 -939.67892303165763224 3921.4383036273816288 8555.4348412197432481 13919
80000000 308.71700834713266204 12882.254428457848917 11403.483166865456951 -918.90550450723935683 3991.4673928454189991 8330.9212785272775363 13920
81000000 306.87188428578321009 12805.260427584253193 11457.167933884333252 -912.3206900246556188 4057.1940617502768873 8312.2945621587114147 13912
82000000 310.23421011119017976 12945.564769694108691 11405.218818851382821 -930.12637176143698525 3921.0191151215512946 8414.3260754912698758 13923
83000000 314.29300421064493776 13114.93159059536265 11486.397408713628465 -902.71342824069859034 3962.9421537987586817 8426.1686831555671233 13916
84000000 311.69342519979227291 13006.45542206814207 11505.796042505482546 -984.49674646191556349 3963.9205070562156834 8526.3722819111808349 13934
85000000 311.54814909835067738 13000.393288623778062 11471.562009265046072 -906.90575849036940781 3983.3416949588354328 8395.126072796578228 13929
86000000 308.77653571553378242 12884.73840790979375 11536.887344209208095 -958.80505643828485063 4066.1039096411686842 8429.5884910063232383 13930
87000000 311.55494705967942082 13000.676956400622657 11564.761983482494543 -991.89418387800571963 4039.4253877888304487 8517.2307795716697001 13922
88000000 310.9893368687615407 12977.074970796576963 11505.908248762207222 -933.65825867834325891 4023.6663790752154455 8415.9001283653378778 13925
89000000 311.75194480182102552 13008.897349082215442 11527.032147564452316 -923.83902267712687717 3931.5765136575291763 8519.2946565840502444 13940
90000000 310.94725363081738578 12975.31890629830923 11463.049166925577083 -880.24789721811998788 3951.9453234597576738 8391.3517406839382602 13953
91000000 307.86917649065799196 12846.875795624710008 11505.805869738769616 -902.22895180957880257 3970.993588276725859 8437.0412332716223318 13918
92000000 308.78437471678660131 12885.065516575248694 11512.787834793798538 -931.03525937541110125 3936.8730359282167228 8506.9500582409909839 13938
93000000 314.73549046947010766 13133.395816449976337 11786.832740974949047 -947.1737097336822444 4080.0377712910185437 8653.968679417614112 13933
94000000 308.92257018159466497 12890.832186665918925 11379.181631436928001 -993.13635632563364197 3906.9900109330346822 8465.3279768295251415 13955
95000000 312.97306883597934757 13059.852852249839998 11323.472247907122437 -910.37575974458673045 3911.6358943281052234 8322.2121133236068999 13958
96000000 309.65289249496942148 12921.307338994081874 11512.299482754975543 -899.61170128465175821 3983.0921580615108724 8428.8190259781167697 13923
97000000 308.60198981383933869 12877.454893706571966 11470.298745240294011 -876.50829032345973246 4012.2062673436512341 8334.6007682201015996 13907
98000000 307.41585907838344838 12827.959603500938101 11407.267442053274863 -969.3585440427436879 4014.7965720755746588 8361.829414020443437 13930
99000000 307.5566906670939602 12833.836274718523782 11563.131118953417172 -898.77261164803098836 4042.4075658580923118 8419.4961647433556209 13900
100000000 309.30727502860719369 12906.885288973466231 11391.166283122871391 -932.38902932651012634 3955.4838533660913527 8368.0714590832885733 13932
101000000 307.93893640757295316 12849.786762543630175 11520.0760304794494 -908.91447868136378929 3945.1387347514955763 8483.8517744093169313 13932
102000000 312.72251723352235331 13049.397744811511075 11469.089676541669178 -928.4134541130396201 3970.321929420304059 8427.1812012344034883 13915
103000000 313.05154025867005885 13063.127336016954359 11581.183985406811189 -883.42988377448000392 3990.3300097859882953 8474.2838593953019881 13914
104000000 307.9311142041692051 12849.460354824866954 11700.427788713190239 -943.40490871995405087 4082.4997891717885068 8561.3329082613545324 13913
105000000 309.67618951559052221 12922.279485454922906 11606.210383101275511 -865.37776860750784635 4060.2332726207387168 8411.3548790880449815 13895
106000000 308.73725518167344717 12883.099295656200411 11524.845763443856413 -935.72009099028559831 3928.5166676659482619 8532.0491867681957956 13944
107000000 307.36708118331546302 12825.92418194086531 11526.026500575324462 -902.52599048191655129 3997.6197503337543822 8430.9327407234886778 13956
108000000 306.99310281746778628 12810.318678099718454 11552.303050385871757 -898.46989136326578773 4061.8335141604466116 8388.9394275886916148 13923
109000000 307.90611520837842363 12848.417187731622107 11368.242483630627248 -920.66885640388727552 3922.4811629471619199 8366.4301770873498754 13931
110000000 308.87735276881056734 12888.945338191972041 11350.900923255223461 -914.66088070113301001 3967.8898603021189047 8297.6719436542371113 13933
111000000 309.81362170004695145 12928.01430510838145 11495.755745341082729 -953.29662369424431745 3974.196587176785215 8474.855781858541377 13924
112000000 308.97806098819734189 12893.147727014418706 11559.891783404755188 -982.01618634142141673 3991.9954999657657027 8549.9124697804109019 13940
113000000 310.00069237851857906 12935.820457704503497 11562.517032143116012 -964.35522402609262826 3964.3153746918860634 8562.5568814773214399 13934
114000000 308.47841349744669515 12872.298256702264553 11491.423472162567123 -922.26362981226372995 3963.7168386623543483 8449.9702633124761633 13924
115000000 312.78983676356136812 13052.20687838860249 11447.328604978722069 -963.09007621599175764 3958.5848795853653428 8451.8338016093493934 13957
116000000 311.06884007003208126 12980.392508991597424 11348.913565851138628 -927.66266974097811726 3973.4534762349267112 8303.1227593571911711 13930
117000000 313.240010162911517 13070.991876009567932 11361.89296789978107 -1042.0196503603044675 3940.2826094389101854 8463.6300088211755792 13970
118000000 310.27976470324227876 12947.465688105898153 11504.370377914481651 -932.72490587816423613 4092.322817170250346 8344.7724666223948589 13931
119000000 311.74884794181639336 13008.768122193412637 11399.675617316825083 -972.20284017285439404 3952.6419004022536683 8419.236557087424444 13944
120000000 309.1293544342191808 12899.460954379008399 11248.026217199887469 -938.38767964394605769 3926.2058710338897072 8260.2080258099431376 13928
121000000 310.71485035424427679 12965.621098733863619 11428.476159231344354 -916.07813827859092726 4023.3372659225105963 8321.2170315874227526 13943
122000000 311.28757243362508689 12989.519851779186865 11454.797781542023586 -914.62016450074816021 3986.2240117060600824 8383.1939343367121182 13924
123000000 310.80965071524065024 12969.576962315217315 11509.164117796826758 -961.08328121742431449 3962.8329513018088619 8507.4144477124427794 13939
124000000 311.6733612377632312 13005.618185839775833 11385.491726032158113 -960.51551470417120981 3925.0075899955827481 8420.9996507407468016 13934
125000000 310.30906583829880674 12948.688376414720551 11420.102530460888374 -949.29641791073470358 3982.7474448759653569 8386.65150349565738 13941
126000000 312.08988259254391551 13022.998938833914508 11410.613084684886417 -926.13804171828655853 3989.246195247003925 8347.5049311561706418 13923
127000000 311.43577668938502256 12995.704172300758728 11471.423552040054346 -980.38612063361233595 4016.6750448295060778 8435.1346278441578761 13923
128000000 308.32599145306375021 12865.937934779090938 11391.022635488981905 -1007.1723467475139842 3969.4166622330967584 8428.7783200033991307 13949
129000000 306.83444102801428244 12803.697981848619747 11345.041551676244126 -971.37561494040141952 3915.0980052373524813 8401.3191613792914723 13948
130000000 310.50847661819040013 12957.009461203973842 11359.890320344175052 -988.34944604241218258 3983.1246267681212885 8365.1151396184668556 13944
131000000 311.31116105864612109 12990.504166413373241 11360.269712163917575 -945.68756791937937578 3959.4862351134815981 8346.4710449698159209 13951
132000000 312.58411457418947066 13043.622428833143204 11503.078287951115271 -919.05176881086538287 4025.3577753496547302 8396.7722814123262651 13924
133000000 309.20787953135481985 12902.737677892677311 11598.764805253758823 -917.86838752190431023 4018.2148103242134312 8498.4183824514475418 13925
134000000 312.29434275469856175 13031.530726063459952 11495.545372561235126 -937.52761579812124637 4122.3804162070937309 8310.6925721522620734 13929
135000000 308.80529783801347321 12885.938604107825086 11589.258262313507657 -907.43058727679704134 4124.9426512898962756 8371.7461983004068315 13928
136000000 308.59991486289334262 12877.36830940674372 11429.802322249521239 -856.02264680649079764 4014.8104193152216794 8271.014549740790244 13943
137000000 304.41568812675097888 12702.7673902998431 11421.855036797354842 -951.84798495784809802 3933.7711718680220656 8439.9318498871798511 13942
138000000 309.14109099958824345 12899.950702002601247 11408.133335274918863 -920.68121511660308443 3953.1312132388202372 8375.6833371527009149 13938
139000000 308.34298915899518079 12866.64722116950179 11486.991433001840051 -992.39983662255986019 4032.5434264738141792 8446.8478431505864137 13931
140000000 306.72063727002313271 12798.949137678335319 11404.275848206325463 -949.82720312166679832 3901.8951047504842791 8452.2079465775095741 13953
141000000 313.62764501227366054 13087.167242509636708 11402.826058093665779 -974.31542994990422812 3920.5771731492918661 8456.5643148942781409 13973
142000000 309.70399189476478341 12923.439633138901627 11567.299401774071157 -962.71828277162455834 4017.4029379037265244 8512.6147466419715784 13927
143000000 311.15629607308108007 12984.041904561363481 11473.90621089747583 -947.88748600558744783 3990.3586863718501263 8431.4350105312150845 13953
144000000 310.09348697957739205 12939.692624213330419 11329.743509520370935 -918.43873367678202158 3846.6132485545067539 8401.5689946426464303 13938
145000000 311.38130111443786063 12993.430995904151132 11413.278459155932069 -918.3578935326189594 3955.1300607998296073 8376.5062918887215346 13945
146000000 307.5714383276991839 12834.451670407792335 11405.061657903181185 -922.44169256577777105 3872.6948734264574341 8454.8084770425030001 13936
147000000 310.77675207660524848 12968.204156082349073 11390.628470559062407 -980.45714484106247255 3932.8117721402613824 8438.2738432598634972 13930
148000000 306.84889596373886889 12804.301162608720915 11300.627375614858465 -1017.9327285627550737 3925.6720425352700659 8392.8880616423430183 13942
149000000 310.45584442840561223 12954.813206246837581 11289.199202075198627 -950.19091071923548952 3888.1253789678175963 8351.2647338266178849 13962
150000000 307.95826726392760975 12850.593407474578271 11492.597340512818846 -938.21302957838406655 3949.1871547393129731 8481.6232153518903942 13932
151000000 310.50590586462521969 12956.902187874016818 11452.651953951561154 -893.86439977311556504 3973.7414659421374381 8372.7748877825397358 13932
152000000 312.52152198966865626 13041.010542939815423 11560.971029338930748 -918.02990046194531715 3976.1089572648129433 8502.8919725360610755 13937
153000000 306.03548390174665883 12770.358811347083247 11416.845444881735602 -926.76011889325468474 3922.7037386895435702 8420.9018250854478538 13933
154000000 312.03112643883065402 13020.547140906017376 11441.145018362149131 -926.88796034117319778 3976.9506661171244559 8391.0823125861970766 13927
155000000 310.83861967170503249 12970.78578935619953 11574.554441921280159 -936.14110924455667373 4043.9752126037587914 8466.7203385620778135 13913
156000000 308.99663174293738166 12893.922654151638199 11534.01688426331566 -949.12987781121432818 4035.6638695871138225 8447.4828924874163931 13948
157000000 306.53758380862302602 12791.310616961931373 11329.440775590588601 -955.48604644292549892 3943.3281192914337225 8341.5987027420815139 13937
158000000 306.75956797534189491 12800.573652160646816 11428.260894304949034 -886.55454534094212704 3999.4925863810703959 8315.3228532648208784 13919
159000000 307.74109385346054069 12841.531117244081543 11262.864169329906872 -1005.4055307797498244 3888.160635011744489 8380.1090650979131169 13945
160000000 310.11454106898781902 12940.571176833402205 11461.83760046039788 -921.33074024446796102 3989.2454934771744774 8393.9228472276918183 13921
161000000 311.43569432030403732 12995.700735174103102 11360.696068926321459 -949.48949813588626512 3936.6001391753261487 8373.585427886879188 13939
162000000 309.55657386106008744 12917.288120374203572 11499.141695711237844 -930.70301917331539698 4041.3804975416610432 8388.464217342891061 13926
163000000 310.69412384528732218 12964.756215508845344 11385.030132743362628 -936.87549580726545173 3932.522357147540788 8389.3832714030868374 13935
164000000 308.54984932575644052 12875.27915665501132 11459.308187996579363 -975.1128464541620815 4036.7088456664469049 8397.7121887842949945 13941
165000000 312.36134907791011983 13034.326790033333964 11440.433643581356591 -919.75713392740681229 3996.7203785307165163 8363.4703989780482516 13944
166000000 311.64056020248722234 13004.249452435014973 11491.634730057743582 -960.15097138408589217 4038.387432985977739 8413.3982684558523033 13929
167000000 306.17214242722587869 12776.06134748031036 11362.068546217862604 -983.80129159509510828 3997.3947560870283269 8348.4750817259282485 13949
168000000 309.53761607911587816 12916.497043226521782 11635.179560200926062 -924.39764524152451486 4088.0736999735390782 8471.5035054689105891 13924
169000000 309.12920648856248818 12899.454780849402596 11280.094633751268702 -1029.4299118337685286 3903.3548841431343135 8406.1696614419051912 13961
170000000 306.97776299532006306 12809.678572480490402 11540.332425620943468 -949.82456813647127092 4026.5517480530870671 8463.6052457043260802 13947
171000000 307.69961621702549337 12839.800323503535765 11421.403133542607975 -960.50248298905444244 4043.2844988105548509 8338.6211177211080212 13948
172000000 310.30995654484189572 12948.725544137907491 11443.547609210854716 -916.82966584301357216 3900.5428027333750833 8459.8344723204936599 13943
173000000 312.11537863321206032 13024.062846794682628 11410.442817128348906 -993.49427581237455342 3906.0140196533307062 8497.923073287392981 13937
174000000 309.53188146290420946 12916.257747097410174 11352.212599588759986 -972.58924697620409461 3947.4220496886118781 8377.3797968763501558 13945
175000000 308.73505238196037226 12883.007376437006315 11490.725883825007259 -927.55241619564390021 3961.6402802709062598 8456.6380197497455811 13937
176000000 305.24774041749299158 12737.487567735182893 11719.33920220366781 -928.98511262898409768 4026.264677653284707 8622.0596371793672006 13933
177000000 309.6614329303427553 12921.663717354957043 11597.764408293325687 -917.68725445162567667 4055.7714044182812358 8459.6802583266689908 13909
178000000 311.77346679815667585 13009.795426690858221 11458.249186898716289 -902.82667275456731204 3983.4354078874221159 8377.640451765859325 13925
179000000 308.05670191445688033 12854.700923997505015 11639.019701606728631 -906.5258855417569066 4024.3968203460326549 8521.148766802452883 13924
180000000 309.96342550109989133 12934.265372031601146 11487.277277936278551 -966.09004089901486623 3998.7539732587747494 8454.6133455765193503 13927
181000000 310.37237221644460305 12951.330047745317643 11563.652138632280185 -940.97930534962722504 3999.0067889910487793 8505.6246549908573797 13934
182000000 310.29449033002430269 12948.080164359864284 11492.386320540732413 -860.13269084286537236 3962.5368710793759419 8389.9821403042224119 13919
183000000 308.03988344721494741 12853.999116943636182 11349.582309945595625 -936.25080954006682532 3917.689177113776168 8368.1439423718875332 13934
184000000 311.40529637583716749 12994.432278807475086 11408.127216022807261 -936.2850636545836096 3966.8447061673100507 8377.5675735100812744 13940
185000000 309.08208845938872855 12897.488622770733855 11279.444632508968425 -1001.4619308304219203 3932.5959436868879493 8348.3106196525022824 13937
186000000 309.50875768835425106 12915.292829910975343 11427.574340133221995 -1002.23476114324626 3930.5984769462261283 8499.2106243302405346 13938
187000000 308.62723413301245046 12878.508297742204377 11387.653135205222497 -938.86291449481950622 3857.9548000566082919 8468.561249643433257 13930
188000000 309.67199690081338304 12922.104534516622152 11454.158137635600724 -909.49783346475919643 4002.9707246812918129 8360.6852464190687897 13953
189000000 314.28134910367128896 13114.445242097010123 11471.190038619346524 -942.611791278523242 3920.1595990803880341 8493.6422308174805949 13933
190000000 310.86582425350684389 12971.920991936280188 11418.162902407882939 -943.40012249724600224 3940.6208705628932876 8420.9421543422358809 13954
191000000 311.36089945436560811 12992.57966809030404 11533.312718301112909 -966.86582057188991257 4021.0007822750876585 8479.1777565979155042 13938
192000000 308.82443067844246798 12886.736986158963191 11473.245019331443473 -946.09769173025142663 3968.3189296394248231 8451.0237814222709858 13939
193000000 312.68427106022863882 13047.801794727898596 11314.742371926276974 -932.71261781849216277 3953.1254444070809768 8294.3295453376886144 13932
194000000 308.50364043364027111 12873.35093537467219 11535.945778199085908 -901.43672049531096491 4021.1707918125894139 8416.2117068818079133 13918
195000000 310.15682212810185092 12942.335496084640909 11528.844556884645499 -925.39002581787883628 4057.6400817014364293 8396.5945010010873375 13913
196000000 309.85076945700109263 12929.564420079668707 11638.990373327902489 -891.34833344570347435 4034.750993921297777 8495.5877128523061401 13936
197000000 310.44851451603653913 12954.507341025539063 11502.286830460279816 -904.41463588040915056 4013.0477165383699685 8393.6537498023189983 13907
198000000 307.36692528949220105 12825.917676747303631 11539.523354302742518 -935.14433254217487956 3989.4763581115366833 8485.1913287333791232 13937
199000000 309.23259312215634509 12903.768935503816465 11423.140363831422292 -919.34356236700068621 3933.453949066444693 8409.0299771319787396 13928
200000000 309.21583612964928989 12903.069693689809355 11539.755519076781638 -939.05325220138854547 3979.6852079349891937 8499.1235633431824681 13924
201000000 306.63722702442811396 12795.468564931637957 11421.549714683580532 -920.45455236954114753 4005.3131362465092025 8336.6911308066119091 13924
202000000 309.43914168893763872 12912.38786843321941 11491.242526310561516 -904.79612170792483994 3974.9909646695668926 8421.0476833489192359 13918
203000000 309.41112940597110992 12911.21896180825388 11371.592656329648889 -867.27683959906812561 3921.5919272444630224 8317.277568684256039 13932
204000000 310.2003937852305171 12944.153669874307525 11427.922489699089056 -929.18751997268884679 3992.3365564587634253 8364.7734532130143634 13921
205000000 310.45347655294818878 12954.714398687576249 11333.446686320352455 -937.99066215957975601 3895.998107141554101 8375.439241338379361 13929
206000000 313.88143941940398918 13097.757666868428714 11429.575578624173431 -948.31767006127176955 3937.8899041320091783 8440.0033445534354541 13923
207000000 307.072786527148196 12813.643748614629658 11349.879877493873209 -1023.8859327507061607 3926.0488436682194333 8447.7169665763613011 13957
208000000 314.15920287068064454 13109.348280127574981 11442.716243367918651 -962.25600123597450875 3948.0701704476118721 8456.902074156281742 13951
209000000 309.23383392011191972 12903.8207119674571 11373.410608337349913 -945.69681662074003725 3914.1007361759434389 8405.00668878214492 13929
210000000 308.57666935325761415 12876.398312414838074 11522.417129758880037 -950.5804811616568486 4059.7608404639049695 8413.2367704566331668 13942
211000000 310.69599834397411087 12964.834435264659987 11332.630224121279753 -930.85031010438603971 3961.9949248483108022 8301.4856093773560133 13933
212000000 307.26161155541842618 12821.523107350520149 11444.152813282740681 -939.93598159215844134 3982.3717635516777591 8401.7170313232199987 13933
213000000 306.66329307152369665 12796.556258325750605 11381.084427926491117 -928.96580976955669939 3908.5908627725266342 8401.4593749235209543 13952
214000000 310.54042856828533559 12958.342763676721006 11505.163368701316358 -904.24924107647041183 3948.1182658993625409 8461.2943438784241152 13928
215000000 308.31268933738704163 12865.382859308836487 11549.228532952991372 -881.43341734344539873 3940.8439149386967983 8489.8180353577408823 13918
216000000 312.38711091622786853 13035.401789294084665 11535.765298111065931 -901.3570719272373708 4112.6038353467683919 8324.5185346915332048 13913
217000000 310.04975217001225474 12937.867642340077509 11532.544774842943298 -908.81388550164649587 4055.5920351107756687 8385.7666252338149206 13922
218000000 308.18392258744546552 12860.009634025414925 11425.49323118880784 -907.74576728174417894 3898.20929788840931 8435.0297005821430503 13944
219000000 310.97611951599117219 12976.52343234338332 11667.009997898070651 -931.46664394803303821 4032.8044580590631085 8565.6721837870391028 13926
220000000 310.10162583697052696 12940.032245383723421 11520.844662386571144 -950.49299414710003475 3999.477326306172472 8471.8603302274987072 13946
221000000 309.45553730361933731 12913.072030543275105 11443.500606342935498 -872.52887397925314872 3974.1864117720842842 8341.8430685501043627 13920
222000000 309.31501572637603203 12907.208295595763047 11580.409649829867703 -882.12036002207696583 4052.160453777211842 8410.3695560747328273 13922
223000000 316.02813639216657293 13187.335810722532187 11265.023165471064203 -945.42073017633356358 3835.3204824579424894 8375.123413189456187 13938
224000000 309.80862125082171588 12927.8056445634993 11373.275033654103026 -929.89845889200319107 3964.2806172179643909 8338.8928753281415993 13935
225000000 310.03745639338336559 12937.354559747780513 11417.718666582502919 -933.0855747896922594 3989.2595677856338625 8361.5446735865589289 13939
226000000 313.13702383972730559 13066.694425651992788 11406.222121713581146 -922.64075743230705484 3955.7654792406851811 8373.0973999052039289 13932
227000000 312.52651781922889995 13041.219010713655734 11491.517239564829651 -946.19232603458840458 4001.4702851204251601 8436.2392804789924412 13928
228000000 315.8326234913433268 13179.177378033849891 11518.196676556113744 -876.90772266883880093 3945.6656343357544756 8449.4387648891970457 13911
229000000 310.73236511555052175 12966.351960997037168 11638.012477538231906 -827.0339240334576516 4017.5160898849226214 8447.5303116867653443 13920
230000000 309.73913424378491754 12924.906065726192537 11451.380499192458956 -973.08387407392206114 4064.4976666982438473 8359.9667065681369422 13918
231000000 311.79636897372654403 13010.751096915300877 11548.180158819899589 -881.52535687703607437 4049.6444791237190657 8380.0610365732172795 13923
232000000 313.96975362343533789 13101.442873757641792 11620.978975064197584 -873.9797764256273922 4124.1976808433537371 8370.7610706464711257 13915
233000000 311.2962487950716195 12989.881902112161697 11497.678665272585931 -898.63256284092904025 3891.522467513677384 8504.788760599836678 13946
234000000 310.45052643337714926 12954.591295036396332 11513.256176957358548 -934.1141558287066573 4032.2392574864006747 8415.131075299665099 13922
235000000 308.96505324941813342 12892.604935409284735 11412.481011163175936 -902.54120519794560096 3955.3711260792006215 8359.651090281920915 13940
236000000 311.40134391619909593 12994.267349149247821 11408.855055481242744 -910.85234964520986978 3859.6053621722098796 8460.1020429542440979 13932
237000000 306.29948625897958436 12781.375196721493921 11435.922140766746452 -911.00491024872349044 3952.2074832432745097 8394.7195677721956599 13919
238000000 304.03598895810438307 12686.923166740643865 11414.283517135767397 -914.83158387475009476 3910.5895087793414859 8418.5255922311771428 13935
239000000 309.17733212472791138 12901.462984715246421 11435.305890535157232 -899.60936870830948919 3952.946382810592695 8381.9688764328748221 13940
240000000 309.09656473356557171 12898.092693949451132 11493.050431668252713 -877.10543107084231451 4023.6103917342716159 8346.5454710048234119 13919
241000000 312.67730765918446423 13047.511223423069168 11521.699279290598497 -884.18070779758090794 4004.6018139146817703 8401.2781731734976347 13927
242000000 307.77615991703203235 12842.994366564716984 11413.682751845222811 -940.77193867978212438 3893.4642690501236757 8460.9904214748803497 13925
243000000 309.60499196805699285 12919.308528568160909 11587.010002976403484 -927.15848635271890998 4007.7977606945032676 8506.3707286346179899 13915
244000000 308.28636803257370502 12864.284514428813054 11361.273027458670185 -947.32338917346874041 3946.9187410357426415 8361.6776755963946925 13926
245000000 309.74598020847423641 12925.191736604541802 11451.261521856416948 -935.3360418155921252 3965.6606793487108007 8420.9368843232987274 13939
246000000 309.38334755321318426 12910.05967065796176 11296.284089101949576 -942.86055062053901565 3848.1886041793022741 8390.9560355431858625 13936
247000000 312.00612073951748471 13019.50369408577717 11570.318082236923146 -917.01167207912214963 3984.5665944240886347 8502.7631598919560929 13934
248000000 309.88288644754231882 12930.904609419554617 11487.90090681260881 -937.52164261027314751 3960.3964659413418303 8465.0260834815417184 13933
249000000 313.45377726350091052 13079.912026515592515 11345.643083907179971 -929.0246388148218557 3948.9414642048805035 8325.7262585171210958 13952
250000000 305.79643346545458371 12760.383628709638288 11386.503215143395209 -930.40385487310527424 3955.8679916564992709 8361.0390783600014402 13932
251000000 307.00863574471276252 12810.966841677942284 11604.28051393595706 -960.68802329896641368 4026.948438450417143 8538.0200987845055351 13935
252000000 311.70548615672032611 13006.95870601945353 11550.446873812044942 -892.23202158132744444 3986.3011749922789022 8456.3777204010930291 13945
253000000 309.66816789117120834 12921.94475622425125 11538.807640210714453 -905.8981692582379992 3900.2396464438129442 8544.4661630251375755 13937
254000000 309.42057588092586684 12911.613147714857405 11407.831955583980744 -908.19147047775504689 4030.1342222927014518 8285.8892037690347934 13918
255000000 308.77472789574585477 12884.66297055506584 11427.846822423878621 -907.95526050989337818 3907.5532504348939256 8428.2488324988771637 13934
256000000 308.62096618977039952 12878.246746750830425 11468.95438557117086 -940.66132474314099454 4073.1235968818227775 8336.4921134324886225 13925
257000000 308.64046958814964228 12879.060591577475861 11331.041764356203203 -944.31251336988043477 3923.7342081077649709 8351.6200696183168475 13920
258000000 308.91937847251404037 12890.699001880737342 11356.946819074633822 -965.76139361280479534 3903.7182341215170709 8418.9899785659199551 13950
259000000 310.46373064828986799 12955.142285268339037 11359.628120509478322 -945.50148252541202964 3884.4305121239567598 8420.6990909109317727 13953
260000000 311.19764087564914234 12985.767155362502308 11396.458104278328392 -942.49843046245496225 3936.8281298741267165 8402.1284048666566378 13942
261000000 311.09493437880308875 12981.481381699073609 11430.708147672969062 -926.34629833157055145 3980.2142253025194805 8376.8402207020189962 13927
262000000 307.74484235946874833 12841.687536251840356 11532.014769395653275 -920.47519976323110313 3978.8424020809338799 8473.6475670779509528 13912
263000000 309.48155598517723774 12914.15774745118506 11559.850995618708112 -854.72248763932975635 4051.188839482970252 8363.3846437750689802 13915
264000000 309.95398846434477491 12933.871579965589262 11495.588181429200631 -909.98309713541266319 4021.947068169333761 8383.6242103952790785 13920
265000000 307.30197388646945456 12823.207361226614012 11480.848539287457243 -921.55264417820262679 4010.9526139436684389 8391.4485695219918853 13937
266000000 308.05774741780282966 12854.744551137391682 11605.435782291457144 -871.00671532978253708 4041.4950220721207188 8434.947475549117371 13912
267000000 306.74759414968144711 12800.074004054227771 11403.630096149046949 -971.5833744155261229 3955.7572519551690675 8419.4562186094044591 13939
268000000 309.16133742736207068 12900.795552227233202 11485.754581036017044 -911.0818637623651739 3989.1694243969027411 8407.6670204014808405 13919
269000000 307.90916529117072287 12848.544462684072641 11466.516259564250504 -983.35205623768092664 3917.2875919236298614 8532.5807238783017965 13939
270000000 305.38835294128460873 12743.355097732994182 11448.268638604709849 -961.04208163296550538 3994.2790385607163444 8415.0316816769591242 13923
271000000 309.88882423199316918 12931.152383426069719 11552.600267854511912 -885.72225671282728854 4005.6320072195940156 8432.6905173477443896 13932
272000000 310.76030537830337153 12967.517862336608232 11491.64288502769341 -885.77261261683020166 3994.5807534840869266 8382.8347441604346386 13916
273000000 308.95285795287907149 12892.096045686339494 11441.023232897139678 -933.20878924860198822 4064.0676391213205534 8310.1643830244192941 13926
274000000 308.96936036178971108 12892.784664144412091 11492.423783030255436 -866.47190384963130327 3973.0628414296252231 8385.8328454502625391 13931
275000000 304.78483513927039894 12718.171289690553749 11479.596880404729745 -950.90089168184056234 4006.9069149757524428 8423.5908571108175238 13939
276000000 308.43704540707312844 12870.572034139197058 11382.176635204037666 -965.95523150615053964 3981.4030397383380659 8366.7288269718501397 13943
277000000 308.90566081192861247 12890.126586402981047 11402.950194458175247 -956.6970294699049191 4016.8467055200085269 8342.8005184080720937 13930
278000000 307.16071081572209778 12817.312684971308045 11612.560338286675687 -859.32690170133719221 4067.95113758789239 8403.9361024001209444 13898
279000000 309.90832284052390833 12931.966028380193166 11629.378962692484492 -930.51762721655836685 4041.0327382455470797 8518.8638516634946427 13923
280000000 310.11007096754809709 12940.384646831782447 11535.002100170535414 -892.90228449000653654 4013.0196977415030233 8414.8846869190383586 13928
281000000 310.03790758049569831 12937.373387045981872 11433.636374929501471 -990.67111237009476099 4077.4200362504543591 8346.887451049142328 13941
282000000 309.50874634019976384 12915.29235637110105 11480.153604148419618 -916.69110587465502249 3972.2057662809156682 8424.6389437421585171 13929
283000000 314.00440449399792442 13102.888797754978441 11588.175042803573888 -894.18790435454002363 3981.9466511716482273 8500.4162959864661389 13913
284000000 308.96771343736975268 12892.715940689506169 11480.073065874010354 -973.64111231084564224 3960.0885194078987297 8493.6256587769566977 13968
285000000 310.84307831390310639 12970.971841182461503 11517.886967910559179 -874.5290149614118036 4008.1497370448169022 8384.2662458271552168 13902
286000000 310.5472211308773467 12958.62620617313587 11432.864463588879516 -928.44845562615660128 3920.8281080344036127 8440.4848111806313682 13957
287000000 313.58478006867591148 13085.37855871652755 11591.835414068184036 -902.19794199480975294 4023.552532844682446 8470.4808232183131622 13920
288000000 309.20749186332722047 12902.721501141704721 11435.548260093859426 -920.08954761665700062 3936.2704915791764506 8419.367316131338157 13930
289000000 306.73019338575903703 12799.347898714913754 11421.492830967055852 -905.57381643213466305 3972.8875697015937476 8354.1790776975976769 13928
290000000 310.70643933486184096 12965.270120690031035 11487.015270291405614 -919.28027449890180378 4012.636652731754566 8393.6588920585527376 13924
291000000 310.54496803076341394 12958.532188000712267 11478.522926436968191 -924.77724609113988663 3999.8930265665348998 8403.4071459615734057 13932
292000000 309.87208857970824738 12930.454032104531507 11608.22889056353597 -887.09191860590942724 4070.2994437414054119 8425.021365428041463 13915
293000000 312.88536680177651306 13056.193190203544873 11493.749630506747053 -948.16687994987501042 3936.5419527369845127 8505.3745577196386876 13949
294000000 309.94844627740184251 12933.64031359425644 11411.810022397261491 -871.18692385427436875 3956.1356738178433261 8326.8612724336926476 13915
295000000 309.74935335481166021 12925.332492468871351 11529.020088241311896 -910.73293300711770826 4029.1239348918916221 8410.6290863565373002 13929
296000000 306.56076343157110387 12792.277864610421602 11544.233527263688302 -953.61982633853597235 4029.9035257094510598 8467.9498278927749197 13936
297000000 309.66884370125143278 12921.972956670495478 11567.408758383171516 -941.78106567788813663 3998.960258262838579 8510.2295657982213015 13941
298000000 307.15273501458813143 12816.979867871179522 11523.777512451513758 -901.03900715836107338 4005.0084623274733531 8419.8080572824001138 13933
299000000 308.14401736597324089 12858.344454582333128 11476.456407231240519 -897.8955522792462034 3957.6556743811106571 8416.6962851293756103 13936
300000000 311.3513413230487572 12992.180822946838816 11597.601793865720538 -897.00111670362116456 3918.3605833222818546 8576.2423272470587108 13935
301000000 309.48000751623806082 12914.093132382013209 11550.393137697426937 -918.73096393238324708 3947.2018757487448966 8521.9222258810641506 13931
302000000 306.18219844966108667 12776.480968803549331 11369.215548095096892 -985.05306361385714808 3947.0177630258740464 8407.2508486830811307 13929
303000000 314.03581816349986866 13104.199638661419158 11405.831368138891776 -921.15416695043086293 3971.8660300150140756 8355.1195050743081083 13924
304000000 310.67280971168986525 12963.866811671348842 11574.338266627433768 -877.71101463494346717 4118.9923137997775484 8333.0569674625985499 13925
305000000 308.0773898014276142 12855.564195590382951 11431.770276604966057 -867.97240304936667599 3960.1196904994249053 8339.6229891549064632 13931
306000000 312.50034862373621536 13040.12701310610646 11302.22840035353147 -919.09744993885783515 3915.3918618256038826 8305.9339884667861043 13937
307000000 311.10157126472495293 12981.758328063369845 11546.850608846169052 -932.51188924551127002 4011.5849080213783964 8467.7775900702999934 13935
308000000 308.8240580057578768 12886.721435139059395 11553.037641460148734 -897.12069331195459654 4031.3795473657892217 8418.7787874063142226 13911
309000000 305.84281959033245357 12762.319245622442395 11404.308950026168532 -888.29111067080202702 3959.1975315642271198 8333.4025291327434388 13909
310000000 308.8794428701482957 12889.03255469279793 11335.669050474267351 -916.79470252746614278 3972.516359383615054 8279.9473936181184399 13944
311000000 307.79149087983631716 12843.634102498072025 11455.793359987579606 -945.64605203319649718 4035.2116512244915612 8366.2277607962842012 13926
312000000 308.9410143864512861 12891.601833084059763 11430.152097256119305 -910.21567084202683873 3985.0253292658580904 8355.342438832287371 13920
313000000 308.87695369255141031 12888.928685394204877 11475.065452861188533 -858.2409129212580865 3981.546382782150431 8351.7599830002945964 13925
314000000 307.99977793517120972 12852.325579703505355 11394.495498755526569 -932.94205616540557457 3922.6568207556661037 8404.7807341652660398 13924
315000000 309.42868700484274314 12911.951611612772467 11411.386149106532685 -980.38503569594354303 3970.4174951333639001 8421.3536896691111906 13948
316000000 309.04281574633830587 12895.849836866711485 11321.859539343709912 -905.44221546677385959 3903.77444155211424 8323.5273132583715778 13933
317000000 310.36058168938899371 12950.838048389050527 11633.771866268569283 -930.43070281767950291 4027.5122566441427807 8536.6903124421041866 13905
318000000 309.62078728107246661 12919.967641074244966 11503.514453801957643 -908.44742043889596061 3997.8241849012688363 8414.137689339582721 13934
319000000 309.1363546924570187 12899.753063674079385 11559.720037203453103 -902.15827120477388235 4008.8907738750804128 8452.9875345331474819 13926
320000000 308.34570140197479304 12866.760398620665001 11434.665787237103359 -891.26596101399582039 3934.7181820201103619 8391.2135662309901818 13931
321000000 309.72198009149644804 12924.190251085892669 11463.331165813258849 -878.77515093932152013 3950.9870735810973201 8391.1192431714844133 13923
322000000 308.43189080901214538 12870.356941216219639 11364.916861674442771 -869.14374953096375975 3946.9526388090753244 8287.1079723963302968 13921
323000000 309.68124511515839004 12922.490447333149859 11395.55121138200775 -930.95921172924931852 4015.3261178434931935 8311.1843052677613741 13926
324000000 312.6769437977901589 13047.496040083857224 11555.83873568895433 -962.08126892650534501 3994.2469314052268601 8523.6730732102332695 13945
325000000 311.11298562432170911 12982.234630568536886 11471.058446146675124 -915.07953607960735098 3997.8301325429538338 8388.3078496833295503 13928
326000000 304.92640061275460539 12724.078584716093246 11470.724507398426795 -932.38156626659178983 4027.9738085812596182 8375.1322650837573747 13922
327000000 311.81683397740880537 13011.605067954104015 11389.607645138456064 -947.4697610275416082 3909.8523876705166913 8427.2250184954791621 13936
328000000 307.46164512576336847 12829.870180163945406 11307.150912671555488 -899.67790367327074819 3909.3990022803241118 8297.4298140645005333 13935
329000000 312.13908714104849196 13025.052163942134939 11604.265023905882117 -968.91204693749386934 4044.5836683594593524 8528.5934024839170888 13930
330000000 311.75230068353829438 13008.912199442591373 11587.983024357856266 -921.09764914511572442 3966.0820807387135574 8542.9985927642592287 13923
331000000 312.25306472108252365 13029.808261421181669 11375.411642458193455 -978.28369057740678727 3952.0849211758577439 8401.6104118597431807 13933
332000000 312.22094807991192056 13028.468086659957407 11416.340935141011869 -977.59007131423550163 3942.0732575395522872 8451.8577489156959928 13929
333000000 306.79283760765804345 12801.961939351342153 11569.493974905457435 -872.55798968032581797 4032.7259510730373222 8409.3260135127457033 13911
334000000 312.02087580910898623 13020.119398939892562 11483.66086211199945 -902.07608752436090072 3936.3962750584400965 8449.3406745779211633 13922
335000000 310.28759810244395112 12947.792563006947603 11461.879435010188899 -942.69129692172623436 3950.0419461270580541 8454.5287858048559428 13906
336000000 309.70843715301469956 12923.625126474958961 11419.340777287503442 -917.21061559569932342 4006.6354024516085701 8329.9159904315947642 13927
337000000 311.54370912035341235 13000.208015624004474 11529.610636136199901 -896.06323498729807397 4044.8878733555743565 8380.7859977679236181 13933
338000000 307.34732854483934261 12825.099936733759023 11322.870178381024743 -907.53156788171850167 3944.8381440801372264 8285.5636021826067008 13922
339000000 311.46491235566560363 12996.919955868948819 11342.200550655536063 -972.27348062095188652 3924.5298335804909584 8389.9441976959969907 13943
340000000 310.51074412106140699 12957.104080379825973 11218.946725425656041 -914.51052080890610796 3863.1671357079212612 8270.2901105266391824 13942
341000000 311.87139655056085985 13013.881874643115225 11249.201404452387578 -995.49494795260000046 3970.1629887851149761 8274.5333636198738532 13943
342000000 309.93901804053888327 12933.246888733312517 11387.814229090432491 -921.38184311199927379 3985.5171376247317312 8323.6789345776996925 13943
343000000 307.75624723821420048 12842.16344313663285 11494.908774011728383 -971.58207786094976655 4014.3844044934476187 8452.1064473792303033 13932
344000000 312.59412939165542866 13044.040330740594072 11512.846522751349767 -915.7602624808098426 3957.6353536839828848 8470.9714315481760423 13933
345000000 307.51322048194685976 12832.022335188221405 11467.583269524380739 -910.31786964948105378 4006.3138600561601379 8371.5872791176989267 13932
346000000 311.92342543985824932 13016.052954860389946 11388.516602597765086 -959.94891907182272917 3918.1561265664499842 8430.3093951031369215 13951
347000000 311.6036913952618761 13002.71097757840289 11327.437362746029976 -964.58442802415231654 3911.4314165604519076 8380.5903742097289069 13933
348000000 303.35691650095407113 12658.586586857323709 11453.142860529302197 -882.45967635254589823 4023.1306360106391367 8312.4719008712108916 13921
349000000 310.50073108273960543 12956.686252713141585 11446.41028077331066 -967.6906800268909592 3993.6995736540256985 8420.4013871461756935 13954
350000000 308.10274045856635894 12856.622036934915741 11479.875410417906096 -958.77284211130904623 4049.7402367820345717 8388.9080157471817074 13942
351000000 310.62226324493019547 12961.757590515235279 11474.253392570724827 -971.09335075749550015 3945.0433119427907513 8500.303431385429576 13931
352000000 310.65589078461425743 12963.160812593385344 11441.104633485409067 -927.99129704787901574 4001.3346618617742934 8367.7612686715146992 13941
353000000 309.79919411519836103 12927.412265655477313 11468.066115319958044 -958.58627277318169035 4068.8817927691507066 8357.7705953239892551 13927
354000000 308.70229180158810323 12881.640331149030317 11457.185649671202555 -927.43954331543591252 4017.9594060838603582 8366.6657869027767447 13918
355000000 308.18901770544482588 12860.222244942973703 11352.187934293473518 -944.71307498668647895 3920.6459077706290373 8376.2551015095305047 13942
356000000 309.22901829764077775 12903.61976393988698 11427.804456942658362 -930.87120881395105698 3906.4879101662531866 8452.187755590355664 13950
357000000 309.15387953726349224 12900.484346705179632 11361.10580236640817 -978.70028532565402202 3855.9569633428900488 8483.8491243491716887 13936
358000000 308.89253368336011363 12889.578812857753292 11512.306264649354489 -920.96778235578108252 4030.1096410328718775 8403.1644059722657403 13914
359000000 307.86939427269123826 12846.884883311771773 11578.976284112501162 -902.17730924443571894 4075.7070466431428031 8405.4465467137943051 13909
360000000 311.46623948457630604 12996.975334781755009 11524.324479120308752 -887.5668548229125463 4037.329537301307937 8374.561796641912224 13912
361000000 310.64729355437225422 12962.802064275789235 11451.490264523392398 -846.55279779878844693 3899.229167138961202 8398.8138951832206658 13921
362000000 308.45603470777689381 12871.364426513022408 11506.167425870087754 -935.89685260706278314 4005.2044486306881481 8436.8598298464621621 13931
363000000 307.53343439024735062 12832.865828428566601 11350.18903384872101 -928.75720641393013466 3894.2833779271322783 8384.6628623355172749 13950
364000000 306.64398795027773303 12795.750687278679834 11447.91485441594341 -1016.6102998827973352 4029.3414157344368505 8435.1837385643048037 13934
365000000 307.37505064714446235 12826.256734595652233 11509.155940637981985 -918.82009051032832758 3973.2897469362860647 8454.686284212022656 13929
366000000 311.52433418010735977 12999.399531144572393 11597.326295178851069 -909.48505134308766173 4063.1770352135358735 8443.6343113084039942 13919
367000000 309.34390790970689977 12908.413919019800232 11268.493075412048711 -908.64144831532507851 3946.2286238535775738 8230.905899873796443 13933
368000000 312.63220392193983344 13045.629118442942854 11547.68196764827735 -913.03370100404106324 3936.6707437076888709 8524.044924944628292 13927
369000000 314.11573118097311408 13107.534277814434972 11536.858824580755027 -920.40643371356247826 4031.229720795362482 8426.0355374989558186 13923
370000000 308.34574012827636125 12866.762014605712466 11317.529404431661533 -917.73110289168369036 3901.7836451036318977 8333.4768622197116201 13925
371000000 306.13733009873664059 12774.608686108504116 11420.934471675884197 -954.40361072498160411 3928.6079068142125834 8446.730175586653786 13931
372000000 306.87024546423407401 12805.192042248856524 11384.951794271652034 -973.44984827671555649 3939.9902469969206322 8418.4113955514476402 13943
373000000 309.96943955475325083 12934.516328626847098 11285.054032875661505 -888.94051011511589877 3876.2780412128763601 8297.716501777900703 13928
374000000 308.70926085539542782 12881.931138334393836 11336.288631330928183 -884.0198981298938179 3922.5118221869106492 8297.796707273912034 13938
375000000 310.98302935142385195 12976.811768443098117 11312.799077085055615 -954.33253953692349114 3830.0998351483372062 8437.0317814736408764 13950
376000000 309.9898624898398225 12935.368544212147754 11493.545423170484355 -903.11313595876220006 3980.955285715435366 8415.7032734138101659 13919
377000000 311.16579416893182497 12984.43824452329136 11516.14385976502308 -894.47899127866344315 4018.0139198672568455 8392.6089311764299055 13914
378000000 309.55976651870253136 12917.421344741313078 11578.503743375273189 -958.24830828809581362 4015.3019915354893783 8521.4500601278796239 13930
379000000 312.71728583310277827 13049.179447052074465 11457.800076076158803 -886.88126240066071659 3948.9843378229907103 8395.6970006538285816 13921
380000000 306.75800546544542158 12800.508451185354716 11491.813270156406361 -905.12099160255354491 4093.8602032969142783 8303.0740584620471054 13931
381000000 308.90044295118121909 12889.90885363185771 11630.406059176541021 -895.24616644697084666 3978.3998556157184794 8547.252370007794525 13916
382000000 312.82474646045636746 13053.663602784285104 11445.07268787812427 -915.40074870653893413 3948.2562521916916012 8412.2171843929718307 13928
383000000 309.03454921191655558 12895.504887943317954 11421.248874289685773 -962.21877383293201547 3945.6690971783418718 8437.7985509442751209 13943
384000000 306.92003745164834072 12807.269780219314271 11565.582397090427548 -897.58504099010497157 4017.0773080031572135 8446.0901300773748517 13918
385000000 310.20665862221085263 12944.41509124647564 11522.773348690485363 -893.93797251050727937 3972.826725966734557 8443.8845952342580858 13908
386000000 305.51864954281995779 12748.792161214298176 11576.442117249658622 -922.90518325988978177 4050.2142589029790543 8449.1330416065720783 13926
387000000 309.84389233677399034 12929.277449131825051 11342.107098944979953 -913.11530440783337781 3934.6915640326792527 8320.5308393201339641 13938
388000000 308.71456916399648662 12882.15264534610651 11481.062361223859625 -853.58561909903301057 3992.0910028337830227 8342.5569774891082488 13935
389000000 309.15593427832567386 12900.570087679703647 11283.021522686132812 -921.62633455385525849 3961.7559104173715241 8242.8919468226158642 13918
390000000 305.58564587214067387 12751.58780815550017 11534.092566429117142 -881.4950188981890733 3937.5101247934217099 8478.0774605338847323 13927
391000000 306.93550618889054249 12807.915265253999678 11417.902496991860971 -926.75866886654875998 3901.239960942532889 8443.4212049158777518 13941
392000000 309.73450546670750327 12924.712914450456083 11371.825734641741292 -958.7760121076573796 3916.3402661675836498 8414.2614805818138848 13935
393000000 309.02954949769264203 12895.296258068836323 11560.067414868561173 -943.94411561922709097 4043.7316343492270789 8460.2798961385597067 13930
394000000 314.9793075955990389 13143.569905236417981 11365.647547152388142 -918.51896439106269554 3975.847731150583968 8308.3187803928667563 13924
395000000 307.99341476948478658 12852.060055235702748 11286.952643556332987 -971.27453380252131865 3806.7019218516065848 8451.5252555072493124 13949
396000000 305.8583337475175199 12762.966625956851203 11415.783841145786937 -896.33959149180782333 4045.9256877940779304 8266.1977448435154656 13924
397000000 309.31732616507213152 12907.304706413176973 11307.947132372442866 -940.26250607441659213 3936.1620057528984944 8312.0476326939588034 13941
398000000 309.56445645536553002 12917.617048106247239 11475.495317975284706 -919.21261673255969527 3996.7919796936403145 8397.9159550142030639 13906
399000000 309.33427951003221779 12908.012141693010562 11392.791065644920309 -891.68630139840115589 3948.7948666254010277 8335.6825004179208918 13919
400000000 310.77037874727545841 12967.938207502378646 11312.176610810442071 -931.91139845278735265 3901.1183627022592191 8342.9696465609704319 13932
401000000 313.40102468410458414 13077.710747897419424 11523.022913797287401 -920.42253723527346665 4001.7994258651287964 8441.6460251674325264 13915
402000000 310.78092329268628191 12968.37821408815762 11584.555333135882393 -943.48176656657960848 4002.6961736992038823 8525.3409260032603925 13919
403000000 308.0890769070888382 12856.05187934148671 11563.211279793817084 -925.02403595430280348 4050.2096722136225253 8438.0256435344981583 13938
404000000 311.25081186854538373 12987.985893689781733 11744.219853927454096 -881.85341548925168809 4108.2757035541199002 8517.7975658625855431 13929
405000000 308.33451618318724741 12866.293657785648975 11508.27241575543303 -899.55640756267030156 3988.6705015737284157 8419.1583217443749163 13922
406000000 311.661650888676661 13005.129532178654699 11525.825448171388416 -848.93667438111583579 3983.9577616966262212 8390.804360855876439 13918
407000000 310.32618321477076506 12949.402656460515573 11360.476571816665455 -896.10090711364205163 3879.968030850283867 8376.6094480800238671 13929
408000000 311.68469209680228005 13006.091004003619673 11461.340286166341684 -939.9943552236539972 4030.3995725558561389 8370.935068834140111 13929
409000000 309.83457070793332377 12928.88847284880103 11380.022593632067583 -929.43112883667060942 3945.8212940040230023 8363.6324284647143941 13925
410000000 310.2574146780468709 12946.533058210994568 11416.395939626125255 -915.58971922302509938 3961.3491739375499492 8370.6364849116016558 13934
411000000 308.19779437621963325 12860.588481019700339 11588.688761128107217 -916.14914571694885126 4077.6701281304913209 8427.1677787145636103 13924
412000000 312.0410929145832597 13020.963025593056955 11482.633134727555444 -981.32490956239564639 3990.0764588731608455 8473.881585416787857 13939
413000000 311.22813886192903965 12987.039786309907868 11271.573602582273452 -967.14420180338322552 3947.716202560362035 8291.0016018252936192 13935
414000000 310.83962121365738085 12970.827582059231645 11470.765070529330842 -941.61132008979916463 3887.2298465378698893 8525.1465440812607994 13939
415000000 311.00785999238604518 12977.847910365466305 11466.348777700255596 -977.47450600271349685 3908.2669494030806163 8535.5563342998884764 13946
416000000 309.02716712302225233 12895.19684548119767 11346.071247070151003 -1005.0666925364218969 3945.9743657384583457 8405.1635738681143266 13931
417000000 308.84467390887994043 12887.581702963992939 11475.147111469859738 -959.72607511750084086 4028.2025478265095444 8406.6706387608501245 13936
418000000 310.23827916325939213 12945.73456456326312 11519.583642174329725 -962.75997989830943879 4010.0645621842263608 8472.2790598884112114 13939
419000000 307.33219446303763789 12824.468416321733457 11528.919787647144403 -932.6303957947905019 4003.7036708020277729 8457.8465126399096334 13925
420000000 310.54186310085015066 12958.402624367859971 11544.25410025959718 -912.69947185104820164 3988.8643372782912593 8468.0892348323541228 13917
421000000 311.60403445849630089 13002.725293044513819 11544.416861593665089 -915.35762013077339816 3981.7367319247559863 8478.0377497996832972 13925
422000000 308.19844120888814132 12860.615472286081058 11522.999270917378453 -927.79547927773955962 3950.0114873121815435 8500.7832628829382884 13944
423000000 310.53568863934333422 12958.144974215976617 11422.423305356247511 -887.53879812625950763 4000.4240538083404317 8309.5380496741672687 13923
424000000 307.08079196407504696 12813.977802367789991 11391.758845215405017 -947.16138674485478077 3942.7375360909431947 8396.182695869318195 13935
425000000 308.26485391013034132 12863.38676538477921 11563.299357584895915 -906.53862820965196079 4040.330486213637414 8429.5074995809118263 13932
426000000 312.65221038538720677 13046.463955349800017 11483.444669131860792 -924.83049717849860372 3982.4846881859057248 8425.7904781244542392 13927
427000000 310.12889194856381891 12941.170015501087619 11553.911708751998958 -864.99875355138897248 3971.1471203862738548 8447.7633419171143032 13913
428000000 311.26640033484761716 12988.636374821773643 11525.752724363674133 -905.34911448502225539 4072.9005071844435406 8358.2013316642533027 13927
429000000 313.31001184337094401 13073.912931324679448 11436.935993477723969 -968.17942211591446267 3921.4427530155799104 8483.6726625780556788 13922
430000000 313.72375636900591189 13091.17781179287158 11632.309963921816234 -886.27346148788069513 3995.451982420375316 8523.1314429893209308 13925
431000000 309.73710790344540555 12924.821509867246277 11415.291239507088903 -919.85199317191859336 3988.698293097532769 8346.4449395814754098 13938
432000000 304.45139813664650319 12704.257510444438594 11477.923544136214332 -910.4817927744275039 4048.7493678745458965 8339.6559690360973036 13910
433000000 307.43874730146416141 12828.914691510890407 11448.008254832408056 -939.1544035144688678 3997.5720731632122806 8389.5905851836650982 13940
434000000 305.65472971843752248 12754.470563756356569 11511.8052138667299 -935.16862892583981193 4056.9940300243129059 8389.9798127682588529 13932
435000000 308.82328786615391891 12886.689298476499971 11442.757609994969243 -920.75003031104233742 3988.4249939487349366 8375.0826463572757348 13958
436000000 312.40384455939152986 13036.10005677828849 11511.577731228993798 -887.62192808949760092 4003.6342928799704168 8395.5653664385226875 13925
437000000 305.7856094979952104 12759.931962300057421 11424.606188237085007 -920.60422653579212238 3935.99126608583083 8409.2191486870433437 13937
438000000 309.20387613292228934 12902.570622642102535 11614.441363500332955 -920.38269818855280846 4052.5706593325303402 8482.2534023563566734 13937
439000000 309.27389969734770148 12905.492591139223805 11384.473775392954849 -871.98702840729970376 3913.0839004802546697 8343.3769033199987462 13928
440000000 306.97738173660786742 12809.662663179737137 11521.442502273555874 -889.23898450173862784 4001.327357788311474 8409.3541289869826869 13915
441000000 309.1444884375899278 12900.092471518239108 11506.32963307627324 -896.49306595208508952 3958.4089381077269536 8444.4137609206318302 13928
442000000 308.36019150020626967 12867.365046654507751 11637.771421194587674 -931.98745091774571847 4071.1366430772131935 8498.6222290351215634 13941
443000000 308.5586587845300528 12875.646760921152236 11510.000407080857258 -915.67890258079830801 4018.0345918691627958 8407.6447177924947027 13947
444000000 308.64785174472729068 12879.368636863911888 11449.764148647751426 -933.77003081993166234 3927.9952527587993245 8455.538926708884901 13932
445000000 309.93314600453209096 12933.001858301533503 11333.787315121913707 -967.03570432030801385 3828.815036950044032 8472.007982492179508 13950
446000000 307.61642266026257175 12836.328792826407152 11474.116302613056178 -961.314527480858942 4041.149799997192531 8394.2810300967212243 13951
447000000 308.4830190786753974 12872.490440053279599 11334.804709847030608 -939.9433421521780474 3981.8674685350961227 8292.8805834641134425 13954
448000000 310.85829447499276057 12971.606786628553891 11392.427095856928645 -975.20616784309629566 3999.4495156863149532 8368.1837480137110106 13947
449000000 310.5436350878653684 12958.476566479750545 11360.536552886733261 -922.26435726646400326 3864.7362530442787829 8418.0646571089200734 13916
450000000 307.98505542739627572 12851.711233600590276 11610.87044516435526 -877.22456327165878065 3968.593477679294665 8519.5015307567191485 13912
451000000 313.39656439344634009 13077.524627283617519 11542.417321243834522 -884.66744637241345117 3968.3394521193113178 8458.7453154969371099 13914
452000000 311.95923414228326465 13017.547193282372973 11629.133263539333711 -883.50202028840226376 4092.3366549954480433 8420.2986288322863402 13927
453000000 309.34909371710028836 12908.630314257030477 11376.417965272132278 -867.40023221118212859 3949.2428577200389554 8294.5753397632743145 13923
454000000 312.30506392749447286 13031.978103020330309 11575.901174802314927 -907.66860940872572883 3969.5745557716236362 8513.9952284394166782 13926
455000000 308.42154868593763695 12869.925381382541673 11581.343388815217622 -899.38996815692803466 3993.3998801488860408 8487.3334768232598435 13931
456000000 309.33795363749732132 12908.16545700615643 11405.57330284497948 -948.05850304921921179 3911.8269704171225385 8441.8048354770780861 13934
457000000 312.72213687286745198 13049.381872985215523 11397.608547686508246 -985.8151725177571052 3931.7007069762271385 8451.7230132280383259 13940
458000000 309.55172845922834313 12917.085929702758222 11590.556930373826617 -889.72739066118811024 4011.1257973763104019 8469.158523658703416 13916
459000000 309.25516859956974258 12904.710973150011341 11494.464321443680092 -931.89719991255037712 3981.3687454363180223 8444.992775919912674 13938
460000000 309.12000530529002162 12899.070830562395713 11290.034477271192372 -880.79932373321196337 3859.8530102384065685 8310.9807907659996999 13923
461000000 308.48922591089160505 12872.74944098177366 11520.566243153090909 -867.78638405285869339 3962.5745672715142973 8425.7780599344368966 13923
462000000 308.62742481329422617 12878.516254517626294 11702.924777645759605 -878.05631704311383601 4057.7266694281479431 8523.2544252607258386 13930
463000000 312.61621286014826637 13044.961837661481695 11553.193831939266602 -854.33592193626577682 4023.1933538423718346 8384.3364000331603165 13917
464000000 308.71646133577877436 12882.231602571211624 11547.694427562702913 -884.30956569531315381 3928.2251602338569683 8503.7788330241601216 13908
465000000 312.12253177491260203 13024.361335665907973 11631.0803442983688 -912.21090156039258545 3996.4859212841192857 8546.8053245746414177 13904
466000000 308.45590920128580592 12871.359189332993992 11589.552194852687535 -879.38653172058161545 4021.0431422209080665 8447.8955843523617659 13917
467000000 305.44573119856022458 12745.749398302448753 11473.372655507679156 -891.8377462367325279 3989.2430584716148587 8375.9673432727977342 13917
468000000 307.31620416958929809 12823.801167601974157 11555.24309908322175 -880.68899410534731942 3994.4476603187831643 8441.4844328697872697 13915
469000000 310.15900823816247112 12942.426718872009587 11495.012133014883148 -930.08594426340209793 4036.7338027605310344 8388.3642745177530742 13922
470000000 308.39931159307229791 12868.99746396854971 11578.136629714996161 -876.66198305249349687 3985.0190711146369722 8469.7795416528533679 13934
471000000 309.23944376113269072 12904.054801432497698 11499.887886022552266 -901.27313157546245748 3998.876276912053072 8402.2847406859600596 13926
472000000 307.2302194527214283 12820.213166391476989 11331.877253532080431 -898.04740592435223334 3974.5643103784996129 8255.3603490779332787 13915
473000000 308.54191468860085479 12874.948057260186033 11459.428027515288704 -935.98092330435542863 4038.7155208466401746 8356.693429973003731 13912
474000000 307.4044737976913666 12827.484514410769407 11414.702395484117005 -887.74051774621671029 3968.9283151242880194 8333.514598106045014 13924
475000000 311.5759817493672017 13001.554699502086805 11466.868276001627237 -898.01939518810900154 3964.9665125421051926 8399.9211586476303637 13934
476000000 313.48334164578699301 13081.145699699549368 11523.504303019712097 -863.43832109914421835 3970.7193479683073747 8416.2232761505474627 13910
477000000 305.2696976759499421 12738.403808118271627 11368.06862076163452 -868.26900904228205036 3965.9003668965210636 8270.437262907396871 13917
478000000 313.5146880350133074 13082.453733110436588 11636.310763138908442 -861.16022853317326735 4012.8919167819481117 8484.5790748901326879 13921
479000000 308.85068104164702163 12887.832370762003848 11449.354797435513319 -926.35905693424649598 3950.3110573526378175 8425.4027970171227935 13927
480000000 313.64445614276939978 13087.868743413120683 11539.583752614933474 -876.68309138835911654 4008.4552164173028359 8407.8116275859902089 13923
481000000 311.59807729311285129 13002.476710303470099 11604.689187077005045 -913.11609302682745692 4066.2074404411405339 8451.5978396626924223 13893
482000000 308.72088807309177128 12882.416323058945636 11453.427319583059216 -912.50224110620865758 3997.2616748964492217 8368.6678857928181969 13917
483000000 310.16584792775449841 12942.712127900842461 11573.19415338266117 -916.85041366040809407 3925.2969916304018625 8564.747575412666265 13928
484000000 305.99858247606857731 12768.818975375936134 11493.610905444216769 -945.00575493648364045 4042.2567683409229176 8396.3598920397780603 13901
485000000 305.74711496360833962 12758.325648515365174 11197.88811407306639 -954.06095511751823324 3971.6605951440787976 8180.2884740465051436 13924
486000000 310.94625046595388085 12975.277045873855968 11409.736402761413046 -935.47122885799524283 3934.7520973370401407 8410.4555342823659885 13935
487000000 308.68266822737621169 12880.82147158198859 11526.459889100082364 -915.44145902473246679 4033.9561342302995399 8407.9452138945143815 13926
488000000 311.33530705817884154 12991.511739371777367 11410.797465781783103 -945.20191999263840898 4010.896447721903769 8345.1029380525178567 13942
489000000 313.02224115359621237 13061.904732415980106 11446.977177627850324 -962.14836159284664063 4026.4724588872268214 8382.6530803334680968 13953
490000000 310.59348224890004531 12960.556606754897075 11451.396770211909825 -989.93584146303214766 4040.3764002505513417 8400.9562114243908582 13921
491000000 308.85270212159088032 12887.916707113268785 11501.47848154166968 -939.15550148700117461 3921.1146920327319094 8519.519290995940537 13915
492000000 308.91092263416669539 12890.346153615008006 11484.631725119752446 -964.9002802759524684 3991.9621007666587502 8457.5699046290465049 13919
493000000 310.23601722412882964 12945.640177553173999 11195.256963696723687 -929.89371822977591364 3849.1270239908249096 8276.0236579356751463 13955
494000000 313.22008776624102211 13070.16054707143121 11405.714156764444851 -973.18845951748721745 4012.710380466904553 8366.1922358150277432 13942
495000000 309.13566025118984726 12899.724085778960216 11475.636788650474045 -878.98639027017543413 3985.1264120764208201 8369.496766844229569 13946
496000000 309.99310923382654437 12935.504025513695524 11398.282596558527075 -918.54821466760199655 3905.2723654938881737 8411.5584457322402159 13935
497000000 310.64846461625006668 12962.85093076728117 11422.305375812158672 -987.72820438623875816 3967.7299043263565181 8442.3036758720409125 13926
498000000 312.56362987021265099 13042.767635733358475 11487.653108278782383 -924.59877018512179347 4003.6042364992517832 8408.6476419646533031 13923
499000000 311.5232511296049438 12999.354337223427137 11590.667098544487089 -915.34663157456247973 4073.4467367167990233 8432.5669934022480447 13915
500000000 309.67853058789887655 12922.377174562732762 11595.800715279583528 -959.25996567542449611 3982.1800522050580184 8572.8806287499519385 13921
