# Fix print output for fix saveBond
1000000 46284 46324
2000000 93111 93135
3000000 139517 139543
4000000 185885 185934
5000000 232286 232318
6000000 278376 278404
7000000 325137 325178
8000000 371724 371754
9000000 418215 418256
10000000 464773 464810
11000000 511261 511312
12000000 557386 557430
13000000 603550 603577
14000000 649936 649968
15000000 696299 696333
16000000 742892 742928
17000000 789179 789209
18000000 835304 835349
19000000 881662 881693
20000000 928151 928203
21000000 974641 974674
22000000 1020739 1020771
23000000 1067072 1067118
24000000 1113304 1113331
25000000 1159341 1159387
26000000 1204872 1204912
27000000 1251043 1251065
28000000 1297123 1297165
29000000 1343406 1343446
30000000 1389263 1389319
31000000 1435119 1435153
32000000 1481150 1481183
33000000 1527021 1527063
34000000 1573049 1573085
35000000 1619442 1619463
36000000 1665862 1665911
37000000 1712162 1712205
38000000 1757944 1757980
39000000 1803376 1803400
40000000 1849656 1849686
41000000 1895618 1895644
42000000 1941857 1941874
43000000 1988345 1988384
44000000 2034151 2034189
45000000 2079921 2079948
46000000 2126145 2126188
47000000 2171996 2172040
48000000 2217276 2217321
49000000 2262864 2262909
50000000 2308060 2308099
51000000 2353811 2353857
52000000 2399262 2399318
53000000 2445151 2445188
54000000 2491075 2491118
55000000 2536819 2536866
56000000 2582625 2582660
57000000 2628488 2628512
58000000 2673959 2673973
59000000 2719557 2719579
60000000 2765342 2765366
61000000 2811084 2811120
62000000 2856759 2856782
63000000 2902396 2902413
64000000 2947668 2947706
65000000 2992900 2992927
66000000 3038350 3038387
67000000 3083695 3083727
68000000 3129078 3129105
69000000 3174164 3174197
70000000 3219433 3219470
71000000 3264872 3264907
72000000 3309854 3309880
73000000 3355020 3355064
74000000 3400431 3400457
75000000 3446103 3446132
76000000 3491183 3491213
77000000 3536534 3536568
78000000 3581636 3581688
79000000 3626745 3626776
80000000 3671972 3671989
81000000 3717291 3717307
82000000 3762235 3762261
83000000 3807220 3807248
84000000 3852246 3852289
85000000 3897444 3897478
86000000 3942483 3942529
87000000 3987660 3987701
88000000 4033065 4033102
89000000 4078214 4078253
90000000 4123160 4123208
91000000 4168212 4168252
92000000 4213171 4213203
93000000 4258411 4258439
94000000 4303592 4303610
95000000 4349073 4349092
96000000 4394015 4394053
97000000 4439354 4439367
98000000 4485047 4485075
99000000 4530170 4530214
100000000 4575014 4575062
101000000 4619867 4619902
102000000 4665084 4665121
103000000 4710491 4710518
104000000 4755709 4755743
105000000 4800605 4800655
106000000 4845222 4845262
107000000 4890251 4890283
108000000 4935463 4935517
109000000 4980816 4980841
110000000 5026198 5026221
111000000 5070723 5070762
112000000 5115807 5115839
113000000 5160614 5160641
114000000 5205987 5206011
115000000 5251154 5251204
116000000 5296303 5296355
117000000 5341647 5341662
118000000 5386464 5386503
119000000 5431429 5431471
120000000 5477006 5477030
121000000 5522007 5522041
122000000 5566409 5566427
123000000 5611202 5611236
124000000 5656410 5656440
125000000 5701107 5701137
126000000 5745615 5745650
127000000 5790116 5790157
128000000 5835124 5835150
129000000 5880313 5880340
130000000 5925736 5925780
131000000 5970717 5970736
132000000 6015717 6015741
133000000 6060524 6060553
134000000 6105006 6105028
135000000 6149929 6149970
136000000 6194149 6194208
137000000 6239056 6239090
138000000 6284059 6284100
139000000 6329104 6329131
140000000 6373977 6374022
141000000 6418744 6418775
142000000 6463446 6463485
143000000 6508071 6508097
144000000 6552629 6552650
145000000 6597279 6597302
146000000 6642821 6642861
147000000 6687698 6687738
148000000 6732683 6732722
149000000 6778032 6778065
150000000 6822996 6823043
151000000 6868039 6868089
152000000 6912701 6912751
153000000 6957224 6957240
154000000 7001892 7001921
155000000 7045966 7046003
156000000 7090346 7090381
157000000 7134939 7134967
158000000 7179400 7179417
159000000 7223339 7223372
160000000 7267291 7267334
161000000 7311376 7311417
162000000 7355754 7355794
163000000 7399863 7399892
164000000 7444534 7444570
165000000 7489099 7489138
166000000 7533682 7533709
167000000 7578210 7578235
168000000 7622739 7622780
169000000 7667105 7667154
170000000 7711566 7711609
171000000 7755715 7755772
172000000 7800319 7800357
173000000 7844586 7844643
174000000 7888921 7888938
175000000 7933387 7933411
176000000 7977948 7977973
177000000 8022578 8022617
178000000 8066711 8066744
179000000 8110712 8110747
180000000 8154888 8154928
181000000 8199331 8199389
182000000 8243217 8243240
183000000 8287161 8287210
184000000 8331153 8331199
185000000 8375439 8375452
186000000 8419765 8419795
187000000 8463841 8463868
188000000 8507777 8507793
189000000 8551944 8551971
190000000 8596205 8596218
191000000 8640877 8640909
192000000 8685671 8685692
193000000 8730357 8730374
194000000 8775146 8775161
195000000 8819806 8819828
196000000 8864265 8864304
197000000 8908553 8908603
198000000 8952917 8952937
199000000 8996932 8996958
200000000 9041490 9041523
201000000 9086100 9086137
202000000 9130714 9130723
203000000 9174862 9174904
204000000 9219374 9219402
205000000 9263723 9263746
206000000 9307901 9307933
207000000 9352027 9352041
208000000 9396577 9396589
209000000 9440855 9440872
210000000 9484975 9484993
211000000 9529553 9529577
212000000 9574153 9574192
213000000 9617945 9617986
214000000 9662045 9662069
215000000 9706510 9706509
216000000 9750654 9750674
217000000 9794709 9794724
218000000 9839224 9839260
219000000 9883871 9883882
220000000 9928075 9928103
221000000 9972075 9972105
222000000 10016577 10016604
223000000 10060716 10060735
224000000 10104966 10105009
225000000 10149372 10149391
226000000 10193637 10193652
227000000 10237659 10237671
228000000 10282109 10282146
229000000 10325868 10325890
230000000 10369987 10370009
231000000 10413734 10413764
232000000 10457957 10457972
233000000 10501887 10501918
234000000 10545868 10545890
235000000 10589707 10589726
236000000 10633557 10633586
237000000 10677776 10677802
238000000 10722008 10722048
239000000 10765735 10765748
240000000 10809896 10809925
241000000 10853570 10853601
242000000 10897435 10897457
243000000 10941670 10941688
244000000 10985765 10985779
245000000 11029840 11029864
246000000 11074065 11074092
247000000 11117618 11117641
248000000 11161490 11161529
249000000 11204968 11204983
250000000 11248426 11248452
251000000 11292092 11292111
252000000 11335726 11335733
253000000 11379664 11379686
254000000 11423140 11423164
255000000 11466583 11466590
256000000 11510246 11510275
257000000 11553783 11553800
258000000 11597318 11597357
259000000 11641006 11641029
260000000 11684621 11684649
261000000 11728605 11728631
262000000 11771885 11771904
263000000 11815219 11815244
264000000 11859223 11859248
265000000 11902662 11902685
266000000 11946164 11946195
267000000 11989737 11989764
268000000 12033220 12033257
269000000 12076785 12076807
270000000 12120507 12120534
271000000 12163988 12164010
272000000 12207592 12207622
273000000 12251595 12251627
274000000 12294670 12294686
275000000 12338347 12338391
276000000 12381413 12381432
277000000 12424993 12425011
278000000 12468433 12468466
279000000 12512199 12512239
280000000 12555801 12555829
281000000 12599139 12599160
282000000 12642893 12642919
283000000 12686227 12686251
284000000 12729433 12729467
285000000 12772580 12772624
286000000 12816037 12816054
287000000 12859376 12859405
288000000 12903195 12903206
289000000 12946995 12947006
290000000 12990407 12990431
291000000 13034086 13034128
292000000 13077799 13077841
293000000 13121282 13121321
294000000 13165359 13165383
295000000 13209559 13209586
296000000 13253060 13253096
297000000 13297105 13297125
298000000 13340319 13340344
299000000 13384153 13384169
300000000 13427405 13427438
301000000 13471265 13471296
302000000 13515030 13515042
303000000 13558706 13558723
304000000 13602745 13602770
305000000 13646740 13646747
306000000 13690330 13690348
307000000 13734055 13734059
308000000 13777610 13777642
309000000 13821388 13821405
310000000 13865354 13865371
311000000 13909007 13909023
312000000 13952395 13952425
313000000 13996251 13996271
314000000 14039932 14039965
315000000 14083624 14083649
316000000 14127149 14127157
317000000 14170854 14170870
318000000 14214325 14214338
319000000 14257978 14257980
320000000 14301688 14301709
321000000 14345637 14345664
322000000 14389377 14389378
323000000 14432756 14432775
324000000 14476583 14476610
325000000 14520371 14520397
326000000 14564008 14564021
327000000 14607751 14607768
328000000 14651510 14651531
329000000 14695258 14695275
330000000 14739210 14739242
331000000 14783345 14783380
332000000 14826886 14826915
333000000 14871047 14871085
334000000 14914878 14914917
335000000 14958578 14958615
336000000 15002507 15002532
337000000 15046496 15046517
338000000 15090523 15090539
339000000 15134188 15134202
340000000 15177822 15177839
341000000 15221594 15221601
342000000 15265115 15265151
343000000 15308957 15308990
344000000 15353301 15353315
345000000 15396621 15396659
346000000 15439833 15439846
347000000 15483160 15483195
348000000 15526618 15526625
349000000 15570547 15570560
350000000 15614340 15614361
351000000 15658472 15658495
352000000 15702348 15702377
353000000 15745854 15745875
354000000 15789746 15789772
355000000 15832983 15832996
356000000 15876097 15876122
357000000 15919309 15919332
358000000 15962992 15963009
359000000 16006618 16006655
360000000 16049780 16049808
361000000 16093141 16093160
362000000 16136320 16136343
363000000 16179460 16179478
364000000 16222999 16223033
365000000 16266438 16266472
366000000 16309781 16309820
367000000 16353890 16353924
368000000 16397735 16397774
369000000 16441170 16441212
370000000 16484457 16484484
371000000 16528081 16528114
372000000 16571689 16571697
373000000 16615408 16615423
374000000 16659211 16659235
375000000 16702722 16702742
376000000 16746710 16746737
377000000 16790109 16790116
378000000 16833504 16833515
379000000 16876869 16876878
380000000 16920038 16920057
381000000 16963713 16963731
382000000 17007361 17007367
383000000 17050617 17050625
384000000 17094324 17094330
385000000 17137491 17137522
386000000 17180767 17180782
387000000 17224244 17224272
388000000 17267713 17267741
389000000 17311144 17311150
390000000 17354497 17354515
391000000 17397665 17397676
392000000 17440742 17440738
393000000 17484194 17484223
394000000 17528017 17528033
395000000 17571737 17571751
396000000 17615224 17615252
397000000 17658590 17658612
398000000 17702178 17702200
399000000 17745701 17745717
400000000 17789156 17789179
