# Fix print output for fix saveBond
1000000 46642 46658
2000000 93127 93149
3000000 139554 139574
4000000 185556 185572
5000000 232000 232022
6000000 278332 278346
7000000 324434 324447
8000000 370912 370928
9000000 417171 417188
10000000 463771 463809
11000000 509532 509550
12000000 555437 555465
13000000 601252 601286
14000000 648155 648177
15000000 694550 694567
16000000 740542 740564
17000000 786380 786389
18000000 832136 832156
19000000 877849 877869
20000000 924140 924161
21000000 970295 970328
22000000 1016158 1016193
23000000 1061991 1062018
24000000 1107712 1107729
25000000 1153709 1153737
26000000 1199947 1199983
27000000 1245917 1245928
28000000 1291757 1291778
29000000 1337700 1337721
30000000 1383336 1383358
31000000 1429279 1429308
32000000 1475538 1475568
33000000 1520841 1520876
34000000 1566864 1566885
35000000 1612880 1612917
36000000 1658411 1658429
37000000 1704150 1704169
38000000 1750065 1750082
39000000 1795353 1795392
40000000 1841562 1841583
41000000 1887459 1887484
42000000 1933553 1933562
43000000 1979083 1979106
44000000 2024602 2024632
45000000 2070590 2070609
46000000 2116489 2116524
47000000 2162662 2162700
48000000 2208436 2208457
49000000 2254392 2254427
50000000 2300647 2300667
51000000 2346808 2346827
52000000 2393296 2393305
53000000 2439225 2439254
54000000 2484774 2484799
55000000 2530631 2530651
56000000 2576083 2576117
57000000 2621455 2621489
58000000 2667044 2667075
59000000 2712845 2712872
60000000 2757956 2757972
61000000 2803170 2803195
62000000 2848478 2848498
63000000 2893460 2893493
64000000 2939071 2939090
65000000 2984433 2984448
66000000 3030096 3030136
67000000 3075714 3075731
68000000 3121131 3121147
69000000 3166652 3166669
70000000 3211934 3211949
71000000 3256667 3256716
72000000 3301695 3301717
73000000 3347013 3347038
74000000 3391916 3391924
75000000 3436847 3436869
76000000 3481986 3481994
77000000 3527427 3527454
78000000 3572757 3572791
79000000 3617895 3617935
80000000 3663071 3663094
81000000 3708182 3708200
82000000 3753185 3753208
83000000 3798345 3798374
84000000 3843574 3843598
85000000 3888613 3888641
86000000 3933822 3933855
87000000 3978912 3978944
88000000 4023998 4024022
89000000 4069173 4069201
90000000 4114583 4114623
91000000 4159296 4159326
92000000 4204113 4204144
93000000 4249002 4249037
94000000 4293651 4293683
95000000 4338214 4338230
96000000 4383385 4383400
97000000 4428621 4428641
98000000 4473719 4473751
99000000 4518781 4518808
100000000 4563458 4563482
101000000 4608714 4608729
102000000 4653643 4653672
103000000 4698411 4698439
104000000 4743122 4743156
105000000 4788278 4788288
106000000 4833309 4833314
107000000 4877809 4877838
108000000 4922275 4922305
109000000 4967074 4967098
110000000 5012068 5012103
111000000 5056581 5056602
112000000 5101243 5101275
113000000 5145739 5145774
114000000 5190610 5190634
115000000 5235068 5235094
116000000 5279460 5279473
117000000 5323691 5323716
118000000 5368521 5368533
119000000 5412941 5412964
120000000 5457955 5457977
121000000 5503122 5503147
122000000 5548196 5548225
123000000 5593022 5593033
124000000 5637760 5637782
125000000 5682440 5682474
126000000 5727108 5727135
127000000 5771750 5771777
128000000 5816613 5816642
129000000 5861293 5861301
130000000 5905549 5905564
131000000 5950144 5950159
132000000 5994494 5994491
133000000 6039011 6039022
134000000 6083334 6083350
135000000 6127982 6128003
136000000 6172384 6172416
137000000 6217193 6217220
138000000 6261611 6261643
139000000 6306098 6306106
140000000 6350339 6350360
141000000 6394750 6394757
142000000 6438926 6438954
143000000 6483365 6483395
144000000 6528089 6528086
145000000 6572450 6572460
146000000 6616764 6616781
147000000 6660697 6660723
148000000 6704843 6704864
149000000 6749262 6749278
150000000 6793865 6793889
151000000 6838162 6838193
152000000 6882524 6882543
153000000 6926697 6926724
154000000 6970895 6970920
155000000 7014812 7014852
156000000 7059147 7059177
157000000 7103610 7103645
158000000 7148281 7148305
159000000 7192473 7192511
160000000 7236688 7236693
161000000 7280902 7280924
162000000 7324939 7324959
163000000 7369312 7369341
164000000 7413386 7413431
165000000 7457572 7457603
166000000 7502235 7502257
167000000 7546719 7546748
168000000 7590760 7590796
169000000 7635055 7635061
170000000 7679224 7679250
171000000 7724295 7724316
172000000 7768533 7768561
173000000 7812767 7812785
174000000 7857186 7857198
175000000 7901562 7901559
176000000 7945288 7945316
177000000 7989579 7989609
178000000 8033589 8033625
179000000 8078237 8078259
180000000 8122964 8122990
181000000 8167364 8167385
182000000 8212104 8212127
183000000 8256157 8256169
184000000 8300066 8300087
185000000 8344283 8344296
186000000 8388256 8388267
187000000 8432196 8432226
188000000 8476742 8476759
189000000 8521104 8521135
190000000 8565132 8565149
191000000 8609192 8609198
192000000 8653407 8653408
193000000 8697322 8697349
194000000 8741699 8741704
195000000 8786019 8786022
196000000 8830335 8830363
197000000 8874766 8874778
198000000 8918556 8918564
199000000 8962696 8962702
200000000 9006305 9006335
201000000 9050063 9050074
202000000 9094485 9094511
203000000 9138446 9138463
204000000 9182232 9182244
205000000 9226097 9226110
206000000 9270243 9270252
207000000 9314438 9314452
208000000 9358550 9358561
209000000 9402533 9402541
210000000 9446516 9446539
211000000 9490582 9490595
212000000 9534434 9534440
213000000 9578145 9578151
214000000 9621736 9621752
215000000 9665643 9665666
216000000 9709984 9709992
217000000 9753613 9753631
218000000 9797677 9797703
219000000 9841457 9841474
220000000 9885634 9885662
221000000 9929462 9929483
222000000 9973559 9973579
223000000 10017134 10017142
224000000 10060885 10060893
225000000 10104857 10104869
226000000 10148708 10148717
227000000 10192462 10192473
228000000 10236321 10236341
229000000 10279962 10279985
230000000 10323783 10323810
231000000 10368091 10368131
232000000 10412307 10412322
233000000 10456557 10456570
234000000 10500615 10500636
235000000 10544352 10544366
236000000 10588171 10588182
237000000 10632123 10632129
238000000 10675913 10675923
239000000 10719731 10719749
240000000 10763228 10763255
241000000 10806883 10806912
242000000 10850572 10850587
243000000 10894661 10894663
244000000 10938721 10938746
245000000 10982820 10982849
246000000 11026517 11026536
247000000 11070807 11070807
248000000 11114818 11114840
249000000 11158944 11158961
250000000 11202993 11202998
251000000 11247166 11247174
252000000 11290931 11290944
253000000 11335047 11335065
254000000 11378587 11378580
255000000 11422552 11422560
256000000 11466458 11466470
257000000 11510178 11510187
258000000 11554663 11554668
259000000 11598899 11598913
260000000 11642615 11642611
261000000 11686685 11686685
262000000 11730838 11730832
263000000 11774165 11774166
264000000 11818241 11818251
265000000 11861708 11861714
266000000 11905876 11905894
267000000 11949568 11949597
268000000 11993439 11993457
269000000 12036986 12036988
270000000 12080711 12080728
271000000 12124367 12124383
272000000 12167598 12167627
273000000 12211314 12211331
274000000 12254841 12254863
275000000 12298504 12298506
276000000 12342255 12342276
277000000 12385780 12385799
278000000 12429261 12429282
279000000 12472947 12472953
280000000 12516347 12516351
281000000 12559912 12559915
282000000 12603774 12603779
283000000 12647460 12647466
284000000 12690773 12690800
285000000 12734725 12734735
286000000 12778600 12778611
287000000 12822337 12822345
288000000 12866240 12866248
289000000 12910177 12910199
290000000 12954108 12954137
291000000 12997740 12997754
292000000 13041163 13041185
293000000 13084200 13084218
294000000 13127782 13127808
295000000 13171561 13171581
296000000 13215526 13215538
297000000 13258895 13258905
298000000 13302733 13302753
299000000 13345990 13346002
300000000 13389356 13389367
301000000 13432860 13432880
302000000 13476189 13476209
303000000 13519626 13519651
304000000 13562835 13562852
305000000 13606215 13606227
306000000 13649706 13649739
307000000 13693538 13693558
308000000 13737444 13737465
309000000 13781034 13781038
310000000 13824313 13824331
311000000 13867610 13867622
312000000 13910766 13910771
313000000 13954083 13954079
314000000 13997778 13997787
315000000 14041094 14041110
316000000 14084464 14084470
317000000 14128380 14128380
318000000 14171431 14171456
319000000 14215431 14215457
320000000 14259004 14259012
321000000 14303117 14303124
322000000 14346532 14346556
323000000 14390406 14390412
324000000 14433912 14433944
325000000 14477161 14477189
326000000 14520676 14520678
327000000 14564421 14564451
328000000 14608240 14608263
329000000 14651330 14651335
330000000 14695053 14695060
331000000 14738673 14738681
332000000 14781959 14781965
333000000 14825305 14825297
334000000 14868886 14868905
335000000 14912249 14912278
336000000 14955443 14955470
337000000 14999007 14999028
338000000 15042139 15042159
339000000 15085991 15085996
340000000 15129210 15129217
341000000 15172517 15172512
342000000 15216213 15216226
343000000 15260010 15260013
344000000 15303520 15303518
345000000 15346701 15346716
346000000 15390373 15390383
347000000 15433685 15433694
348000000 15477318 15477326
349000000 15520888 15520892
350000000 15564565 15564560
351000000 15607927 15607925
352000000 15651568 15651566
353000000 15695102 15695108
354000000 15738330 15738346
355000000 15781647 15781657
356000000 15824630 15824655
357000000 15868146 15868152
358000000 15911735 15911728
359000000 15954937 15954957
360000000 15998409 15998441
361000000 16041804 16041825
362000000 16085166 16085167
363000000 16128680 16128682
364000000 16171843 16171859
365000000 16215624 16215645
366000000 16259232 16259254
367000000 16303184 16303211
368000000 16346485 16346502
369000000 16389819 16389834
370000000 16433282 16433281
371000000 16476900 16476923
372000000 16520466 16520478
373000000 16563814 16563837
374000000 16606658 16606653
375000000 16649781 16649795
376000000 16693590 16693587
377000000 16736842 16736849
378000000 16780191 16780184
379000000 16823118 16823143
380000000 16866372 16866372
381000000 16909503 16909502
382000000 16952437 16952441
383000000 16995984 16995999
384000000 17039162 17039167
385000000 17082092 17082097
386000000 17125431 17125446
387000000 17169019 17169031
388000000 17212347 17212347
389000000 17255617 17255614
390000000 17299025 17299025
391000000 17341720 17341731
392000000 17385072 17385088
393000000 17428063 17428069
394000000 17471375 17471374
395000000 17514602 17514602
396000000 17557765 17557767
397000000 17601113 17601108
398000000 17644456 17644487
399000000 17687595 17687597
400000000 17730825 17730820
