# Fix print output for fix saveBond
1000000 46246 46253
2000000 92668 92681
3000000 139282 139302
4000000 186104 186099
5000000 232587 232589
6000000 279271 279291
7000000 325806 325826
8000000 371950 371969
9000000 418372 418379
10000000 464597 464601
11000000 511656 511673
12000000 558165 558182
13000000 604435 604446
14000000 650837 650857
15000000 697382 697398
16000000 744080 744098
17000000 790307 790309
18000000 836556 836585
19000000 883182 883197
20000000 929413 929437
21000000 975974 975979
22000000 1022335 1022347
23000000 1068555 1068562
24000000 1115154 1115179
25000000 1161069 1161103
26000000 1207040 1207059
27000000 1252951 1252967
28000000 1299082 1299097
29000000 1345123 1345136
30000000 1391187 1391211
31000000 1437227 1437245
32000000 1482878 1482895
33000000 1528965 1528983
34000000 1574756 1574764
35000000 1620847 1620871
36000000 1667141 1667148
37000000 1713065 1713083
38000000 1758358 1758361
39000000 1804675 1804689
40000000 1850162 1850185
41000000 1895808 1895816
42000000 1941346 1941355
43000000 1987021 1987018
44000000 2032852 2032862
45000000 2078643 2078661
46000000 2124373 2124382
47000000 2169818 2169848
48000000 2215312 2215330
49000000 2261084 2261103
50000000 2306974 2306972
51000000 2352984 2352995
52000000 2398423 2398446
53000000 2443775 2443787
54000000 2489366 2489390
55000000 2534412 2534423
56000000 2579763 2579771
57000000 2625065 2625086
58000000 2671033 2671048
59000000 2716327 2716341
60000000 2761768 2761782
61000000 2806781 2806806
62000000 2852487 2852518
63000000 2897516 2897528
64000000 2942933 2942932
65000000 2988539 2988561
66000000 3034525 3034549
67000000 3080074 3080091
68000000 3125371 3125378
69000000 3170535 3170548
70000000 3216131 3216156
71000000 3261485 3261487
72000000 3306762 3306771
73000000 3352334 3352359
74000000 3398145 3398160
75000000 3444233 3444263
76000000 3489958 3489972
77000000 3535326 3535337
78000000 3580476 3580492
79000000 3625676 3625684
80000000 3670834 3670846
81000000 3716031 3716044
82000000 3761065 3761070
83000000 3806685 3806693
84000000 3851903 3851933
85000000 3896832 3896846
86000000 3941946 3941975
87000000 3987454 3987470
88000000 4032418 4032435
89000000 4077911 4077926
90000000 4122984 4122985
91000000 4168115 4168138
92000000 4213135 4213155
93000000 4258299 4258315
94000000 4303202 4303221
95000000 4348363 4348390
96000000 4393320 4393325
97000000 4438468 4438479
98000000 4483394 4483404
99000000 4528089 4528110
100000000 4572707 4572726
101000000 4617893 4617901
102000000 4663015 4663023
103000000 4707664 4707669
104000000 4752643 4752646
105000000 4797642 4797641
106000000 4842740 4842746
107000000 4887539 4887535
108000000 4932728 4932731
109000000 4977539 4977556
110000000 5022671 5022676
111000000 5067606 5067624
112000000 5113154 5113157
113000000 5158389 5158399
114000000 5203689 5203711
115000000 5249140 5249124
116000000 5294607 5294602
117000000 5339649 5339650
118000000 5385063 5385062
119000000 5430076 5430090
120000000 5475399 5475403
121000000 5521230 5521246
122000000 5566908 5566907
123000000 5612058 5612060
124000000 5657335 5657362
125000000 5702390 5702401
126000000 5748017 5748014
127000000 5793085 5793074
128000000 5838127 5838135
129000000 5883742 5883740
130000000 5928313 5928313
131000000 5973196 5973210
132000000 6018266 6018263
133000000 6062946 6062947
134000000 6107853 6107867
135000000 6152790 6152814
136000000 6197404 6197426
137000000 6242249 6242266
138000000 6286597 6286627
139000000 6331427 6331435
140000000 6375851 6375860
141000000 6420472 6420461
142000000 6465314 6465339
143000000 6510358 6510358
144000000 6555363 6555355
145000000 6600177 6600164
146000000 6645379 6645368
147000000 6690547 6690559
148000000 6735650 6735674
149000000 6780211 6780234
150000000 6824776 6824790
151000000 6869227 6869253
152000000 6913742 6913761
153000000 6958262 6958266
154000000 7003194 7003188
155000000 7047955 7047976
156000000 7093033 7093037
157000000 7137572 7137574
158000000 7181804 7181813
159000000 7226183 7226177
160000000 7271085 7271097
161000000 7315730 7315754
162000000 7360482 7360506
163000000 7405583 7405598
164000000 7450455 7450458
165000000 7495142 7495145
166000000 7539711 7539715
167000000 7584471 7584487
168000000 7628585 7628612
169000000 7672922 7672937
170000000 7717033 7717053
171000000 7761387 7761393
172000000 7806320 7806337
173000000 7850896 7850892
174000000 7895769 7895764
175000000 7940739 7940740
176000000 7985271 7985278
177000000 8030101 8030104
178000000 8074585 8074594
179000000 8119108 8119118
180000000 8163712 8163708
181000000 8208309 8208307
182000000 8252962 8252961
183000000 8297798 8297819
184000000 8342520 8342542
185000000 8387046 8387057
186000000 8431464 8431494
187000000 8476262 8476271
188000000 8520797 8520811
189000000 8564703 8564717
190000000 8609291 8609312
191000000 8653995 8654017
192000000 8698315 8698326
193000000 8742583 8742599
194000000 8787141 8787137
195000000 8831778 8831789
196000000 8876076 8876085
197000000 8920145 8920172
198000000 8964285 8964289
199000000 9008611 9008624
200000000 9053510 9053540
201000000 9097763 9097775
202000000 9142327 9142338
203000000 9187087 9187096
204000000 9231735 9231755
205000000 9276192 9276203
206000000 9320691 9320696
207000000 9365002 9365011
208000000 9409287 9409279
209000000 9453958 9453963
210000000 9498811 9498810
211000000 9543462 9543464
212000000 9587594 9587604
213000000 9631587 9631601
214000000 9675912 9675931
215000000 9720589 9720611
216000000 9764540 9764565
217000000 9808385 9808392
218000000 9852811 9852818
219000000 9896745 9896750
220000000 9940945 9940957
221000000 9985300 9985306
222000000 10029577 10029570
223000000 10073702 10073698
224000000 10117692 10117691
225000000 10161870 10161865
226000000 10206630 10206643
227000000 10250589 10250606
228000000 10295267 10295271
229000000 10339446 10339463
230000000 10384356 10384357
231000000 10429342 10429344
232000000 10473764 10473773
233000000 10518238 10518223
234000000 10562395 10562399
235000000 10606908 10606911
236000000 10650903 10650908
237000000 10694875 10694872
238000000 10738681 10738672
239000000 10783160 10783164
240000000 10827665 10827679
241000000 10872140 10872153
242000000 10916051 10916065
243000000 10960011 10960025
244000000 11004570 11004581
245000000 11048625 11048633
246000000 11093134 11093151
247000000 11137298 11137311
248000000 11181512 11181511
249000000 11225757 11225747
250000000 11269700 11269725
251000000 11313629 11313646
252000000 11357740 11357745
253000000 11401963 11401970
254000000 11446403 11446427
255000000 11490656 11490668
256000000 11535042 11535046
257000000 11579632 11579648
258000000 11623945 11623944
259000000 11667815 11667840
260000000 11711418 11711428
261000000 11755074 11755069
262000000 11798962 11798977
263000000 11843108 11843096
264000000 11887152 11887181
265000000 11931297 11931310
266000000 11975424 11975437
267000000 12019644 12019648
268000000 12063692 12063674
269000000 12107170 12107174
270000000 12151298 12151294
271000000 12194997 12195001
272000000 12238925 12238927
273000000 12282953 12282969
274000000 12326719 12326739
275000000 12370651 12370647
276000000 12414502 12414505
277000000 12458799 12458809
278000000 12503207 12503219
279000000 12547361 12547360
280000000 12591683 12591692
281000000 12635696 12635715
282000000 12679730 12679730
283000000 12723993 12723988
284000000 12767941 12767951
285000000 12812080 12812078
286000000 12855720 12855729
287000000 12899794 12899808
288000000 12944512 12944536
289000000 12988325 12988344
290000000 13032746 13032750
291000000 13076594 13076609
292000000 13120785 13120790
293000000 13164699 13164717
294000000 13208638 13208637
295000000 13252361 13252347
296000000 13296182 13296157
297000000 13340469 13340453
298000000 13384579 13384577
299000000 13429049 13429056
300000000 13473254 13473256
301000000 13517607 13517608
302000000 13561890 13561908
303000000 13605824 13605852
304000000 13649982 13649972
305000000 13693921 13693915
306000000 13737707 13737724
307000000 13781880 13781894
308000000 13825769 13825771
309000000 13868968 13868970
310000000 13912692 13912682
311000000 13956552 13956553
312000000 14000728 14000706
313000000 14044856 14044846
314000000 14089656 14089653
315000000 14133906 14133896
316000000 14178321 14178323
317000000 14222253 14222254
318000000 14265851 14265849
319000000 14309921 14309921
320000000 14353766 14353778
321000000 14397509 14397516
322000000 14441445 14441441
323000000 14485503 14485500
324000000 14529459 14529461
325000000 14573146 14573156
326000000 14617003 14617010
327000000 14660762 14660764
328000000 14704537 14704544
329000000 14748392 14748392
330000000 14792851 14792854
331000000 14836548 14836549
332000000 14880636 14880619
333000000 14924389 14924393
334000000 14968495 14968494
335000000 15012369 15012357
336000000 15056421 15056409
337000000 15100395 15100401
338000000 15144204 15144193
339000000 15188370 15188378
340000000 15232008 15232011
341000000 15275698 15275679
342000000 15319619 15319621
343000000 15363038 15363046
344000000 15406756 15406780
345000000 15450250 15450256
346000000 15493673 15493673
347000000 15537162 15537178
348000000 15580259 15580256
349000000 15623620 15623620
350000000 15667248 15667242
351000000 15710499 15710504
352000000 15754448 15754438
353000000 15798204 15798194
354000000 15841367 15841360
355000000 15885496 15885482
356000000 15929408 15929408
357000000 15972904 15972904
358000000 16015978 16015975
359000000 16059840 16059841
360000000 16103143 16103139
361000000 16146706 16146687
362000000 16190794 16190787
363000000 16234300 16234311
364000000 16277970 16277972
365000000 16321702 16321691
366000000 16365462 16365478
367000000 16409376 16409385
368000000 16453236 16453254
369000000 16496977 16496975
370000000 16540719 16540724
371000000 16584620 16584618
372000000 16629021 16629032
373000000 16673961 16673968
374000000 16718202 16718201
375000000 16761960 16761956
376000000 16805841 16805830
377000000 16849782 16849767
378000000 16893085 16893085
379000000 16936693 16936693
380000000 16980241 16980244
381000000 17023637 17023634
382000000 17067789 17067771
383000000 17110987 17110980
384000000 17154924 17154923
385000000 17198744 17198761
386000000 17242521 17242517
387000000 17285793 17285796
388000000 17329711 17329711
389000000 17373891 17373890
390000000 17417885 17417881
391000000 17461571 17461558
392000000 17505094 17505094
393000000 17548478 17548494
394000000 17591858 17591862
395000000 17635805 17635796
396000000 17679658 17679657
397000000 17723769 17723772
398000000 17767516 17767497
399000000 17810914 17810917
400000000 17854324 17854305
