# Fix print output for fix saveBond
1000000 46746 46741
2000000 93474 93494
3000000 139706 139713
4000000 186236 186240
5000000 232938 232940
6000000 279441 279445
7000000 326000 325997
8000000 372551 372544
9000000 419094 419095
10000000 465300 465296
11000000 512029 512020
12000000 558267 558267
13000000 604349 604373
14000000 650446 650475
15000000 696469 696483
16000000 742321 742337
17000000 788091 788120
18000000 833853 833861
19000000 879911 879913
20000000 926121 926141
21000000 972005 972025
22000000 1018231 1018247
23000000 1064416 1064421
24000000 1110624 1110629
25000000 1156449 1156452
26000000 1202205 1202208
27000000 1248152 1248152
28000000 1294093 1294113
29000000 1340336 1340332
30000000 1386560 1386560
31000000 1432742 1432735
32000000 1478377 1478388
33000000 1524248 1524245
34000000 1569833 1569833
35000000 1615826 1615833
36000000 1661317 1661311
37000000 1706654 1706647
38000000 1752045 1752045
39000000 1797639 1797657
40000000 1843193 1843200
41000000 1888628 1888637
42000000 1934533 1934544
43000000 1979919 1979918
44000000 2025748 2025750
45000000 2071739 2071742
46000000 2117069 2117068
47000000 2162669 2162675
48000000 2208543 2208544
49000000 2253740 2253762
50000000 2299046 2299051
51000000 2343929 2343945
52000000 2388888 2388890
53000000 2434200 2434197
54000000 2479552 2479545
55000000 2524933 2524954
56000000 2570379 2570392
57000000 2615942 2615953
58000000 2661692 2661684
59000000 2707298 2707285
60000000 2752992 2752992
61000000 2798114 2798112
62000000 2843577 2843575
63000000 2889094 2889105
64000000 2934684 2934678
65000000 2980249 2980275
66000000 3025505 3025504
67000000 3070770 3070784
68000000 3116054 3116047
69000000 3161443 3161443
70000000 3206531 3206552
71000000 3251829 3251842
72000000 3297077 3297079
73000000 3342551 3342548
74000000 3388148 3388141
75000000 3433527 3433518
76000000 3478756 3478743
77000000 3523976 3523987
78000000 3569362 3569363
79000000 3615111 3615128
80000000 3660612 3660618
81000000 3706100 3706101
82000000 3751421 3751422
83000000 3797360 3797362
84000000 3842648 3842656
85000000 3888237 3888246
86000000 3933676 3933681
87000000 3979291 3979290
88000000 4024257 4024263
89000000 4069173 4069193
90000000 4114542 4114550
91000000 4159777 4159781
92000000 4205018 4205037
93000000 4249984 4249996
94000000 4295197 4295212
95000000 4340424 4340436
96000000 4385492 4385491
97000000 4430706 4430712
98000000 4475714 4475723
99000000 4520887 4520890
100000000 4565966 4565981
101000000 4610882 4610884
102000000 4655481 4655488
103000000 4700257 4700255
104000000 4745020 4745019
105000000 4790012 4790020
106000000 4835294 4835297
107000000 4880565 4880554
108000000 4925652 4925658
109000000 4970515 4970508
110000000 5015857 5015845
111000000 5060873 5060875
112000000 5105501 5105502
113000000 5150657 5150652
114000000 5195772 5195759
115000000 5241001 5240999
116000000 5285773 5285756
117000000 5330658 5330657
118000000 5375653 5375648
119000000 5419957 5419963
120000000 5464462 5464458
121000000 5508710 5508720
122000000 5553293 5553302
123000000 5597945 5597953
124000000 5642516 5642513
125000000 5687190 5687194
126000000 5731768 5731767
127000000 5776632 5776617
128000000 5820703 5820701
129000000 5864739 5864737
130000000 5909286 5909272
131000000 5953604 5953594
132000000 5998163 5998163
133000000 6042876 6042882
134000000 6087042 6087052
135000000 6131543 6131552
136000000 6176141 6176147
137000000 6220757 6220779
138000000 6265288 6265284
139000000 6309574 6309554
140000000 6354164 6354160
141000000 6398658 6398642
142000000 6442941 6442919
143000000 6487234 6487233
144000000 6531267 6531264
145000000 6575504 6575489
146000000 6619908 6619899
147000000 6664221 6664218
148000000 6708257 6708248
149000000 6752649 6752638
150000000 6796867 6796868
151000000 6841298 6841290
152000000 6885348 6885332
153000000 6929419 6929423
154000000 6973738 6973722
155000000 7017787 7017777
156000000 7061447 7061439
157000000 7105693 7105698
158000000 7149318 7149321
159000000 7193469 7193471
160000000 7237370 7237374
161000000 7281535 7281538
162000000 7325981 7325968
163000000 7369955 7369946
164000000 7414455 7414452
165000000 7458609 7458626
166000000 7503134 7503121
167000000 7547251 7547234
168000000 7591638 7591618
169000000 7635397 7635393
170000000 7679475 7679480
171000000 7723555 7723557
172000000 7767652 7767643
173000000 7811458 7811432
174000000 7855196 7855191
175000000 7899664 7899649
176000000 7943644 7943629
177000000 7987696 7987684
178000000 8031538 8031524
179000000 8075720 8075712
180000000 8120024 8120015
181000000 8163840 8163859
182000000 8207668 8207645
183000000 8251976 8251953
184000000 8296451 8296447
185000000 8340294 8340286
186000000 8383990 8383989
187000000 8427883 8427876
188000000 8471922 8471916
189000000 8515922 8515912
190000000 8560100 8560120
191000000 8604112 8604117
192000000 8648093 8648090
193000000 8692226 8692219
194000000 8736009 8735974
195000000 8779925 8779911
196000000 8823975 8823970
197000000 8867624 8867619
198000000 8911235 8911218
199000000 8955505 8955511
200000000 8999457 8999452
201000000 9043419 9043424
202000000 9087385 9087383
203000000 9131234 9131214
204000000 9174731 9174722
205000000 9218256 9218257
206000000 9261600 9261601
207000000 9305418 9305402
208000000 9348896 9348885
209000000 9392639 9392618
210000000 9436220 9436201
211000000 9479919 9479927
212000000 9523810 9523791
213000000 9567746 9567760
214000000 9611839 9611847
215000000 9655971 9655961
216000000 9700001 9699996
217000000 9744601 9744584
218000000 9788201 9788189
219000000 9831902 9831899
220000000 9875993 9875973
221000000 9920007 9920007
222000000 9963866 9963857
223000000 10007831 10007796
224000000 10052028 10052018
225000000 10095673 10095658
226000000 10139455 10139455
227000000 10183077 10183083
228000000 10226825 10226823
229000000 10270604 10270596
230000000 10313981 10313967
231000000 10357842 10357856
232000000 10401538 10401535
233000000 10445675 10445655
234000000 10489368 10489379
235000000 10532790 10532787
236000000 10576311 10576318
237000000 10619909 10619896
238000000 10663336 10663320
239000000 10706710 10706690
240000000 10749965 10749957
241000000 10793809 10793792
242000000 10837438 10837419
243000000 10881202 10881199
244000000 10924868 10924867
245000000 10968457 10968453
246000000 11012198 11012178
247000000 11055809 11055793
248000000 11099142 11099139
249000000 11142505 11142497
250000000 11186076 11186067
251000000 11229789 11229784
252000000 11273294 11273291
253000000 11317252 11317245
254000000 11360902 11360881
255000000 11404505 11404493
256000000 11448190 11448166
257000000 11492150 11492137
258000000 11535673 11535657
259000000 11579195 11579189
260000000 11623246 11623232
261000000 11666723 11666725
262000000 11710583 11710569
263000000 11753900 11753889
264000000 11797402 11797381
265000000 11841350 11841348
266000000 11885150 11885140
267000000 11928150 11928154
268000000 11971682 11971687
269000000 12015151 12015161
270000000 12059007 12059021
271000000 12102896 12102900
272000000 12146962 12146947
273000000 12190713 12190700
274000000 12234540 12234528
275000000 12278242 12278225
276000000 12322350 12322349
277000000 12365883 12365863
278000000 12409468 12409446
279000000 12453385 12453364
280000000 12496811 12496793
281000000 12540406 12540386
282000000 12584176 12584170
283000000 12627646 12627645
284000000 12671736 12671718
285000000 12715365 12715373
286000000 12759078 12759077
287000000 12802970 12802961
288000000 12847005 12846993
289000000 12890953 12890947
290000000 12935091 12935089
291000000 12979523 12979509
292000000 13023843 13023832
293000000 13068136 13068122
294000000 13111838 13111831
295000000 13155839 13155831
296000000 13199855 13199848
297000000 13243491 13243481
298000000 13287612 13287572
299000000 13331998 13331981
300000000 13375517 13375500
301000000 13419232 13419219
302000000 13463219 13463213
303000000 13507075 13507053
304000000 13551244 13551228
305000000 13594968 13594963
306000000 13639105 13639099
307000000 13683091 13683093
308000000 13726745 13726736
309000000 13770251 13770250
310000000 13814503 13814496
311000000 13857911 13857890
312000000 13901534 13901531
313000000 13945688 13945693
314000000 13990031 13990035
315000000 14034314 14034318
316000000 14077700 14077677
317000000 14120900 14120902
318000000 14164708 14164702
319000000 14208270 14208276
320000000 14252235 14252219
321000000 14295947 14295948
322000000 14339663 14339668
323000000 14383508 14383495
324000000 14426998 14426989
325000000 14470441 14470431
326000000 14513943 14513966
327000000 14557768 14557764
328000000 14601404 14601405
329000000 14645239 14645244
330000000 14688800 14688780
331000000 14732565 14732559
332000000 14776640 14776639
333000000 14820476 14820459
334000000 14864330 14864327
335000000 14907833 14907830
336000000 14951470 14951455
337000000 14994886 14994869
338000000 15038839 15038819
339000000 15082553 15082541
340000000 15126292 15126287
341000000 15169710 15169692
342000000 15213492 15213484
343000000 15257537 15257514
344000000 15300924 15300898
345000000 15344152 15344143
346000000 15387754 15387745
347000000 15431613 15431612
348000000 15475090 15475090
349000000 15518678 15518663
350000000 15562506 15562506
351000000 15605626 15605611
352000000 15648819 15648816
353000000 15692168 15692157
354000000 15735791 15735787
355000000 15779414 15779427
356000000 15822805 15822796
357000000 15866367 15866357
358000000 15909943 15909931
359000000 15953517 15953507
360000000 15997080 15997064
361000000 16040669 16040646
362000000 16084643 16084636
363000000 16128148 16128144
364000000 16171625 16171623
365000000 16215046 16215052
366000000 16258563 16258574
367000000 16302422 16302425
368000000 16346169 16346162
369000000 16389874 16389874
370000000 16433281 16433277
371000000 16476691 16476681
372000000 16520277 16520258
373000000 16563884 16563866
374000000 16607540 16607519
375000000 16651214 16651191
376000000 16694533 16694510
377000000 16737672 16737656
378000000 16781561 16781546
379000000 16825146 16825115
380000000 16868500 16868486
381000000 16912219 16912201
382000000 16955842 16955820
383000000 16999451 16999443
384000000 17043170 17043175
385000000 17086949 17086945
386000000 17130749 17130764
387000000 17174028 17174022
388000000 17217597 17217596
389000000 17261172 17261169
390000000 17304351 17304338
391000000 17347761 17347754
392000000 17391759 17391736
393000000 17435205 17435189
394000000 17478884 17478869
395000000 17522322 17522304
396000000 17565410 17565390
397000000 17609209 17609219
398000000 17652512 17652509
399000000 17696006 17695984
400000000 17739738 17739721
