# Steps Temp KinEng PotEng Epair Ebond Eangle Bonds
1000000 309.76137855927851206 12925.834284528615171 4984.3081493799145392 -1449.5181878083596985 -1704.8933948658932422 8138.7197320541672525 15609
2000000 311.06636198344898503 12980.289102502820242 4911.2762694342009127 -1408.6359711835566486 -1727.2817048275358047 8047.1939454452931386 15625
3000000 307.22656441426261154 12820.060647631255051 4919.4726465193980403 -1414.5758574964252148 -1751.0241671367862182 8085.0726711526103827 15623
4000000 308.80024922079934413 12885.727933591766487 4968.6231207857608752 -1382.5792642083306418 -1639.9393207591454029 7991.1417057532380568 15600
5000000 310.43097863990004726 12953.775597675130484 4953.9205765839378728 -1395.5129295024887597 -1749.3507229305505462 8098.784229016977406 15617
6000000 310.1075361793157299 12940.278874276176794 4982.401632970188075 -1351.4658382660986717 -1738.2936810633423192 8072.1611522996281565 15621
7000000 312.40731479724314568 13036.244864112264622 5044.5704019030299605 -1335.2854159959895242 -1600.1506439332338232 7980.0064618322530805 15608
8000000 310.13252083428551487 12941.321442950482378 5029.2924269246968834 -1364.1542967844097802 -1731.3724901251389383 8124.8192138342465114 15619
9000000 308.48787343134029015 12872.69300422831293 5110.937315652749021 -1342.6265981248079697 -1654.8981959569096034 8108.4621097344652298 15608
10000000 309.22510724129273285 12903.456561973047428 5081.1050674455718763 -1284.4850413187368758 -1643.205792685331744 8008.7959014496409509 15612
11000000 308.1162640608342258 12857.186354677356576 5075.6344042796954454 -1330.826772329043024 -1612.9902597143354797 8019.4514363230728122 15598
12000000 309.49594249955146097 12914.758073100554611 5069.8330716057125755 -1307.9030195279615327 -1660.9501792025234863 8038.6862703361975946 15605
13000000 308.66781877507276022 12880.201828292101709 5014.9236030564443354 -1319.3456219351605796 -1680.7492661010196571 8015.0184910926236626 15622
14000000 306.34178327808700715 12783.14018195708195 5007.559840197178346 -1324.2306321168161958 -1726.025918075924892 8057.8163903899203433 15617
15000000 311.46325114515377663 12996.850636278857564 4951.1408700768224662 -1282.4385823514087406 -1775.8895859740246124 8009.469038402255137 15615
16000000 307.05491689278505874 12812.898078080823325 4995.7737949792444851 -1279.3055227219158496 -1657.2422902524101573 7932.3216079535695826 15613
17000000 309.01790619815687933 12894.810402275501474 4899.9276161805455558 -1308.1310289454777376 -1639.6213765553038684 7847.6800216813262523 15619
18000000 307.98396590288751895 12851.665769529779936 4998.022618234710535 -1295.0715794217687744 -1676.2266357243038328 7969.3208333807842791 15604
19000000 306.91368894049008986 12807.004867260937317 4872.4115593914511919 -1294.1760509847008507 -1819.6160320596663951 7986.2036424358175282 15618
20000000 308.41848373926308113 12869.797486184661466 5061.6275492592603769 -1269.8110366820569652 -1687.4389402206288651 8018.8775261619466619 15597
21000000 308.24788706752042344 12862.678766870156323 5052.4870249321666051 -1256.4592379669952606 -1705.0210093010718992 8013.9672722002324008 15616
22000000 308.10045821282307088 12856.526802563181263 4888.4124950837303913 -1231.6319370897681438 -1809.911026874723575 7929.9554590482221101 15617
23000000 307.72600502687265589 12840.901485257903914 5047.2882985186988662 -1292.1698799674375095 -1721.5238350219353833 8060.9820135080708496 15603
24000000 308.10821158272256071 12856.850337972708076 4991.1107949459710653 -1274.2622411300167187 -1681.5859005298452757 7946.9589366058335145 15622
25000000 307.99939438271172776 12852.30957468843917 5025.0086226583134703 -1269.3405029481950805 -1656.4975475550008923 7950.8466731615089884 15603
26000000 313.77017663942871195 13093.114853543263962 4957.4681576807888632 -1264.9003921769283352 -1736.4406581121947966 7958.8092079699126771 15609
27000000 310.02211970925202422 12936.714585072828413 4931.6994119679529831 -1258.4582176866683767 -1747.9887334217778516 7938.1463630763992114 15627
28000000 312.1517697816473742 13025.581389733401011 5027.9423892048598645 -1250.7666108145429007 -1692.9553448956664852 7971.6643449150697052 15607
29000000 314.20670237747680176 13111.330356641759863 4938.9473089003822679 -1224.3917450559060853 -1734.2955284140971344 7897.6345823703850328 15609
30000000 307.55022365547921481 12833.566416930450941 5188.1701408179806094 -1202.6393698365377531 -1598.1864800584330624 7988.9959907129514249 15593
31000000 310.40424150808070181 12952.659901016148069 4956.4341525917052422 -1219.7317473986790901 -1756.7720055879817664 7932.9379055783647345 15615
32000000 310.00129763555457885 12935.845714087927263 5108.6937521720064979 -1201.8405498152042128 -1688.8712212023788197 7999.4055231895899851 15616
33000000 306.38622884435494598 12784.994822541822941 5024.607851512151683 -1210.0870835027244539 -1718.1128663058423172 7952.8078013207168624 15607
34000000 308.56167506109085252 12875.772625195008004 5143.5044066648642911 -1181.688308968545698 -1712.8005497019007635 8037.9932653353107526 15613
35000000 310.241485580404742 12945.868363091862193 4944.3428445751360414 -1204.9742546246638994 -1794.6684755920755379 7943.9855747918754787 15628
36000000 307.39465712512634354 12827.074880765054331 5137.943962766851655 -1192.3085858295703474 -1702.7453408825476799 8032.9978894789701371 15600
37000000 311.79647498888067503 13010.755520753806195 4947.4977516999806539 -1208.9792073481776242 -1757.9122343259746231 7914.389193374133356 15606
38000000 309.09460347248284506 12898.010853741152459 5054.367215338656024 -1233.0854610598339605 -1675.3289494935556831 7962.7816258920456676 15613
39000000 310.67301925862165035 12963.875555721131605 5035.3104904752017319 -1186.4663664565364343 -1689.4519310157820655 7911.2287879475206864 15625
40000000 311.44574405858475075 12996.12009426988152 4787.5401860765114179 -1189.531741315680847 -1872.6625914005458071 7849.7345187927385268 15619
41000000 306.29992680358651569 12781.393579925399536 5027.2283595894678001 -1206.7647545833060576 -1761.7995893222389441 7995.7927034950143934 15623
42000000 307.89488803429691188 12847.948696171000847 4954.5174026761260393 -1175.6281251647847057 -1824.3330962517200078 7954.4786240926314349 15632
43000000 308.75638278393512337 12883.897459127207185 5024.0607109880274947 -1171.7748001399700115 -1718.9857201074742079 7914.8212312354708047 15610
44000000 309.12396774053405579 12899.236176486298064 4992.7649932478725532 -1166.3019438404858192 -1669.8946242557967707 7828.9615613441546884 15611
45000000 309.08789143355380702 12897.730771365126202 5039.4354978841720367 -1164.888157134388166 -1748.0207136999231352 7952.3443687184835653 15622
46000000 307.23381621010076969 12820.363253177838487 5093.0923044291976112 -1181.5608036020173586 -1732.6209948498335507 8007.2741028810478383 15606
47000000 309.30307685511564841 12906.710106079130128 5132.4559201263600698 -1163.2512862943624441 -1668.561265326216926 7964.2684717469401221 15605
48000000 310.618476871115206 12961.599591346004672 5131.8713301012376178 -1186.3957363406489094 -1648.6277066395759903 7966.8947730814616079 15604
49000000 307.7942942720696351 12843.751083458097128 5041.8892293330436587 -1183.4850134820667336 -1624.3567307956523109 7849.7309736107617937 15604
50000000 309.70322747685452214 12923.407735233236963 5072.777049019576225 -1178.035075213253549 -1741.472470516050862 7992.2845947488813181 15610
51000000 310.34880347870995365 12950.346562974975313 5260.8022681192651362 -1122.0608569590679053 -1634.2668138568428731 8017.129938935176142 15603
52000000 310.55177464858019221 12958.816216998604432 5167.7836341913143769 -1150.1658600702362492 -1637.6132983918016635 7955.5627926533525169 15593
53000000 309.92613610622765918 12932.709346742294656 5075.0000138202240123 -1198.4449860538252324 -1723.9498670477664746 7997.394866921816174 15612
54000000 312.07551612530050988 13022.399449718433971 5140.8441438940481021 -1177.5937634248459744 -1747.0400655269147592 8065.4779728458088357 15606
55000000 312.18106662750568603 13026.803899061016637 4930.5404933408899524 -1153.2082307153582406 -1755.8267446321247007 7839.5754686883738032 15602
56000000 312.10836691505852514 13023.770259296125005 4909.4610344419543253 -1159.8240947420722478 -1756.48786104015403 7825.7729902241817399 15614
57000000 308.80471914995069938 12885.91445640407801 5014.7845389949716264 -1197.994656589948363 -1718.9271099649497501 7931.7063055498692847 15625
58000000 312.88262018692427091 13056.078578470511275 4840.0042533286259641 -1191.5642740100879564 -1838.8042755204548939 7870.372802859168587 15635
59000000 309.12488073474497696 12899.274274237310237 5010.5319492758999331 -1155.0519825946485071 -1820.0856721847030713 7985.669604055250602 15627
60000000 313.89701487197629604 13098.407604958814773 4992.9687141939321009 -1138.7177696797612043 -1807.8038052388305914 7939.4902891125238966 15625
61000000 312.66765780374817041 13047.10855078253735 5049.360171710681243 -1135.5674944934394262 -1686.7536899711303704 7871.6813561752514943 15613
62000000 308.26862896983175233 12863.544292434606177 4967.0931294768524822 -1166.6655261982982665 -1824.4167804625451481 7958.1754361376970337 15626
63000000 307.784387558137837 12843.337692533825248 5026.8554356498971174 -1156.3602732208710222 -1764.6451663410600759 7947.8608752118279881 15632
64000000 307.43694570116696241 12828.839513685310521 5061.9627065784152364 -1152.9943868884467975 -1649.9013631014390739 7864.8584565683022447 15611
65000000 305.64832025305332763 12754.203107278102834 4993.2061858077940997 -1164.3386108826289274 -1729.3017115732614002 7886.846508263684882 15622
66000000 308.88021474325262261 12889.064763691485496 5105.5407954083220829 -1155.5386468049982795 -1696.1374618994248067 7957.2169041127444871 15612
67000000 309.30656216672304026 12906.855542416211392 5038.3254519555284787 -1139.5733615592907881 -1718.1263515534681119 7896.0251650682876061 15617
68000000 312.02639693120664788 13020.349786309781848 5042.917366866014163 -1187.726521901941851 -1750.8556823532858289 7981.499571121241388 15622
69000000 304.03575237119071062 12686.913294356765618 4843.8018673189726542 -1148.2564953261517076 -1803.7764901512377946 7795.8348527963626111 15616
70000000 311.3517879250846363 12992.199458917320953 5219.086998780925569 -1139.9282828782106662 -1598.876814803217485 7957.8920964623539476 15612
71000000 312.53198660894742034 13041.447214339192215 5095.1518313877550099 -1115.0885150689682632 -1763.3785686985131633 7973.6189151552352996 15614
72000000 307.86182282916809072 12846.568939391550884 5167.1716547328014713 -1100.4087226919382374 -1712.4045298158905553 7979.9849072406304913 15623
73000000 307.41743444001730268 12828.025340758151287 5198.9980189625102867 -1124.4441626881564389 -1618.564156320740949 7942.0063379714083567 15605
74000000 308.52125567392334915 12874.085990460751418 4968.5394564268144677 -1100.0643524561437516 -1776.7859133320630463 7845.3897222150208108 15623
75000000 309.15913380184196058 12900.703598548467198 5038.3470652494652313 -1127.7801033604221175 -1793.549270105525693 7959.676438715412587 15620
76000000 307.54136216267477266 12833.196641369544523 5027.7983966249184959 -1110.268076653469052 -1685.639324251385915 7823.7057975297739176 15619
77000000 309.30762972161869584 12906.900089731099797 5043.6681576314604172 -1091.0780134180779442 -1760.7182923652530917 7895.4644634147907709 15615
78000000 312.58126586415170323 13043.503556835465133 5353.5843081709044782 -1128.5623993585636526 -1558.2416945062875584 8040.3884020357563713 15597
79000000 310.00490025102260461 12935.996045322721329 5187.9619690690797142 -1125.5213254895525097 -1744.1406384075353344 8057.6239329661684678 15618
80000000 310.29087023786951249 12947.929103851594846 4991.9542373702206532 -1102.3376951335881131 -1822.5684342758211187 7916.8603667796287482 15632
81000000 311.09437601827306707 12981.45808222992855 5148.6730174397116571 -1087.4736432122731458 -1776.911488197837798 8013.0581488498228282 15633
82000000 310.02629618991443294 12936.888862760983102 4882.6094404580499031 -1106.5231874885841989 -1871.7654290406799191 7860.8980569873147033 15623
83000000 311.76954393074436211 13009.631731867677445 5160.9647115153875347 -1104.3278954090619663 -1722.8182088373341685 7988.1108157617845791 15621
84000000 309.44419189346854182 12912.598605185403358 5175.1367007584267412 -1093.3868008073372948 -1687.8607030801199471 7956.3842046458839832 15606
85000000 307.3517978514316269 12825.286433567700442 5191.318708105085534 -1133.8990485720858032 -1708.9577629318989693 8034.1755196090707614 15615
86000000 310.38304281636351334 12951.775314378975963 5023.7329238758102292 -1144.4030504102827308 -1697.0358381332459885 7865.1718124193394033 15603
87000000 310.55419436097304242 12958.917187628163447 5125.8220576135609008 -1104.4110907825634058 -1675.6215448680527516 7905.8546932641775129 15608
88000000 310.4126432426729707 12953.010491620912944 5259.4359700427703501 -1108.591228120076039 -1675.3590398640310468 8043.3862380268765264 15612
89000000 311.04792964363616647 12979.519951193497036 5120.608686096900783 -1048.6001972655478767 -1641.9585487754502537 7811.1674321378977766 15610
90000000 308.62651990728863893 12878.478494274158948 5275.1176517254070859 -1059.832539658533733 -1713.814096038180196 8048.764287422121015 15601
91000000 307.84158190760513207 12845.724318932067035 5177.6800541486336442 -1064.9224049855840804 -1703.4233458848302689 7946.0258050190486756 15609
92000000 305.86043235238554416 12763.054197296050916 5056.2804135334754392 -1084.9972804867597915 -1777.7858416234855667 7919.0635356437214796 15617
93000000 309.53010253972217924 12916.183515550654192 5317.8807609534069343 -1067.8051340630440791 -1721.061497320260969 8106.7473923367106181 15621
94000000 309.18732868107872491 12901.880124616312969 5149.7262104250348784 -1083.3258282726590096 -1715.9146570474483724 7948.9666957451427152 15631
95000000 307.84366263266923625 12845.811144176374 5005.2754360084536529 -1075.6241985818244302 -1823.6415198387701366 7904.5411544290473103 15630
96000000 307.73355455934557767 12841.216514865935096 5005.9414534504367111 -1105.9818072363691499 -1709.2442334325078264 7821.1674941193132327 15611
97000000 309.68924433662448337 12922.824241725325919 4976.9142377392454364 -1117.7709382690263737 -1821.9207570119381217 7916.6059330202097044 15636
98000000 313.19922683195420632 13069.290054497869278 5053.4359204117918125 -1099.8434932694165127 -1724.65843867464082 7877.9378523558498273 15621
99000000 312.04960034712928518 13021.31802680007786 5119.5050197854288854 -1089.7286947520115064 -1724.4214890317202844 7933.6552035691602214 15605
100000000 306.8712457011070569 12805.233780493066661 5084.4480408823346806 -1093.2369914811004037 -1726.6525123524659193 7904.3375447159014584 15601
101000000 309.10795774022932392 12898.568105431744698 5101.483496019111044 -1103.3301619121812109 -1689.8683459768869852 7894.6820039081794675 15614
102000000 312.3625587639315313 13034.377268246989843 4970.9853408653925726 -1093.1324735835787578 -1860.8274378902506214 7924.9452523392210423 15612
103000000 306.18123956539039909 12776.440956135607848 5017.7303228298324029 -1097.4629237215212925 -1823.1556667399156595 7938.3489132912691275 15622
104000000 308.14801546244507335 12858.511288590785625 5084.6517232592996152 -1113.7995441552386637 -1779.7808127721023084 7978.2320801866408146 15615
105000000 311.81288548363841073 13011.440303785029755 5127.5149538037330785 -1093.0803093174890819 -1722.4256649271305832 7943.0209280483531984 15599
106000000 307.59429437553404796 12835.405415797507885 5218.7017416491289623 -1084.7367859933569889 -1676.3295851928887714 7979.7681128353742679 15609
107000000 311.44942195233028315 12996.273566743731863 5117.3898005136124993 -1081.5750172502071109 -1698.4324059234156721 7897.3972236872341455 15617
108000000 310.89374199053588654 12973.085953314341168 5227.7076184637480765 -1075.2098654236738184 -1611.8878046058598557 7914.8052884932812958 15595
109000000 308.2858312035851327 12864.262113435577703 5219.5072437464468749 -1082.9235736710293168 -1686.2791646178357041 7988.709982035311441 15624
110000000 312.48929750321360643 13039.66586797175114 5026.3255879936350539 -1029.9764542626971888 -1803.9295467584397556 7860.2315890147719983 15626
111000000 309.99136470835748014 12935.431229327086839 5391.1979932102149178 -1050.2442814074654507 -1572.6341189494958144 8014.0763935671757281 15610
112000000 312.34614093545627611 13033.692179191762989 5011.8716748230108351 -1060.1872185052488931 -1758.0669835307355697 7830.12587685899598 15617
113000000 306.33037335766761089 12782.6640646915057 5050.9165824599740517 -1072.8028819935891534 -1816.7284203729429919 7940.4478848265071065 15622
114000000 308.00960923084301157 12852.735823547482141 5197.5218579623706319 -1054.3094199873767138 -1721.414456963585053 7973.245734913331944 15625
115000000 312.60062469053144696 13044.31136890968628 5410.3831178713280678 -1045.0734681238927806 -1569.7166760145819353 8025.1732620098027837 15599
116000000 309.76935547716146857 12926.167148228847509 5289.5054963446100373 -1055.4322184186721643 -1655.3664532971581593 8000.3041680604410431 15597
117000000 308.15854760558221415 12858.950777650024975 5180.1372122734592267 -1061.0517485374170974 -1749.3440271990361907 7990.5329880099134243 15634
118000000 309.70141610535796417 12923.332149671534353 5208.8308929855202223 -1087.8850249183524284 -1668.7505685239725608 7965.4664864278456662 15610
119000000 312.61482149000164554 13044.903778067264284 5106.2611862625481081 -1072.7846946534905328 -1681.7319232616273439 7860.77780417766553 15607
120000000 311.75254121397892959 13008.922236383383279 5044.2864420532914664 -1054.509490449471059 -1763.3245682342212604 7862.120500736982649 15625
121000000 307.38302010493202943 12826.589286998339958 5157.2443521234536092 -1066.6836131760994704 -1746.1709338877046775 7970.0988991872563929 15615
122000000 308.00249150551240973 12852.438812543288805 5063.7991928795581771 -1057.38410160338276 -1762.2858603295160265 7883.4691548124555993 15631
123000000 311.73245361480223892 13008.084013815612707 5045.5260431928472826 -1020.7275764727805836 -1801.7841065750294547 7868.0377262406573209 15615
124000000 308.87536933585738552 12888.862572787882527 5003.0373453175798204 -1055.0031777291742401 -1691.6353537202676307 7749.6758767670235102 15619
125000000 305.71173541684231623 12756.849318055168624 5062.8246074244607371 -1037.3890350627596035 -1736.5750805940788268 7836.7887230813003043 15619
126000000 308.49260886140029925 12872.890605958089509 5209.6405211642504582 -1064.0665987964380292 -1646.8481926105469029 7920.5553125712358451 15614
127000000 309.91467927689728867 12932.23127204479897 5193.3540336146552363 -1031.9539173308494355 -1702.5487543573813127 7927.8567053028855298 15608
128000000 310.16275450129410274 12942.583044288208839 5117.0528176253046695 -1050.7163118390353702 -1733.338211676553783 7901.107341140895187 15623
129000000 311.82417985757513179 13011.911599485392799 5065.3056553129044914 -1045.3274190474589886 -1751.5114963871353666 7862.1445707474986193 15622
130000000 309.56105265247668967 12917.47501299430769 5263.8473256367196882 -1038.7806531329283644 -1628.95681291935216 7931.5847916889997578 15605
131000000 307.23383396150353519 12820.363993914761522 5045.5342050811013905 -1036.6518224336143703 -1753.0264102787573393 7835.212437793474237 15630
132000000 309.15457129120977697 12900.513212462805313 5139.7295769499387461 -1054.9371867473048496 -1700.1386231338983634 7894.8053868311417318 15625
133000000 310.44089706159780917 12954.189477145275305 5229.3906531831380562 -1004.3159708551522726 -1656.4524801771567581 7890.1591042154468596 15620
134000000 308.87022170882590899 12888.647770754534577 5183.7619419643415313 -1014.8041309650235462 -1756.9659351933728431 7955.5320081227391711 15627
135000000 306.23711394139979802 12778.772502206355057 5205.51076220754112 -1007.9840260891417074 -1668.7550422674944457 7882.249830564176591 15608
136000000 308.37680657380138882 12868.058366425082568 5343.0179929891837673 -1001.5308487304150731 -1597.5040566111497355 7942.052898330748576 15590
137000000 313.519956332746915 13082.673570534270766 5257.5822845007505748 -1037.6670488626295992 -1621.9132552733644843 7917.1625886367437488 15615
138000000 309.23455385505360482 12903.850753671802522 5144.2780967875605711 -1025.2717124596622398 -1726.8783547415928297 7896.4281639888158679 15608
139000000 306.24948712373577564 12779.288814811854536 5174.5168286561402056 -1047.3865804523159113 -1762.5002207591605838 7984.4036298676173828 15622
140000000 306.13897464887810429 12774.677310488665171 5150.6498222271093255 -1026.1731243450690272 -1721.936226471880218 7898.7591730440599349 15604
141000000 306.4707359521794956 12788.521165550384467 5192.4207459868575825 -1009.1503673308836824 -1740.8864443497413959 7942.4575576674815238 15618
142000000 309.54552779510379423 12916.827186158612676 5245.20087145841444 -993.39265587564341331 -1710.5683857335914126 7949.1619130676490386 15610
143000000 307.07108904701237861 12813.572915552615086 5127.4693744494416023 -1006.2103246496466227 -1756.8695087494754716 7890.5492078485640377 15623
144000000 310.442012139904989 12954.236007534182136 5135.1051793624455968 -995.81101082341137953 -1795.0164130302491685 7925.9326032161061448 15628
145000000 308.23593657734772933 12862.180092515369324 5043.1989974820116913 -1024.4866618380897307 -1750.9533892902895786 7818.6390486103919102 15626
146000000 308.62470248183404919 12878.402656090715027 5295.165705682123189 -1004.3037961663849273 -1687.0679637890789309 7986.5374656375861377 15609
147000000 309.06370106361634953 12896.721346902504592 5121.4627220465517894 -1035.4341625984834536 -1720.2820341719268527 7877.1789188169614135 15609
148000000 308.18564835724811246 12860.081647568826156 5313.5014736794710188 -1035.9316597955162251 -1681.4157550786103457 8030.8488885535980444 15610
149000000 311.34402064131080579 12991.875342904639183 5219.0657068557738967 -1037.6018456853071257 -1716.496895745920483 7973.1644482870015054 15616
150000000 309.950119702174959 12933.710142865438684 5183.3251606980447832 -1033.6408483903423985 -1684.385897760395892 7901.3519068487839832 15602
151000000 308.67399549306526296 12880.459572603431297 5093.2522848121789139 -1017.9216929164379053 -1690.6364952230285326 7801.8104729516453517 15599
152000000 308.20269388696584656 12860.792929567403917 5197.7477595672335156 -1001.6528824787892518 -1712.9122224229699896 7912.3128644689932116 15599
153000000 309.6034066709970034 12919.24237672190975 5092.7433664445125032 -994.59989612216736532 -1755.0394411924480664 7842.3827037591272529 15633
154000000 308.23326189287632815 12862.068482319155009 5201.1572689356853516 -1005.4510976812993022 -1734.6467562358859595 7941.2551228528700449 15620
155000000 308.80214179826259624 12885.806907745272838 5236.346230470710907 -1004.4365453923664973 -1596.3367512734030242 7837.1195271364804285 15612
156000000 310.44918808161611423 12954.53544781245364 5354.2497764286617894 -975.77938430742108267 -1707.5581063806971542 8037.5872671167799126 15614
157000000 309.32126080486483488 12907.468892478484122 5068.433323311024651 -976.18474130896481711 -1773.9246014050993381 7818.5426660250886925 15621
158000000 305.86718280444688389 12763.335882589084576 5214.9546908806796637 -998.34697069887317866 -1766.286881766373881 7979.5885433459261549 15632
159000000 313.3743743272468123 13076.598672215262923 5104.859987511730651 -999.37834879265165 -1805.7968822624288805 7910.0352185668107268 15616
160000000 306.48300770900306134 12789.03324583560061 5366.073043378557486 -990.70047690801777662 -1602.3188565417540303 7959.0923768283291793 15606
161000000 312.51648057931288349 13040.800173154137156 5431.0102479462893825 -979.07150352102780744 -1665.9449074327746985 8076.0266589000921158 15608
162000000 310.84157340524433266 12970.909043812345772 5135.8128751505473701 -976.94476411221012313 -1755.8328811456815401 7868.5905204084392608 15609
163000000 308.14947371283824396 12858.572138988001825 5340.9715411506003875 -995.89441553817948716 -1599.1394836026343 7936.0054402914138336 15620
164000000 312.99156140702586981 13060.624516909760132 5322.7329986115310021 -1000.5910827902259825 -1694.8569463166443256 8018.1810277183994913 15613
165000000 309.19281336434323748 12902.108991453456838 5263.5321972131096118 -1040.6166037460934604 -1684.8033507267502955 7988.9521516859531403 15610
166000000 311.56169488845659998 13000.958532228312833 5109.3785879522511095 -1023.5703570143959951 -1802.8511694653702762 7935.8001144320160165 15622
167000000 308.80623448661697239 12885.977688917841078 5123.8341611559717421 -1015.8966087021318572 -1704.1864945300278578 7843.9172643881320255 15624
168000000 309.73336421305026533 12924.665291807121321 5186.7577888332116345 -1004.7550746484864703 -1716.3040407499893263 7907.8169042316876585 15608
169000000 307.22280178168966813 12819.903639145119087 5307.6496735851742415 -1028.9230103868808328 -1646.5449350942844831 7983.1176190663391026 15600
170000000 314.06234908651816795 13105.306730565340331 5151.002366882635215 -982.02021406330800346 -1783.573283794287363 7916.5958647402294446 15606
171000000 312.60550364588209504 13044.514959714444558 5233.8402018338365451 -1004.0078865287485996 -1691.7275560247462636 7929.5756443873306125 15592
172000000 305.36076997031454994 12742.204105593522399 5152.0482697831830592 -995.71619648842943207 -1720.1323697671180071 7867.8968360387298162 15611
173000000 308.30628356023498782 12865.115556734461279 5140.7597987942026521 -973.52656640294321733 -1782.0417367916279545 7896.3281019887735965 15592
174000000 312.14510603841381453 13025.303322657537137 5088.9760675664547307 -997.15601180471264797 -1810.5439360639543338 7896.6760154351222809 15632
175000000 308.40963859461413676 12869.428392805471958 5092.4169810377297836 -995.06369746405732712 -1805.4429284949922021 7892.9236069967773801 15625
176000000 308.99280512108754237 12893.762975497926163 5201.558250548388969 -1002.4283879686427099 -1725.055796910848585 7929.0424354278811734 15624
177000000 308.56508536804483356 12875.914931710918609 5244.9594446391256497 -1003.2668384842251044 -1706.2388600720530576 7954.4651431954043801 15610
178000000 310.28763520328459435 12947.794111164177593 5205.546816150246741 -995.59058562519749103 -1666.3300102944451737 7867.4674120698900879 15616
179000000 312.01773842009242799 13019.98848084189558 5184.2274780405577985 -984.95587719531317816 -1667.4901978774851159 7836.67355311335632 15614
180000000 309.44573013178199972 12912.662793347344632 5311.6009876498810627 -993.33871899284145002 -1590.5278881370009003 7895.4675947797240951 15609
181000000 311.81844911312600743 13011.672464918581682 5400.985201525474622 -969.53709565617873523 -1646.558992200780267 8017.081289382434079 15591
182000000 313.02386696582840386 13061.972574893918136 5102.5345213710543248 -1007.408893022500024 -1825.7505109212820571 7935.6939253148375428 15626
183000000 309.45689311463576132 12913.128606313310229 5052.3807910400655601 -987.66198187631118799 -1766.5163503053938712 7806.5591232217702782 15600
184000000 312.37855334662924633 13035.04469595008959 5303.74717249031346 -1007.5711841553732029 -1631.2516869413020686 7942.5700435869894136 15603
185000000 310.79843443254821977 12969.108925234399067 5234.9621229257745654 -1014.7172580791001337 -1609.7938492809653326 7859.4732302858401454 15636
186000000 312.10485077496025497 13023.623536536681058 5219.9639248441035306 -1001.042218875372555 -1712.0579726701623713 7933.0641163896389116 15619
187000000 310.03531220442562244 12937.265086259279997 5229.7202743402540364 -991.44919643004539012 -1637.5689166378456321 7858.7383874081442627 15622
188000000 308.878917481157373 12889.010631071903845 5085.3427258442425227 -1004.0500288362921992 -1775.0289882796689653 7864.4217429602049378 15633
189000000 310.25915036268924041 12946.605485484407836 5268.5498192851491694 -984.46870953748862121 -1627.7967981883784887 7880.815327011017871 15622
190000000 312.10743418714457675 13023.731338090052304 4987.7560655799434244 -996.93382742261201201 -1876.1125190572493011 7860.802412059805647 15636
191000000 308.79097650927235463 12885.340998548012067 4891.6169566241569555 -1001.9417600794472492 -1821.0407762373279184 7714.5994929409316683 15617
192000000 306.91483375195292638 12807.052638365665189 5312.7656284379418139 -966.86208977390833752 -1720.2765107219192942 7999.9042289337703551 15628
193000000 308.02252275847223473 12853.274683875843039 5230.3175485240535636 -971.5809189438859903 -1812.6194731004065943 8014.5179405683456935 15632
194000000 310.49392104876409348 12956.4020811645496 5263.9711077010788358 -1007.7100221671794316 -1637.2961519242421673 7908.9772817925004347 15634
195000000 310.85603247093808932 12971.512396909287418 5207.2937210458894697 -980.16297097749088607 -1768.6213931048378072 7956.0780851282170261 15627
196000000 309.08177397544199039 12897.4754998714252 5209.7604750614573277 -1011.4750119433017517 -1711.7530809300162673 7932.9885679347753467 15610
197000000 309.76767109648170617 12926.096861785650617 5189.0758660822830279 -986.33869670696378762 -1678.1022670606703286 7853.5168298499174853 15599
198000000 313.61416190079711441 13086.604614381507417 5151.5444191283550026 -990.42961657387786545 -1798.2556319242792142 7940.2296676265123097 15629
199000000 312.93321520194598406 13058.189825465973627 5278.9059363610704168 -978.35719812981801624 -1683.8409966565072864 7941.1041311473964015 15623
200000000 311.65882179548003705 13005.011478759583042 5193.9286172535084916 -985.27266106047613903 -1720.2100133537874171 7899.4112916677713656 15616
201000000 310.26188780223469621 12946.719714346936598 5225.0011602727763602 -995.96252031112226177 -1746.3989766826514369 7967.3626572665498315 15612
202000000 310.60267864312868369 12960.940357202960513 5133.7571438523355027 -963.48468603716639791 -1750.4164230035348737 7847.6582528930375702 15640
203000000 309.08341964664521129 12897.544171031653605 5288.8567681694285056 -979.00605107027911345 -1664.5098368716539881 7932.3726561113599018 15607
204000000 309.90012547622814054 12931.623965812710594 5143.6034263414730958 -983.63641857973686911 -1761.1171375968492612 7888.3569825180593398 15621
205000000 307.38640729521944195 12826.730628893668836 5169.8428143490782531 -1005.7569297665904742 -1716.960950676226048 7892.5606947918950027 15626
206000000 310.70788028403404724 12965.330249135671693 5170.651867364460486 -957.88798209843866971 -1748.4040989291820551 7876.9439483920814382 15617
207000000 311.53540963347433035 12999.861691648613487 5148.8796600469368059 -1004.373311258047579 -1757.3016859020103766 7910.5546572069943068 15635
208000000 307.61217191276369931 12836.151416104972668 5100.2044195088419656 -997.08100552306359532 -1787.2199433347091144 7884.5053683666146753 15637
209000000 310.85858343322740893 12971.618844381762756 5091.4346347254149805 -976.2189244315503629 -1793.8256349785169732 7861.4791941354824303 15632
210000000 313.89220780073793549 13098.207013760162226 5149.4472233666856482 -983.56272174345338044 -1735.3635281873389431 7868.3734732974780854 15631
211000000 310.32408749262594938 12949.31520541262762 5254.5291106095137366 -997.54356944953508446 -1664.1073226917701504 7916.1800027508197672 15625
212000000 313.15204332262595699 13067.321164039749419 5085.0258042113237025 -949.12261779204459344 -1789.0324504288755634 7823.1808724322436319 15610
213000000 311.20880092129550576 12986.232845763621299 5333.663935650924941 -989.22878569797853743 -1688.0210820738270741 8010.9138034227307799 15608
214000000 309.17110478246485172 12901.203127936134479 5039.8431310239275263 -979.47794214909072252 -1841.0151911883986031 7860.3362643614173066 15625
215000000 312.92202332330083436 13057.722806726023919 5114.0373765197336979 -964.25980219969574136 -1827.076085049530775 7905.3732637689608964 15650
216000000 309.83274943341194785 12928.81247405011527 5193.5439431768400027 -952.52355948672402519 -1699.7879440104545665 7845.8554466740188218 15629
217000000 307.54121239237503005 12833.190391700576583 5048.8612054469658688 -956.60851592848257496 -1794.5967230066860338 7800.0664443821342502 15634
218000000 310.44489075347036078 12954.356127357021251 5266.4301770602087345 -964.63979473112658525 -1650.6194430067853318 7881.6894147981201968 15613
219000000 313.64059062569191383 13087.707441725349781 5006.2605827342176781 -965.54378257146242959 -1865.5966834414311961 7837.4010487471114175 15638
220000000 308.66677259735206462 12880.158173011663166 5285.1941688767292362 -967.50220444521687568 -1682.9981258221007465 7935.6944991440468584 15621
221000000 312.49141223515124466 13039.754112267115488 5198.0720238973499363 -918.95280609229064339 -1696.6306088933074534 7813.6554388829481468 15619
222000000 308.87957606001765498 12889.038112487600301 5107.1615236495599675 -928.9874925805430621 -1847.3859853386597933 7883.5350015687636187 15622
223000000 314.64128665060485446 13129.464845593360224 5083.4163700327708284 -929.30286685620467324 -1856.9713068290675437 7869.6905437180430454 15630
224000000 311.91732237074387513 13015.798283795951647 5134.0219251061962495 -951.30167321151111537 -1782.2494559525359819 7867.5730542702431194 15606
225000000 308.5219441314791311 12874.114718665408873 5123.0522018140618457 -953.83262596138968092 -1738.1302263797497289 7815.0150541552011418 15630
226000000 308.52234326289806177 12874.131373764901582 5115.6373431705324037 -946.77112512128655908 -1835.8407506906523849 7898.2492189824724846 15634
227000000 310.1683791068486471 12942.817749853027635 4940.6109043873675546 -921.71948095474249385 -1858.899763243929101 7721.2301485860380126 15637
228000000 312.34038710776445669 13033.452081399094823 5274.3957613781039981 -942.27155690456311277 -1750.5968160288989566 7967.2641343115656127 15612
229000000 309.54053123043860296 12916.618687710049926 5159.1868744991452331 -944.13118338870970092 -1750.6306387209533568 7853.9486966088088593 15627
230000000 309.76494067834488533 12925.9829259149883 5183.9362061364690817 -942.23250773096287958 -1746.248918609766406 7872.417632477198822 15627
231000000 306.98024990330469564 12809.782347071886761 5214.7497639652065118 -945.25386587835919272 -1760.4459787078988029 7920.4496085514656443 15619
232000000 309.96324550268900566 12934.257860993131544 5151.3616514205468775 -977.65514299984920399 -1803.1438191915085554 7932.1606136119044095 15634
233000000 310.82970694146797541 12970.413875741265656 5252.7714880017683754 -938.17183115851526054 -1709.6380677343124717 7900.5813868945951981 15618
234000000 310.04589250668118439 12937.706584919544184 5266.247844219331455 -943.11595161856757841 -1726.5988439257064329 7935.9626397636066031 15627
235000000 312.37645434500262809 13034.957108054804849 5288.8135820268926182 -949.77868908511300106 -1782.8909039621541979 8021.4831750741595897 15630
236000000 308.95998255977724511 12892.393343847059441 5182.5793622444361972 -967.92358000204706059 -1640.6842938155648426 7791.1872360620473046 15620
237000000 310.27011759437658611 12947.063130075253866 5223.8400294228677012 -915.80265007740990768 -1743.9665599233098874 7883.6092394235884058 15623
238000000 308.25171242057410836 12862.838392579085848 5239.5944971307972082 -942.34809766717239654 -1668.3652228211863076 7850.3078176191575039 15609
239000000 311.6760947379858635 13005.732250320825187 5172.1085817262928686 -952.9250603913554869 -1706.0282331859216356 7831.0618753035705595 15636
240000000 309.14561008040999468 12900.139275833502325 5306.2036467352418185 -912.52910534553109301 -1768.1538207536823393 7986.8865728344553645 15620
241000000 308.21282844597652684 12861.215828093127129 5131.5373165132905342 -953.36235416108763729 -1821.3433484416395913 7906.2430191160174218 15618
242000000 311.80026425519270106 13010.91364062219327 5252.2550957962585017 -904.75428630376552519 -1793.9854200465765643 7950.9948021466016144 15627
243000000 306.79971910037232874 12802.249092755902893 5291.4915787921199808 -910.02134013090221742 -1755.1545428607203121 7956.6674617837425103 15631
244000000 311.57120746254389587 13001.355476343305781 5155.2405764124096095 -906.78463232975093433 -1752.8022125100860649 7814.827421252246495 15635
245000000 306.61232564788133459 12794.429471329338412 5088.9095264545085229 -921.9116480515119747 -1847.336739041020337 7858.1579135470419715 15625
246000000 305.65702207959355974 12754.566220227672602 4982.3999767616132885 -897.72715974133620875 -1857.6819262153819636 7737.8090627183319157 15622
247000000 307.51244940495257651 12831.990159409901025 5155.8163106202064228 -930.46649845158299286 -1765.3472475090284206 7851.6300565808178362 15626
248000000 310.90581262619764402 12973.589641143335029 5143.9262361198780127 -911.67575269991732512 -1744.1037729410650172 7799.7057617608606961 15610
249000000 310.30501136580460297 12948.51918992731953 5174.8759659236129664 -920.98048824864702055 -1822.4591881999044745 7918.3156423721648025 15634
250000000 310.28512010914624852 12947.689160410816839 5124.3391300416187732 -904.34897164413916926 -1815.0649258931266559 7843.7530275788849394 15623
251000000 312.19201243170425641 13027.260649517898855 5302.4857481795916101 -897.84101778824151552 -1631.8886743194668725 7832.2154402873002255 15630
252000000 308.2855508357091594 12864.250414143947637 5099.5806188041642599 -912.08115951022705303 -1781.5576767176089561 7793.2194550319991322 15642
253000000 308.8038098163544305 12885.876511404512712 5206.901910471418887 -913.47208607888615006 -1713.8031215462951877 7834.1771180966006796 15627
254000000 311.18520921076498098 12985.248402376184458 5176.2728677370796504 -915.77084763972584369 -1789.284079952512684 7881.3277953293181781 15625
255000000 313.19919625949808051 13069.288778759417255 5171.0176075797780868 -891.62107016630102407 -1821.2363531699115811 7883.8750309159895551 15642
256000000 308.83239283166136602 12887.06923375398037 5326.7129767303340486 -879.08533562394222827 -1643.6663575614993533 7849.4646699157756302 15620
257000000 307.03853661777230855 12812.214556069993705 5221.613084856320711 -898.73128473042379483 -1871.821666768916657 7992.1660363556620723 15632
258000000 315.0780480315553973 13147.69018168369621 5274.9441537167158458 -907.92959187831024792 -1656.3623870266339964 7839.2361326216596353 15610
259000000 311.50439626539321125 12998.567554663924966 5109.2982288021303248 -900.01274147023889327 -1846.1742664764983601 7855.4852367488674645 15626
260000000 310.03422145618839068 12937.21957112428754 5283.521109972612976 -886.27833465090691334 -1738.5125874243540238 7908.3120320478737995 15621
261000000 312.1818168676348364 13026.835205351129844 5168.5122096326667815 -891.58211425501201575 -1741.3772443938055403 7801.4715682814858155 15623
262000000 310.79584103527810157 12969.000707019775291 5158.4097860951242183 -899.3391597137313056 -1745.2291659804491246 7802.9781117893044211 15630
263000000 308.95649924554942345 12892.247990857351397 5113.4825305490467144 -900.31026222565856187 -1855.0362321718412204 7868.8290249465462693 15624
264000000 308.6324664514389724 12878.726633808564657 5328.8030780769868215 -925.0486175546349159 -1683.1329588134208279 7936.984654445041997 15624
265000000 310.14342275556350614 12941.776362245062046 5016.7360985301047549 -898.80557869692245276 -1798.5077759757537024 7714.049453202780569 15626
266000000 307.92250305959345269 12849.101025884945557 5254.252632928562889 -911.28251406296806181 -1698.1681000038508955 7863.7032469953810505 15618
267000000 309.57563879211465974 12918.08366867852601 5183.7101265945648265 -878.23176078684321055 -1789.2257466508249308 7851.1676340322319447 15622
268000000 311.42539711045662898 12995.271049495728221 5388.3870501300061733 -876.41492318875225465 -1670.4021397517647074 7935.2041130705247269 15612
269000000 311.60433010970666601 13002.737630084622651 5087.7131116906675743 -899.70238917279505131 -1806.2216837139353629 7793.6371845773992391 15627
270000000 311.27398131351316124 12988.952716627847622 5372.1563294327570475 -900.43212408037788919 -1661.8225058741136309 7934.4109593872472033 15622
271000000 312.19721584751016508 13027.477779525304868 5233.6844942210773297 -912.72267739315668678 -1783.129144062679643 7929.5363156769144553 15627
272000000 313.11704183415452007 13065.860609332128661 5260.8105716462378041 -877.01168143006816535 -1778.7896773781367301 7916.6119304544426996 15619
273000000 310.40170153504811879 12952.553912107332508 5227.1663208571007999 -873.03918158579881492 -1822.1995697553625178 7922.4050721982612231 15617
274000000 309.38154956480826741 12909.984643550722467 5279.2008499109924742 -889.45140997794305804 -1782.0493332123232904 7950.7015931012592773 15633
275000000 308.48046027682147496 12872.383665448631291 5255.0512260926852832 -905.29932245516829425 -1680.761042008388813 7841.1115905562428452 15605
276000000 309.67726076937043445 12922.324187118183545 5236.3514937181143978 -871.42178293881772788 -1767.2473124040250241 7875.0205890609577182 15630
277000000 308.78371545782573548 12885.038006780068827 5305.1356460260039967 -901.27345047117751164 -1710.1940631558604764 7916.6031596530419847 15631
278000000 311.93536757554812766 13016.551280596311699 5271.1724147451841418 -896.90124578433187708 -1589.9204439754089435 7757.9941045049254171 15616
279000000 313.87162085774338038 13097.347954393851978 5408.7697156425329013 -878.82328369276171998 -1615.8640396177456751 7903.4570389530408647 15609
280000000 307.06354130437654248 12813.257960631550304 5308.5725495748756657 -879.23829727086263119 -1700.5947588902190546 7888.4056057359584884 15621
281000000 308.98413086221074764 12893.401012901736976 5113.2734093625213063 -861.29932390267265419 -1795.8604647477736762 7770.4331980129682051 15628
282000000 311.03071382367039632 12978.801563262164564 5287.2175992884176594 -836.47170081989452228 -1692.2551004077179186 7815.9444005160294182 15623
283000000 312.0328119613520812 13020.617474996393867 5045.5206976121153275 -844.76165588945696072 -1820.009511891937791 7710.2918653935084876 15625
284000000 311.34708385624844595 12992.003165839976646 5338.9187583840030129 -869.72219711484183335 -1659.1409805385246727 7867.7819360373687232 15615
285000000 312.53318446776466999 13041.497199023015128 5406.4310378264526662 -866.21071280162868788 -1676.5041769131453293 7949.1459275412271381 15605
286000000 310.05550546575193493 12938.107717935256005 5320.9750518070868566 -878.20690728660997593 -1754.6833259299310157 7953.8652850236294398 15632
287000000 309.22086530182514252 12903.279552796311691 5258.8688982952371589 -886.00841120166933251 -1710.0445078936479604 7854.9218173905555886 15620
288000000 309.83164888938540571 12928.766550152900891 5196.2634181828079818 -854.65729018211482071 -1820.1769691279109793 7871.0976774928330997 15638
289000000 308.22409634658095001 12861.686019104752631 5077.6864097999186924 -916.66818227025225951 -1860.9299140977236675 7855.2845061678945058 15638
290000000 310.94363682383220748 12975.167982874780137 5259.0862147629250103 -891.7480626364440468 -1771.9504633963756532 7922.7847407957442556 15625
291000000 312.72700077622408799 13049.584835694951835 5291.527631604069029 -897.50653395101960541 -1686.3283846429712867 7875.3625501980604895 15607
292000000 306.73095117426470324 12799.379519986398009 5212.4812272373637825 -910.55675905068801512 -1731.590123831940673 7854.6281101199920158 15607
293000000 308.25081532694991893 12862.800958333480594 5216.8881679174173769 -913.84559076272807943 -1659.4891545810723983 7790.2229132612183093 15610
294000000 309.62364380136909858 12920.086838981216715 5076.0018166365807701 -917.70451662939149173 -1813.6015981448763341 7807.3079314108490507 15625
295000000 306.92326908548818665 12807.404630999215442 5183.5107093635178899 -873.8306175722267426 -1815.4377041020400156 7872.7790310377849892 15622
296000000 308.58915881534130676 12876.919477183499112 5333.7990639300442126 -875.54093343362956148 -1627.4222032513766862 7836.7622006150495508 15613
297000000 311.64894864613728487 13004.599488430561905 5114.5310447020219726 -894.01414342888983811 -1808.260539546718519 7816.8057276776307845 15629
298000000 307.3520197591823262 12825.295693414183916 5321.7256544419888087 -916.47417536923830994 -1690.1026161662534832 7928.3024459774806019 15624
299000000 309.01900647263016708 12894.8563149247002 5291.0138130424784322 -887.85180217138940861 -1701.6114441427212114 7880.4770593565881427 15633
300000000 309.41204909155686664 12911.257338779361817 5133.2729950195043784 -881.71956800345492411 -1792.9371725075423001 7807.9297355305006931 15616
301000000 309.65870942554897738 12921.550069966759111 5115.9807927553483751 -885.38199414440214241 -1728.2477488043759877 7729.6105357041260504 15618
302000000 312.94683588645546024 13058.758194291132895 5151.3253517536777508 -881.70580083588436082 -1766.8642447627430556 7799.8953973523057357 15637
303000000 311.15565383610885419 12984.015105065851458 5056.6849070592525095 -926.52659649339148018 -1761.2463354422905013 7744.4578389949347184 15632
304000000 310.42171711163183545 12953.389129290422716 5085.1547482668429438 -883.76013156859812625 -1730.3538366630311884 7699.2687164984727133 15624
305000000 310.19483707938928774 12943.921797653163594 5180.8576547611928618 -901.80268474326931027 -1773.7857530233175112 7856.4460925277799106 15642
306000000 310.21670881453161428 12944.834469288598484 5168.7644160135969287 -905.29478691097028786 -1776.6805170420159357 7850.7397199665829248 15631
307000000 307.70906263336956954 12840.19450696441163 5071.7956888860016988 -867.59939039878770473 -1891.2396983108255881 7830.6347775956146506 15645
308000000 310.94107355446305974 12975.061021848048767 5387.2490311312003541 -903.38734241343877329 -1741.9496601023042786 8032.5860336469431786 15617
309000000 307.35640049850769628 12825.478494481336384 5015.4576699332537828 -888.51365433816863515 -1918.0669300712870609 7822.0382543427103883 15632
310000000 310.31507230752310988 12948.939016524180261 5278.604689443784082 -907.95353137237202645 -1771.7779555132283349 7958.3361763293842159 15632
311000000 308.67984147960208929 12880.70351603355266 5218.6916074761302298 -894.53835342056356694 -1789.3282622176329824 7902.5582231143262106 15633
312000000 312.2624575283825834 13030.200207864574622 5229.7593548136828758 -899.97223473579038 -1765.6430699987904518 7895.3746595482643897 15619
313000000 311.33106468970828473 12991.334712293451958 5130.8031903663550111 -919.13668015520465815 -1820.1516196058464629 7870.091490127407269 15629
314000000 308.97445984925093398 12892.997457392448268 5353.3347250336082652 -924.00873910490633989 -1644.6138619572273001 7921.9573260957422463 15616
315000000 309.31798595035235167 12907.332238170800338 5374.1382771440203214 -902.05536661497239947 -1637.5375363768052921 7913.7311801357973309 15624
316000000 310.14155390958126191 12941.698378367336772 5205.5266601512139459 -900.38277523689032478 -1720.1407167980369195 7826.0501521861406218 15641
317000000 308.20629403041670002 12860.943157648976921 5137.0446053027426387 -900.32031654922684538 -1778.0346878316795483 7815.3996096836481229 15633
318000000 308.40374474503687452 12869.182452129174635 5298.732090513480216 -872.17795094275925294 -1728.7904312583650608 7899.7004727146031655 15636
319000000 308.35794112389447719 12867.271142141882592 5051.8201510300132213 -887.47714698142874568 -1824.8627915024271715 7764.1600895138690248 15647
320000000 312.19033369338461625 13027.190598521136053 5241.134610680816877 -903.87134444235755382 -1760.3957951286458865 7905.4017502518199763 15628
321000000 305.7465559044861152 12758.302319895114124 5313.7921823481046886 -864.09652274746963485 -1683.5942313185901185 7861.4829364141642145 15622
322000000 311.5615116617416902 13000.950886478010943 5212.888957582704279 -870.24954904481933227 -1769.9394234692340433 7853.0779300967569725 15648
323000000 306.86512876765812052 12804.978530892687559 5102.5427525277154928 -888.72314980970736542 -1834.9054931524922267 7826.1713954899159944 15630
324000000 310.79911575856118588 12969.137355851471511 5219.0232431388694749 -873.61116084145010063 -1838.578068067824006 7931.2124720481424447 15622
325000000 311.76358301956440755 13009.382992820688742 5300.9238340734264057 -874.32426134962020114 -1757.4578335206051634 7932.705928943651088 15623
326000000 307.57607643044900669 12834.645210828542986 5131.0964906942108428 -851.71390635613488485 -1816.3224266751576579 7799.1328237255038403 15636
327000000 308.21663929369674406 12861.374848518282306 5308.8162359959787864 -869.35337104233656191 -1777.9582234084430183 7956.1278304467587077 15632
328000000 308.15958832701215897 12858.99420524839843 5143.2056311456944968 -871.70915478966594492 -1814.2001761631934187 7829.1149620985543152 15628
329000000 309.67943327026608813 12922.414842017418778 5336.9308233279543856 -867.69724690635871411 -1739.7530692938148604 7944.3811395281281875 15632
330000000 308.58658079861072565 12876.811900773562229 5262.4803355268231826 -853.27549213309998777 -1762.7473324829584271 7878.5031601428818249 15617
331000000 312.41821324811274962 13036.699638592393967 5218.422172906909509 -904.96480062181126414 -1750.7916779462641443 7874.1786514749855996 15614
332000000 310.45271978660002787 12954.682820069047011 5251.3040943953346869 -879.28903522550683647 -1756.2554220823262767 7886.8485517031685959 15620
333000000 311.616792480855338 13003.257664392996958 5302.1842339798440662 -916.88548623957751715 -1672.0843414970361209 7891.1540617164582727 15611
334000000 311.62125396907447339 13003.443834979048916 5349.2297557551937643 -888.8575584787038224 -1732.1463600249512638 7970.2336742588486231 15610
335000000 316.04521217996017413 13188.048355340986745 5473.185391854593945 -897.36535578538632763 -1569.4278289901117205 7939.9785766300929026 15612
336000000 307.47006823235108186 12830.221662587027822 5202.6884701425042294 -859.78804357016440463 -1797.2749432112418617 7859.7514569239101547 15624
337000000 309.36012824197939608 12909.090766882400203 5228.8294429031757318 -870.55593959351324429 -1820.1741556761262473 7919.5595381728144275 15628
338000000 311.39230093951329081 12993.890000563626018 5241.7978348783944966 -879.65576281128812752 -1836.8462795973305219 7958.2998772870123503 15633
339000000 312.13368412426524401 13024.826704913311914 5129.8501625513144973 -869.81030503842055168 -1855.895601458050578 7855.5560690477850585 15635
340000000 310.94798705881356682 12975.349511045687905 5327.4051505210545656 -857.49562623329484268 -1691.6771096328648127 7876.5778863872137663 15632
341000000 306.72827782865914514 12799.267965658860703 5106.6835162296993076 -869.64495269108249431 -1907.2289256604312868 7883.5573945812138845 15642
342000000 307.94087370292430705 12849.867602701264332 5397.8208881208120147 -854.89993308699899899 -1650.8282763706504284 7903.549097578461442 15613
343000000 311.43879398891920118 12995.830079261617357 5365.8145428383550097 -834.98371485385018786 -1727.662225010030852 7928.4604827022358222 15616
344000000 306.60495374899176113 12794.121854079401601 5266.0950493842437936 -833.7065863992455661 -1753.8866601885001728 7853.6882959719896462 15635
345000000 312.8075377239174486 13052.945510432738956 5358.3751432464405298 -859.60452813114261517 -1678.741766070208314 7896.7214374477907768 15611
346000000 310.60042525267198243 12960.84632691501065 5292.9384093651469811 -856.13264874568312734 -1735.6156790169188753 7884.686737127750348 15636
347000000 309.06979735685109745 12896.975735220599745 5259.934788641704472 -868.62367781560521962 -1706.9232809396094126 7835.4817473969196726 15614
348000000 310.55084948199385053 12958.777611314331807 5253.4490011263942506 -872.39515584574542117 -1827.727487055252368 7953.5716440273927219 15642
349000000 307.67518107044355702 12838.780684913001096 5235.9177524385049765 -872.0052809776148024 -1844.5036524286670101 7952.4266858447872437 15636
350000000 308.74996694368854833 12883.629736636401503 5279.0657769085064501 -873.09075653071738543 -1755.9382803754165252 7908.094813814639565 15628
351000000 307.88645321568992586 12847.596725024563057 5250.3718307610961347 -842.64101932687572116 -1745.9263476218220603 7838.9391977097930067 15626
352000000 308.51955900888617634 12874.01519141146855 5410.8851041165680726 -850.11855948698337215 -1675.1593713910751831 7936.1630349946262868 15620
353000000 309.71867345166629093 12924.052270429032433 5215.3112151604200335 -874.99307499568544699 -1770.245990474383234 7860.5502806304903061 15628
354000000 312.19310997445194289 13027.306448176668709 5085.1477540824134849 -855.48469626362964391 -1811.1815989917154184 7751.8140493377595703 15623
355000000 309.98856317842802355 12935.314326077947044 5262.4054304776736899 -852.72926127216396708 -1687.7366017894023571 7802.8712935392413783 15636
356000000 308.59398294880310232 12877.12078036074854 5224.5791323372723127 -853.46776731099703284 -1772.7802092648266807 7850.8271089130957989 15624
357000000 310.81453511902333275 12969.780780474107814 5244.8378358546951858 -865.79074571691683104 -1774.6574123659815996 7885.2859939375921385 15626
358000000 306.71014629945614161 12798.511366682922016 5254.9432512721250532 -844.46934668245262401 -1737.609927714240257 7837.0225256688181616 15632
359000000 308.51610568758297859 12873.871089977312295 5382.3940462483724332 -864.85102962120402026 -1627.995987184414389 7875.2410630539907288 15612
360000000 306.96157245756450038 12809.002967894215544 5318.2724396100493323 -843.15776872365563577 -1655.3472120187502696 7816.7774203524550103 15621
361000000 309.3027355567510881 12906.695864258143047 5313.0182725808581381 -848.92850030002716721 -1790.3396014696534166 7952.2863743505386083 15630
362000000 309.14233884644005457 12900.002772605121208 5165.7742983644393462 -841.43138181840822654 -1785.9859209653559446 7793.1916011482044269 15626
363000000 306.96429273558032946 12809.11648063426037 5116.1901245837598253 -821.55427390862632819 -1771.2733406253073554 7709.0177391176948731 15631
364000000 312.96464975719391077 13059.501537900339827 5317.5834454541363812 -875.3721901209526095 -1756.7324272961664064 7949.6880628712551697 15615
365000000 311.73217265676265697 13008.072289897423616 5230.3794347934399411 -866.33786298561449257 -1711.7192338873828703 7808.4365316664370766 15615
366000000 306.57940589027793976 12793.055783836574847 5232.7811461895507819 -849.09422072666188797 -1708.0965443770014645 7789.9719112932143616 15610
367000000 307.69280611041557449 12839.51614892402722 5208.7860138906708016 -845.75543533870813917 -1699.7550924713013956 7754.2965417006798816 15615
368000000 309.86436438311920938 12930.131714049402945 5275.1993283957890526 -839.84596628962799514 -1748.3848298525499558 7863.4301245379665488 15610
369000000 312.60237374627041618 13044.384354137029732 5179.11534966524232 -868.03609841054662866 -1746.5431037033747543 7793.694551779163703 15607
370000000 307.54530992224869124 12833.361374901804083 5136.0815277615829473 -844.88414290211346724 -1760.7804855110935023 7741.7461561747904852 15622
371000000 313.18880740745976254 13068.855269002719069 5168.7452291655790759 -863.69229152463231003 -1814.0972744099790361 7846.5347951001904221 15616
372000000 311.50368043707794641 12998.537684322365749 5184.1292703416002041 -844.07675550536566789 -1777.8657886125920413 7806.0718144595584818 15641
373000000 310.88019667126962986 12972.520729357174787 5266.5377723298734054 -814.31217710836426704 -1753.9708387123205284 7834.8207881505568366 15634
374000000 302.4788863253315867 12621.947827694712032 5496.3563612759626267 -845.00720959855630099 -1633.5339771939145521 7974.897548068433025 15625
375000000 311.18264998037466285 12985.141609889415122 5288.6864824513086205 -812.88153729894224853 -1819.2432238486642291 7920.8112435989141886 15629
376000000 312.83689404425473413 13054.17050153281707 5189.0846052390033947 -860.73374555206794412 -1789.2286286564967668 7839.0469794475675371 15622
377000000 309.45990309227528314 12913.254207743513689 5192.3642633093541008 -850.35292947228140292 -1782.2895930663462423 7825.0067858479815186 15642
378000000 312.0226114668671471 13020.191825091471401 5299.8301133734348696 -828.01513374604223827 -1787.8046995612126011 7915.6499466806890268 15638
379000000 313.9906685775929418 13102.315620491812297 5215.4963365166076983 -806.47536886419914026 -1821.5919827094085122 7843.5636880902147823 15640
380000000 308.35042316913131799 12866.95743021988892 5306.6327933405646036 -828.35362162641297346 -1794.391356284045969 7929.3777712510236597 15630
381000000 311.45052775906071929 12996.31971024494851 5230.8443961223601946 -826.54749359349671067 -1786.5122975169219899 7843.9041872327779856 15631
382000000 312.11469023218694474 13024.034120948957934 5119.9557429524084 -809.68313584093857571 -1793.9601998026266756 7723.5990785959738787 15643
383000000 310.73649840665939337 12966.524436455958494 5266.3002946662072645 -832.82134546900101668 -1731.641642196956127 7830.7632823321655451 15641
384000000 311.3831030571931251 12993.506188019944602 5211.8714256789489809 -838.5016309495333644 -1693.8207318734121145 7744.1937885018942325 15643
385000000 310.79512571006097232 12968.97085767167664 5319.7907106633128933 -853.09260083635012961 -1668.3500929974823066 7841.2334044971457843 15618
386000000 310.31342797139609502 12948.870401074493202 5194.7284727361329715 -863.40527955588368059 -1791.6346613785226509 7849.7684136705402125 15634
387000000 309.7626353638320893 12925.886728921337635 5228.648003302097095 -825.80254825224130855 -1825.1779167684330787 7879.628468322772278 15621
388000000 313.12625232864127156 13066.244948160836429 5354.203996042455401 -838.5618790397650173 -1730.204832275152512 7922.9707073573717935 15621
389000000 310.77892988432711263 12968.295032426738544 5192.5996595416336277 -806.56208185850823611 -1847.2461066421151372 7846.4078480422576831 15643
390000000 307.95860449834856354 12850.60747971386445 5346.4991813217502568 -833.34856672984574288 -1742.5649588106266492 7922.4127068622228762 15631
391000000 313.84707540448499685 13096.32371288662398 5155.7484109099059424 -827.16720808075081095 -1870.137652498369107 7853.0532714890250645 15638
392000000 312.38045613680560564 13035.124096263363754 5127.1828767136703391 -818.96013777045493498 -1878.7561052531741552 7824.8991197372997703 15653
393000000 312.88082131350751069 13056.003514433179589 5284.1856027420581086 -853.54259577900211298 -1734.4654264673504258 7872.1936249884111021 15620
394000000 309.42725443829078813 12911.891832960125612 5220.7904933342142613 -858.22582764017715817 -1690.9148010589956357 7769.9311220333875099 15633
395000000 308.95680074782313795 12892.260572052737189 5387.1300281906369491 -833.70439692438253587 -1765.5898608595180121 7986.4242859745372698 15635
396000000 308.4928031135175388 12872.898711780348094 5251.4335708169110148 -854.07042275685341792 -1835.8452081984555662 7941.3492017722201126 15621
397000000 310.19562136652945128 12943.954524669205057 5258.9922398410963069 -824.26371663737961626 -1735.262049381619363 7818.5180058600944903 15627
398000000 313.20714935543554702 13069.620648408936177 5351.7173935689734208 -831.03764197337818587 -1715.257438828670729 7898.0124743710221082 15627
399000000 308.85775167389925855 12888.127416649274892 5346.8529054397631626 -829.47469625140070093 -1795.7473975481311754 7972.0749992392948116 15633
400000000 307.21168468924167883 12819.439741110518298 5339.4326067274505476 -852.36197735831240152 -1785.5893367219946413 7977.383920807758841 15626
