# Steps Temp KinEng PotEng Epair Ebond Eangle Bonds
1000000 310.07209996225418536 12938.800179057494461 4713.6047630016773837 -1488.8887294113872031 -1779.7791349934391292 7982.2726274065034886 15618
2000000 308.0686417678550697 12855.199154497138807 5014.1277571366817938 -1401.7177903047931977 -1642.1886667677017613 8058.0342142091776623 15612
3000000 307.81153380970067701 12844.470461088701995 4970.0645997757492296 -1415.5293192468275265 -1711.2208168626968927 8096.8147358852729667 15614
4000000 308.63071921251957974 12878.653724394122037 4813.0940729386502426 -1365.5207053022566015 -1764.9980060711814076 7943.6127843120884791 15618
5000000 311.109688066527724 12982.097028890151705 5003.7151013733855507 -1366.729281754411204 -1647.2470960297694091 8017.6914791575654817 15612
6000000 310.3479035163129538 12950.30900902018584 4970.3140648821245122 -1358.5441158721023385 -1647.287439179262492 7976.1456199334897974 15620
7000000 312.59748018158501282 13044.18015370869216 4957.6232077689946891 -1334.7642554850942815 -1763.5083479117497518 8055.8958111658394046 15621
8000000 308.31083743854054546 12865.305582607290489 4864.240999272062254 -1345.2655719331787623 -1707.7917057221707182 7917.2982769274112798 15618
9000000 314.42100415587401585 13120.272818375775387 4913.8814500143780606 -1340.9451836196840304 -1725.9168243693507065 7980.7434580034132523 15617
10000000 313.42505910411080094 13078.713664825185333 4991.6262183154631202 -1320.4300797424709799 -1738.0837368898605746 8050.1400349477953569 15596
11000000 310.72534438731901218 12966.058997522703066 5022.7914291554116062 -1296.7893174635287323 -1682.8333698252174599 8002.4141164441571163 15616
12000000 309.02707612117580993 12895.193048123397602 4982.8652553394631468 -1325.1691217883162608 -1718.0086174588861923 8026.0429945866653725 15606
13000000 312.65144495863387419 13046.432015346767002 4882.7149956527400718 -1325.5897975338493779 -1713.1062095251859319 7921.4110027117749269 15600
14000000 311.64894220751546072 13004.599219757434184 4995.6932411460029471 -1350.6291280560888026 -1689.773695949883404 8036.0960651519744715 15612
15000000 310.50830665030503042 12957.002368722882238 4936.0754417998623467 -1317.5629468356323741 -1721.2417881893620688 7974.8801768248576991 15617
16000000 306.90302621519577997 12806.559929222448773 4954.8507228306843899 -1323.3141287377643494 -1765.6815386328598834 8043.8463902013081679 15612
17000000 313.15079312965809777 13067.268995537655428 4939.875150878155182 -1256.8545230492718474 -1832.9923347908736559 8029.7220087182995485 15625
18000000 314.23781821197178488 13112.628769381843085 4898.780024117892026 -1268.5350315326641066 -1781.918109666377859 7949.2331653169339916 15614
19000000 312.20489232970277271 13027.798106536927662 5119.6866243368231153 -1262.2503524140274749 -1642.3020401533408403 8024.2390169041918853 15614
20000000 309.13690872104172058 12899.776182378251178 5031.4584042110245719 -1247.5129700889374362 -1653.6578322532586753 7932.6292065532206834 15613
21000000 309.90007625970281424 12931.621912087828605 5123.1947394335657009 -1253.0043808025052385 -1622.6187488082264281 7998.817869044296458 15601
22000000 314.01045916790781121 13103.141449366907182 5085.6645028282919156 -1262.2952382704706906 -1683.676428834363378 8031.636169933126439 15599
23000000 306.73314080607599408 12799.470889730646377 4988.8225153067733117 -1238.1758112136080854 -1698.0184438278670314 7925.0167703482484285 15607
24000000 311.56337237093714521 13001.028530820969536 4917.0090007316857736 -1249.0165449763194374 -1738.7929257120963484 7904.8184714201015595 15617
25000000 309.04937555607381228 12896.123566968164596 4956.0338704220694126 -1250.6967053495623077 -1680.406568625393902 7887.1371443970256223 15606
26000000 307.97058675501546077 12851.107479632353716 5094.75999097861677 -1239.9644307149769702 -1686.5079810827933215 8021.2324027763861523 15598
27000000 313.65361117059910612 13088.250767709199863 5004.8990584862140167 -1220.226245968260173 -1827.2016246172147476 8052.3269290716889373 15623
28000000 312.2103963669588893 13028.027780984397396 4806.7059572344933258 -1250.8954889411629665 -1793.3628082573857228 7850.9642544330417877 15613
29000000 311.2061735073662021 12986.123208089600666 5102.1983550967761403 -1192.4470650404512071 -1646.5544648011107256 7941.199884938338073 15613
30000000 312.88552081552086293 13056.199616944495574 5151.4929622992667646 -1210.8920716615621131 -1601.4573950297030933 7963.8424289905333353 15612
31000000 305.57086565700552683 12750.971054019089934 5044.2790601096821774 -1217.7437558524438828 -1671.0833338192301198 7933.1061497813552705 15605
32000000 305.83291231247909536 12761.905831166648568 5000.3259390563280249 -1238.9690117596760501 -1641.0383942872949774 7880.3333451032985977 15604
33000000 310.26205902049974839 12946.726859004320431 5070.7812297014625074 -1238.5124041552442122 -1659.9348118125672045 7969.2284456692741514 15599
34000000 312.51311403982072079 13040.65969298262462 4913.9253727551040356 -1252.6991671285027223 -1708.8336003328436163 7875.4581402164503743 15613
35000000 310.33594767820784455 12949.810111504950328 5061.6128806488559349 -1225.2924354725587364 -1695.7148275136723896 7982.6201436350875156 15597
36000000 307.45106434783849636 12829.428661654779717 4922.4589140896596291 -1213.5184913118505392 -1749.413366236174852 7885.3907716376852477 15616
37000000 310.41440304141048045 12953.083925135966638 5074.6451321177864884 -1183.362881148660108 -1654.0375475206406009 7912.0455607870881067 15615
38000000 312.18798899696804483 13027.092758185233834 5127.5496203919456093 -1190.4989723914884507 -1680.5790986689976307 7998.6276914524305539 15617
39000000 310.8308166940968249 12970.460183898350806 5157.1392121054968811 -1194.1172263201592614 -1600.6295299822395464 7951.8859684078961436 15595
40000000 309.3930246492036531 12910.463480002141296 5185.8419434356856073 -1216.0263739213937697 -1730.6686324960066941 8132.5369498530862984 15613
41000000 310.30709581329153934 12948.606170502225723 4887.4867285386462754 -1192.8107927364453644 -1748.8590395115675165 7829.156560786659611 15609
42000000 307.04012733536728774 12812.280934106280256 5047.3448327721816895 -1216.5181617899002049 -1698.4782468785258516 7962.3412414406075186 15625
43000000 310.24663055927760524 12946.083054621894917 4892.1604460451071645 -1232.7869062768545518 -1772.7619075246411739 7897.7092598466024356 15611
44000000 309.82182914652719319 12928.356788388886343 5185.4999544996362602 -1190.0842333421819603 -1727.7052778370816668 8103.289465678900342 15604
45000000 308.1947675787870935 12860.462177727122253 5096.7917629134954041 -1214.8937236997662694 -1724.8054198437241666 8036.4909064569847033 15615
46000000 311.65350071474227889 13004.7894387875549 5091.135865305966945 -1217.8743114256435547 -1713.4980464114037204 8022.5082231430133106 15599
47000000 308.8311846467416899 12887.018818178838046 5116.0435778597411627 -1221.9108727047612319 -1699.5474786512636456 8037.5019292157667223 15596
48000000 309.19515322911860267 12902.206630172897349 5088.1822917045428767 -1214.799087647512124 -1723.2396937655769307 8026.2210731176319314 15613
49000000 310.4318579413834982 12953.812289483883433 5018.8441859715703686 -1218.1972863949881685 -1662.0953288699520272 7899.1368012365092 15599
50000000 311.02720514108131056 12978.655151692348227 5102.3495809865435149 -1200.6086879291647165 -1706.0623459091550558 8009.0206148248635145 15614
51000000 313.55694314299552161 13084.216969463506757 5086.3463429655257642 -1174.2191479982161582 -1737.8143893392320933 7998.3798803029731062 15615
52000000 309.62381642743321208 12920.094042383745546 4921.1341640062792067 -1214.6515153027780798 -1803.0700329663659431 7938.8557122754236843 15625
53000000 308.61790928489995167 12878.119187124246309 5190.182950395563239 -1171.2470143575874317 -1589.9066351617746022 7951.3365999149245908 15605
54000000 313.1664550174035071 13067.922540426050546 5056.2792294615610444 -1219.1860466623556931 -1815.5525883257373607 8091.0178644496536435 15609
55000000 314.71888868232599634 13132.703051101210804 4997.177148994327581 -1196.088848442986091 -1736.5192117915973995 7929.7852092289122083 15614
56000000 312.49798808685721951 13040.02851177368575 5072.6600163466137019 -1226.9878566228449017 -1603.6081255410285848 7903.2559985104871885 15600
57000000 310.9174772746263784 12974.076387790959416 5098.989032006639718 -1186.0084016162684293 -1658.0466858525328462 7943.0441194754412209 15600
58000000 308.65802740719482244 12879.793250569475276 5308.1849199141524878 -1147.9225380256691551 -1582.6195719983011259 8038.7270299381234508 15603
59000000 310.68962408194551017 12964.568447764699158 5198.533074565237257 -1191.4395904689417875 -1704.5937641728824019 8094.5664292070632655 15607
60000000 307.62201028479353226 12836.56195523376482 5056.5299289066879282 -1139.9556136809787859 -1797.8847860698210752 7994.3703286574882441 15618
61000000 311.41823215561294091 12994.972067681415865 5212.3585361528757858 -1198.5865315212449786 -1702.1802508256341753 8113.1253184997549397 15609
62000000 308.3494198392872363 12866.915562911066445 5173.3913129079910505 -1178.9371158794726853 -1652.7384385012232997 8005.0668672886877175 15614
63000000 312.30817934600685248 13032.108104325223394 5208.8485990656581635 -1197.3134595541157523 -1640.0441307123057868 8046.2061893320787931 15601
64000000 311.61365441020632261 13003.126717851593639 5067.6271250718991723 -1153.0319120242686495 -1727.734937045737297 7948.3939741419044367 15615
65000000 310.11708090097693002 12940.677159856704748 5210.4368751973561302 -1143.5212296333068025 -1596.6619056408671895 7950.6200104715308044 15619
66000000 310.20589958540580255 12944.383417885504969 5184.7109920783532289 -1163.4784446693411155 -1610.9771374455228852 7959.1665741932174569 15594
67000000 311.16295060480445045 12984.319587256015438 5102.4656444649799596 -1147.7959107060687529 -1731.9467567557317125 7982.2083119267790607 15617
68000000 308.92916565345512936 12891.107404889355166 5139.1521669873591236 -1147.0549914300586352 -1721.2479536900841595 8007.4551121075019182 15618
69000000 309.61835673901657628 12919.866218540610134 5174.9013512655710656 -1155.8231361080236184 -1785.9731314348707656 8116.697618808466359 15617
70000000 306.87277000658474435 12805.29738726062169 5122.5584983597200335 -1138.693137852947757 -1721.1126642009126044 7982.3643004135801675 15619
71000000 307.2205056317358185 12819.807824573483231 5120.1444650604753406 -1157.5516758163744271 -1620.7224432705593244 7898.4185841474081826 15585
72000000 312.60361299327524875 13044.436065882038747 5196.8448291465683724 -1123.8753578514238143 -1697.5626101012894651 8018.2827970992821065 15612
73000000 310.04500084444293861 12937.669377316766258 5114.8781930803916111 -1112.9923373314893524 -1703.4382928312386412 7931.30882324311915 15609
74000000 308.49150102763223913 12872.844377871917459 5140.0204046301423659 -1153.830019576774248 -1677.8887388236319111 7971.7391630305492072 15626
75000000 308.21133285485194619 12861.153419528433005 5179.7117656564587378 -1139.5671194895071494 -1609.9922309872258666 7929.2711161331917538 15612
76000000 307.70692471380596089 12840.105295087445484 4979.9744495369177457 -1142.9111880964996999 -1883.9806195983669568 8006.8662572317844024 15626
77000000 312.31797589669184845 13032.516898317886444 5028.6390649560016755 -1151.2880627177250972 -1721.0181588387333704 7900.9452865124603704 15607
78000000 308.46208754766968241 12871.617001594424437 5109.4953547142349635 -1119.4393045945519134 -1667.4698990580734517 7896.404558366861238 15600
79000000 306.60893722711222154 12794.288078088025941 5154.6593038239971065 -1105.2772975899042649 -1576.9061631063091227 7836.8427645202091298 15594
80000000 304.16971717288305399 12692.503425814367802 5209.3793042170409535 -1086.5846832827271555 -1634.5536240066282971 7930.5176115063968609 15611
81000000 313.92457108886230799 13099.55748069423862 5174.3007390121892968 -1097.7134061420108537 -1692.9838514870380095 7964.9979966412374779 15616
82000000 309.20104884325064631 12902.452644481170864 5166.6160629193718705 -1104.8463625926240184 -1654.1845661801842198 7925.6469916921814729 15611
83000000 306.23797686995300182 12778.808510799583019 5077.2398821626902645 -1060.4377796524340738 -1715.9083164994431172 7853.5859783145670008 15605
84000000 309.0140436703885598 12894.649225326698797 5223.1576005774950318 -1077.7971728015349981 -1611.4541717986267031 7912.4089451776571877 15610
85000000 307.30743123500309366 12823.435087430270869 5104.591754181649776 -1112.0287329857292207 -1679.2966027293352909 7895.9170898967140602 15606
86000000 312.09763586071477448 13023.322469998471206 5260.6216002600976935 -1088.1412262979206389 -1700.4490279200147143 8049.2118544780341836 15601
87000000 309.8554600973898232 12929.760152809923966 5264.5781071943656571 -1089.5834154690255673 -1689.7643242916151394 8043.925846955005909 15602
88000000 312.40975072847794536 13036.34651152749575 5192.4279177363441704 -1071.8240293961389398 -1701.8859425799901146 7966.1378897124723153 15610
89000000 307.96773259300363179 12850.988380132739621 5206.424333890008711 -1078.6019819088701297 -1629.1324392162903223 7914.1587550151698451 15606
90000000 309.09992339082754143 12898.232845208425715 5110.4332888644812556 -1080.7052211689290289 -1737.9840222114708013 7929.1225322448808583 15594
91000000 309.4017309413827661 12910.826779295497545 5238.4990411782691808 -1061.7389994990044215 -1689.8771501522710423 7990.1151908295441899 15604
92000000 308.56738556445338872 12876.01091513447318 5169.7843907536289407 -1051.0884524833199976 -1635.0172627635110985 7855.8901060004600367 15603
93000000 311.48824094312277566 12997.89341956208591 5231.2502962739163195 -1042.4951423109218922 -1670.3325147193700104 7944.0779533042077674 15599
94000000 310.56031942551476277 12959.172776525709196 5247.9963519233069746 -1051.9048343954702887 -1675.8756185570732669 7975.776804875849848 15602
95000000 308.04691109917882841 12854.292369333967144 5002.7314105627601748 -1064.3786053798487501 -1766.0944592362845924 7833.2044751788935173 15618
96000000 310.72262856597643577 12965.945670752322258 5089.5629841619593208 -1076.468301917709141 -1706.2145029545808939 7872.2457890342493556 15619
97000000 310.67738210593489612 12964.057610183963334 4959.8254348592236056 -1060.7926200272227106 -1880.5863767135365379 7901.2044315999828541 15614
98000000 308.51555186372837625 12873.847979816191582 5182.4559832831582753 -1067.2429651727743476 -1636.6798749526515167 7886.3788234085841395 15602
99000000 308.13785013452252315 12858.087106128834421 5096.5980724282726442 -1061.9946911658689714 -1807.5547492675714238 7966.147512861713949 15607
100000000 313.10565745508199598 13065.385557865067312 5102.2672494446123892 -1031.8750577021464778 -1756.7564193253706435 7890.8987264721299653 15610
101000000 311.82166526903807835 13011.806669829942621 5154.9472626446477079 -1048.5331168250136216 -1726.2523938566605466 7929.7327733263209666 15619
102000000 310.85485039364056092 12971.463070762398274 5236.1740569791527378 -1017.9435005465745689 -1647.0688429266185722 7901.1864004523449694 15605
103000000 312.03565377972830674 13020.73605941634014 5052.4087038920206396 -1056.0140376163653855 -1727.5331314521895365 7835.9558729605760163 15606
104000000 312.29080373476199384 13031.383048565889112 5176.0953205650876043 -1021.2612485401002687 -1662.0801566479931353 7859.4367257531812356 15600
105000000 309.49517168292931046 12914.725908187136156 5154.5330670453076891 -1016.5092659693768837 -1767.0985021800447612 7938.1408351947302435 15624
106000000 312.1094125343593646 13023.813891274618072 5091.9155861871186062 -1049.5420828040007564 -1700.5245134046467683 7841.9821823957645393 15629
107000000 310.64727988063009434 12962.801493692955773 5265.8969888500632806 -1050.6743502817528224 -1652.5041371781267117 7969.075476309943042 15605
108000000 307.09184134580738146 12814.438874945277348 5160.3920121944101993 -1049.3860228857743095 -1740.2074634341302044 7949.9854985143156227 15604
109000000 311.99098757260327375 13018.872211850506574 5304.5502383688453847 -1034.7483015654347582 -1649.8475228098573098 7989.1460627441365432 15610
110000000 311.44123711708772362 12995.932026993090403 5237.5240511587180663 -1036.5840854251157452 -1646.0252621264594382 7920.1333987102934771 15599
111000000 303.66927700112040611 12671.620878223668115 5163.4230751692621197 -1029.4802039192222765 -1736.8376668258661084 7929.7409459143509594 15613
112000000 309.62607680259657172 12920.188364132049173 5153.7114509302991792 -1057.487876020549038 -1671.4786104473655541 7882.6779373982135439 15602
113000000 310.3800825023647576 12951.651785331048814 5303.5323752768190388 -1043.6792635360684471 -1600.384794367796303 7947.5964331806844712 15599
114000000 309.39812734715133047 12910.676407218512395 5141.508437055840659 -1034.800255132649454 -1724.7364327340369528 7901.0451249225279753 15610
115000000 312.31582887681696548 13032.427306699857581 5106.2214656974283571 -1060.5686598880879501 -1666.0009954429228856 7832.7911210284382832 15608
116000000 307.88682449205310832 12847.612217778263584 5104.4628992275174824 -1043.6843743541414824 -1789.3580039453479458 7937.5052775270069105 15621
117000000 309.93792613126242941 12933.201325150057528 5178.8741903824338806 -1027.80101040422187 -1722.3388943351706075 7929.0140951218254486 15609
118000000 312.83484935614683309 13054.085180051588395 5143.6359244637296797 -1047.0190429877222869 -1726.4682572876888571 7917.1232247391399142 15622
119000000 311.1959601314611632 12985.697020664143565 5218.7868859375103057 -1008.3424175145360095 -1689.6792671952221099 7916.8085706472684251 15611
120000000 308.4558579787914141 12871.357051902312378 5218.1221173582525807 -1024.4736295902723668 -1670.8732384421405186 7913.4689853906656936 15612
121000000 308.63232320430279287 12878.720656340512505 5172.8698574535865191 -1006.8063397196567621 -1681.0946242774107304 7860.7708214506537843 15609
122000000 308.82304902773762478 12886.679332141109626 5270.8214601097861305 -1010.7269381807950595 -1641.9680547199145622 7923.5164530104957521 15605
123000000 309.02150960994856632 12894.960766739575774 5144.5951731884870242 -1042.5107484321513311 -1785.706017838841035 7972.8119394594796177 15623
124000000 311.57115947593104011 13001.353473940655022 5145.4430900926672621 -1015.6301817248265706 -1756.7284250598238486 7917.8016968773163171 15612
125000000 313.59684920967356447 13085.88218417563985 5185.6367828120492049 -968.97064400848375954 -1689.9439566465293865 7844.5513834670628057 15600
126000000 309.48132711013624885 12914.148196871105029 5077.139154391892589 -1013.6508307876031267 -1746.9299886032122231 7837.719973782706802 15607
127000000 307.37604462802084981 12826.298211787385299 5362.111691321413673 -1019.4729013104769137 -1633.4109220637408271 8014.9955146956317549 15607
128000000 308.9952403133891039 12893.864592078687565 5181.984409063129533 -1007.1840442467344019 -1675.5316525985513181 7864.7001059084141161 15605
129000000 307.05184870159229149 12812.770047494519531 5136.6442109051749867 -1029.4305006043141475 -1702.3921578853517076 7868.4668693948406144 15626
130000000 305.3843833325262267 12743.189452470101969 5228.1683605477592209 -1063.24157047212816 -1624.4816746991859873 7915.891605719074505 15619
131000000 311.59021209441834799 13002.148508461739766 5094.8366562931732915 -1022.0693725138211221 -1707.8677216462426713 7824.7737504532369712 15619
132000000 313.12705289576075529 13066.278354513715385 5123.3851472545629804 -1026.9679649227969094 -1792.7845055897605562 7943.1376177671190817 15637
133000000 310.07743469252739033 12939.02278860224942 5199.0922340105880721 -1003.1299026354746502 -1767.4365091875474718 7969.6586458336105352 15623
134000000 310.36988942893691501 12951.226445094667724 5132.5709488242109728 -1032.092529136801204 -1726.4631325233449388 7891.1266104843562061 15618
135000000 306.9553439544110347 12808.743062673051099 5024.0441560626104547 -1024.0849981411015506 -1726.9576055558763983 7775.0867597595879488 15613
136000000 310.21088114269889502 12944.591290101043342 5183.6043667268149875 -1025.2112116202315519 -1673.2622119725067478 7882.0777903195530598 15602
137000000 307.56064718183813511 12834.001373589677314 5171.5343385108344592 -1011.758285190354627 -1740.2847196932998486 7923.5773433944887074 15607
138000000 311.69629656335916934 13006.575239360436171 5339.3470791230383838 -1019.850716323878828 -1631.6227174304001437 7990.8205128773170145 15602
139000000 313.74247096081609243 13091.958741015119813 5016.219354612704592 -1012.9626661516019794 -1754.4706454217764531 7783.6526661860825698 15626
140000000 311.62102264899459669 13003.434182371505813 5224.8076112617000035 -985.95657231568520729 -1683.6834177647549495 7894.4476013421408425 15613
141000000 310.84245462935297155 12970.945815849094288 5201.6706330556535249 -999.45428634357961073 -1745.6391236007980297 7946.7640430000310516 15627
142000000 309.60143196004673882 12919.15997527269792 5252.9380405610718299 -986.12702429953981209 -1713.162036088149307 7952.2271009487594711 15606
143000000 309.21682503867600644 12903.110959241574164 5145.1928526621722995 -978.32687244827877748 -1729.1712961479374826 7852.6910212583889006 15604
144000000 310.99821911344031378 12977.445612299163258 5155.9335859003604128 -1006.4966989503009245 -1803.0498372189736074 7965.4801220696344899 15637
145000000 313.65845430656975168 13088.452863829979833 5038.1603521814622582 -983.64373797754342377 -1797.503047496071531 7819.3071376550769855 15624
146000000 310.55617489613604221 12958.999832112220247 5101.9594805372416886 -998.30652346432896138 -1702.601229506453592 7802.867233508022764 15617
147000000 309.55862724408513031 12917.373804680064495 5315.7239589124019403 -994.5572355894124712 -1631.5374179436189479 7941.8186124454314267 15608
148000000 312.15453060049696887 13025.696594175948121 5155.5070579938019364 -1027.6661645850815603 -1752.823475173918041 7935.9966977528001735 15613
149000000 309.47655551477788549 12913.94908602274154 5224.9307963849214502 -1024.1002655518545907 -1659.4461465222743755 7908.4772084590504164 15618
150000000 308.41144189753202909 12869.503641678620625 5119.6616025057683146 -1027.2604772698077795 -1764.7298832172864422 7911.6519629928625363 15610
151000000 308.9045643223736306 12890.080831692215725 5181.2607608687858374 -1010.5473870039463691 -1664.1493830085428272 7855.9575308812754884 15603
152000000 308.78291966815714886 12885.004799782382179 5167.9975308379434864 -1023.4003639224773679 -1670.9055292098616974 7862.3034239702819832 15615
153000000 307.44530308576833022 12829.188253637696107 5092.5692623919139805 -1034.7522628504327713 -1747.5074371130051532 7874.8289623553528145 15607
154000000 310.43540109330530186 12953.960139402421191 5083.9212715160992957 -1010.2871565713159043 -1778.3527093832842638 7872.561137470700487 15609
155000000 311.15247229616517188 12983.882344622077653 5252.047326119400168 -1002.3884790938611786 -1653.3447866603250986 7907.7805918735866726 15594
156000000 310.31790314323586699 12949.057142655592543 5193.447772870931658 -988.97071599268849695 -1714.5652634702141768 7896.9837523338337633 15604
157000000 310.5822483831353793 12960.08783596131434 5228.9552921923668691 -996.1437422738732721 -1708.0609656795352294 7933.1600001457754843 15599
158000000 311.09895433977771972 12981.649128077366186 5149.4775083282156629 -1023.1631819314753784 -1762.3584259994981949 7934.9991162591895772 15610
159000000 309.00042202386447343 12894.08081635824783 5378.7887452371496693 -969.27543440698116228 -1642.5041710509760833 7990.5683506951072559 15596
160000000 308.76832542792993763 12884.395806073860513 5295.9281660700789871 -1016.1364628132151893 -1674.6058149029813649 7986.6704437862754276 15629
161000000 312.34478451378691943 13033.635577940181975 5144.5396228849767795 -989.35035889104779017 -1725.7213933737461957 7859.611375149770538 15612
162000000 307.88713411954620369 12847.62513802572721 5176.0097309822976968 -1010.3249353832029556 -1672.0057084325112555 7858.3403747980119078 15614
163000000 309.10145635256878904 12898.296813187662337 5253.2216758225285957 -961.98008361532345134 -1697.5453042330291282 7912.747063670881289 15605
164000000 309.74576332182761007 12925.182686280497364 5256.4008445439330899 -982.09708116929709831 -1593.3568100935644907 7831.8547358067944515 15589
165000000 307.46543911090111578 12830.028496941189587 5284.8749193660969468 -1010.559030622298792 -1634.4587065396826802 7929.8926565280780778 15603
166000000 310.26357352441880266 12946.79005676891029 5138.6281036759719427 -1031.7265835420641906 -1729.5503815845277131 7899.9050688025636191 15612
167000000 314.50395286371821157 13123.73413190910469 5308.5903782139394025 -983.31947515131855653 -1640.9353983706969302 7932.8452517359546619 15605
168000000 309.79401610682475621 12927.196195858550709 5388.3232657921780628 -1007.0485933807394758 -1608.9482446860079108 8004.3201038589249947 15598
169000000 310.96577092966828104 12976.091602808948664 5212.9475478399472195 -1016.448207077850725 -1787.0801148740010831 8016.4758697917986865 15628
170000000 306.80261498549486987 12802.36993329249708 5275.8654318950775632 -985.86669027200173332 -1652.2317810352974448 7913.9639032023769687 15608
171000000 307.11838706663598941 12815.546584337551394 5405.7772059600047214 -1010.2153649691239252 -1610.5448853292730291 8026.5374562584011073 15613
172000000 310.78672948088399153 12968.620496798859676 5309.0499027632413345 -1005.0649755076058227 -1649.1846113966491885 7963.2994896674972551 15606
173000000 308.50037195518797262 12873.214547129520724 5109.9856150712594172 -1008.9177759245437755 -1739.1879679012367887 7858.0913588970397541 15616
174000000 313.66060092850284491 13088.542438842550837 5125.6153845445660409 -963.28890719355774763 -1713.0314719673433501 7801.9357637054663428 15622
175000000 311.49802915479733656 12998.30186558152127 4914.9193193882110791 -976.2780746233922855 -1909.6343648303368354 7800.8317588419395179 15637
176000000 311.6488434701604433 13004.595099609548924 5252.4635749660728834 -981.61988979151738022 -1686.1380659396259034 7920.2215306972157123 15606
177000000 311.07948001558560236 12980.836496468864425 5046.0813631898918175 -982.33612100433538217 -1708.4867331655455018 7736.9042173597727015 15604
178000000 307.99565807066221623 12852.153664514575212 5258.4243378960964037 -981.30499010516484759 -1563.3609516082096889 7803.0902796094715086 15598
179000000 308.91043869545512734 12890.325959646288538 5035.2481680085838889 -1012.9633879587219099 -1795.8040788665807668 7844.0156348338859971 15612
180000000 309.27864686443240316 12905.690682635791745 5139.9376343185576843 -966.56692765877585316 -1752.5430318095375242 7859.0475937868704932 15608
181000000 309.31747287315266703 12907.310828300760477 5227.6377902514705056 -985.40784436953015302 -1720.8203119357622199 7933.865946556763447 15613
182000000 312.19303351349623199 13027.303257586392647 5222.0091136235459999 -977.29288453160484096 -1624.4294944115456474 7823.7314925666978525 15611
183000000 308.21095747726081981 12861.137755637215378 5096.6775583509097487 -967.15972338552614929 -1744.6602617954213201 7808.4975435318574455 15622
184000000 314.07899999730994978 13106.001545763354443 5171.5147204498498468 -959.46023846920797951 -1712.5257939932512272 7843.5007529123085988 15613
185000000 309.51613979835872215 12915.600873253988539 5310.2374988361607393 -976.02094851054687297 -1674.5529121268232302 7960.8113594735314109 15621
186000000 307.50883315106983673 12831.839259066429804 5177.8251634309790461 -960.64807083397090537 -1665.510089093796978 7803.9833233587469294 15623
187000000 308.18667354625864618 12860.124427024813485 5294.8598243162878134 -928.26659941019067901 -1729.8501267049723538 7952.9765504314509599 15604
188000000 310.30597644992553796 12948.559461304841534 5380.2125274111531326 -945.69948628781457955 -1698.388320516411568 8024.3003342153797348 15617
189000000 311.43028541578979684 12995.475030459923801 5193.0705255035845767 -948.0520276434376683 -1669.9003891127490533 7811.0229422597712983 15603
190000000 308.97772708300590239 12893.133793698421869 5114.6751243385642738 -969.55455975288214177 -1730.450026947662991 7814.6797110391080423 15617
191000000 313.1563729612220186 13067.501832757279772 5047.716771822654664 -951.48572362417667136 -1794.9120762295135592 7794.114571676343985 15628
192000000 311.81992829804227085 13011.73418887911248 5080.2553142489468883 -951.91894092374502634 -1842.6049317532927034 7874.7791869259854138 15633
193000000 308.48112658869075631 12872.411469550112088 5015.6139462239752902 -979.15641909760051931 -1853.9464847238223228 7848.7168500453981324 15607
194000000 310.72226626680566142 12965.930552602136231 5099.9926075108287478 -935.64485945460705807 -1755.3385010050371875 7790.9759679704720838 15629
195000000 307.94982124599090412 12850.24096899847973 5166.0444823281095523 -964.6119502420401659 -1773.9198509347183972 7904.5762835048681154 15631
196000000 313.82629790084388333 13095.456701737073672 5159.2421503976274835 -973.62803793597913682 -1739.1146970197291921 7871.9848853533349029 15606
197000000 307.78709130170682329 12843.450515318521866 5203.2196097722371633 -978.67656326258327226 -1708.6539553622837957 7890.5501283971043449 15622
198000000 308.61120308555382508 12877.839348424437048 5150.1823725072972593 -954.20868277320437301 -1791.3313244090215903 7895.7223796895232226 15626
199000000 311.85330201693852814 13013.126819432080083 5142.6915424318840451 -946.4011370280944675 -1818.6858761617952496 7907.7785556217741032 15628
200000000 308.61634283670503009 12878.053821810219233 5201.9127384895036812 -937.6848955747261698 -1663.9040347791367367 7803.5016688433661329 15604
201000000 310.67794315112871573 12964.081021679725382 4961.2335158567748294 -944.04427008987545378 -1850.9956947330958883 7756.2734806797461715 15623
202000000 308.67401484872692663 12880.460380283446284 5164.8840239460141674 -886.90999695333448472 -1708.8915373836612162 7760.6855582830103231 15608
203000000 308.78048626202854621 12884.903257735688385 5184.9125820987555926 -926.76017744574107837 -1675.4514229357882868 7787.1241824802855263 15617
204000000 309.81589137421218538 12928.10901488878153 5203.6523744006044581 -949.46624019344233147 -1766.842709734823984 7919.9613243288704325 15622
205000000 311.81014888511197114 13011.326110016843813 5260.4711087344367115 -948.37481248093797603 -1740.3339163877467399 7949.1798376031219959 15621
206000000 312.14754605728973047 13025.405140643328195 5283.7115377120362609 -940.61679213465038174 -1731.5274345806656129 7955.8557644273523692 15625
207000000 309.31181915062410326 12907.074907732370775 5182.4486035328882281 -946.20530161582314577 -1718.0258249192347648 7846.6797300679454565 15620
208000000 308.1942056652374049 12860.43872999629275 5181.3407996521746099 -940.40234982268975727 -1724.5519324197284732 7846.2950818945928404 15623
209000000 312.48955382813863935 13039.67656399047155 5106.2142060414807929 -940.111810259055801 -1809.4737955013647479 7855.7998118019022513 15626
210000000 307.96908778073151325 12851.044929893967492 5209.7494840439394466 -969.54030016944909676 -1759.0997342591795132 7938.3895184725679428 15611
211000000 310.17875559211347536 12943.250743564551158 5278.9195601846113277 -970.33233100658708281 -1720.740328158502507 7969.9922193497013723 15621
212000000 307.993711779881437 12852.072448992425052 4992.1753712995141541 -947.96036484243552422 -1808.7681230930602396 7748.9038592350098043 15628
213000000 306.94996271969318968 12808.51851257409362 5136.2169903095109476 -922.97726683578264328 -1815.929705230997115 7875.1239623762903648 15628
214000000 311.16157618927201156 12984.262235150039487 5205.711866098747123 -961.65808775265372788 -1708.9992049418813167 7876.3691587932817129 15618
215000000 310.58965921792531617 12960.397077942514443 5118.5260381824109572 -936.87648127164106882 -1694.14941408520599 7749.5519335392564244 15611
216000000 307.87067596245606182 12846.938366123544256 5272.620352756452121 -917.17876903553394641 -1765.721734844863704 7955.5208566368510219 15626
217000000 306.6907361184430556 12797.701411664078478 5208.5789136675703048 -938.98416397198866434 -1699.6061460119269668 7847.1692236514863907 15616
218000000 310.5316525982889857 12957.976556842329956 5174.4307529222751327 -921.52723774908292853 -1712.8809870705490539 7808.8389777419070015 15608
219000000 310.36246086285535739 12950.9164632157499 5210.9003689980036143 -938.2105182377752044 -1699.8486182134902265 7848.9595054492692725 15617
220000000 310.905821177663654 12973.589997981987835 5383.2029459168952599 -948.97216262388883479 -1585.2289645434620979 7917.4040730842471021 15606
221000000 310.39410708369445047 12952.237008108080772 5339.5667709423814813 -942.21168796385120459 -1576.9031652326116273 7858.6816241388441995 15613
222000000 308.65366640093901651 12879.6112729309516 5247.3407510734068637 -938.1350659391764566 -1699.6488334015691635 7885.1246504141518017 15614
223000000 312.94749519064555443 13058.785705973654331 5038.7570816826028022 -973.48964288637864684 -1770.6544217383759587 7782.9011463073575214 15626
224000000 310.7717675032060356 12967.996158009649662 5203.2536238667926227 -936.73121782912608069 -1737.9972885979309467 7877.982130293848968 15626
225000000 311.5088158626248287 12998.751977207773962 5067.8922616210766137 -955.03328427271287637 -1716.4654344098482852 7739.3909803036385711 15622
226000000 312.6743253634505777 13047.386777113386415 5228.6070662133024598 -946.280249988866899 -1724.5704981020976447 7899.4578143042681404 15625
227000000 306.56439620893758047 12792.429454451770653 5130.853495865970217 -964.30601223655457943 -1757.0470494161918396 7852.2065575187170907 15623
228000000 307.65921912783977632 12838.114619227486401 5273.1200196999889158 -972.83215975365033046 -1754.9769172438668647 8000.9290966975058836 15614
229000000 311.00251028457495295 12977.624675832619687 5296.3138081918204989 -941.63710880639689549 -1678.6261070373286657 7916.5770240355468559 15611
230000000 309.58532653703133519 12918.487922384931153 5331.5105927739205072 -933.52159314364985221 -1645.3572467368794605 7910.389432654448683 15607
231000000 308.68578709365698387 12880.951616756601652 5323.8722873550686927 -958.70644592691371599 -1637.5898251593980604 7920.1685584413808101 15594
232000000 315.04705727901711043 13146.396988408518155 5215.9654680366093089 -951.6364780405632473 -1750.4813377065042914 7918.0832837836769613 15619
233000000 311.94373026374120172 13016.90024185888069 5184.0373421949034309 -926.67750235997175423 -1814.9705798925506315 7925.6854244474261577 15621
234000000 315.27422574595789229 13155.876355952670565 5082.962597796054979 -937.97669159511497128 -1793.4287293457502983 7814.3680187369209307 15613
235000000 308.6346149304859523 12878.816286315453908 5220.4355652819976967 -942.60898337253638601 -1749.0410070354764684 7912.0855556900114607 15620
236000000 306.16179158264407079 12775.629423712436619 5254.6346648400685808 -934.46634622615124499 -1687.9210131783306679 7877.0220242445502663 15623
237000000 308.9601766648040666 12892.401443531476616 5123.6442661462515389 -957.62228025676563448 -1865.5116718156771185 7946.7782182186947466 15628
238000000 311.00824124422837258 12977.863819379552297 5159.4550067198106262 -955.81831140876238351 -1722.3324049905622815 7837.6057231191352912 15624
239000000 309.61234279924752855 12919.615266697570405 5093.9555599227887797 -947.39310294218353192 -1753.8559550261604727 7795.204617891133239 15616
240000000 310.08899098002552819 12939.505013525964387 5254.2141224838869675 -959.56906955455963271 -1663.74920420610988 7877.5323962445563666 15607
241000000 309.78755610192075665 12926.926630449024742 5226.8334194592589483 -927.30744206510632921 -1734.0078129345320122 7888.1486744588964939 15605
242000000 311.67004005230535313 13005.47959821772929 5121.3778589163921424 -949.40919513317612655 -1791.2238340600301854 7862.0108881095984543 15619
243000000 308.00315531073050579 12852.466512046326898 5123.0095433630413027 -934.78472300138537321 -1798.3989114179230455 7856.1931777823501761 15632
244000000 310.08314561361407868 12939.26109597265895 5211.9067856925157685 -909.10048236368504604 -1763.7956382418467456 7884.8029062980458548 15609
245000000 309.15333891278896772 12900.461787332542372 5220.833548064727438 -911.76754022821535273 -1679.1823142764137629 7811.7834025693564399 15605
246000000 310.3299312715894871 12949.559056724334368 5306.9390178939720499 -948.64259648806785208 -1676.181251504933698 7931.7628658869743958 15615
247000000 305.69657192023271364 12756.216570211454382 5192.8763629761533593 -953.52806964004730617 -1681.8298425155271616 7828.2342751317273724 15634
248000000 312.17537744453522919 13026.566498786545708 5110.6104107613300584 -953.3395011444871443 -1767.5885498038551304 7831.5384617096733564 15612
249000000 309.35948808400547705 12909.064054140078952 5208.0724550404256661 -923.40380659749075676 -1755.0018752398177639 7886.4781368777339594 15617
250000000 310.01723493845588564 12936.510751599067589 5358.3639567314658052 -905.33904298654283593 -1669.2096384143269461 7932.9126381323339956 15629
251000000 307.99299553579021449 12852.042561301217575 5159.0287260840013914 -927.64980032241305707 -1716.6129326277591645 7803.2914590341742951 15626
252000000 307.73047166761381277 12841.08787085025142 5114.1906436378740182 -945.7750746477413486 -1767.6364582973860706 7827.6021765830028016 15621
253000000 311.01463086992941953 12978.130447980367535 5202.3233287690554789 -929.27268447238157023 -1725.0213583983418175 7856.6173716397788667 15616
254000000 310.80291013220505647 12969.295688840440562 5071.2784992657534531 -918.64169410967042495 -1848.4419416526627629 7838.3621350280864135 15641
255000000 305.17031826533286676 12734.25686830639097 5085.5910631542210467 -953.65565639519138585 -1829.9932963232272414 7869.2400158726395603 15626
256000000 308.16741876025446345 12859.320956384826786 5461.0517703030491248 -947.6785461236604533 -1656.9921763734728302 8065.7224928001824082 15622
257000000 314.3068328259782902 13115.508636032771392 5074.8236260534959001 -926.41414399704285643 -1828.0841139716458201 7829.3218840221843493 15625
258000000 309.35161601576390922 12908.735565643415612 5106.5011673206900014 -932.13569627603101253 -1903.7626155348802968 7942.3994791316017654 15629
259000000 310.07734870393619531 12939.019200439370252 5279.0300980889687708 -922.78842463512205541 -1679.2258952957688507 7881.0444180198610411 15620
260000000 306.42621750003371517 12786.663483557500513 5082.8522764229401218 -937.1689382798524548 -1844.4305167420761791 7864.4517314448685283 15638
261000000 311.49635280263657933 12998.231914155254344 5021.6400227939648175 -926.00511212131425509 -1870.063081694334187 7817.7082166096133733 15634
262000000 307.621596548831576 12836.544690710645227 5167.0313017406633662 -910.53360781954052072 -1779.8579521108533754 7857.422861671057035 15640
263000000 308.80379496142421658 12885.875891532637979 5179.5878291287808679 -926.74465897259381109 -1722.8298320268575026 7829.16232012823275 15633
264000000 311.72984018672366346 13007.974959748202309 5211.79042739167744 -910.94812118376614762 -1746.2977888581494881 7869.0363374335920525 15624
265000000 309.81378888575352448 12928.021281493714923 5211.4738403592218674 -921.86785527813231056 -1766.8641381817826641 7900.2058338191363873 15628
266000000 310.49668127204176926 12956.517260754857489 5281.9002185286462918 -895.26329547546811227 -1723.9193175207715285 7901.0828315248854778 15616
267000000 309.27603578302398546 12905.581726491078371 5354.7539816707030695 -895.43540236674175503 -1707.8847222823785614 7958.0741063198238407 15605
268000000 314.42385924652961648 13120.391956626170213 5235.0819394282007124 -899.12624401549146569 -1737.1852715513548446 7871.3934549950472501 15616
269000000 309.40530838527377 12910.976060161669011 5271.0437370529734835 -897.87099882502684522 -1699.232312204832624 7868.1470480828320433 15632
270000000 309.45854533074532355 12913.197550581746327 5078.7208500358301535 -899.14461313627475647 -1777.6616116601760496 7755.52707483228005 15617
271000000 307.51666186463796748 12832.165938443675259 5209.3078826151322573 -910.64271132718999979 -1804.38460308444769 7924.3351970267685829 15618
272000000 309.20164949380477992 12902.477708643662481 5228.5719698621633142 -909.63961935242662094 -1705.0260264033915973 7843.2376156179816462 15605
273000000 311.84832605558904106 13012.919180726090417 5246.7142854971816632 -887.77632703756512456 -1726.5440661696411553 7861.034678704387261 15617
274000000 313.33883854000464453 13075.115822096247939 5279.5526620177970472 -927.04426516756586807 -1670.4336716458467436 7877.0305988312102272 15612
275000000 312.41344464602599373 13036.50065264834484 5025.7833677266999075 -928.96434833284558863 -1883.1967108721378281 7837.9444269316827558 15632
276000000 308.29519693313301332 12864.65292996878452 5292.4316513616977318 -907.74471827502679844 -1741.0635039707417491 7941.2398736074655972 15613
277000000 310.92418880642804879 12974.356449005392278 5203.3757755698034089 -944.78702333954697679 -1767.0015200392904262 7915.1643189486412666 15615
278000000 310.78966807369977232 12968.743119457447392 5337.211074222796924 -912.67629251870903317 -1623.6442760628813176 7873.5316428043870474 15613
279000000 311.45337235788474572 12996.438410688419026 5298.6581759751725258 -865.01743082574648724 -1680.4749412437859064 7844.1505480447049194 15628
280000000 310.21656775891710822 12944.828583269152659 5176.8819734691496706 -867.3975759093839315 -1767.8880568828553805 7812.1676062613878457 15630
281000000 310.25760475049679599 12946.540989622590132 5026.9266384614893468 -905.3899754061008025 -1833.658670402642656 7765.9752842702328053 15631
282000000 306.46668557827496215 12788.352150090406212 5031.9395123919439357 -908.38645939601269674 -1778.0459626986639705 7718.371934486621285 15629
283000000 307.04977726073047961 12812.683609664747564 5154.8021854817789063 -905.33113252367877521 -1793.3518548192380422 7853.4851728246949278 15628
284000000 307.35794612602944653 12825.542990982819902 5283.919875231232254 -878.56449843408256584 -1715.1821687579731588 7877.6665424232878649 15607
285000000 307.88773447837638741 12847.650190015056069 5153.1417474816080357 -904.8474688204649965 -1711.1504843132374845 7769.1397006153119946 15624
286000000 310.83241988519534971 12970.527082433482065 5286.3172896343785396 -934.35764759656535716 -1730.2753584029871945 7950.9502956339310913 15623
287000000 310.3319467365047899 12949.643158769666115 5278.9283368102078384 -904.55796326351980952 -1699.9907043807343143 7883.477004454462076 15626
288000000 307.46499321009349615 12830.009890231815007 5258.1853428038675702 -903.30268724414668213 -1673.532847524741328 7835.0208775727551256 15626
289000000 311.91985537496549341 13015.903981907715206 5306.2874632064686011 -924.80079099600970949 -1680.0092147448715423 7911.0974689473496255 15612
290000000 312.69730823632750116 13048.345814704100121 5452.7717051691697634 -900.4913467753635814 -1608.0861597511757282 7961.3492116957095277 15605
291000000 312.83807486981430657 13054.219775446734275 5153.1011607329601247 -929.9704589079813104 -1730.0454377325374935 7813.1170573734789286 15620
292000000 314.91649727076531917 13140.94893339695227 5060.8757429481265717 -885.64592624365900519 -1743.8552234593230423 7690.3768926511083919 15612
293000000 311.64289608324946812 13004.346924908122674 5325.0134953166179912 -910.59001480397228079 -1735.333168481420671 7970.936678602010943 15616
294000000 311.45739573198949302 12996.606299491035315 5326.9696793738294218 -882.82232890679131287 -1708.0941683520973129 7917.8861766327181613 15608
295000000 306.97746233603743349 12809.66602646174033 5216.8430452626671467 -896.4687024425038544 -1732.9977344117141911 7846.3094821168851922 15614
296000000 310.81366111351030668 12969.744309657515259 5356.4380876864770471 -896.48558849113373981 -1637.5126192583229567 7890.4362954359330615 15622
297000000 306.50304939456083275 12789.869552503356317 5222.7380542250257349 -882.43934914861915786 -1717.437061884562354 7822.6144652582079289 15624
298000000 308.11114601506795907 12856.972787021690237 5181.3870018432508004 -885.40435205569724531 -1723.4364455133916181 7790.2277994123387543 15614
299000000 309.82864289992915019 12928.641115143045681 5141.5326205769470107 -882.6385101520193075 -1746.1639406444369342 7770.3350713734034798 15622
300000000 310.63171443734222521 12962.151973273594194 5364.7531632772743251 -894.17788845138488796 -1658.9245347804535413 7917.8555865091138912 15623
301000000 310.58191923754355912 12960.074101255602727 5250.5339174703585741 -849.80066150275479231 -1663.7082210412422683 7764.0428000143556346 15614
302000000 313.95982853915131727 13101.028716268700009 5288.5147974082701694 -886.36509500749980361 -1656.9233351255293201 7831.8032275412988383 15614
303000000 307.40698592700471181 12827.589341446846447 5206.9868478847120059 -910.33361243354931958 -1753.81022530113637 7871.1306856193978092 15609
304000000 308.32709719511262847 12865.98407558125291 5193.8995631025727562 -878.34781310364780893 -1758.3901916313436686 7830.6375678375643474 15617
305000000 312.40402495524233473 13036.107584401272106 5381.8362003562260725 -860.60242222949159441 -1738.152113921476257 7980.5907365071934692 15622
306000000 310.5510008061974645 12958.783925825160622 5383.968556563934726 -899.04296759018222929 -1636.6045481845180802 7919.616072338635604 15601
307000000 312.84982774430426389 13054.710203623191774 5352.7526199424864899 -904.13434760863992778 -1667.4682759733705097 7924.3552435244982917 15614
308000000 315.61094918573104451 13169.927272830906077 5265.3041731821067515 -864.08602244923383751 -1725.1825842079863378 7854.5727798393263583 15613
309000000 308.87958892988507387 12889.038649526060908 5198.3380343543412891 -889.97083305405578812 -1791.6561854405058511 7879.9650528489028147 15630
310000000 307.12007238912752882 12815.616910081009337 5311.2930928268842763 -861.64188739726569111 -1681.8219927248385375 7854.7569729489878227 15616
311000000 308.1984362524918879 12860.615265463793548 5179.1808248304887456 -874.12417619954453585 -1797.564921134290671 7850.8699221643237252 15622
312000000 311.35734607338872593 12992.431391330075712 5099.7194654524955695 -885.30161433878288335 -1867.9345566905674332 7852.9556364818454313 15629
313000000 307.65222689852953408 12837.822844966396588 4987.2090232758546335 -836.65416626812918821 -1946.534708165353095 7770.3978977093383946 15638
314000000 309.2236839109980906 12903.397168734269144 5202.8350794840398521 -850.3955269343451846 -1703.5548951174550893 7756.7855015358400124 15625
315000000 310.89538148319905986 12973.154366654227488 5402.2851325430638099 -884.26982337341246421 -1717.2232028009398164 8003.7781587174176821 15618
316000000 310.53252398932789902 12958.012918561205879 5359.2904291902377736 -857.80649474770450524 -1687.8447671553403779 7904.9416910932832252 15628
317000000 311.99291580261035506 13018.952673726193098 5217.1820899590493354 -863.09666852386135361 -1791.7880900950497107 7872.0668485779606272 15634
318000000 307.55106590163262581 12833.601562481055225 5417.8166638255916041 -881.80279184119785896 -1622.2987647892855421 7921.9182204560738683 15609
319000000 310.36149746477752842 12950.876262194040464 5346.8690180936755496 -887.50646181455590522 -1706.9648076449329892 7941.3402875531655809 15608
320000000 307.58901496289519173 12835.185114566906122 5321.2051414186298643 -882.07656672143730248 -1729.8404332565951336 7933.1221413966632099 15626
321000000 311.57708827264593765 13001.600872903689378 5277.7478124437329825 -892.14727368311650935 -1733.6236511441834409 7903.5187372710333875 15627
322000000 309.93907976629975565 12933.249464448075742 5422.3982018508168039 -869.48478665494712914 -1645.9781593071429597 7937.8611478129068928 15610
323000000 310.15775761606420247 12942.374532463007199 5290.5211594298543787 -865.51979925801811078 -1754.5158485083579762 7910.5568071962306931 15628
324000000 308.7486954480864938 12883.576679210320435 5088.9389185118270689 -848.58326842744281748 -1808.1033855426496757 7745.6255724819193347 15602
325000000 312.54455090558695929 13041.971501831130809 5374.5542103605157536 -884.82116454558672558 -1697.469263112878707 7956.8446380189807314 15606
326000000 307.2189304402377843 12819.742094415756583 5336.6958296028678888 -862.60828471057936895 -1721.8784757895318762 7921.1825901029787929 15632
327000000 313.77800056779682336 13093.44133324196082 5424.1904186784686317 -878.35029693992328248 -1661.767636618197912 7964.3083522365886893 15604
328000000 306.9003252624356719 12806.44722289362835 5292.9422421780636796 -873.9625696249225939 -1763.2639646731709036 7930.1687764761572907 15611
329000000 310.00879258265302951 12936.158465937807705 5276.2429567608523939 -895.92031833515034123 -1818.6647764724884837 7990.828051568490082 15629
330000000 313.82851042337352965 13095.549026673455955 5163.6953310676644833 -884.15999952479728563 -1760.1969632216580521 7808.0522938141193663 15627
331000000 306.78065190346023883 12801.453449901062413 5186.2571940519765121 -885.32755540798052607 -1783.8716598622036145 7855.4564093221597432 15626
332000000 307.7748824325964847 12842.94105923443567 5221.8204817975311016 -881.67573198776312893 -1711.677538231899689 7815.1737520171946016 15628
333000000 309.4415783631553154 12912.489546851909836 5279.7456105026703881 -885.70972321298813767 -1788.2791968926776462 7953.734530608336172 15642
334000000 308.80413163387305531 12885.889940321747417 5119.9201653392474327 -857.44002334592937586 -1771.5395802054608794 7748.8997688906383701 15615
335000000 311.99104481997557059 13018.874600689461658 5306.5921230674357503 -882.93678451542757557 -1720.6181190905463154 7910.1470266734104371 15605
336000000 312.66662438623723119 13047.065427964724222 5235.0453488836137694 -867.86905688030128658 -1710.6577007490745927 7813.572106512989194 15607
337000000 313.13071206310434036 13066.431045565524983 5305.495271762271841 -865.30351899796073667 -1746.4858535375794872 7917.2846442978116102 15613
338000000 308.88447787511614706 12889.242657192144179 5219.0491177640433307 -865.69740862487617505 -1761.650763346607846 7846.3972897355270106 15614
339000000 308.30082362482818326 12864.887722584830044 5200.9970065157449426 -925.4001146238608726 -1740.0928380149655368 7866.4899591545708972 15629
340000000 308.19214441938549953 12860.352717587564257 5313.9377905508727054 -854.81295527366762599 -1706.4675483190158047 7875.2182941435567045 15627
341000000 308.45487925805616669 12871.31621149124112 5190.109404924485716 -895.49968840354949862 -1766.5751654640980632 7852.1842587921319137 15639
342000000 309.32020744486516151 12907.424937493324251 5229.3081060225667898 -903.92569938529140927 -1722.9144017959065422 7856.148207203763377 15621
343000000 308.84355621861283225 12887.535063582281509 5192.3469521578517742 -884.13769097724127732 -1755.7058255116426153 7832.190468646734189 15631
344000000 309.9583003180833316 12934.051506550184058 5206.1211580519902782 -880.79650398921148735 -1712.3554971238163489 7799.2731591650181144 15636
345000000 312.53750841123871851 13041.677630092444815 5145.3414362293569866 -865.48054998042994157 -1815.585598620019482 7826.4075848298052733 15619
346000000 307.95185870082735846 12850.325988647153281 5223.6860457737111574 -898.85974970799804851 -1742.375451881133813 7864.9212473628449516 15624
347000000 309.5441999316624333 12916.771776595045594 5196.8000094913231806 -872.53402090476618014 -1734.0829058143353905 7803.4169362104239553 15625
348000000 308.92216994429685428 12890.815485419914694 5219.3400487130875263 -846.85781299335144467 -1826.0372123723855111 7892.2350740788242547 15626
349000000 310.61410919427015642 12961.417335354732131 5230.9091723951842141 -864.97587783159985975 -1702.5293176198745186 7798.4143678466580241 15630
350000000 309.66367815370597327 12921.757406843489662 5199.4047469745182752 -864.65322073394213476 -1693.9748882272756418 7758.032855935736734 15639
351000000 305.78552658651057072 12759.928502539787587 5161.677625210016231 -872.7544694394932776 -1794.7330883378749604 7829.1651829873853785 15636
352000000 309.22247020507415982 12903.346522776675556 5216.6426502279509805 -855.8108132743780061 -1750.154845675939896 7822.6083091782693373 15636
353000000 310.87432638424195375 12972.275771907427043 5316.458237568945151 -853.97218949264390631 -1764.0310125861076358 7934.4614396476954425 15628
354000000 308.38028404859915099 12868.203475744952812 5421.437700297158699 -845.84354879960903872 -1704.2915407413554476 7971.5727898381228442 15618
355000000 308.23419945699282607 12862.107605332026651 5351.300152418538346 -828.33553640250011085 -1680.6779286004116329 7860.3136174214505445 15624
356000000 307.69960776663754132 12839.799970882704656 5373.3677348549645103 -867.69065057636055371 -1693.550702362019365 7934.609087793342951 15609
357000000 312.71946674864017268 13049.270453080509469 5261.2889267636564909 -863.12218986855100411 -1790.3333296657733626 7914.7444462979801756 15628
358000000 310.06762878412115469 12938.613604127227518 5166.8637179352772364 -869.7657852559574394 -1804.2299530830246113 7840.8594562742582639 15641
359000000 311.24960793319462482 12987.935655442181087 5281.1481361803744221 -863.52436915025168673 -1713.2198190618685203 7857.8923243924955386 15614
360000000 311.60613094920609001 13002.812776163358649 5343.1250647620072414 -865.6841392066331764 -1695.9302679643592455 7904.7394719329995496 15602
361000000 307.65379814159371108 12837.888410362453214 5343.0130946891576968 -856.12542625057835721 -1757.5370979739791437 7956.6756189137158799 15613
362000000 308.80900698592643039 12886.093380766820701 5187.1168315091808836 -879.02215906089747932 -1764.4167317644269133 7830.5557223345058446 15633
363000000 314.24588709593922431 13112.965470675946563 5006.5444628273326089 -874.86206700869456654 -1825.9034133956024561 7707.3099432316294042 15632
364000000 307.57378370907088083 12834.54953932574972 5306.3457132909106804 -872.37176976172349896 -1748.1262558043470108 7926.8437388569800532 15618
365000000 309.40931095453129274 12911.143080812131302 5295.750766334887885 -867.67681125954629806 -1729.7731839227590172 7893.2007615171933139 15613
366000000 308.57080027530832922 12876.153405417948306 5342.697989503009012 -852.52520907416874252 -1662.4703562880476966 7857.6935548652263606 15612
367000000 310.13695583771260544 12941.506508369600851 5401.1890688693720222 -856.69620418692511521 -1674.9887883964393041 7932.8740614527368962 15607
368000000 312.13271054228852108 13024.786078934204852 5148.2090653002915133 -878.85534988210406482 -1826.4482418392985892 7853.5126570216943946 15617
369000000 310.59159899346900602 12960.478021594506572 5369.5165206852798292 -860.63000451577886452 -1692.1395441370409571 7922.2860693380998782 15619
370000000 311.7858766793031009 13010.313270677528635 5190.4756654143475316 -865.98265188678726645 -1798.9858342706011172 7855.4441515717371658 15635
371000000 309.25496496365593657 12904.702475757312641 5266.6244343035577913 -865.43701156021404586 -1685.1789093774023058 7817.2403552411742567 15611
372000000 309.27987831712727029 12905.74206913702983 5164.7956434098141472 -879.51756110158794399 -1767.2714958415001547 7811.5847003529015637 15622
373000000 309.24112336357939057 12904.124888487865974 5259.5500471923269288 -865.14231914817230518 -1693.7211785086979035 7818.4135448491961142 15611
374000000 312.03499810356458966 13020.708699125409112 5261.6943392751745705 -873.87971890573544442 -1765.7144478448644804 7901.2885060257749501 15639
375000000 312.98370348144879927 13060.296618563292213 5231.7414273355343539 -894.67056041524779175 -1654.7258529628079486 7781.1378407135898669 15620
376000000 310.97877990464627374 12976.634445998630326 5265.4934403598599602 -864.56845143441103119 -1792.2058472871090089 7922.2677390813805687 15637
377000000 307.46589943902858977 12830.047705678960483 5294.6842391330119426 -846.72534375715736132 -1728.8952704471867037 7870.3048533373557802 15627
378000000 310.23463523942251641 12945.582509597987155 5319.2960395739237356 -834.53665280671680193 -1813.7497780567455266 7967.5824704373862915 15641
379000000 307.68777043206824828 12839.306018325660261 5353.769459379476757 -844.19997431396905085 -1652.1516227991719461 7850.121056492617754 15609
380000000 304.21792967981730271 12694.515254654917953 5230.4041075923605604 -840.21057578250861297 -1720.5709602935012299 7791.1856436683701759 15634
381000000 312.4569684624563024 13038.316830124133048 5285.6752815229228872 -864.34507152137496178 -1751.1898118439530663 7901.2101648882517111 15635
382000000 308.18497747101554296 12860.05365258666825 5203.4340327819918457 -873.86472934678704405 -1752.2282696914080589 7829.5270318201874034 15630
383000000 313.03982455789559936 13062.638459038675137 5244.2128900358247847 -876.69176013774267631 -1798.548754893091882 7919.4534050666597977 15619
384000000 312.54388318017981874 13041.94363874503324 5124.6939433980460308 -875.50675225886402586 -1784.5071134913341666 7784.7078091482453601 15629
385000000 313.04442632439139516 13062.830483207140787 5105.3689577516552163 -831.82871894996196716 -1837.4276343165674916 7774.6253110181842203 15629
386000000 314.378217091950944 13118.487384373758687 5245.5221392341809405 -828.74450560377022157 -1753.5160492339086886 7827.7826940718605329 15619
387000000 310.84721853679349124 12971.144605893256085 5144.2453383385745838 -845.82728378878050535 -1796.0658328545505356 7786.138454981905852 15622
388000000 313.71483425402954026 13090.805506568158307 5133.4896968335251586 -848.74865225135317814 -1828.3883639715543268 7810.6267130564338004 15634
389000000 309.67442748306871181 12922.20595872771446 5031.7501589176717971 -861.48695491192916052 -1845.9782787662570627 7739.2153925958573382 15637
390000000 308.06621945978901067 12855.09807555439329 5135.9776772694040119 -821.5632000045843597 -1798.8305299321918937 7756.3714072061802653 15634
391000000 309.88002817613840989 12930.785338441750355 5125.7190471829171656 -825.1007284787391427 -1750.4303490379893447 7701.2501246996453119 15623
392000000 311.31464692779462666 12990.649626015730973 5315.5607346566284832 -847.1101990611985002 -1761.3612965808624722 7924.032230298689683 15618
393000000 307.97205990694180855 12851.16895184610803 5321.9772369933543814 -849.49087427603808464 -1721.8987340326802951 7893.3668453020727611 15628
394000000 307.05210557591266252 12812.780766438607316 5364.7461735646538727 -843.45211281045772012 -1711.1603123782331295 7919.3585987533442676 15635
395000000 314.51315569265335625 13124.118150866916039 5230.3962664534283249 -847.18277598283611951 -1737.0637433447000149 7814.6427857809640045 15634
396000000 313.20009631603903699 13069.326336642679962 5161.0901783033223182 -834.52995351369895616 -1778.2292856331748681 7773.8494174501965972 15632
397000000 309.96545276478224196 12934.349966420129931 5196.2652614633880148 -843.74463172943001155 -1804.3634010211476379 7844.3732942139668012 15639
398000000 309.26818022122068896 12905.253926781013433 5466.7856050588679864 -838.62728115953768793 -1596.6768024457182946 7902.0896886641239689 15603
399000000 313.80254306855744062 13094.465451546298937 5224.5569955633891368 -843.67605113858644472 -1753.3683491478809628 7821.6013958498569991 15632
400000000 310.5794270007305613 12959.970104300939056 5273.6999524996044784 -873.00052582129092116 -1816.3769533710599262 7963.0774316919560079 15639
