# Steps Temp KinEng PotEng Epair Ebond Eangle Bonds
1000000 307.9594981174395798 12850.644768972897509 4824.1694294677781727 -1484.3125314825922487 -1749.5046371601733881 8057.9865981105440369 15624
2000000 310.21495889756175757 12944.761448123503214 4828.2804440547206468 -1398.1499987299116583 -1737.3283191873176747 7963.7587619719497525 15599
3000000 311.11215432130592262 12982.199941657116142 4837.2393239056154925 -1416.5371076616224855 -1659.9494787507144338 7913.7259103179521844 15612
4000000 310.56872579798624656 12959.523560661569718 4859.71793369963234 -1400.8335405057441676 -1743.6159265779297129 8004.1674007833062205 15615
5000000 308.92416150649091833 12890.89859004389109 4850.5150759446532902 -1351.0967642842781515 -1799.7433790834966203 8001.3552193124287442 15617
6000000 308.81124080039489854 12886.186594180888278 5044.6399572668342444 -1331.9374446903020726 -1643.7186368262725864 8020.2960387834100402 15615
7000000 310.34464967834787785 12950.173231698556265 4861.2597028097534348 -1308.6837163911154676 -1769.9820832283044183 7939.9255024291724112 15622
8000000 307.67505951222494787 12838.775612487906983 4872.3179765612394476 -1334.0297766904077434 -1708.9059600746854812 7915.2537133263340365 15626
9000000 310.3697452143198916 12951.220427255226241 4999.8316192094825965 -1344.1639820397772382 -1791.694048686172664 8135.6896499354334082 15618
10000000 308.2356160250017183 12862.166716391711816 4773.0269773761838223 -1300.1985668627044106 -1821.1291423891129853 7894.3546866280012182 15623
11000000 308.90728161466779511 12890.194219842993334 4973.161312298345365 -1293.3628591154106289 -1797.7973586950865865 8064.3215301088421256 15628
12000000 309.57821528929088117 12918.191181679951114 4898.482723869408801 -1301.5507966878233219 -1729.1361261135671157 7929.1696466707981017 15619
13000000 308.92652012919739946 12890.997011501031011 5107.3463850119278504 -1284.2300109051452637 -1571.1270695122250345 7962.703465429298376 15595
14000000 310.40973168359488454 12952.888997035861394 4985.2477560991210339 -1258.4270768393867002 -1652.6133889973939404 7896.2882219359016744 15590
15000000 309.73289492336454032 12924.64570911822193 5063.3111927190693677 -1246.0950576062791697 -1670.173056352380172 7979.579306677729619 15605
16000000 310.49007039822657816 12956.241399833110336 4975.0612989619157815 -1293.6100624181203784 -1735.3673107648112364 8004.0386721448467142 15603
17000000 308.06588904997471445 12855.084288094751173 5019.517038800071532 -1296.9854050098674634 -1701.1525920955853053 8017.6550359055254376 15590
18000000 309.78270744860066088 12926.724304098303037 5027.3855707098027779 -1253.9581674302799001 -1651.9871428541596288 7933.3308809942409425 15611
19000000 309.74379542849061409 12925.100569319105489 5011.3054954831422947 -1243.5902186298953893 -1699.7419834406939572 7954.6376975537314138 15617
20000000 311.76186558372415902 13009.311327039858952 5150.0491360057740167 -1229.0827669411173702 -1649.846110262347338 8028.9780132092373606 15599
21000000 311.69535662580693725 13006.536017307982547 5107.2903088153725548 -1218.2141026309097924 -1700.9176511962932636 8026.4220626425758383 15599
22000000 309.40939436281303188 12911.146561302928603 5102.2157155166505618 -1164.7968528093665554 -1645.8498340109799756 7912.8624023369975475 15603
23000000 308.52412995927153361 12874.205929674186336 4967.3074992628826294 -1195.2625012899461581 -1742.8460679160373274 7905.4160684688658876 15614
24000000 308.8994664285742715 12889.868104945075174 5129.5189762168147354 -1221.8596838753542215 -1676.0435325866960738 8027.4221926788641213 15614
25000000 310.68664310340500379 12964.444056419335539 4945.8028107121863286 -1203.0944816041112517 -1719.8686452484528218 7868.7659375647499473 15616
26000000 309.96725135028538034 12934.425018443298541 5016.7262992100568226 -1210.5833135113789467 -1756.2052204089466159 7983.5148331303817031 15616
27000000 306.96961053321297186 12809.338383607697324 5030.1227166183562076 -1184.779635501897701 -1759.2488300113286641 7974.1511821315834823 15619
28000000 311.57857920037611166 13001.663086872584245 5225.7535182167302992 -1230.5598499674870254 -1629.612428283492136 8085.9257964677090058 15599
29000000 307.67829211338954565 12838.910503632683685 4890.0447747447169604 -1266.644323602339 -1815.6029282876170328 7972.2920266346736753 15623
30000000 312.53366294179841134 13041.517164959694128 4864.7387357581119431 -1241.2520227592217452 -1792.1665074063737393 7898.1572659237081098 15619
31000000 306.52343631573972971 12790.720265287356597 4954.0182627196181784 -1225.7514923641990663 -1714.3957364958275775 7894.1654915796452769 15626
32000000 309.34474363718425138 12908.448792556744593 5062.2022575168266485 -1238.2071317212446502 -1680.2286826000724886 7980.6380718381442421 15608
33000000 307.88584072547291726 12847.57116681235857 5162.4427697379269375 -1239.8550373893333472 -1593.8496835215923966 7996.1474906488529086 15622
34000000 311.6377169314476987 13004.130807397814351 4982.9169487930739706 -1205.0075572469347662 -1724.6433706824425371 7912.5678767224526382 15619
35000000 309.33566596614377886 12908.069996232605263 4968.7687832151559633 -1207.341914701291671 -1673.8740383507667957 7849.9847362672135205 15612
36000000 312.11895246486466249 13024.211976928068907 5018.4709652883302624 -1185.5355546653686361 -1831.179591637262547 8035.1861115909614455 15625
37000000 312.02954735841353795 13020.481248470077844 5059.1912257303874867 -1215.300806070365752 -1682.0191992622874295 7956.511231063041123 15626
38000000 311.98637985066665124 13018.679939171262959 5057.7724868865461758 -1207.3830696968432221 -1624.5744773078397429 7889.7300338912282314 15619
39000000 312.085602922302769 13022.820355213880248 5162.0230173537756855 -1197.4048334325850647 -1617.8992393217249628 7977.3270901080850308 15601
40000000 312.19850802243553289 13027.531699865632618 5119.5357523147231404 -1199.5653929234888437 -1747.1075599068321935 8066.2087051450453146 15612
41000000 312.05279309707248103 13021.451255018744632 5007.0473968949227128 -1202.1905959009386606 -1690.3148737477558825 7899.5528665436177107 15610
42000000 312.35653920170125275 13034.126081787864678 5079.204856558550091 -1179.3950720331122284 -1758.865286636268138 8017.4652152279304573 15608
43000000 307.6888706414112562 12839.351928257079635 4932.9895558021053148 -1210.8059274966831254 -1771.8150934542595678 7915.610576753048008 15620
44000000 310.59800374898691189 12960.74528153776555 5055.3530007154949999 -1204.0171124075416174 -1701.3757354224471783 7960.7458485454844777 15617
45000000 310.97114632361660824 12976.315909182176256 5051.7513808692392558 -1206.7343044373708381 -1679.3878165579867527 7937.8735018645966193 15616
46000000 313.96826846800604471 13101.380900657397433 4791.6524555755577239 -1198.6740089723023175 -1843.6511927147471397 7833.9776572626069537 15620
47000000 310.06795733424866057 12938.627313985189176 4941.8558280994029701 -1188.6293096164529288 -1771.1899831339369484 7901.6751208497917105 15613
48000000 308.3425014497944403 12866.626869864452601 5187.0475412233336101 -1174.5980588546824492 -1657.7707875402886657 8019.416387618304725 15618
49000000 307.61412303278126501 12836.232833143254538 5277.8674597176122916 -1171.9130172709803901 -1542.5256111206067544 7992.3060881091996634 15597
50000000 307.98352096569783498 12851.647203030599485 5029.2479575885136001 -1177.6069430650068171 -1686.7414724931177261 7893.5963731466381432 15614
51000000 308.84556169385598423 12887.618748774977576 5026.4673970135427226 -1138.118218213596947 -1705.1715365809666309 7869.7571518081058457 15603
52000000 311.08886002336100773 12981.227908809087239 5110.1628655042441096 -1153.4005085910828257 -1688.6910425138767096 7952.2544166092047817 15617
53000000 310.97501525883228624 12976.477353503245467 5008.1853887628894881 -1146.0749304700739231 -1781.504569141697857 7935.7648883746605861 15622
54000000 312.66677498009727287 13047.071711999513354 4995.941701108489724 -1150.003043959421575 -1765.5965699491721352 7911.5413150170843437 15626
55000000 308.10326423940904306 12856.643893450422183 5035.2606735581630346 -1162.0513237578629742 -1675.7483096659557305 7873.0603069819808297 15598
56000000 310.25204247149986259 12946.308884842797852 5260.9018506883758164 -1180.9090556788346476 -1568.8212252479891049 8010.6321316152007057 15606
57000000 311.24882789793997517 12987.903105850349675 4966.3044166900408527 -1136.9415868982484881 -1759.0352453140126272 7862.2812489023017406 15608
58000000 308.39918553801999224 12868.992203897962099 4973.1680701628611132 -1146.8285185921638458 -1764.1248579132145551 7884.1214466682413331 15627
59000000 309.98016174688297042 12934.963748118843796 5032.9998574376804754 -1167.3720443201459602 -1764.6632014687461378 7965.035103226571664 15632
60000000 310.91970195479956374 12974.169220045865586 5152.9519142846502291 -1165.3596556170691656 -1754.6944586017934853 8073.0060285035124252 15619
61000000 309.74394300232665955 12925.106727333246454 5214.0007404519201373 -1162.4734445236817919 -1670.870865921087443 8047.3450508966880079 15621
62000000 310.01872925332065734 12936.573106907533656 4982.8229704034629322 -1175.7591793367778337 -1787.2422869612712475 7945.8244367015122407 15621
63000000 309.84755036438690468 12929.430092624545068 5074.207292194272668 -1180.1687551419372539 -1666.6707039735106264 7921.0467513097200936 15608
64000000 305.25935990131227982 12737.972429737730636 4830.1884762073477759 -1145.8748518137535939 -1865.4882102228930307 7841.5515382439934911 15625
65000000 309.13581275536574822 12899.730449528096869 5157.4062440124744171 -1170.560539200718722 -1641.6867601952824316 7969.6535434084762528 15593
66000000 310.98422540602604158 12976.861677839986442 4976.0450299875474229 -1136.2665709740654165 -1797.8130419953481578 7910.1246429569600878 15620
67000000 311.63454941318383362 13003.998632055741837 5218.4273820459875424 -1166.6701022993702281 -1644.8970994183500807 8029.9945837637078512 15605
68000000 312.91205719229463966 13057.306936424687592 5014.0473902148814886 -1159.592134549786806 -1854.5101930648058897 8028.1497178294730475 15626
69000000 310.1805206620762192 12943.324397039188625 5023.0471993867404308 -1136.1474802101665773 -1747.9065321528983077 7907.101211749804861 15619
70000000 311.63059526551541012 13003.833631958776095 5237.247971514974779 -1146.4148248073488503 -1678.8386518378570145 8062.501448160180189 15598
71000000 313.29641149691673263 13073.345411173209868 5205.6402619087175481 -1117.387041177610854 -1645.8363264530389642 7968.8636295393680484 15606
72000000 311.61697676292840242 13003.265354181661678 5202.0158402084307454 -1090.5828998357046657 -1673.6883421056663792 7966.2870821498017904 15617
73000000 308.18636114889420696 12860.111391195161559 5133.5207305526400887 -1127.6669783224294861 -1683.6220393189407787 7944.809748194011263 15622
74000000 303.99186088640107073 12685.081774683358162 5119.4114299298189508 -1107.3706798836130929 -1778.6454369890070666 8005.4275468024379734 15626
75000000 312.98728765034206845 13060.446180052776981 5033.7222297309672285 -1103.9045890104393948 -1742.3830924307762871 7880.0099111721829104 15628
76000000 310.85470850942544985 12971.457150166806969 4986.9862784692422792 -1119.1511885298609741 -1804.9884645289994296 7911.1259315281040472 15632
77000000 307.13188772845177255 12816.109944812553294 5231.4532330416386685 -1111.4567111292590198 -1639.9512880599752407 7982.8612322308727016 15608
78000000 312.62533896179428439 13045.342654915359162 5056.4587573184098801 -1085.1336438060043292 -1734.693469789861183 7876.2858709142756197 15618
79000000 308.79081203934470068 12885.334135487681124 5212.4755520173112018 -1107.4160729429795538 -1719.8027312952817738 8039.6943562555734388 15602
80000000 314.12350476922910048 13107.858656902817529 5172.0806301451711988 -1093.6124796500980665 -1717.8419337977429677 7983.5350435930131425 15613
81000000 308.91661343351563573 12890.583621338302692 5047.7053404142734507 -1102.6940186743631784 -1731.8474050202312355 7882.2467641088678647 15618
82000000 312.17193821520663732 13026.422985387378503 5099.446911096571057 -1081.486755743409276 -1731.9314166770541306 7912.8650835170337814 15618
83000000 305.68552050104403861 12755.755412614254965 5140.2690846388550199 -1091.0273172880656603 -1743.9456440248798117 7975.2420459517998097 15617
84000000 306.81637408167995318 12802.944077809868759 5066.3899025225382502 -1120.9568155130791638 -1701.1932778889945439 7888.5399959246115031 15611
85000000 305.34658094994347266 12741.612021044991707 5136.7501332753090537 -1089.1576647982255963 -1708.7970439921136858 7934.7048420656483358 15610
86000000 309.15814474312713855 12900.662326750461943 5284.176506611925106 -1084.518493783881695 -1584.4485843651830237 7953.1435847609891425 15614
87000000 312.39628626429134783 13035.784661520192458 5089.3625258648789895 -1083.9395905449578095 -1727.7768241676574235 7901.0789405774949046 15620
88000000 303.8686391878028985 12679.939935298003547 5004.5715301605541754 -1070.1533776897956614 -1840.5811170572287665 7915.3060249075788306 15613
89000000 308.60283121510474302 12877.490004001387206 5260.9986528636181902 -1082.4912499992435642 -1639.3270315251168086 7982.8169343879790176 15599
90000000 309.4169166157332711 12911.46045257996775 5294.5381767971266527 -1056.0664008184839986 -1663.4293799047381981 8014.0339575203488494 15611
91000000 306.36156313062207346 12783.965562762234185 4943.6606580766883781 -1109.7457133775169495 -1783.9006923482570528 7837.3070638024619257 15615
92000000 309.98446986839297779 12935.143518963663155 5363.5018839431122615 -1090.7560647100851838 -1562.0131550798632816 8016.2711037330609543 15600
93000000 313.72719065301316732 13091.321118831890999 5086.6558343550987047 -1064.1659920761030662 -1792.9333779645314735 7943.755204395733017 15607
94000000 311.79733476274088844 13010.791397706869247 5156.5881673894318737 -1067.9822931060361952 -1797.3951102547584924 8021.9655707502270161 15604
95000000 311.87588149871425003 13014.069024173746584 5235.1171229168594436 -1056.9955773694523486 -1717.9336157540683416 8010.0463160403787697 15607
96000000 308.03348563872361865 12853.732146888403804 5151.4646518632307561 -1067.2018249671887133 -1775.8988972535089488 7994.565374083928873 15620
97000000 309.10819058669306969 12898.577821732782468 5064.9581158617538676 -1073.0563895391294409 -1695.4636261435800861 7833.4781315444633947 15613
98000000 310.29339045031588284 12948.034268183555469 5326.9130533120878681 -1075.0104730691798522 -1526.6175360730821922 7928.5410624543501399 15610
99000000 308.38359362118831086 12868.341578781035423 5111.2579394598178624 -1052.685270433575397 -1816.6380162539273897 7980.5812261473211038 15616
100000000 310.47454454963991566 12955.593531635688123 5102.4993784984362719 -1072.094317134598441 -1757.5393196275829268 7932.1330152606169577 15604
101000000 310.49588988025595881 12956.484237273603867 5128.0661880596089759 -1096.4245115033484126 -1699.6436255574467395 7924.1343251204025364 15617
102000000 311.03638290809942646 12979.038124857464936 5116.6929451990363305 -1076.6032655490000707 -1734.5233014637101405 7927.819512211746769 15612
103000000 311.79177307773022676 13010.559317713150449 5224.6065893753475393 -1062.5458450711823843 -1683.4846116024789353 7970.6370460490097685 15621
104000000 311.58991264847850289 13002.136013073793947 5165.7305575042228156 -1069.1540374633839292 -1707.6747699308166375 7942.5593648984240644 15620
105000000 314.34215292733802016 13116.982485933660428 5034.7700304147128918 -1101.9588025672524054 -1695.9007363932546468 7832.629569375219944 15611
106000000 314.06530394121261907 13105.430031805452018 5052.2002162608496292 -1043.237595349071853 -1683.538143604517245 7778.9759552144387271 15616
107000000 312.52799014016540013 13041.280448251567577 5071.4471636210846555 -1040.0528713196013086 -1833.0477075494445671 7944.547742490130986 15630
108000000 311.18714515379002705 12985.329186103459506 5061.8146604575395031 -1054.711632470698305 -1718.345332716194207 7834.8716256444313331 15613
109000000 308.50460706580213355 12873.391271349402814 5014.2506204201763467 -1066.3780773361418142 -1714.9758142101700287 7795.6045119664886442 15626
110000000 311.68458174664323224 13006.086399272469862 5183.5806083203096932 -1062.7370532313984768 -1732.2609981559346579 7978.5786597076421458 15631
111000000 306.32203198075728778 12782.315992713813102 5058.0611250456595371 -1024.3398698446899289 -1791.197480712781271 7873.5984756031302823 15617
112000000 309.99200891911391409 12935.458111185374946 5182.385330548409911 -1016.1455386403481498 -1720.0000352904273768 7918.530904479185665 15618
113000000 310.91032699357083402 12973.778018289760439 5220.395206432048326 -1033.2860418215429945 -1754.694009162518114 8008.3752574161098892 15624
114000000 308.58158212020140354 12876.603314121924996 5180.401923765990432 -1037.1776048450474264 -1725.7907608605551104 7943.370289471592514 15632
115000000 307.44122277182185599 12829.017988828873058 5078.8000456733279862 -1020.4102046756652271 -1788.8362493506415376 7888.0464996996342961 15621
116000000 307.17998519116690659 12818.116973046524436 5176.2569086113144294 -1004.9297188662093276 -1767.354903204625316 7948.541530682148732 15636
117000000 307.57425269257021228 12834.569109237992961 5250.1082521582484333 -998.13598035377890483 -1712.312412480943749 7960.5566449929719965 15620
118000000 308.37881060420647827 12868.14199132705653 5085.8344332198175834 -977.07037316890864531 -1783.4310688223094985 7846.335875211036182 15624
119000000 312.19325635046556044 13027.312556207645684 5260.5208102509168384 -995.23671330486718034 -1695.0647861505631226 7950.8223097063464593 15613
120000000 310.92682371412792008 12974.466399382170493 5100.1076693356935721 -1017.1439890559781816 -1781.2466973012988092 7898.4983556929719271 15623
121000000 311.0992961466843667 12981.663391118980144 5117.6225110916857375 -1002.1177473132207751 -1822.6426644776449848 7942.3829228825525206 15609
122000000 313.12776009432428737 13066.307864749887813 5059.6839557893590609 -1014.5225287709495205 -1721.8401439410026796 7796.0466285013117158 15610
123000000 307.7758626082278397 12842.98196035593719 5218.8813853152787487 -1014.6861993209761295 -1709.5975720691785682 7943.165156705433219 15611
124000000 311.04723410472752221 12979.490927495598953 5091.9539406462681654 -1025.2871834949482945 -1719.8635029231522822 7837.1046270643691969 15622
125000000 309.77642272105259735 12926.462052725366448 5111.5043737157366195 -1017.4492712564813246 -1723.3255877788826638 7852.2792327511015174 15615
126000000 307.74509565058411908 12841.698105674660837 5268.2506381011098711 -971.76892908997001541 -1666.8995680776565678 7906.9191352687385006 15620
127000000 310.33647746390892053 12949.832218593348443 5067.5702428076901924 -986.75697389890410705 -1823.5926641631688199 7877.9198808697619825 15634
128000000 308.83615233067155259 12887.226111481682892 5019.0985240718218847 -984.59544080685611789 -1789.7910758429854923 7793.4850407216645181 15621
129000000 310.02373973884567704 12936.782186250746236 5147.0026747182946565 -971.81051160514789444 -1812.3870611332470162 7931.200247456688885 15621
130000000 309.95140979344290599 12933.763976258158436 5082.2662760084731417 -997.65438088893029089 -1766.0074792277441702 7845.9281361251469207 15633
131000000 311.08118177372017499 12980.907508044749193 5162.178179729351541 -953.87241700133381528 -1717.3197657476305267 7833.3703624783156556 15629
132000000 309.53637148005236668 12916.445108148880536 5181.7208849052894948 -982.44980256985900269 -1717.4211714799585025 7881.5918589551056357 15619
133000000 309.07143291667466656 12897.043984449539494 5201.8982197352988806 -977.82310984413027199 -1696.220023636448559 7875.9413532158778253 15613
134000000 311.45240685813365644 12996.398121967333282 5217.4062618122097774 -954.80052401034868126 -1756.7506885309539939 7928.9574743535140442 15609
135000000 306.25359995588519268 12779.460436551951716 5264.6564654086923838 -954.6279056846739195 -1697.2361007897181935 7916.5204718830846105 15610
136000000 306.77576816306105911 12801.249659424076526 5377.6786270596512622 -975.99706958486888198 -1566.7319924166567944 7920.4076890611777344 15613
137000000 315.29475606063101623 13156.733052312005384 5261.7272566791198187 -940.92340349589846937 -1713.7966064708170961 7916.4472666458359527 15597
138000000 311.81600341677784627 13011.570410021184216 5223.1175883777013951 -978.26443377473901819 -1743.3652535704638922 7944.7472757229052149 15623
139000000 311.86757683775618943 13013.722484292524314 5348.7916616706988862 -917.63630441634609269 -1739.0080524264024007 8005.4360185134491985 15639
140000000 307.70835140086069259 12840.164828398315876 5326.4854783402561225 -943.01583888692300661 -1692.7130566691312197 7962.2143738963095529 15623
141000000 312.91016181751064096 13057.227845543575313 5110.6288124996990518 -961.77915735739304637 -1832.9042244406309692 7905.3121942977231811 15635
142000000 313.35225821630029941 13075.675803178321075 5262.8496148587710195 -947.05161736145510076 -1718.2914215915252498 7928.1926538117513701 15641
143000000 308.40476145411304287 12869.224877731408924 5247.5506460593196607 -981.16798159346376451 -1656.1559319622692783 7884.8745596150529309 15620
144000000 306.26798179863851601 12780.060567262244149 5172.3634579886584106 -986.34816611821065635 -1739.3172185311775593 7898.0288426380466262 15622
145000000 308.82988344195365471 12886.964521037152736 5063.2793361254989577 -921.88855565707706319 -1736.1830210045300191 7721.350912787105699 15634
146000000 307.84664813069747424 12845.935724112547177 5096.6487026177419466 -937.53009194783533076 -1774.5305745570758518 7808.7093691226536976 15628
147000000 310.23161359394464398 12945.456421288026831 5206.0083385778143565 -958.92277227372630932 -1774.8438175556527767 7939.7749284071942384 15622
148000000 314.31327378662439287 13115.777406756649725 5279.4395012172981296 -919.03763242000627542 -1693.9148344795717094 7892.3919681168772513 15628
149000000 309.69910048332860697 12923.235522562123151 5098.3260747078620625 -932.23546158409135387 -1772.2506605164103348 7802.8121968083632964 15630
150000000 310.03171318936875878 12937.114905263737455 5296.7967322778804373 -943.29580376156513921 -1668.461778247692564 7908.5543142871374585 15618
151000000 313.46475887745697264 13080.370271254923864 5143.7724499362502684 -971.72096952507990864 -1741.1074070467525416 7856.6008265080818092 15627
152000000 307.5154076387365194 12832.113601653876685 5152.9270301624173953 -945.37348922160242637 -1736.6458147747875955 7834.9463341588070762 15635
153000000 307.47629179096912821 12830.481361480839041 5238.0023494510141973 -937.7316277721786264 -1744.4835608639659768 7920.2175380871594825 15615
154000000 308.24686214305245358 12862.635998453097272 5049.5872505774796082 -963.68824391188411482 -1778.1908527222681187 7791.466347211631728 15635
155000000 308.24384274413705498 12862.510003888502979 5160.7613229857579427 -961.96546850260131123 -1713.4624337030745664 7836.1892251914332519 15629
156000000 310.43608909421408271 12953.98884855194774 5349.385343096165343 -930.74298317574630346 -1758.0594580888375731 8038.1877843607489922 15627
157000000 307.82358865752917154 12844.973490117306937 5090.8218803642957937 -941.06740015088917062 -1818.9127012805483901 7850.8019817957338091 15614
158000000 309.88003031392310049 12930.785427647999313 5241.1312514725595975 -967.52506354555566759 -1708.3479458777583204 7917.0042608958719939 15616
159000000 308.54919300444180408 12875.251769442989826 5144.5477034413406727 -955.11892588916828117 -1700.976805255018462 7800.6434345855268475 15617
160000000 310.28829397322357408 12947.821600553275857 5066.3193125847192277 -923.96697268860077656 -1725.5647022184471098 7715.8509874917672278 15615
161000000 310.38493748141121387 12951.85437564395761 5189.606847566250508 -930.80001495771398368 -1777.5210364976023811 7897.9278990215661906 15616
162000000 313.1053124275817936 13065.37116043336755 5157.3982535358300083 -921.33046027468344619 -1757.6879082900381945 7836.4166221005507396 15632
163000000 312.61632375034179177 13044.966464927385459 5198.9984420818182116 -960.44688582891251372 -1741.2108992759012835 7900.6562271866314404 15628
164000000 310.81225242536908127 12969.685527411786097 5071.4134003839099023 -946.10740756173140653 -1770.8505461176594054 7788.3713540632998047 15622
165000000 308.8298349722760463 12886.962498477001645 5298.5910652877064422 -955.50139490210403892 -1612.8429256646031718 7866.9353858544145623 15602
166000000 312.60221289121307109 13044.377641919305461 5157.3245568505171832 -935.31214673603540177 -1774.2698594491710082 7866.9065630357235932 15632
167000000 308.34066315727437768 12866.550160932591098 5133.2897902612476173 -940.58025902864062573 -1771.1409875221179391 7845.0110368120067506 15636
168000000 309.51803239382627453 12915.679848158784807 5084.4536274721585869 -949.92910952613578957 -1895.9124230046995763 7930.2951600029937254 15639
169000000 309.92417221944560879 12932.627396967869572 5065.1034578252165375 -939.94105924908558336 -1839.6746115101075247 7844.7191285844091908 15623
170000000 313.15283711334529926 13067.354287624562858 5306.5282721587509513 -943.14573208681417782 -1706.8823224139973718 7956.5563266595618188 15614
171000000 308.86239599899539598 12888.321216718331925 5302.0314361255732365 -929.67322226577675792 -1720.4272604322352436 7952.1319188235847832 15617
172000000 310.98402675399955797 12976.853388416731832 5325.2062520168319679 -925.5456596838812402 -1726.4938064611280879 7977.2457181618410686 15628
173000000 308.52815966059239372 12874.37408250115368 5222.4011571149876545 -908.69526832724886845 -1757.6377507970178158 7888.7341762392552482 15645
174000000 308.36920146161696721 12867.741017566848313 5212.7697172119942479 -946.09960402103297383 -1715.834710176839053 7874.70403140986582 15624
175000000 311.81592993127691216 13011.567343591754252 4913.053820854353944 -943.60172596924439858 -1855.9059321843619728 7712.5614790079598606 15634
176000000 310.3555799634189043 12950.629334567698606 5367.6227203186554107 -960.64621471955933885 -1660.8440065994650467 7989.1129416376807058 15634
177000000 306.58813602964670508 12793.420078234043103 5367.8281517411069217 -929.26027857152132583 -1669.0118350165162155 7966.1002653291443494 15631
178000000 310.10890511443449213 12940.33599769347893 5132.3141580708406764 -916.84989461010638934 -1795.2572522558930359 7844.4213049368390784 15633
179000000 311.22717650534877976 12986.999628748184477 5097.1662522402748436 -952.79467313562452091 -1813.9267059109529328 7863.8876312868533205 15627
180000000 308.02493770435995657 12853.375455606961623 5306.9975425199909296 -908.10757717406886513 -1734.7637326305812167 7949.8688523246401019 15628
181000000 309.00300145896960657 12894.188451954629272 5229.6703171434910473 -908.94815881024362625 -1591.8083395643168387 7730.4268155180525355 15600
182000000 307.84771982669445833 12845.980444228802298 5147.8110705794497335 -926.4300706132310097 -1778.2313908851524502 7852.4725320778343303 15642
183000000 308.23459572717456467 12862.12414103678384 5149.8033164294192829 -896.85395615794345758 -1797.4586802546009494 7844.1159528419639173 15642
184000000 307.92752491861574526 12849.310579825543755 5203.1131842457998573 -906.62593991762832957 -1753.4433991736605094 7863.182523337089151 15623
185000000 309.69212828787988201 12922.944584281216521 5163.1649844819639839 -902.17640964862243891 -1736.3498681090636637 7801.6912622396512234 15627
186000000 311.30210229620576001 12990.126159114104667 5097.9351864012814985 -895.83603749806889027 -1670.2682608800998878 7664.0394847794495945 15620
187000000 310.66236165694505189 12963.430831482806752 5201.4600534176570363 -927.35248612668408441 -1765.0739023998685298 7893.8864419442106737 15626
188000000 310.3728589584785027 12951.350358692083319 5188.6867690612270962 -907.73198480518067299 -1791.3398984807333818 7887.7586523471418332 15625
189000000 307.51045356248863527 12831.906876177283266 5029.8655587793346058 -904.75193958409795414 -1811.2209790840815913 7745.8384774475143786 15629
190000000 309.17371910499832666 12901.312219327679486 5344.8777143295901624 -904.24057479289922412 -1573.8317471441473572 7822.9500362666367437 15599
191000000 308.71044073790392304 12881.980372896336121 5097.9931899813509517 -904.96088233733212292 -1824.975607071925424 7827.929679390608726 15614
192000000 314.48411602736229042 13122.906373262565467 5129.1228678978768585 -900.98756028812522345 -1715.5693100048697488 7745.6797381908709212 15622
193000000 308.82630555170675279 12886.815221545282839 5067.1816963548935746 -907.21931420757528031 -1762.5015047000606501 7736.9025152625290502 15626
194000000 310.51183952096835128 12957.149789621365926 5047.1095347015816515 -923.12010087690759974 -1833.9189153206807532 7804.1485508991700044 15654
195000000 308.4668991216049676 12871.81778068323365 5161.0305025772449881 -905.34804451981449347 -1788.7606827094596156 7855.139229806518415 15633
196000000 314.13471855076227257 13108.326589614360273 5098.9687918205654569 -881.18993283591453292 -1844.7284088752110165 7824.8871335316916884 15624
197000000 311.54525883283031362 13000.272682583967253 5136.6234715306891303 -924.47203563327116171 -1752.0085169765598039 7813.1040241405198685 15624
198000000 307.11947217502228114 12815.591864130814429 5071.0298791442382935 -953.49006686446853109 -1893.1303568577654914 7917.6503028664710655 15636
199000000 309.57218623380470035 12917.939599082827044 5193.7966943098745105 -919.48527039773489378 -1749.8715424844654081 7863.1535071920752671 15613
200000000 310.64545650067884708 12962.725407038135018 5172.9058934982886058 -906.96975737122761529 -1709.3802049784253541 7789.2558558479413477 15624
201000000 310.909880977162004 12973.7594067565351 5406.3156141687504714 -894.276692385125898 -1607.6912887393032179 7908.2835952931800421 15614
202000000 309.30935938009133679 12906.972265542332025 5298.5035501120019035 -930.99818388960238735 -1745.3525294577807472 7974.854263459385038 15621
203000000 312.71190663009508626 13048.954981733049863 5151.7358628325073369 -916.88773602574462984 -1856.2120573665758911 7924.8356562248272894 15639
204000000 314.74536617912895053 13133.807913616788937 5174.2972061204272904 -910.22921849693716467 -1763.9952419426304004 7848.5216665599946282 15628
205000000 309.57532250847316391 12918.07047068090651 5108.2631920985659235 -906.69059894750762396 -1797.6194700891164757 7812.5732611351904779 15618
206000000 310.02910127409290908 12937.005914323104662 5144.4090435615198658 -913.97327781357807908 -1796.7505356865619888 7855.1328570616606157 15618
207000000 312.34747271107227107 13033.747752003959249 5186.130875318627659 -915.73298247533637095 -1730.8061238737002441 7832.6699816676627961 15635
208000000 311.74925530958574882 13008.785120982300214 5184.3251275340489883 -911.49714222082150172 -1727.7834770894924077 7823.6057468443632388 15630
209000000 309.35186458132392318 12908.745937876561584 5188.5570098482821777 -974.33676271856927542 -1755.3509644228070101 7918.2447369896581222 15640
210000000 310.35778964241546873 12950.721540848109726 5011.3203417142976832 -920.54603542195627597 -1911.133775628080457 7843.0001527643344161 15638
211000000 310.94534655728028838 12975.239327247416441 5324.8586940363684334 -898.41300673882994943 -1696.5407973579908685 7919.812498133189365 15611
212000000 309.46030773018247828 12913.271092619730553 5253.8609734800520528 -918.55027928862455155 -1758.9048922583197054 7931.3161450269954003 15638
213000000 313.33902543375609184 13075.123620865970224 5327.4964395974757281 -939.80104318411258646 -1659.0639536866390245 7926.3614364682271116 15605
214000000 313.3249527790047182 13074.536392063897438 5196.0667795388635568 -899.06118820613733078 -1750.2217391470585426 7845.3497068920587481 15611
215000000 308.35163838994043317 12867.008139391156874 5260.7758166774001438 -916.20015850033223614 -1785.7278494168558609 7962.7038245945886956 15629
216000000 313.89963694566989716 13098.517019793558575 5152.3470810282160528 -949.95866121803157966 -1743.7845288775067729 7846.0902711237540643 15624
217000000 308.00141580254734208 12852.393925222828329 4981.3528867875593278 -920.69433433242261344 -1906.9402410143329689 7808.9874621343151375 15636
218000000 311.34390208445324788 12991.87039572141839 5320.636872071137077 -868.9830703344352969 -1751.9291687340726185 7941.5491111396449924 15631
219000000 308.8707454380360673 12888.669625115500821 5288.897772789145165 -915.67587239540182509 -1690.3659730165084056 7894.9396182010541452 15622
220000000 312.02100924867784215 13020.124967154246406 5054.2267526938721858 -914.13165919144341842 -1871.6522907558335191 7840.0107026411487823 15639
221000000 313.86551739299375186 13097.093266820204008 5170.1785273460254757 -891.96563792644087698 -1703.010057257313747 7765.1542225297798723 15619
222000000 306.99301765849344292 12810.315124555389048 5306.5551496988309736 -934.5505242111539701 -1643.7297610732130124 7884.8354349831970467 15628
223000000 313.51580000171571783 13082.500133657180413 4984.6520498366862739 -924.34978737473079491 -1927.6121518497379839 7836.6139890611548253 15654
224000000 312.52542696584578152 13041.173491191097128 5275.0025137164402622 -866.4414944598644297 -1730.7442997685909631 7872.188307944895314 15629
225000000 311.07989094526271856 12980.853643890321109 5110.3604206573863848 -899.90073126319111907 -1802.7015549434813693 7812.9627068640584184 15634
226000000 309.91220111537052162 12932.127862428744265 5107.3952478899163907 -887.55928142073832987 -1773.4677489879238692 7768.4222782985798403 15619
227000000 308.38950743703969692 12868.588352617203782 5140.4187199368407164 -873.16786321584027064 -1715.6904837677461728 7729.2770669204264777 15613
228000000 309.3137941597026952 12907.157321621987649 5150.0075173875029577 -885.56216018238592369 -1816.6829291285826002 7852.2526066984710269 15621
229000000 309.9204301703072133 12932.471247394696547 5092.267009229373798 -885.08968323121803223 -1798.0753849575689856 7775.4320774181624074 15627
230000000 308.83287030937520967 12887.089158115863029 5121.4527253282503807 -920.94549973053130998 -1792.5573340975154224 7834.9555591562984773 15633
231000000 310.41210246383633375 12952.987925806997737 5359.6968198402209964 -887.19666890742439591 -1667.665952055109301 7914.5594408027554891 15605
232000000 308.13397491696082398 12857.925399655767251 5147.4556506735370931 -899.73052867603519189 -1809.5917232414644786 7856.7779025910376731 15622
233000000 308.35799880931449479 12867.27354925984946 5126.0714177626578021 -851.90691505498818969 -1852.5589133527232661 7830.5372461703682347 15639
234000000 310.27255608775737983 12947.164884404635814 5124.8911901488863805 -888.95904283423521974 -1813.4290788883199639 7827.2793118714425873 15608
235000000 305.32893919675376537 12740.875859618801769 5159.4286501385695374 -860.0523871326573726 -1782.8679177346421056 7802.3489550058702662 15622
236000000 308.86190345713936267 12888.300663754504058 5288.7608214380707068 -858.25516642265279188 -1693.7742215089731417 7840.7902093696957309 15612
237000000 311.42846162486836192 12995.398926655989271 5239.5399360697774682 -848.01297185088083097 -1767.1396991291817358 7854.6926070498411718 15632
238000000 310.39527663039689287 12952.28581137378751 5167.7948227043116276 -859.04702010818186864 -1765.9054752123031449 7792.7473180247970959 15635
239000000 307.72726237338065403 12840.953952265497719 5218.0782849129118404 -849.07728671735208081 -1768.0720049954702517 7835.2275766257334908 15639
240000000 309.90615600057037682 12931.875609702789006 5128.246133016674321 -900.77288261788828549 -1765.8274188586456148 7794.8464344932071981 15627
241000000 311.83940597206395751 13012.546960270507043 5181.8834087568975519 -846.56293583385536294 -1799.4063258685255278 7827.8526704592777605 15636
242000000 309.46898637025543621 12913.633238036049079 5149.2024433454016616 -859.36587919530700219 -1852.4144672340789839 7860.9827897747873067 15638
243000000 311.15006499793537387 12983.781892015182166 5297.3993261483064998 -881.72833676735535846 -1743.5941696972777208 7922.7218326129395791 15622
244000000 308.70800467189980054 12881.878719857400938 5264.7629369530377517 -850.64584318563242959 -1816.6484380239626262 7932.0572181626321253 15620
245000000 310.69002167790898739 12964.585038792152773 5227.6903956830046809 -841.43304254829229194 -1740.6895577027703439 7809.8129959340676578 15623
246000000 308.37759202868295461 12868.091142169058003 5311.6286498659155768 -869.22348159002683587 -1728.1834259151200968 7909.0355573710621684 15639
247000000 307.31956499290902229 12823.94140924698695 5376.253949020503569 -881.43929950244933025 -1704.155245840378484 7961.8484943633320654 15635
248000000 311.60728090202235308 13002.860761808331517 5151.3911337691970402 -865.33620923055013918 -1719.8522705654017955 7736.5796135651489749 15622
249000000 308.47139916814205662 12872.00556024465368 5075.4595755537429795 -883.25729689008210244 -1824.9202502425619059 7783.6371226863866468 15627
250000000 308.5054707872675408 12873.427313029556899 5136.4487447828423683 -878.10350761237532424 -1811.7277203647790884 7826.279972759996781 15628
251000000 310.89824741428208199 12973.273957257879374 5276.9766199619180043 -875.51951455222729237 -1738.3980071854034577 7890.8941416995503459 15624
252000000 308.46281789267413842 12871.647477693613837 5339.211572497933048 -879.33277438177105978 -1661.6637329567265624 7880.2080798364295333 15622
253000000 313.93219486627759807 13099.875608421945799 5157.281009292413728 -899.66711089823093062 -1835.2917567072859129 7892.2398768979310262 15626
254000000 309.41031085808026546 12911.184805147277075 5069.4755147774421857 -878.61538169334050963 -1880.0856571282856748 7828.1765535990689386 15640
255000000 315.25240455182517962 13154.96579331067187 5189.7576633934459096 -865.53667819312795473 -1783.7274937705155935 7839.0218353570899126 15631
256000000 309.84904868929368149 12929.492615265486165 5258.1376719402951494 -861.90387527377492916 -1783.6069434021317193 7903.6484906162022526 15643
257000000 312.46941644958451434 13038.836264210924128 5084.0873505158369881 -873.27732088492439289 -1782.2933503155134076 7739.6580217162754707 15632
258000000 308.49860843388677267 12873.140958277990649 5058.80885475478226 -871.50215896552913364 -1823.3341603620399383 7753.6451740823522414 15635
259000000 311.88814951365361594 13014.580948316272043 5273.6790557730355431 -878.1611601895357353 -1742.593211007971604 7894.4334269705414044 15625
260000000 309.13419407631539571 12899.662904706137851 5137.5771025973899668 -849.4519634610974208 -1820.6380587916330569 7807.6671248501206719 15633
261000000 310.05832392414419019 12938.225327581381862 5183.2699784467477002 -855.61518721158699918 -1696.5873955762085643 7735.472561234544628 15617
262000000 308.1417783875826899 12858.251025686267894 5025.2901126935148568 -875.69792251200726696 -1814.0530774048256717 7715.0411126103481365 15633
263000000 309.99495805086763767 12935.581173616557862 5132.8285415087921137 -897.76166232085097363 -1728.8276266533789567 7759.4178304830220441 15630
264000000 308.90191684712516462 12889.970356892246855 5166.8863773157045216 -870.18588587892463693 -1773.5656454839722755 7810.6379086786018888 15640
265000000 311.25971466441887969 12988.357392760019138 5205.9030170388305123 -893.99882745998775135 -1678.9057064158878347 7778.8075509147065532 15621
266000000 309.27651709578265127 12905.601810883092185 5284.3736723177007661 -870.88257443909515132 -1670.1842117785627124 7825.4404585353586299 15629
267000000 306.76363155626131629 12800.743218727695421 5300.3153400979372236 -867.36866523568642151 -1707.1834470985406824 7874.8674524321650097 15615
268000000 311.21208047050765799 12986.369695973422495 5230.6068812988269201 -881.3913595184044425 -1641.5791623366230851 7753.577403153853993 15614
269000000 309.46731644256016125 12913.563554692191246 5298.5094625945530424 -881.16387460080045457 -1593.6973534967323758 7773.3706906920870097 15609
270000000 313.53410577767658651 13083.264003664540724 5175.4712139272778586 -874.54380281283579279 -1695.1095143456968799 7745.1245310858103039 15605
271000000 311.11170725650748636 12982.181286376313437 5424.426699168576306 -891.91202959087104318 -1717.830245131108768 8034.1689738905561171 15615
272000000 307.43005006340411001 12828.55177003107201 5079.3397531237515068 -901.31042239425119078 -1864.7370678402469366 7845.3872433582491794 15634
273000000 308.78559238162387146 12885.116327731802812 5225.255473718571011 -877.6692047337189706 -1697.3806651870513633 7800.305343639340208 15632
274000000 309.08271334072588843 12897.514698044060424 5296.8772638591490249 -863.09281641568111354 -1677.6878323298053601 7837.6579126046344754 15631
275000000 311.2254455973376821 12986.927400795761059 5191.9470425023064308 -847.99205411064008331 -1853.3052727904755557 7893.2443694034218424 15636
276000000 306.73220708778626431 12799.431927197816549 5154.8444737277623062 -850.58086532321362938 -1893.3093173663705784 7898.7346564173467414 15620
277000000 310.83554499884439792 12970.657488300526893 5131.4314119339442186 -873.9804709738486963 -1811.6560447745623605 7817.0679276823557302 15639
278000000 309.9253253139531239 12932.675513710466475 5056.6006960213744605 -852.61798226127166345 -1853.772067054206218 7762.990745336850523 15641
279000000 309.52312949736551673 12915.89254192966655 5078.107664391029175 -878.58069563539265801 -1763.0511319253860165 7719.7394919518083043 15640
280000000 311.13220825545550952 12983.036759438518857 5096.0796043125847063 -902.65466938031329391 -1808.8943855320692364 7807.628659224967123 15637
281000000 310.91479997910749944 12973.964668640015589 5161.429126129949509 -881.47428046395418733 -1817.2608873665278679 7860.164293960431678 15639
282000000 310.16580832021674041 12942.710475143252552 5326.8483574616129772 -879.57057592498335907 -1711.041740347308405 7917.4606737339054234 15625
283000000 311.40103245294227463 12994.254352298374215 5376.6027026110541556 -891.65816148508542938 -1700.1330701565684649 7968.3939342527082772 15620
284000000 310.19253909623529353 12943.825906585092525 5173.8733217492954282 -882.68450960422342177 -1860.8146241258891678 7917.3724554794071082 15637
285000000 313.42503265119609068 13078.7125609884406 5275.5977450202399268 -861.98675441425450572 -1729.4253951092543957 7867.0098945437484872 15611
286000000 312.04952174153459055 13021.314746717533126 5162.9819233458047165 -885.52772979571705037 -1787.7064544484460384 7836.2161075899684874 15620
287000000 312.13645681936151277 13024.942404932155114 5262.4345621736374596 -898.31807429240575402 -1676.3369890028766349 7837.0896254689196212 15628
288000000 312.69193192384307167 13048.121470001868147 5135.3959697767650141 -902.75801210749705206 -1803.0238079935488713 7841.1777898778127565 15631
289000000 308.22740892413719394 12861.824247533182643 5217.3549352197587723 -878.24757138131326428 -1659.3006731200850936 7754.9031797211573576 15625
290000000 310.65590150519642521 12963.161259945696656 5184.950240686152938 -867.40921399729086261 -1707.4828573281572517 7759.8423120116012797 15621
291000000 310.20430057678811409 12944.316693878437945 5240.3955668643429817 -892.74930534631471346 -1779.086513084022954 7912.2313852946808765 15633
292000000 307.26157016192485116 12821.521380067923019 5058.6873731553732796 -895.62455896032963665 -1857.2577416320955308 7811.5696737477974239 15630
293000000 310.17417721909555439 12943.059695567550079 5341.6431796405613568 -871.57944785899815088 -1709.2907751940911112 7922.5134026936502778 15633
294000000 313.45369035747819453 13079.908400069800336 5240.6883938523587858 -878.05476817079738794 -1714.3671305658763231 7833.1102925890327242 15626
295000000 310.72802344701813126 12966.170790289994329 5166.1538855680282722 -890.50555871948472486 -1747.4096226487845342 7804.0690669362975314 15627
296000000 312.23206116031127522 13028.931817278347808 5306.9283341320515319 -871.62862934156646588 -1726.2696454039410128 7904.8266088775590106 15626
297000000 311.81478256967329798 13011.519466073836156 5048.5845269072842711 -866.13083522411648119 -1843.1826925657346692 7757.8980546971361036 15629
298000000 312.01240364643842895 13019.76586948692966 5128.7432672536415339 -877.02782966403367482 -1850.5945419357490209 7856.3656388534245707 15659
299000000 311.51967715419391425 12999.20520109123936 5181.9180022521541105 -856.93263168750127079 -1779.3024168720439775 7818.1530508116993587 15636
300000000 311.70837491645033879 13007.079249225102103 5169.4029456788093739 -869.51148160542061305 -1821.4466187821162748 7860.361046066345807 15636
301000000 309.6866099605740601 12922.714313533408131 5300.8454745699809791 -872.85684758187539956 -1712.0640762638199703 7885.7663984156752122 15632
302000000 310.01528573696378999 12936.429414617707153 5524.3613584930180878 -867.92825349999770879 -1652.6878504157484713 8044.9774624087640404 15625
303000000 308.37861485971347975 12868.133823230406051 5215.9739083095009846 -860.45645372059902911 -1825.4617965588763582 7901.8921585889756898 15641
304000000 309.79278744418223823 12927.144925781620259 5194.0094008539163042 -919.53897183377216606 -1748.8887074169856533 7862.4370801046734414 15635
305000000 307.82011119763569695 12844.82838141936918 5232.202811131602175 -858.24573467326501941 -1752.2566109040335505 7842.7051567089010859 15624
306000000 312.68885119834840225 13047.992916379706003 5342.0033390375992894 -881.47346328977982921 -1698.0456812843290209 7921.5224836117076848 15625
307000000 310.12080689844464132 12940.832639619986367 5310.8990106621404266 -852.30155725311874448 -1830.537248301607633 7993.737816216867941 15617
308000000 305.57247550722928509 12751.038230428595853 5201.6936206001128085 -879.52677863382291434 -1795.1883054681347858 7876.4087047020702812 15628
309000000 310.94093829297969478 12975.05537760819243 5244.5376633766209125 -861.25070787592380839 -1710.9727936313308874 7816.7611648838756082 15620
310000000 311.12313862416061738 12982.658298599777481 5275.7417101926021132 -857.64652443581121588 -1775.1454412315347327 7908.5336758599478344 15626
311000000 310.11280269004316779 12940.498637131175201 5336.4845545629523258 -897.56429757115552093 -1729.4553492985619414 7963.5042014326700155 15640
312000000 310.83098271574345972 12970.467111709371238 5227.8157751244034444 -859.47340007458933542 -1731.3565895931944851 7818.6457647921870375 15622
313000000 311.09803987302109363 12981.610968879438587 5282.5024943972257461 -867.33661790184123674 -1699.3187416346429472 7849.1578539337097027 15614
314000000 311.75926299563064958 13009.20272530724651 5258.6415160589131119 -869.52996285138601706 -1728.6022667114011711 7856.7737456217000727 15615
315000000 313.08539453175802691 13064.540019308182309 5427.7370703003307426 -884.69105181164707119 -1624.9644948932884745 7937.3926170052654925 15615
316000000 310.13053211687514477 12941.238457034662133 5332.0666228787031287 -863.35657650151551934 -1754.2262377812783143 7949.6494371614962802 15642
317000000 312.41777925512991487 13036.681528777016865 5296.5370979712379267 -846.53256213047870915 -1725.9005975301931812 7868.9702576319086802 15617
318000000 307.66758192744293865 12838.463585139015777 5273.0551867650692657 -885.00021609946441004 -1700.2497088023042124 7858.3051116668375471 15625
319000000 307.56465696289308198 12834.168695176618712 5328.7045613232530741 -863.50515431939538757 -1645.1167267152957265 7837.3264423579439608 15613
320000000 311.34641634749465311 12991.975311794469235 5261.9019916383931559 -879.99277743758693759 -1724.7493463940029415 7866.6441154699823528 15635
321000000 307.25202173480647616 12821.122939864744694 5237.2224041017525451 -908.15661926729183051 -1815.3061322464004661 7960.6851556154442733 15618
322000000 311.74742322867092525 13008.708671250538828 5212.4154323387710974 -867.93258654710052724 -1711.4859851970149975 7791.8340040828861675 15614
323000000 310.18836575952616386 12943.65176008895105 5234.0454925647336495 -843.72358835989439285 -1758.492114291961343 7836.2611952165898401 15632
324000000 309.3151921395731847 12907.215657029142676 5181.2585509982855001 -866.95217016979950131 -1761.1294577822798146 7809.3401789503650434 15628
325000000 312.66928396583296035 13047.176407859251412 4935.3280339281918714 -859.30706061122555184 -1865.9065596443406321 7660.5416541837576005 15629
326000000 310.89647132263672802 12973.199843866505034 5311.363085206163305 -859.9854753975564563 -1657.1863391702959234 7828.5348997740147752 15596
327000000 311.01797725596230748 12978.270087181079361 5108.4859842278083306 -858.91301015100350469 -1764.5103953004609139 7731.9093896792728628 15623
328000000 311.66932778987177244 13005.449876674563711 5294.6391739775745009 -870.59404223382307464 -1640.5724693516094703 7805.8056855630065911 15618
329000000 308.58763257525907875 12876.855789688068398 5313.0703565483836428 -884.30742611572873102 -1727.6266778622064066 7925.0044605263192352 15614
330000000 308.98424316392856781 12893.405699068234753 5232.1199628221847888 -869.73129528226399998 -1755.6584912521834667 7857.5097493566318008 15639
331000000 306.04860687218615567 12770.906411380408827 5219.0823838451769916 -875.22095890642060567 -1742.4550269548478809 7836.7583697064455919 15625
332000000 309.96534587933024341 12934.345506265522999 5195.8852379714353447 -864.97975862486987353 -1663.0820348673223634 7723.9470314636273542 15620
333000000 306.22654756722266711 12778.331584741959887 5127.0475727324601394 -862.15605376389305547 -1773.9881335732698062 7763.1917600696233421 15636
334000000 312.07384284790634865 13022.329626597134848 5223.1633465172526485 -890.76658918367320439 -1834.1080729177110697 7948.0380086186360131 15622
335000000 309.08903740455860998 12897.778590855637958 5192.4481305164554215 -842.73496262309856775 -1716.4721565817153532 7751.655249721268774 15622
336000000 309.88874732244937604 12931.149174116946597 5122.2618114714514377 -860.06893430347099638 -1784.3913576640766223 7766.7221034389995111 15634
337000000 304.18122712179069822 12692.983717104702009 5186.1620752370881746 -851.39231651350132779 -1743.1401986032392415 7780.6945903538280618 15636
338000000 310.67119713878258835 12963.799521648725204 5123.0526014062770628 -823.78996869244849677 -1816.4253384395299236 7763.267908538255142 15639
339000000 310.33711282577007751 12949.858731201751652 5266.62479612622883 -841.41786445875095524 -1838.9711205365442765 7947.013781121523607 15631
340000000 306.82871477177815223 12803.459034567576964 5232.5407075174525744 -856.85723464666148175 -1760.73139407562212 7850.129336239735494 15624
341000000 313.01924422685175387 13061.77967557822376 5116.5452333882149105 -854.62218330698260615 -1797.9350944838749911 7769.1025111790722804 15637
342000000 308.38576087640103651 12868.432014786525542 5244.2472229189816062 -869.206685356849448 -1708.5663681395753883 7822.020276415407352 15627
343000000 308.24087434193324953 12862.386137333045554 5225.2250744104167097 -867.60725782100769266 -1781.9540552638272857 7874.7863874952518017 15642
344000000 310.29981572670476453 12948.302384429103768 5092.1518689649947191 -866.56908872265557875 -1892.6080334032044448 7851.3289910908551974 15645
345000000 309.06808188785407765 12896.904151512911994 5130.2431926391691377 -857.712708009535163 -1792.4048983780394337 7780.3607990267428249 15628
346000000 310.01268964557425534 12936.321083981898482 5162.9956192785730309 -855.05221648588928929 -1785.3179137816073307 7803.3657495460702194 15628
347000000 309.25697064102246259 12904.78616938428604 5213.2341439188039658 -840.99408885586137785 -1729.9926082921638226 7784.2208410668281431 15620
348000000 305.8939535658468003 12764.452982555309063 5209.0582765792751161 -877.54998287854141381 -1796.381591819624191 7882.9898512774398114 15619
349000000 308.74370178428830513 12883.368301810180128 5277.0152696076966095 -874.76322625655973297 -1674.3937320571831151 7826.172227921440026 15634
350000000 311.08759034025968049 12981.174927015688809 5182.6998557495990099 -822.6548088304105022 -1777.4574106931368078 7782.8120752731465473 15619
351000000 306.1807556220435913 12776.420761973466142 5078.6337149093596963 -865.69758776126980138 -1852.6620144594062367 7796.9933171300353933 15634
352000000 310.61085050885947112 12961.28135575714623 5378.0620816939635915 -862.45795464463083135 -1747.9766570772471823 7988.4966934158410368 15622
353000000 304.75204913028636611 12716.803183308313237 5007.8064303966457373 -866.77894529260629497 -1869.3248415853454389 7743.910217274596107 15630
354000000 311.62235608095932093 13003.489824300419059 5302.1484176832154844 -883.70071566542378605 -1686.4079822448904906 7872.2571155935302158 15623
355000000 308.71190882381500842 12882.041633713582996 5390.7793859452276592 -841.5017259599035242 -1619.2725871488908069 7851.5536990540213083 15606
356000000 309.09742234047007514 12898.128480479006612 5231.6264958874508011 -859.30763170873694889 -1791.5314915698402274 7882.4656191660287732 15628
357000000 308.92061343436506604 12890.75053481330724 5202.5267428375318559 -836.90657012109898005 -1733.785057240866081 7773.2183701994963485 15629
358000000 310.71273150102996397 12965.532682464381651 5199.6878350984934514 -847.9418983063885662 -1780.5693140950340876 7828.1990474999156504 15631
359000000 312.1227629940919428 13024.370984063036303 5104.7556706017003307 -855.99187587933022314 -1840.369721430759455 7801.1172679117898952 15629
360000000 308.43840779305918431 12870.628884271931383 5261.3058868645666735 -868.35795916198162558 -1868.6413089261518508 7998.3051549527008319 15635
361000000 309.92649882686259843 12932.72448247948887 5185.4325844008635613 -870.30496430797802532 -1819.5959133242224652 7875.3334620330642792 15642
362000000 308.64521266225415275 12879.258512280694049 5223.7596642626285757 -851.58588216855696373 -1826.1326629417160348 7901.478209372900892 15626
363000000 306.88123789055129009 12805.650738170284967 5349.2948749687866439 -855.77697278156051652 -1686.9053661349444155 7891.9772138852922581 15623
364000000 310.87633868921847125 12972.359742093694877 5324.4553134634643357 -859.25011935084035031 -1680.4538390715592868 7864.1592718858628359 15621
365000000 309.30714418860958403 12906.87982923495656 5347.3695479462094227 -865.89888587195514447 -1643.7592039184546593 7857.027637736620818 15613
366000000 307.50312476842066189 12831.601057620855499 5443.6942415815246932 -838.4156214218671721 -1651.8864563496681512 7933.9963193530602439 15608
367000000 313.15709469117001618 13067.531949364292814 5194.0869893134959057 -853.70273237025185153 -1762.4232363593071113 7810.2129580430555507 15616
368000000 307.21082784632403673 12819.403986460882152 5185.6121230439057399 -833.50901711840128883 -1702.1465080239645431 7721.2676481862717992 15626
369000000 311.25264059700299413 12988.062203529001636 5076.6320215793111856 -834.15761478865817935 -1758.3587637347245618 7669.1484001026938131 15619
370000000 313.27545863724918718 13072.47108270427816 5347.2261649458778265 -865.71989910728120776 -1720.2614724512127395 7933.2075365043710917 15623
371000000 311.15058510567513395 12983.803595258128553 5258.3839242178128188 -869.60706250850535071 -1804.9691949966677385 7932.9601817229849985 15629
372000000 310.56211956615840108 12959.247893442339773 5227.8055607729183976 -873.24035197642592721 -1763.1411209648813383 7864.1870337142263452 15638
373000000 315.17098805949967755 13151.568416617936236 5204.5114726503688871 -886.52011114403171632 -1820.7729588329343642 7911.8045426273347402 15637
374000000 313.75541069996461374 13092.498695107191452 5204.8560640248906566 -826.97522604001881064 -1857.2823533282080462 7889.1136433931169449 15640
375000000 312.31888009518348781 13032.554629037957056 5230.9247118284547469 -829.29764694678965498 -1832.0230685974431708 7892.2454273726889369 15642
376000000 311.82298443763232854 13011.861716571800571 5169.9931850466819014 -833.72707093904421072 -1853.0516922902520491 7856.7719482759785024 15642
377000000 312.18171815237957389 13026.831086125432194 5097.9696701332195516 -857.80693194748937458 -1768.8305162093433864 7724.6071182900532222 15635
378000000 308.105411548599875 12856.73349714113283 5256.9287928022604319 -850.43038657254976442 -1760.267688912650101 7867.6268682874615479 15634
379000000 308.78706730811290981 12885.177873995149639 5075.3774029349015109 -844.31972881093702199 -1934.4409553966472686 7854.1380871424853467 15650
380000000 310.13508210754866923 12941.428320682984122 5156.5174374350754078 -842.57161104546162278 -1764.862301666466692 7763.9513501470028132 15633
381000000 311.26403304495869406 12988.537591697326206 5201.8626740920662996 -851.6266819819520606 -1770.9024262975947295 7824.3917823716128623 15637
382000000 308.16370791646511407 12859.166108959689154 5137.8982174415141344 -859.95355535069336383 -1841.5252618991376039 7839.3770346913452158 15641
383000000 307.98058156176028888 12851.524546525231926 5220.4792069702871231 -832.04547123651684615 -1719.9279716899682171 7772.4526498967734369 15627
384000000 311.01525443290705653 12978.156468240713366 5303.4838909474583488 -841.51268146843199247 -1659.0061880171374469 7804.0027604330280155 15614
385000000 309.7612074526429069 12925.827144529344878 5198.41727538768464 -843.02090271421695888 -1769.7389580795625079 7811.1771361814644479 15623
386000000 305.7632240034479878 12758.997852327276632 5259.369454591838803 -858.33250163247203091 -1626.9422260180485864 7744.6441822423603298 15604
387000000 307.08071938487768193 12813.974773756921422 5276.4228580946482907 -854.3370423262820168 -1735.612639582301199 7866.3725400032317339 15625
388000000 308.35025399467116358 12866.950370847131126 5229.4487798577119975 -851.63826232092992541 -1775.3029888119342559 7856.3900309905748145 15620
389000000 310.42178045260556019 12953.39177240536992 5335.7611589199368609 -834.96288921202904021 -1656.0239360831274098 7826.7479842150933109 15622
390000000 306.22177875383630408 12778.132589980725243 5214.2471477161298026 -900.89651761403069941 -1780.0245114187437139 7895.1681767489044432 15632
391000000 307.66933878698807803 12838.536896006391544 5222.1308284176939196 -889.99869619824198708 -1808.825780067106507 7920.9553046830424137 15626
392000000 309.23597002122716049 12903.909847963555876 5196.458094484245521 -868.89557510756003467 -1763.2271267020341838 7828.5807962938415585 15642
393000000 310.12694115085594149 12941.088611912260603 5233.0029481124583981 -845.17173830672527401 -1806.5015273624826477 7884.6762137816658651 15635
394000000 312.06778489237001395 13022.076838048316858 5113.4586921634918326 -844.96875820388322609 -1785.0407416680395727 7743.4681920354141766 15634
395000000 310.16008028082518422 12942.471453454058064 5247.9471679429634605 -846.84063126380863196 -1785.9000500508982441 7880.6878492576697681 15637
396000000 310.73616459112582788 12966.510506881235415 5102.9746004596900093 -841.37648558703654089 -1726.6113183143399965 7670.9624043610656372 15639
397000000 307.59894986890174096 12835.599681900219366 5304.8499542971221672 -853.36373730082993916 -1736.6665739720278907 7894.8802655699801107 15609
398000000 304.3882636718357162 12701.623012775353345 5095.5078669712283954 -845.92400614926509661 -1801.5721213194142365 7743.0039944399077285 15622
399000000 307.65537247351829819 12837.954104651587841 4988.903601351062207 -835.28053474611567708 -1872.0689353356265201 7696.2530714328040631 15641
400000000 312.07850878415280249 13022.524328464050996 5296.9446890936560521 -855.76336256655076795 -1678.5497045069153046 7831.2577561671214426 15636
